0 0.06722135416666666 0.7408425925925926 0.04434895833333332 0.06151851851851857
0 0.21783333333333335 0.9212314814814816 0.06780208333333336 0.06959259259259246
0 0.1806328125 0.8750277777777777 0.045651041666666656 0.06874074074074076
0 0.08880989583333333 0.9484444444444444 0.07598437499999999 0.0838333333333333
0 0.25757291666666665 0.9628703703703705 0.05316666666666669 0.06364814814814805
0 0.28362760416666666 0.8627685185185184 0.050369791666666684 0.06481481481481481
0 0.35724479166666673 0.8174537037037037 0.05384375000000006 0.0625
0 0.4163515625 0.7807407407407407 0.05599479166666666 0.05768518518518535
0 0.37910677083333333 0.9773055555555555 0.03991145833333339 0.04353703703703702
0 0.5354322916666666 0.8552361111111111 0.04107291666666673 0.06478703703703706
0 0.5788125000000001 0.8617916666666667 0.04208333333333343 0.06010185185185193
0 0.5145234375 0.8017222222222222 0.03289062500000005 0.04544444444444438
0 0.5186171875 0.661675925925926 0.043286458333333284 0.042388888888888865
0 0.724 0.9443842592592592 0.04762500000000003 0.06215740740740751
0 0.7772447916666666 0.9133888888888889 0.05446874999999996 0.0985925925925926
0 0.9249036458333334 0.8069722222222222 0.05606770833333338 0.05474074074074064
0 0.7940546875 0.772074074074074 0.0489739583333332 0.05085185185185192
0 0.9094661458333333 0.7018564814814815 0.04672395833333335 0.051694444444444376
0 0.8670026041666666 0.8175462962962964 0.048880208333333286 0.053500000000000186
0 0.70484375 0.6992453703703703 0.03590625000000003 0.04517592592592589
0 0.7317473958333333 0.6614444444444445 0.042234375000000074 0.039629629629629584
0 0.6608515625 0.7603333333333333 0.03893229166666667 0.036796296296296306
0 0.6679036458333333 0.6202037037037036 0.038265624999999893 0.03462962962962971
0 0.29127604166666665 0.568324074074074 0.05313541666666666 0.04527777777777786
0 0.21605468750000004 0.6807962962962962 0.03298437499999996 0.0381851851851852
0 0.3501458333333333 0.6740925925925926 0.03513541666666668 0.040037037037037045
0 0.296875 0.7464861111111112 0.0486666666666667 0.05228703703703706
0 0.41387239583333335 0.6680555555555555 0.044026041666666654 0.05018518518518523
0 0.5226536458333333 0.5985231481481481 0.027942708333333382 0.030824074074074042
0 0.45796093750000005 0.8632129629629629 0.05970312500000006 0.06635185185185172
0 0.4752708333333333 0.7489814814814815 0.0272708333333334 0.043703703703703745
0 0.4431354166666666 0.6183981481481482 0.04208333333333343 0.03394444444444452
0 0.8474765625 0.6213055555555556 0.03263020833333338 0.032777777777777864
0 0.23663541666666665 0.7199814814814816 0.053187500000000006 0.04977777777777777
0 0.34495572916666667 0.9221064814814814 0.019453124999999953 0.030972222222222266
0 0.4962057291666666 0.7241712962962963 0.02613020833333337 0.03741666666666653
0 0.744734375 0.6064259259259259 0.037145833333333184 0.035722222222222155
0 0.9508385416666667 0.7894953703703703 0.05090624999999989 0.054712962962963095
0 0.7752187500000001 0.8609212962962963 0.04844791666666666 0.05204629629629633
0 0.6970494791666667 0.6640231481481481 0.02891145833333345 0.0313055555555555
0 0.11108593750000001 0.7863749999999999 0.030942708333333315 0.03976851851851856
0 0.08970052083333332 0.6637083333333333 0.028640625000000006 0.029990740740740623
0 0.11289843749999999 0.643824074074074 0.028786458333333324 0.028574074074074193
0 0.174484375 0.6413657407407407 0.03732291666666665 0.03665740740740754
0 0.182546875 0.6696990740740741 0.03836458333333332 0.03224999999999993
0 0.1414895833333333 0.6280462962962963 0.02764583333333331 0.032407407407407406
0 0.11204947916666666 0.6826388888888889 0.024317708333333334 0.028722222222222205
0 0.12766927083333332 0.7015787037037037 0.027651041666666685 0.024583333333333502
0 0.14740104166666665 0.6483935185185185 0.01885416666666669 0.027935185185185254
0 0.2693932291666667 0.6713009259259259 0.04715104166666665 0.05026851851851848
0 0.41398697916666666 0.9342592592592592 0.03978645833333327 0.04124074074074071
0 0.5044739583333333 0.5635185185185184 0.043760416666666656 0.03618518518518512
0 0.45242968749999996 0.5719722222222222 0.03318229166666668 0.026814814814814847
0 0.1257682291666667 0.5475231481481482 0.030338541666666666 0.02480555555555552
0 0.20531510416666665 0.46475 0.03384895833333334 0.027907407407407395
0 0.2623489583333333 0.4439490740740741 0.02371874999999998 0.029768518518518604
0 0.28328125 0.5320138888888889 0.032791666666666684 0.029768518518518604
0 0.3314401041666667 0.652611111111111 0.03701562499999997 0.04411111111111099
0 0.32967968749999993 0.6064398148148149 0.020234374999999954 0.031009259259259268
0 0.3438098958333333 0.5800787037037036 0.040119791666666654 0.02791666666666675
0 0.19342708333333333 0.7700277777777778 0.03343750000000002 0.050722222222222196
0 0.206171875 0.5297037037037037 0.02930208333333333 0.027462962962962828
0 0.23939583333333334 0.5615648148148148 0.024406250000000008 0.02759259259259255
0 0.24754166666666666 0.5233148148148149 0.02663541666666672 0.02729629629629631
0 0.15083333333333335 0.5328657407407407 0.02504166666666663 0.021416666666666768
0 0.17096875 0.48612962962962963 0.026791666666666696 0.019351851851851936
0 0.0181328125 0.6650972222222222 0.034755208333333336 0.03352777777777781
0 0.065515625 0.6057962962962963 0.03257291666666668 0.035148148148148185
0 0.30071614583333334 0.7916990740740741 0.03677604166666661 0.05700925925925941
0 0.22412500000000002 0.8110185185185185 0.048208333333333304 0.05277777777777778
0 0.3147578125 0.4615185185185185 0.025119791666666676 0.023074074074074035
0 0.3402109375 0.5252037037037037 0.030630208333333304 0.02738888888888882
0 0.3734036458333333 0.4916018518518519 0.028463541666666713 0.023074074074074143
0 0.415796875 0.47106018518518517 0.020052083333333335 0.024194444444444334
0 0.40258072916666665 0.5286944444444445 0.026755208333333277 0.030722222222222283
0 0.43254427083333336 0.5327824074074073 0.025369791666666686 0.03528703703703716
0 0.45604947916666666 0.5234305555555556 0.02410937499999998 0.024620370370370504
0 0.46549999999999997 0.46498611111111116 0.021864583333333344 0.02454629629629629
0 0.4861744791666666 0.5327638888888889 0.01885937500000002 0.017824074074074076
0 0.5057760416666667 0.5417222222222222 0.02077083333333339 0.023333333333333164
0 0.4872552083333333 0.6296851851851851 0.025885416666666692 0.03466666666666672
0 0.5878255208333333 0.5156620370370371 0.021484375 0.022916666666666665
0 0.5691744791666667 0.5525555555555556 0.02744270833333336 0.022981481481481422
0 0.6000703125 0.6328101851851852 0.03342187500000004 0.02595370370370389
0 0.6346848958333332 0.5804722222222223 0.03723437499999989 0.03737037037037049
0 0.5335625 0.45433796296296297 0.014802083333333372 0.023342592592592627
0 0.5651927083333333 0.47562499999999996 0.021104166666666656 0.021953703703703736
0 0.5894921875 0.474962962962963 0.02095312500000001 0.022499999999999958
0 0.6494921875 0.5351388888888889 0.03067187500000017 0.036888888888889027
0 0.6747473958333333 0.5239814814814815 0.03278645833333324 0.029148148148148166
0 0.6974869791666668 0.4857824074074074 0.03436979166666655 0.04258333333333334
0 0.7610677083333334 0.5601759259259259 0.029885416666666723 0.03290740740740737
0 0.7843385416666666 0.6217546296296297 0.028291666666666514 0.03995370370370379
0 0.8039218750000001 0.5998888888888889 0.041010416666666556 0.042759259259259316
0 0.7973281249999999 0.7293379629629629 0.04200000000000017 0.04210185185185167
0 0.8465494791666667 0.755986111111111 0.0451510416666667 0.04499074074074087
0 0.8480078125000001 0.5679722222222222 0.032255208333333486 0.029129629629629665
0 0.8324609374999999 0.588050925925926 0.029182291666666534 0.03356481481481482
0 0.8835390625 0.6175694444444445 0.0317135416666666 0.026787037037037095
0 0.8893906250000001 0.640699074074074 0.022999999999999923 0.023509259259259143
0 0.8801875 0.5346851851851853 0.034364583333333344 0.026759259259259344
0 0.9234140624999999 0.5342407407407408 0.04150520833333336 0.03151851851851849
0 0.9842552083333334 0.5379953703703705 0.030447916666666686 0.03526851851851865
0 0.9404817708333333 0.5941574074074074 0.05236979166666676 0.035722222222222155
0 0.9861041666666668 0.5921435185185185 0.02674999999999983 0.02632407407407413
0 0.7571197916666667 0.478337962962963 0.020333333333333314 0.02197222222222224
0 0.8029869791666666 0.5295833333333334 0.03581770833333332 0.03737037037037049
0 0.824328125 0.49512962962962964 0.026458333333333427 0.020944444444444342