0 0.28541927083333335 0.7284537037037038 0.040848958333333366 0.030962962962963015
0 0.32734895833333333 0.6861944444444444 0.037635416666666664 0.03194444444444444
0 0.3126302083333333 0.6269675925925926 0.03547916666666661 0.03536111111111116
0 0.23665885416666665 0.7530231481481481 0.028963541666666672 0.042064814814814874
0 0.21771614583333332 0.7766203703703703 0.020671875000000027 0.022462962962962955
0 0.2490625 0.9164861111111111 0.06374999999999999 0.07313888888888889
0 0.3324270833333333 0.8409027777777778 0.024833333333333367 0.04986111111111103
0 0.3248489583333333 0.9425185185185185 0.04082291666666672 0.08181481481481472
0 0.3026796875 0.7784351851851852 0.03869270833333331 0.043055555555555555
0 0.34556770833333333 0.7369398148148149 0.036583333333333336 0.04217592592592588
0 0.3787526041666666 0.694837962962963 0.04957812500000003 0.04675000000000001
0 0.37641927083333326 0.7528472222222222 0.022442708333333408 0.03784259259259249
0 0.3905442708333334 0.7802500000000001 0.03444270833333339 0.033018518518518385
0 0.41156770833333334 0.8454907407407407 0.03831249999999997 0.04609259259259257
0 0.3935026041666667 0.9005324074074075 0.07313020833333325 0.08417592592592579
0 0.1290234375 0.9531435185185185 0.04509895833333332 0.06667592592592612
0 0.06773958333333334 0.915824074074074 0.06954166666666665 0.06848148148148152
0 0.077890625 0.7613425925925926 0.05616666666666668 0.054944444444444365
0 0.1531119791666667 0.697699074074074 0.0441927083333333 0.04719444444444447
0 0.16393749999999999 0.8238657407407408 0.05581249999999998 0.04454629629629642
0 0.04684375 0.5965231481481481 0.04496875 0.04480555555555565
0 0.02725260416666667 0.6487592592592594 0.031901041666666664 0.025999999999999933
0 0.07807552083333333 0.6883472222222222 0.03448437499999999 0.04356481481481499
0 0.07205729166666666 0.6545324074074074 0.04272916666666668 0.03634259259259259
0 0.08233854166666665 0.6037731481481482 0.030520833333333344 0.031287037037037
0 0.11628385416666666 0.6244537037037037 0.031776041666666664 0.028722222222222205
0 0.10274739583333334 0.5745694444444445 0.031776041666666664 0.03160185185185195
0 0.09159895833333334 0.5413703703703704 0.03231249999999998 0.029703703703703635
0 0.08223177083333333 0.49126388888888894 0.036265624999999996 0.03350925925925931
0 0.14226041666666667 0.526125 0.03894791666666665 0.030009259259259125
0 0.13880208333333333 0.49130092592592595 0.04193749999999999 0.036379629629629595
0 0.15074739583333333 0.45902777777777776 0.02713020833333335 0.025166666666666622
0 0.16448958333333333 0.47402314814814817 0.027072916666666676 0.026009259259259288
0 0.18249739583333333 0.5818796296296297 0.034109375000000004 0.030000000000000086
0 0.20606770833333332 0.5479537037037037 0.030520833333333285 0.02553703703703697
0 0.22741666666666666 0.5702268518518518 0.03213541666666669 0.030638888888889024
0 0.23717708333333334 0.6022268518518519 0.03952083333333333 0.043120370370370524
0 0.2833098958333334 0.5720092592592593 0.03659895833333333 0.032703703703703645
0 0.3348828125 0.5108981481481482 0.031776041666666664 0.022981481481481422
0 0.3497135416666667 0.5566944444444445 0.028364583333333353 0.023296296296296162
0 0.368203125 0.5863842592592593 0.03738541666666677 0.0423055555555556
0 0.3758958333333334 0.6343472222222223 0.03724999999999999 0.039379629629629605
0 0.20845833333333333 0.4867361111111111 0.02396874999999999 0.03628703703703709
0 0.24278645833333332 0.42318518518518516 0.02986458333333329 0.024611111111111045
0 0.260953125 0.4901018518518518 0.03915625000000003 0.02522222222222202
0 0.2896770833333333 0.4688796296296296 0.022781250000000006 0.022018518518518493
0 0.5154661458333333 0.9330694444444445 0.05041145833333331 0.07084259259259258
0 0.47577083333333337 0.8775740740740741 0.03841666666666666 0.045333333333333364
0 0.5327447916666668 0.841138888888889 0.026052083333333323 0.043685185185185035
0 0.5163307291666667 0.7395925925925926 0.046869791666666556 0.056611111111110994
0 0.5549635416666666 0.7116250000000001 0.04886458333333342 0.055120370370370556
0 0.4291640625 0.6649722222222222 0.037880208333333346 0.037018518518518534
0 0.429796875 0.6092175925925926 0.03433333333333337 0.04263888888888906
0 0.4107890625 0.5446157407407407 0.028921874999999986 0.020749999999999866
0 0.47342968750000003 0.5864259259259258 0.02691145833333337 0.03255555555555542
0 0.49694791666666666 0.6074629629629629 0.0339479166666667 0.029685185185185134
0 0.4110755208333334 0.5183194444444446 0.036640624999999954 0.021379629629629766
0 0.46369531249999996 0.5165 0.025651041666666666 0.029685185185185134
0 0.5308333333333334 0.4789305555555556 0.01975000000000004 0.01787962962962958
0 0.5539869791666666 0.5139722222222222 0.02117187500000005 0.019148148148147998
0 0.5633541666666667 0.48895370370370367 0.019010416666666665 0.01627777777777771
0 0.5497369791666666 0.603662037037037 0.022796875000000227 0.028083333333333266
0 0.5296979166666667 0.6668796296296297 0.029416666666666678 0.045981481481481346
0 0.5643333333333334 0.6589305555555556 0.035312500000000094 0.046472222222222276
0 0.6001953125 0.6156018518518519 0.028203125000000048 0.03587037037037038
0 0.6012239583333333 0.7095601851851853 0.036229166666666875 0.030972222222222054
0 0.6039427083333334 0.5112083333333334 0.03352083333333316 0.03062037037037031
0 0.5951666666666667 0.44913888888888887 0.028718749999999935 0.02464814814814815
0 0.6485520833333334 0.5645925925925925 0.03212499999999992 0.03294444444444438
0 0.6152135416666666 0.4854814814814814 0.023614583333333408 0.022018518518518704
0 0.6360338541666667 0.47072685185185187 0.02797395833333335 0.022009259259259242
0 0.6437838541666667 0.493962962962963 0.02614062500000003 0.023240740740740656
0 0.6334895833333333 0.9784814814814815 0.018802083333333285 0.021611111111111247
0 0.6304244791666667 0.8333703703703703 0.046671875000000064 0.055425925925926045
0 0.7387734375000001 0.829787037037037 0.03703645833333316 0.05970370370370372
0 0.7158932291666666 0.8386805555555555 0.022234374999999792 0.02899074074074069
0 0.7341197916666666 0.900199074074074 0.03369791666666657 0.05869444444444433
0 0.7458072916666666 0.9634212962962962 0.04910416666666653 0.05275000000000013
0 0.6660364583333334 0.7230833333333333 0.03235416666666661 0.030555555555555555
0 0.710546875 0.7275879629629629 0.04419791666666673 0.05162037037037037
0 0.7371041666666667 0.7390925925925926 0.026416666666666564 0.03712962962962955
0 0.7201692708333333 0.7049398148148148 0.032348958333333164 0.03217592592592593
0 0.6916119791666666 0.7088055555555556 0.0245364583333334 0.02972222222222214
0 0.6816041666666667 0.60525 0.02890625 0.03261111111111114
0 0.6401536458333333 0.6529444444444444 0.026078125000000084 0.046074074074074066
0 0.7541276041666668 0.6288379629629629 0.029140624999999906 0.026064814814814898
0 0.7656875 0.7170462962962962 0.026718750000000093 0.03796296296296296
0 0.7673958333333334 0.5710092592592593 0.026593750000000208 0.03424074074074076
0 0.6888776041666667 0.5761157407407407 0.021723958333333352 0.029694444444444596
0 0.7374947916666666 0.5776388888888889 0.02151041666666676 0.028925925925925935
0 0.7499192708333332 0.603287037037037 0.026546875000000133 0.030314814814814822
0 0.7148151041666666 0.5550277777777778 0.029067708333333307 0.03285185185185187
0 0.6961302083333333 0.5286342592592592 0.015083333333333353 0.02302777777777768
0 0.7282083333333332 0.5336666666666667 0.018343750000000134 0.022018518518518493
0 0.8349687499999999 0.9590138888888888 0.06668749999999998 0.0738425925925926
0 0.8624531249999999 0.854037037037037 0.06545833333333348 0.07342592592592588
0 0.8150859375 0.7728842592592592 0.04825520833333315 0.04293518518518508
0 0.8026354166666666 0.8594675925925925 0.02440624999999983 0.046416666666666766
0 0.9064765625 0.9463750000000001 0.060432291666666534 0.07563888888888894
0 0.9266041666666667 0.9268240740740741 0.06343750000000009 0.09027777777777778
0 0.9647994791666666 0.9005694444444444 0.04304687500000005 0.06015740740740743
0 0.9667213541666667 0.8449490740740742 0.04355729166666673 0.05700925925925941
0 0.8416067708333335 0.7530370370370371 0.04089062500000011 0.04322222222222207
0 0.89953125 0.8095648148148148 0.05849999999999985 0.05453703703703712
0 0.9746302083333334 0.7559768518518519 0.03956250000000002 0.03008333333333334
0 0.9802005208333334 0.7929768518518518 0.02910937500000017 0.02304629629629618
0 0.956453125 0.7038009259259259 0.039333333333333324 0.03887962962962964
0 0.8913229166666667 0.6551203703703703 0.046020833333333164 0.04820370370370365
0 0.8711979166666666 0.6863101851851852 0.018906250000000093 0.019898148148148158
0 0.7888229166666666 0.5888657407407407 0.017416666666666695 0.014601851851851835
0 0.8017187499999999 0.6965462962962963 0.022145833333333323 0.023444444444444386
0 0.7891119791666666 0.6079583333333334 0.029109374999999934 0.023879629629629594
0 0.7900260416666666 0.6311574074074074 0.025624999999999905 0.028796296296296212
0 0.8511067708333333 0.5092916666666666 0.02960937499999995 0.030750000000000034
0 0.8494557291666667 0.5349907407407407 0.03251562500000015 0.020351851851851867
0 0.8177942708333333 0.5567314814814814 0.020901041666666724 0.023000000000000135
0 0.8469036458333332 0.5876064814814815 0.020901041666666724 0.019898148148148158
0 0.8934557291666666 0.540324074074074 0.03657812500000001 0.026981481481481363
0 0.8891640625000001 0.5803703703703703 0.018161458333333276 0.023000000000000135
0 0.873578125 0.5789583333333334 0.012937500000000076 0.021231481481481542
0 0.8903098958333333 0.6007592592592592 0.023317708333333322 0.025370370370370456
0 0.7820755208333333 0.5398148148148149 0.029859374999999962 0.031407407407407474
0 0.728375 0.4832638888888888 0.023270833333333248 0.025342592592592545
0 0.7547057291666667 0.4928518518518518 0.02301562500000003 0.021611111111111247
0 0.7627421875000001 0.5191296296296297 0.025494791666666572 0.018592592592592525