0 0.030130208333333335 0.9759583333333332 0.029062499999999998 0.04623148148148175
0 0.11259895833333333 0.6627268518518519 0.03505208333333334 0.045638888888888854
0 0.13758072916666667 0.8643009259259259 0.039182291666666674 0.05280555555555574
0 0.18449739583333333 0.9089814814814815 0.046421874999999994 0.08444444444444428
0 0.24371875 0.799712962962963 0.05516666666666665 0.044648148148147965
0 0.2127786458333333 0.7667453703703704 0.039046875000000016 0.052750000000000026
0 0.106703125 0.9789027777777779 0.03891666666666668 0.040342592592592326
0 0.14297395833333332 0.924537037037037 0.03530208333333332 0.05807407407407389
0 0.1451666666666667 0.8187962962962962 0.050895833333333335 0.05477777777777764
0 0.21490885416666666 0.9805185185185186 0.027265625000000012 0.037111111111111046
0 0.3784453125 0.9677314814814816 0.04956770833333337 0.05462962962962963
0 0.39038541666666665 0.9317407407407408 0.05027083333333333 0.05318518518518524
0 0.4485260416666667 0.9623472222222222 0.03767708333333341 0.0422685185185186
0 0.5077239583333333 0.8772083333333334 0.03533333333333341 0.04486111111111115
0 0.2807552083333333 0.8385648148148148 0.03838541666666669 0.052333333333333315
0 0.2992473958333334 0.7586388888888889 0.04303645833333339 0.05109259259259244
0 0.36237760416666664 0.7236342592592594 0.04547395833333331 0.0459722222222223
0 0.411703125 0.6975694444444445 0.04939583333333341 0.045398148148148125
0 0.37740364583333336 0.8498472222222223 0.034192708333333384 0.04086111111111121
0 0.5140911458333334 0.7550694444444443 0.039453125 0.051064814814814896
0 0.553765625 0.7589074074074074 0.03886458333333328 0.0514629629629629
0 0.497171875 0.7125833333333333 0.02614583333333324 0.03568518518518515
0 0.50559375 0.6059537037037036 0.03544791666666664 0.03657407407407407
0 0.5902890625 0.8855694444444444 0.0518802083333334 0.07436111111111106
0 0.6380390625 0.8828472222222221 0.03342187500000004 0.053805555555555676
0 0.6965807291666667 0.9732500000000002 0.05829687500000015 0.05164814814814802
0 0.8172916666666666 0.975398148148148 0.047458333333333276 0.04735185185185215
0 0.7512343749999999 0.8827777777777778 0.05106249999999998 0.0712962962962963
0 0.6853958333333333 0.8996064814814815 0.045677083333333236 0.040657407407407274
0 0.6703880208333334 0.8216666666666668 0.0346927083333334 0.04620370370370379
0 0.7188020833333333 0.7985046296296296 0.039177083333333466 0.0776388888888888
0 0.8153098958333334 0.868263888888889 0.05306770833333327 0.06256481481481475
0 0.8634869791666666 0.9016481481481481 0.06005729166666664 0.06814814814814807
0 0.8646041666666666 0.962625 0.027833333333333363 0.050138888888888976
0 0.8965078125 0.9729583333333334 0.038015624999999886 0.05050925925925932
0 0.9695989583333334 0.9797083333333334 0.05976041666666655 0.038731481481481415
0 0.9087760416666666 0.8553703703703703 0.06385416666666685 0.06679629629629617
0 0.9551484375 0.914861111111111 0.04334895833333334 0.05574074074074057
0 0.9724895833333332 0.864800925925926 0.053979166666666835 0.05910185185185179
0 0.97540625 0.7654027777777778 0.03775000000000001 0.02284259259259266
0 0.8587786458333333 0.7245 0.05290104166666675 0.04961111111111104
0 0.7415390625 0.6961574074074074 0.04736979166666657 0.04235185185185186
0 0.8500572916666668 0.6402407407407408 0.03873958333333339 0.04618518518518529
0 0.8058072916666668 0.7329166666666667 0.03809375000000017 0.042407407407407574
0 0.9567083333333334 0.6506435185185184 0.03928125000000004 0.026120370370370405
0 0.9467708333333333 0.7804814814814814 0.023916666666666704 0.029166666666666667
0 0.9504401041666667 0.6979675925925927 0.043359375 0.04752777777777771
0 0.6673151041666666 0.6347824074074074 0.029880208333333276 0.03610185185185165
0 0.6960703125 0.6057361111111111 0.032963541666666644 0.03380555555555555
0 0.6287890625 0.6836944444444444 0.03893229166666667 0.036796296296296306
0 0.6396901041666666 0.5720277777777777 0.03593229166666655 0.03129629629629647
0 0.06960677083333335 0.7896851851851852 0.024807291666666665 0.02875925925925921
0 0.3017447916666666 0.5268055555555556 0.04213541666666672 0.0375
0 0.2346796875 0.6253518518518518 0.0305052083333333 0.03157407407407399
0 0.35563541666666665 0.6168333333333333 0.0314791666666667 0.023000000000000135
0 0.3084192708333333 0.670800925925926 0.042546875000000026 0.04463888888888892
0 0.4117395833333333 0.6136898148148149 0.03909374999999997 0.04058333333333326
0 0.5100234375 0.5519074074074074 0.023286458333333353 0.028388888888888755
0 0.44957031249999996 0.7595462962962962 0.04156770833333331 0.05251851851851833
0 0.4645989583333333 0.6765740740740741 0.025 0.036462962962963065
0 0.43484635416666667 0.5718981481481482 0.04008854166666668 0.031092592592592526
0 0.79715625 0.570375 0.027500000000000094 0.027675925925926017
0 0.04990885416666666 0.7732175925925926 0.046713541666666664 0.046064814814814815
0 0.25754947916666665 0.6454490740740741 0.03520312499999996 0.031527777777777946
0 0.34994010416666665 0.8056157407407408 0.018401041666666628 0.026453703703703854
0 0.3458776041666667 0.8548518518518519 0.026401041666666694 0.03451851851851849
0 0.4811015625 0.6494861111111111 0.021244791666666648 0.024953703703703534
0 0.7061744791666666 0.5592222222222223 0.030380208333333294 0.03292592592592587
0 0.875421875 0.7043379629629629 0.030906250000000076 0.04060185185185177
0 0.7187421875000001 0.7565046296296296 0.038432291666666646 0.041657407407407414
0 0.6618567708333333 0.6062175925925927 0.023880208333333524 0.025694444444444443
0 0.12445052083333333 0.6043981481481482 0.021973958333333363 0.021240740740740793
0 0.14507552083333333 0.5878472222222222 0.026265624999999973 0.025231481481481483
0 0.2033984375 0.5841620370370371 0.034567708333333336 0.03352777777777781
0 0.20622916666666669 0.6042453703703704 0.02514583333333332 0.029083333333333197
0 0.1697734375 0.5724074074074075 0.02639062500000004 0.032407407407407406
0 0.2802395833333333 0.6064953703703704 0.04056250000000003 0.050287037037036984
0 0.4074817708333333 0.8127638888888888 0.032432291666666654 0.03217592592592593
0 0.49247916666666663 0.521162037037037 0.037864583333333236 0.030842592592592543
0 0.44564322916666665 0.528 0.03318229166666668 0.026814814814814847
0 0.15553125 0.5068379629629629 0.026656250000000034 0.02480555555555552
0 0.22303385416666668 0.44004166666666666 0.03593229166666667 0.02295370370370367
0 0.2757447916666667 0.4236064814814815 0.02371874999999998 0.029768518518518496
0 0.29646875 0.4953009259259259 0.032791666666666684 0.029768518518518604
0 0.33864843749999995 0.5941574074074074 0.03552604166666669 0.029037037037037156
0 0.33623697916666667 0.556699074074074 0.020234374999999954 0.031009259259259268
0 0.35127343749999995 0.5329444444444443 0.04011979166666677 0.02790740740740729
0 0.21946614583333332 0.6858240740740741 0.02997395833333331 0.03575925925925916
0 0.22580989583333333 0.49298148148148146 0.02344270833333333 0.02381481481481484
0 0.25419010416666665 0.5201435185185185 0.018838541666666705 0.020842592592592583
0 0.2604296875 0.48866203703703703 0.024276041666666675 0.021583333333333284
0 0.043247395833333334 0.6335416666666667 0.03475520833333334 0.03352777777777781
0 0.10310677083333333 0.555337962962963 0.02720312500000001 0.033064814814814845
0 0.3129244791666667 0.7073935185185185 0.031453124999999936 0.0401018518518518
0 0.24868489583333334 0.7238703703703704 0.04190104166666669 0.044592592592592455
0 0.3222786458333333 0.43477777777777776 0.025119791666666676 0.023074074074074035
0 0.3442161458333333 0.487462962962963 0.027942708333333382 0.02801851851851851
0 0.3770807291666667 0.46159259259259255 0.028463541666666713 0.023074074074074143
0 0.41396093749999996 0.44075462962962964 0.02005729166666666 0.02419444444444444
0 0.40300260416666667 0.490962962962963 0.022921874999999994 0.024185185185185084
0 0.4279505208333333 0.4955046296296296 0.02386979166666663 0.02843518518518522
0 0.44936458333333335 0.4871851851851853 0.02411458333333331 0.024611111111111045
0 0.4586484375 0.4386759259259259 0.01885937500000002 0.022499999999999958
0 0.47782031249999996 0.49414351851851845 0.01885937500000002 0.017824074074074076
0 0.49357812500000003 0.4995324074074074 0.02077083333333339 0.023342592592592627
0 0.47731770833333337 0.5751666666666667 0.020052083333333335 0.031407407407407474
0 0.5677734375 0.4809027777777778 0.021484375 0.022916666666666665
0 0.55178125 0.5115833333333333 0.0217291666666668 0.01996296296296291
0 0.5749921875 0.5778472222222223 0.029380208333333258 0.024175925925926045
0 0.6100286458333334 0.534425925925926 0.03270312499999998 0.03438888888888877
0 0.6219296875 0.49906944444444445 0.028286458333333306 0.033379629629629586
0 0.6431484375000001 0.48673148148148143 0.02908854166666662 0.029148148148148166
0 0.6691927083333333 0.455587962962963 0.028552083333333183 0.037601851851851865
0 0.7244505208333334 0.5317407407407407 0.020359375000000075 0.03290740740740737
0 0.7404479166666665 0.5761620370370371 0.028291666666666514 0.03995370370370379
0 0.7592239583333333 0.5541805555555556 0.031729166666666704 0.03384259259259255
0 0.7490442708333334 0.6590462962962963 0.03913020833333339 0.039018518518518404
0 0.7868072916666667 0.6775324074074074 0.03728124999999996 0.03243518518518516
0 0.8008932291666666 0.5268055555555556 0.027494791666666647 0.02585185185185192
0 0.7850286458333334 0.5390462962962963 0.02405729166666646 0.034740740740740725
0 0.8295989583333333 0.5660092592592593 0.02414583333333316 0.01822222222222207
0 0.8325703124999999 0.5853240740740742 0.02300520833333337 0.0235000000000001
0 0.8324114583333333 0.5002453703703703 0.021416666666666608 0.016453703703703686
0 0.8704296874999999 0.4980370370370371 0.03278645833333324 0.0235000000000001
0 0.9294192708333334 0.5082361111111111 0.03701562499999985 0.029138888888888916
0 0.8862447916666667 0.5503101851851853 0.042041666666666797 0.026324074074073923
0 0.9220182291666668 0.5467361111111111 0.029880208333333276 0.02632407407407413