0 0.7552057291666666 0.7796435185185185 0.04616145833333339 0.04626851851851854
0 0.05405989583333333 0.5595833333333333 0.027473958333333333 0.026222222222222164
0 0.013802083333333333 0.5652777777777778 0.027604166666666666 0.032407407407407406
0 0.021458333333333336 0.6451527777777779 0.033062499999999995 0.01887962962962951
0 0.09769010416666667 0.6877685185185185 0.04453645833333333 0.03738888888888899
0 0.13670833333333335 0.52 0.02020833333333331 0.01594444444444447
0 0.1727890625 0.6286481481481482 0.025161458333333307 0.027759259259259275
0 0.13565624999999998 0.7163564814814815 0.02712500000000002 0.036398148148148096
0 0.1464453125 0.7656574074074074 0.036380208333333344 0.039074074074074115
0 0.20983854166666666 0.6466527777777777 0.031156249999999965 0.04395370370370373
0 0.043565104166666674 0.7639212962962962 0.029026041666666672 0.04395370370370373
0 0.09917187499999999 0.7400324074074074 0.04165625000000001 0.03917592592592588
0 0.2686354166666666 0.7043749999999999 0.03846875000000004 0.03669444444444454
0 0.246078125 0.5888611111111112 0.028375000000000008 0.029814814814814856
0 0.2231041666666667 0.5706666666666667 0.032572916666666646 0.029814814814814645
0 0.175359375 0.7002314814814815 0.032572916666666646 0.03211111111111117
0 0.1592083333333333 0.6866111111111111 0.025947916666666633 0.01874074074074075
0 0.18110937500000002 0.6517361111111111 0.016770833333333356 0.024083333333333325
0 0.1721953125 0.6033379629629629 0.025796874999999986 0.019490740740740697
0 0.227875 0.691037037037037 0.038697916666666644 0.036685185185185085
0 0.19665104166666666 0.7484999999999999 0.04772916666666666 0.04488888888888891
0 0.15480208333333334 0.8020648148148148 0.04128125 0.04472222222222218
0 0.03700260416666667 0.8323425925925927 0.05966145833333333 0.05822222222222232
0 0.013802083333333333 0.7888888888888889 0.027604166666666666 0.027777777777777776
0 0.03426302083333333 0.963287037037037 0.037442708333333324 0.06416666666666673
0 0.10958072916666665 0.9225694444444444 0.05551562500000002 0.06091666666666663
0 0.11051041666666667 0.8413935185185185 0.05026041666666667 0.0650462962962963
0 0.16784635416666666 0.9196666666666666 0.03838020833333336 0.040703703703703735
0 0.18092447916666668 0.9709537037037038 0.041921875000000004 0.05025925925925913
0 0.37455208333333334 0.963 0.029666666666666685 0.038981481481481395
0 0.20757552083333333 0.8452314814814815 0.03321354166666666 0.04587037037037034
0 0.2595572916666667 0.8817268518518518 0.038052083333333306 0.03267592592592589
0 0.2847317708333333 0.8511898148148148 0.04436979166666669 0.04586111111111109
0 0.29435937500000003 0.797138888888889 0.031927083333333425 0.04966666666666655
0 0.27058333333333334 0.7434722222222223 0.03612500000000007 0.04990740740740749
0 0.32215364583333334 0.8029537037037038 0.030869791666666656 0.038981481481481395
0 0.3238828125 0.6974861111111111 0.03317187500000003 0.0348981481481482
0 0.37151562499999996 0.8210092592592593 0.03253125000000002 0.026370370370370388
0 0.37706770833333336 0.9144583333333334 0.045468749999999974 0.047583333333333214
0 0.4059244791666667 0.9054537037037037 0.02031770833333333 0.0286666666666667
0 0.4184765624999999 0.830486111111111 0.018057291666666704 0.02465740740740751
0 0.4187005208333333 0.7958194444444443 0.036119791666666616 0.03554629629629618
0 0.40776822916666666 0.7542916666666667 0.04321354166666668 0.03439814814814823
0 0.34238541666666666 0.6734629629629629 0.029343749999999957 0.037092592592592545
0 0.353578125 0.6524398148148148 0.0316041666666667 0.024083333333333325
0 0.390953125 0.6664907407407407 0.017729166666666647 0.019351851851851936
0 0.38965625 0.7106157407407406 0.02432291666666669 0.02206481481481475
0 0.43101562499999996 0.6190601851851852 0.019906249999999896 0.024601851851852003
0 0.2725286458333333 0.6115555555555555 0.027036458333333378 0.032074074074073956
0 0.28011718750000003 0.5671805555555556 0.029390624999999945 0.025990740740740894
0 0.327609375 0.5436018518518517 0.02908333333333329 0.03068518518518507
0 0.36399479166666665 0.5289583333333334 0.03296874999999998 0.03317592592592586
0 0.33903385416666665 0.6133009259259259 0.023484375000000075 0.02100925925925931
0 0.43906510416666666 0.5572407407407407 0.021619791666666662 0.026814814814814847
0 0.46498958333333335 0.5557314814814815 0.025416666666666643 0.026814814814814847
0 0.4269739583333333 0.5331203703703703 0.021770833333333427 0.020092592592592634
0 0.4341041666666667 0.46856481481481477 0.01975000000000004 0.015481481481481508
0 0.47958593749999995 0.9821157407407407 0.032296874999999996 0.03391666666666677
0 0.48578385416666664 0.9316203703703705 0.04743229166666675 0.05012962962962951
0 0.49361458333333336 0.8748564814814815 0.031489583333333356 0.04262037037037034
0 0.47631510416666667 0.8036064814814815 0.03485937500000003 0.049305555555555554
0 0.5040104166666667 0.7035648148148148 0.024468750000000008 0.019888888888888907
0 0.4849557291666667 0.6228379629629629 0.030671874999999935 0.03913888888888887
0 0.5184921875 0.6193842592592592 0.022578124999999952 0.026879629629629816
0 0.5540625000000001 0.6735138888888889 0.041802083333333385 0.03782407407407399
0 0.5572083333333334 0.7230648148148149 0.02053125000000004 0.03185185185185194
0 0.5959973958333333 0.7035925925925927 0.021088541666666554 0.027203703703703806
0 0.6149765625000001 0.8313240740740742 0.030453125000000133 0.02522222222222223
0 0.5352864583333333 0.8958842592592593 0.04182291666666676 0.07078703703703687
0 0.5403619791666667 0.9517731481481481 0.03322395833333332 0.056064814814814984
0 0.5616901041666666 0.9318425925925927 0.029296875 0.06668518518518517
0 0.6021796875 0.9471342592592592 0.029859374999999962 0.062046296296296495
0 0.6725546874999999 0.9739074074074076 0.024265625000000075 0.05033333333333303
0 0.6971510416666667 0.9264907407407408 0.0384270833333332 0.047037037037036995
0 0.7085 0.8724953703703704 0.027895833333333304 0.03393518518518527
0 0.6599973958333333 0.8399953703703703 0.032942708333333334 0.036731481481481545
0 0.7049114583333332 0.8085046296296295 0.0362708333333335 0.045435185185185335
0 0.7027187500000001 0.7373564814814815 0.03833333333333329 0.0385648148148149
0 0.6647552083333333 0.7346018518518519 0.03681250000000015 0.040018518518518544
0 0.6587057291666667 0.6998657407407407 0.021151041666666495 0.020324074074074116
0 0.636234375 0.6680324074074074 0.03357291666666669 0.037435185185185245
0 0.5975286458333334 0.618037037037037 0.028734375000000038 0.030962962962963015
0 0.5507057291666667 0.6260462962962964 0.02861979166666657 0.020481481481481382
0 0.5483098958333333 0.5903935185185185 0.023130208333333256 0.024638888888888797
0 0.5825182291666666 0.5771388888888889 0.02465104166666663 0.028796296296296212
0 0.6435442708333333 0.6106388888888888 0.03519270833333342 0.027203703703703806
0 0.66771875 0.6231157407407407 0.02798958333333322 0.02736111111111107
0 0.6653984375 0.6532824074074075 0.01610937500000015 0.02415740740740754
0 0.6831875000000001 0.6616481481481481 0.02007291666666665 0.029444444444444613
0 0.72875 0.6671157407407408 0.03644791666666668 0.03584259259259263
0 0.7018463541666667 0.5974537037037037 0.03131770833333339 0.0345555555555555
0 0.7232109375 0.6294953703703704 0.027536458333333277 0.02080555555555558
0 0.7476875 0.6045601851851852 0.02979166666666657 0.03184259259259248
0 0.7567213541666666 0.6930231481481481 0.027807291666666602 0.02919444444444442
0 0.7855598958333334 0.7115046296296296 0.020713541666666658 0.02487962962962953
0 0.8219114583333333 0.7017407407407408 0.042177083333333344 0.04048148148148151
0 0.8052447916666666 0.6474675925925927 0.023989583333333304 0.03413888888888879
0 0.7899895833333334 0.6190555555555556 0.03602083333333326 0.026870370370370354
0 0.8542942708333333 0.6743101851851852 0.025192708333333275 0.028861111111111178
0 0.8137760416666667 0.6052777777777778 0.020343749999999973 0.02090740740740734
0 0.808578125 0.5826527777777778 0.022208333333333267 0.029861111111111113
0 0.7578880208333333 0.5522222222222222 0.02500520833333345 0.01592592592592597
0 0.6837838541666666 0.5346157407407407 0.02276562500000002 0.028194444444444487
0 0.6047994791666668 0.5214583333333332 0.03172395833333326 0.022564814814814715
0 0.6878854166666667 0.4849675925925926 0.02687499999999995 0.026546296296296363
0 0.6465260416666666 0.537462962962963 0.02145833333333324 0.031185185185185035
0 0.7607317708333333 0.49267592592592596 0.02276562500000002 0.0169259259259259
0 0.8142552083333333 0.47367592592592594 0.019968750000000077 0.015925925925925864
0 0.84921875 0.5349999999999999 0.024447916666666694 0.023888888888889057
0 0.8676796875 0.6319398148148149 0.03191145833333332 0.02952777777777787
0 0.84578125 0.603125 0.01548958333333322 0.02089814814814809
0 0.7696328124999999 0.9356388888888889 0.06474479166666663 0.0750555555555555
0 0.7886354166666666 0.8705740740740741 0.04407291666666661 0.05016666666666651
0 0.8150026041666667 0.8330648148148149 0.053213541666666704 0.052074074074074085
0 0.8265416666666667 0.943337962962963 0.04835416666666674 0.08213888888888893
0 0.86615625 0.981462962962963 0.027677083333333265 0.03522222222222219
0 0.8320104166666666 0.8891342592592593 0.04245833333333333 0.06115740740740737
0 0.8398984375 0.7729166666666667 0.030421874999999925 0.03287037037037037
0 0.8698020833333333 0.8055138888888889 0.046760416666666534 0.04204629629629616
0 0.8787161458333334 0.8629398148148149 0.02472395833333323 0.02962037037037038
0 0.9263567708333333 0.9838518518518518 0.02606770833333343 0.030444444444444545
0 0.9590052083333334 0.8592175925925926 0.04192708333333333 0.058287037037036867
0 0.909421875 0.8914722222222222 0.02821875000000015 0.03392592592592581
0 0.8837552083333333 0.703287037037037 0.021499999999999866 0.020537037037036885
0 0.9738619791666667 0.8005231481481482 0.039505208333333285 0.03917592592592588
0 0.5088098958333334 0.7611157407407407 0.013786458333333347 0.024509259259259286
0 0.9165494791666667 0.6920046296296296 0.03752604166666676 0.028861111111111178
0 0.8913281249999999 0.6597731481481481 0.026135416666666817 0.017361111111111112
0 0.8923411458333333 0.6158148148148148 0.021046874999999923 0.021518518518518527
0 0.9506901041666667 0.680625 0.027223958333333322 0.034083333333333285
0 0.9269947916666667 0.6125185185185185 0.03150000000000001 0.0234814814814816
0 0.9562864583333334 0.7442222222222222 0.038979166666666745 0.04300000000000005
0 0.9720234375 0.7255648148148148 0.027286458333333503 0.03301851851851859
0 0.9811614583333333 0.6755648148148147 0.027281250000000055 0.02812962962962973
0 0.9913125 0.7040648148148148 0.01633333333333316 0.0257592592592592
0 0.9795963541666667 0.6087824074074073 0.01989062500000003 0.02649074074074086
0 0.908796875 0.5453009259259259 0.02063541666666661 0.018787037037037005
0 0.73784375 0.5635833333333334 0.018489583333333334 0.021722222222222257
0 0.7514401041666666 0.5192129629629629 0.024036458333333142 0.021037037037037062
0 0.5484817708333334 0.48364814814814805 0.026411458333333353 0.024944444444444443
0 0.5763281250000001 0.4706388888888889 0.020468750000000095 0.021425925925925914
0 0.5237994791666667 0.5141527777777779 0.030703125000000022 0.02465740740740751
0 0.5328020833333333 0.4492268518518518 0.011229166666666639 0.013212962962962945
0 0.11820052083333334 0.5893148148148148 0.019515625000000016 0.019981481481481413
0 0.27549218750000004 0.43132407407407414 0.034536458333333304 0.016629629629629664
0 0.2278802083333333 0.4900462962962963 0.024208333333333342 0.013203703703703695
0 0.310015625 0.46738888888888885 0.016916666666666677 0.0117407407407408
0 0.2910989583333333 0.5118287037037037 0.017177083333333343 0.019675925925925927
0 0.36257291666666663 0.48033796296296294 0.022562499999999968 0.014916666666666785
0 0.44090104166666666 0.43733333333333335 0.021187499999999915 0.01611111111111109
0 0.3894661458333334 0.558787037037037 0.027140625000000067 0.03179629629629622
0 0.40383854166666666 0.5155787037037037 0.015708333333333376 0.02404629629629611
0 0.3777317708333333 0.45148611111111114 0.029786458333333363 0.016509259259259192
0 0.65578125 0.44604629629629633 0.02201041666666678 0.015074074074074049
0 0.078140625 0.5007685185185184 0.02453125000000001 0.014203703703703838
0 0.023742187499999998 0.7054537037037037 0.04674479166666667 0.04177777777777768
0 0.03130729166666667 0.6729629629629629 0.037760416666666664 0.0228333333333332
0 0.044848958333333334 0.7127361111111111 0.027145833333333334 0.022027777777777743
0 0.04859635416666667 0.6203657407407407 0.020244791666666668 0.02013888888888889
0 0.09653125 0.5877592592592592 0.023374999999999996 0.022277777777777726
0 0.2292838541666667 0.7929814814814814 0.03825520833333336 0.04144444444444444
0 0.24768489583333334 0.5032083333333333 0.027515625000000023 0.01678703703703714
0 0.32204687499999995 0.5924768518518518 0.014260416666666723 0.019990740740740667
0 0.31606770833333336 0.6152453703703703 0.0128541666666667 0.017490740740740623
0 0.6992447916666666 0.9822870370370369 0.02660416666666663 0.0286666666666667
0 0.9171692708333334 0.7714212962962963 0.026015624999999907 0.0371203703703703
0 0.41664062500000004 0.4933379629629629 0.018177083333333382 0.022212962962962973
0 0.5874713541666667 0.4389351851851852 0.021119791666666762 0.019203703703703712
0 0.6959427083333334 0.5225046296296296 0.01885416666666657 0.025472222222222212
0 0.5877239583333332 0.5553518518518519 0.01810416666666678 0.022796296296296197
0 0.22281510416666667 0.5289351851851852 0.014463541666666658 0.01659259259259266
0 0.29366927083333333 0.5325 0.026369791666666722 0.027537037037037044
0 0.24732552083333334 0.5439583333333332 0.03432812499999998 0.03349074074074081