0 0.029106770833333333 0.6820879629629629 0.04241145833333333 0.034731481481481474
0 0.057276041666666666 0.9120092592592592 0.06461458333333334 0.09346296296296301
0 0.13526822916666664 0.6240138888888889 0.033526041666666666 0.039694444444444345
0 0.16557291666666665 0.7956064814814815 0.033854166666666664 0.04787962962962966
0 0.10304427083333333 0.9524768518518518 0.045473958333333335 0.08995370370370379
0 0.2080625 0.8399907407407408 0.04147916666666666 0.0749814814814815
0 0.051539062499999996 0.9825972222222221 0.05577604166666667 0.03295370370370384
0 0.27870833333333334 0.9394212962962963 0.06019791666666663 0.06589814814814822
0 0.25621875 0.7409814814814815 0.046041666666666654 0.041685185185185165
0 0.23186197916666668 0.7169722222222221 0.038015625000000004 0.04531481481481486
0 0.15377864583333334 0.9317129629629629 0.05254687499999999 0.07037037037037037
0 0.1388802083333333 0.8931944444444444 0.03008333333333333 0.04537037037037037
0 0.17151822916666667 0.8515925925925926 0.03165104166666666 0.05281481481481478
0 0.17685677083333334 0.7555416666666666 0.033932291666666656 0.03876851851851842
0 0.22796875 0.9194074074074075 0.04702083333333332 0.07188888888888877
0 0.35819270833333333 0.9344907407407408 0.0510104166666667 0.06638888888888872
0 0.37983593750000005 0.8886342592592592 0.04156770833333331 0.05454629629629616
0 0.3977864583333333 0.8559074074074075 0.04299999999999997 0.04314814814814806
0 0.4433723958333333 0.8864953703703703 0.035265625000000016 0.046620370370370284
0 0.44594010416666663 0.9606018518518519 0.030119791666666628 0.034351851851851765
0 0.5010572916666667 0.8083888888888888 0.03017708333333336 0.03792592592592596
0 0.2933046875 0.7765555555555557 0.03974479166666664 0.03790740740740746
0 0.3101067708333333 0.7056481481481481 0.03999479166666665 0.04333333333333329
0 0.3648098958333333 0.6804675925925926 0.03910937500000008 0.044435185185185196
0 0.4119765625 0.6542546296296297 0.04036979166666666 0.03984259259259257
0 0.37861458333333337 0.7873148148148148 0.023083333333333417 0.03333333333333333
0 0.5068229166666666 0.7043611111111111 0.03429166666666674 0.04592592592592584
0 0.5433385416666667 0.7075324074074074 0.03524999999999991 0.042101851851851876
0 0.4921302083333333 0.667675925925926 0.026145833333333358 0.03568518518518515
0 0.5017291666666667 0.5746342592592593 0.029666666666666685 0.02832407407407421
0 0.6028541666666667 0.9603981481481482 0.033000000000000064 0.04127777777777771
0 0.5763567708333334 0.8149537037037037 0.04865104166666659 0.06787037037037033
0 0.6171458333333334 0.8157592592592593 0.02826041666666678 0.0411666666666667
0 0.6728619791666667 0.9051296296296296 0.070703125 0.07161111111111125
0 0.6785182291666667 0.984939814814815 0.028848958333333504 0.02619444444444441
0 0.7293541666666667 0.966162037037037 0.027302083333333373 0.0561944444444445
0 0.8210651041666667 0.9655833333333332 0.03814062500000001 0.04722222222222222
0 0.7807760416666667 0.909111111111111 0.0548333333333332 0.08140740740740747
0 0.7188125 0.8096249999999999 0.04136458333333337 0.0525648148148148
0 0.6580807291666667 0.8280462962962962 0.04205729166666667 0.03407407407407424
0 0.6486692708333333 0.7641018518518519 0.02983854166666665 0.03827777777777791
0 0.6930807291666667 0.7407962962962963 0.035192708333333184 0.06574074074074074
0 0.7824062499999999 0.806300925925926 0.05038541666666655 0.055712962962963034
0 0.8187057291666666 0.8280833333333333 0.04810937499999994 0.05842592592592584
0 0.8222552083333333 0.8775416666666666 0.0271979166666668 0.04756481481481471
0 0.848421875 0.8896759259259259 0.03419791666666659 0.04885185185185184
0 0.92275 0.9122592592592592 0.06861458333333322 0.0765925925925924
0 0.8652395833333333 0.7897222222222223 0.04937500000000009 0.05359259259259269
0 0.9029088541666667 0.8377731481481482 0.037223958333333466 0.046620370370370284
0 0.9244296875 0.7997268518518519 0.04653645833333329 0.06482407407407406
0 0.9701536458333333 0.9617685185185185 0.057963541666666646 0.06681481481481467
0 0.9817343749999999 0.8233888888888888 0.035489583333333505 0.037055555555555536
0 0.9872421875 0.7475046296296297 0.02447395833333322 0.03036111111111108
0 0.9281302083333334 0.7111481481481481 0.030833333333333237 0.022814814814814698
0 0.824515625 0.6748842592592592 0.044822916666666636 0.04086111111111121
0 0.7174010416666666 0.6513518518518518 0.043947916666666725 0.03714814814814805
0 0.8196979166666666 0.6028935185185185 0.037010416666666636 0.03893518518518514
0 0.7739921875 0.6817685185185185 0.035484375000000054 0.03677777777777759
0 0.9141822916666666 0.6125787037037037 0.03405208333333339 0.020435185185185337
0 0.9801927083333334 0.5798287037037038 0.033822916666666696 0.026138888888888906
0 0.9009348958333334 0.7257222222222222 0.019588541666666497 0.025055555555555505
0 0.9093723958333333 0.6498981481481482 0.04103645833333332 0.0418703703703704
0 0.6480286458333334 0.5988055555555556 0.029880208333333276 0.03609259259259261
0 0.6784322916666667 0.5687592592592593 0.03146875000000004 0.03029629629629632
0 0.6140208333333333 0.6410185185185184 0.03591666666666669 0.03148148148148148
0 0.6260677083333334 0.5447638888888889 0.03182291666666662 0.022694444444444437
0 0.10975781250000001 0.7306990740740741 0.028890625000000014 0.02382407407407409
0 0.30695312499999994 0.5071851851851852 0.03663541666666674 0.031092592592592526
0 0.2501979166666667 0.590925925925926 0.025229166666666695 0.02814814814814823
0 0.3592005208333333 0.5768796296296296 0.03911979166666673 0.029833333333333358
0 0.32043489583333334 0.6330601851851851 0.03850520833333337 0.03630555555555559
0 0.41236979166666665 0.5796481481481481 0.038697916666666644 0.033111111111111105
0 0.5043984375 0.5271944444444444 0.023286458333333353 0.028388888888888963
0 0.44710677083333333 0.7061666666666666 0.03931770833333334 0.05251851851851854
0 0.4628125 0.6338935185185185 0.025 0.03647222222222211
0 0.4346276041666666 0.5393287037037037 0.03522395833333339 0.03060185185185181
0 0.7742578124999999 0.5407638888888889 0.02574479166666682 0.023990740740740608
0 0.010677083333333334 0.7893518518518519 0.021354166666666667 0.041666666666666664
0 0.08537499999999999 0.7154814814814815 0.043937500000000004 0.0448518518518519
0 0.27355208333333336 0.6092916666666667 0.02992708333333335 0.024324074074074057
0 0.3561927083333334 0.7480370370370371 0.016999999999999935 0.024833333333333273
0 0.35296093749999996 0.788537037037037 0.021682291666666725 0.026481481481481398
0 0.4775208333333333 0.6126712962962962 0.018177083333333382 0.02221296296296276
0 0.6874036458333334 0.5298796296296296 0.02613020833333337 0.02792592592592579
0 0.8392291666666668 0.6572361111111111 0.024885416666666535 0.0348796296296297
0 0.6944322916666666 0.7021759259259259 0.03166666666666676 0.03220370370370368
0 0.010416666666666666 0.6342592592592593 0.020833333333333332 0.03611111111111111
0 0.6442578124999999 0.5724212962962963 0.023880208333333524 0.025694444444444443
0 0.1476145833333333 0.5711481481481482 0.019156249999999986 0.016629629629629664
0 0.16524999999999998 0.5555509259259259 0.0207395833333333 0.01899074074074073
0 0.21979947916666667 0.5549953703703704 0.034567708333333336 0.02749074074074079
0 0.22404427083333334 0.5745972222222223 0.02344270833333333 0.022009259259259242
0 0.18787239583333334 0.5447638888888889 0.024130208333333295 0.02736111111111107
0 0.2915755208333334 0.5775555555555556 0.04576562499999994 0.050277777777777734
0 0.410875 0.7524305555555556 0.03242708333333333 0.03217592592592593
0 0.23819270833333334 0.6454305555555556 0.018760416666666658 0.032472222222222374
0 0.06828385416666666 0.5980416666666667 0.03475520833333334 0.03352777777777781
0 0.12202864583333334 0.5293611111111112 0.026369791666666663 0.03275925925925936
0 0.3224791666666667 0.6595324074074074 0.028062500000000056 0.03425000000000001
0 0.26248958333333333 0.6770833333333334 0.036354166666666646 0.04081481481481475
0 0.8105156250000001 0.477824074074074 0.021416666666666608 0.016444444444444435
0 0.8468723958333333 0.47476851851851853 0.03278645833333324 0.0235000000000001
0 0.9013411458333332 0.48369907407407403 0.03701562499999985 0.029138888888888916
0 0.8562604166666666 0.5236527777777779 0.042041666666666797 0.026324074074073923
0 0.8903671875000001 0.5175416666666666 0.029880208333333276 0.026324074074073923