0 0.8892916666666667 0.9748055555555555 0.05350000000000013 0.04853703703703711
0 0.01328125 0.6365740740740741 0.0265625 0.03148148148148148
0 0.013020833333333334 0.7486111111111111 0.026041666666666668 0.022222222222222223
0 0.09203385416666668 0.8120046296296296 0.05455729166666667 0.07034259259259262
0 0.1476484375 0.5833703703703703 0.02173437500000001 0.023055555555555638
0 0.17930729166666665 0.728074074074074 0.028989583333333378 0.03492592592592574
0 0.13155208333333335 0.8563055555555555 0.03166666666666667 0.060685185185185155
0 0.1372630208333333 0.923800925925926 0.048536458333333345 0.057731481481481606
0 0.22014322916666665 0.7585694444444444 0.035588541666666626 0.06024999999999994
0 0.014583333333333334 0.9185185185185185 0.029166666666666667 0.05
0 0.08378125 0.8930092592592593 0.056062499999999994 0.05692592592592594
0 0.285234375 0.8387638888888889 0.04986458333333334 0.05460185185185188
0 0.2638958333333334 0.6805601851851851 0.03907291666666666 0.038731481481481415
0 0.2385078125 0.6595787037037038 0.03594270833333333 0.03765740740740747
0 0.17462760416666664 0.835212962962963 0.0451510416666667 0.04505555555555542
0 0.15878125 0.8065740740740741 0.03008333333333333 0.04537037037037037
0 0.190046875 0.7671527777777779 0.01984375000000001 0.033675925925925825
0 0.18207552083333337 0.6925601851851853 0.02769270833333337 0.030750000000000034
0 0.2413229166666667 0.8246898148148147 0.039249999999999945 0.06012037037037022
0 0.20048177083333335 0.9068518518518519 0.06166145833333333 0.06748148148148159
0 0.146 0.9708564814814815 0.05177083333333332 0.056046296296296164
0 0.31152083333333336 0.9722314814814814 0.04383333333333338 0.053685185185185204
0 0.2872291666666667 0.90325 0.044500000000000026 0.07094444444444434
0 0.34856770833333334 0.978523148148148 0.032583333333333304 0.04110185185185215
0 0.3549348958333333 0.8392175925925927 0.041671875 0.05763888888888889
0 0.4025911458333333 0.9859768518518519 0.022838541666666618 0.02619444444444441
0 0.46931510416666666 0.9747731481481482 0.04589062500000007 0.04439814814814798
0 0.4487786458333333 0.9221805555555554 0.04993229166666661 0.04989814814814803
0 0.37710937499999997 0.7954212962962963 0.03283333333333331 0.05454629629629616
0 0.39125781249999997 0.7727314814814814 0.031057291666666723 0.03170370370370371
0 0.43082031249999997 0.7925555555555556 0.028807291666666637 0.03640740740740756
0 0.4343229166666667 0.8591018518518518 0.02872916666666659 0.03707407407407404
0 0.48027604166666665 0.7340509259259259 0.023781250000000042 0.03219444444444443
0 0.29498697916666666 0.7113611111111111 0.035546875 0.03790740740740746
0 0.3090546875 0.6520416666666667 0.033859375 0.03821296296296295
0 0.3573880208333333 0.626337962962963 0.030640624999999963 0.03471296296296297
0 0.4014036458333333 0.6055231481481482 0.037692708333333276 0.034731481481481474
0 0.3728671875 0.7184444444444446 0.023484375000000075 0.02101851851851835
0 0.4884609375 0.6486574074074074 0.02770312500000003 0.03792592592592596
0 0.5198645833333333 0.6517777777777779 0.02983333333333332 0.03201851851851845
0 0.47484635416666665 0.6163287037037037 0.023359374999999953 0.02745370370370379
0 0.48417187500000003 0.5346481481481482 0.01975000000000004 0.025074074074074006
0 0.5389375 0.9828888888888889 0.04118749999999996 0.032370370370370403
0 0.57171875 0.8537546296296297 0.027572916666666693 0.031342592592592505
0 0.5481354166666667 0.7392222222222222 0.04135416666666654 0.0551111111111111
0 0.5862239583333333 0.739712962962963 0.02582291666666663 0.0301666666666666
0 0.62990625 0.811949074074074 0.057916666666666575 0.05230555555555556
0 0.6337135416666667 0.8893842592592592 0.03771875000000004 0.06384259259259263
0 0.6816093750000001 0.858087962962963 0.0232916666666668 0.04147222222222219
0 0.8187005208333333 0.9106620370370371 0.06292187499999997 0.07015740740740739
0 0.7761848958333334 0.9125046296296296 0.05132812500000009 0.05293518518518525
0 0.7606171875000001 0.858962962962963 0.03332812499999989 0.03849999999999993
0 0.7271770833333334 0.8142731481481481 0.04191666666666668 0.05421296296296313
0 0.6792942708333333 0.7337731481481481 0.036161458333333486 0.04267592592592606
0 0.6237421875 0.7439166666666667 0.03264062500000004 0.031111111111111027
0 0.6184062499999999 0.694787037037037 0.02890625 0.03562962962962964
0 0.6564713541666667 0.6773194444444445 0.03159895833333337 0.045064814814814884
0 0.7283984375 0.7301759259259258 0.035192708333333184 0.03853703703703694
0 0.7638619791666666 0.7452268518518519 0.03467187500000009 0.03976851851851856
0 0.7650468749999999 0.7917685185185185 0.023093750000000076 0.03244444444444441
0 0.7874557291666666 0.8002314814814815 0.024609375 0.03520370370370369
0 0.8467526041666666 0.8123194444444445 0.05159895833333318 0.053379629629629714
0 0.8031588541666667 0.7162777777777777 0.044859375000000055 0.04348148148148152
0 0.8315078124999999 0.7549398148148149 0.03174479166666657 0.029972222222222122
0 0.8596223958333333 0.7252592592592593 0.034526041666666646 0.04838888888888888
0 0.8879453125 0.8504259259259259 0.051953125 0.05111111111111094
0 0.9278411458333333 0.884388888888889 0.03273437500000019 0.03990740740740732
0 0.9705416666666667 0.8704814814814814 0.05787499999999994 0.07396296296296306
0 0.9420520833333333 0.7919305555555555 0.048062500000000105 0.058583333333333314
0 0.917375 0.7437824074074075 0.05386458333333337 0.03882407407407392
0 0.9901432291666666 0.8133055555555556 0.018671874999999952 0.027833333333333283
0 0.9469895833333334 0.7259953703703704 0.03229166666666667 0.03297222222222234
0 0.9315598958333333 0.6909814814814814 0.03889062500000004 0.03477777777777773
0 0.8647968749999999 0.6503472222222222 0.030833333333333237 0.01991666666666666
0 0.7751510416666666 0.6237916666666666 0.036697916666666684 0.03725000000000002
0 0.6803958333333334 0.6054074074074073 0.0357916666666668 0.03201851851851845
0 0.7751510416666666 0.559763888888889 0.02687499999999995 0.026546296296296363
0 0.7279322916666667 0.6288425925925926 0.02145833333333324 0.031185185185185243
0 0.8629114583333333 0.568875 0.02568749999999985 0.020935185185185303
0 0.9243333333333333 0.5454537037037036 0.024270833333333287 0.02261111111111118
0 0.9773307291666666 0.6270370370370371 0.04135937499999993 0.03920370370370384
0 0.9870260416666666 0.7202824074074073 0.018499999999999992 0.024212962962963047
0 0.5776640625 0.9357129629629629 0.018348958333333342 0.036888888888889027
0 0.8414921875 0.6634814814814814 0.019588541666666733 0.025055555555555505
0 0.8556562500000001 0.6053842592592593 0.02695833333333345 0.03017592592592606
0 0.6186145833333333 0.5554444444444444 0.026416666666666564 0.024944444444444495
0 0.6463333333333333 0.534425925925926 0.020468750000000095 0.021425925925925807
0 0.5855052083333334 0.5928287037037038 0.03070833333333335 0.02465740740740751
0 0.5970651041666666 0.5077685185185185 0.028390625000000114 0.02455555555555554
0 0.12423958333333335 0.6746805555555555 0.026437499999999996 0.022009259259259242
0 0.30867968749999997 0.4789722222222222 0.034536458333333304 0.02609259259259265
0 0.25273958333333335 0.5538564814814815 0.024208333333333342 0.022694444444444437
0 0.33830468750000003 0.5268194444444444 0.02354687500000002 0.020212962962962894
0 0.31500781250000004 0.5840462962962962 0.029734375000000077 0.028870370370370428
0 0.40334375000000006 0.5439074074074075 0.028031250000000084 0.026259259259259378
0 0.48754687499999994 0.49375925925925923 0.021187499999999915 0.016111111111111194
0 0.4311328125000001 0.648625 0.037703124999999935 0.04560185185185185
0 0.4473255208333333 0.5924027777777778 0.02159895833333335 0.029027777777777694
0 0.42214583333333333 0.5084537037037037 0.0324583333333333 0.023222222222222155
0 0.7345625000000001 0.5078287037037036 0.02201041666666678 0.0150833333333333
0 0.0140625 0.8212962962962963 0.028125 0.04537037037037037
0 0.016666666666666666 0.7856481481481481 0.03333333333333333 0.032407407407407406
0 0.021638020833333334 0.8536944444444444 0.03113020833333334 0.0322777777777779
0 0.03392447916666667 0.7226666666666667 0.03172395833333333 0.03633333333333334
0 0.10024999999999999 0.6644398148148148 0.027249999999999996 0.031287037037037
0 0.23512239583333333 0.9673148148148148 0.045234375000000014 0.05227777777777781
0 0.27337239583333334 0.5687916666666666 0.027515624999999964 0.022472222222222206
0 0.3510963541666667 0.6841666666666667 0.014255208333333276 0.019999999999999917
0 0.34829947916666665 0.719462962962963 0.015786458333333305 0.017407407407407365
0 0.46400260416666667 0.5716805555555555 0.018171874999999935 0.022212962962962973
0 0.656609375 0.49803703703703706 0.026135416666666817 0.027925925925926003
0 0.7894557291666667 0.6046157407407408 0.02186979166666655 0.03017592592592585
0 0.6589921874999999 0.647199074074074 0.029411458333333466 0.030861111111111044
0 0.6159791666666666 0.5344351851851853 0.023885416666666496 0.025703703703703906
0 0.29389322916666666 0.5428148148148149 0.03707812500000003 0.03575925925925916
0 0.400015625 0.691300925925926 0.03242708333333333 0.03217592592592593
0 0.2424375 0.600550925925926 0.015583333333333371 0.02574999999999995
0 0.3176145833333333 0.59025 0.026374999999999933 0.027537037037037044
0 0.2679609375 0.6246296296296296 0.03699479166666665 0.03766666666666672