0 0.026041666666666668 0.8592592592592593 0.052083333333333336 0.07777777777777778
0 0.29860937499999995 0.9273333333333333 0.04215625000000003 0.06755555555555559
0 0.36549739583333335 0.9593935185185185 0.06509895833333333 0.07936111111111115
0 0.4395052083333333 0.9194907407407407 0.06883333333333326 0.08566666666666665
0 0.5525442708333334 0.9427824074074074 0.04650520833333331 0.06404629629629637
0 0.55703125 0.7667407407407407 0.07095833333333322 0.06494444444444433
0 0.8915885416666666 0.9200601851851853 0.0651562500000002 0.09345370370370376
0 0.9754635416666666 0.9713796296296295 0.04803125000000013 0.05538888888888904
0 0.7778359375 0.8106111111111112 0.05745312499999997 0.06335185185185192
0 0.7995078124999999 0.7529907407407408 0.04791145833333322 0.050777777777777915
0 0.7265052083333333 0.8903055555555556 0.04904166666666659 0.060481481481481636
0 0.7206770833333334 0.7093657407407408 0.04120833333333328 0.04776851851851844
0 0.28837500000000005 0.6437453703703704 0.05313541666666666 0.05643518518518523
0 0.19749739583333334 0.7916481481481482 0.038015625000000004 0.05938888888888877
0 0.35932291666666666 0.7705416666666666 0.04052083333333331 0.05682407407407397
0 0.293953125 0.8719768518518519 0.06319791666666662 0.06297222222222221
0 0.43054947916666664 0.777699074074074 0.054057291666666646 0.07124999999999983
0 0.5581432291666668 0.6822175925925926 0.038015624999999886 0.04986111111111103
0 0.5065104166666666 0.884638888888889 0.0403229166666667 0.05822222222222232
0 0.45695833333333336 0.7110092592592593 0.046499999999999986 0.052092592592592586
0 0.9252447916666667 0.7026666666666667 0.04268750000000002 0.05677777777777772
0 0.23050260416666665 0.8273425925925926 0.05621354166666664 0.06333333333333342
0 0.5280572916666666 0.8367592592592593 0.03227083333333335 0.05055555555555547
0 0.8039713541666667 0.6807129629629629 0.0418697916666666 0.044685185185185175
0 0.753609375 0.7539398148148148 0.036458333333333336 0.04476851851851844
0 0.06902864583333333 0.9265694444444443 0.044880208333333345 0.05287962962962975
0 0.048007812500000004 0.7583055555555556 0.034401041666666674 0.030888888888889007
0 0.08094270833333334 0.7342638888888889 0.03567708333333333 0.04315740740740732
0 0.15750781249999998 0.7291851851851852 0.04145312499999996 0.041333333333333215
0 0.16247395833333333 0.7657361111111111 0.04460416666666666 0.047990740740740674
0 0.11607552083333333 0.7102453703703704 0.032390625 0.03649074074074061
0 0.07957552083333333 0.7851527777777778 0.034286458333333325 0.03060185185185181
0 0.096875 0.8087222222222223 0.02765625000000001 0.02457407407407404
0 0.12277604166666668 0.7406805555555555 0.021885416666666657 0.03239814814814795
0 0.25954166666666667 0.7679351851851852 0.057187499999999974 0.05022222222222223
0 0.527015625 0.6352361111111112 0.049020833333333395 0.04558333333333335
0 0.4703125 0.6415787037037036 0.03998958333333332 0.03615740740740737
0 0.10173958333333334 0.6084305555555556 0.034895833333333334 0.02852777777777773
0 0.19589322916666668 0.5060833333333333 0.034536458333333304 0.02792592592592579
0 0.2588828125 0.4857268518518519 0.024046874999999978 0.032787037037036955
0 0.28230208333333334 0.5931342592592593 0.040604166666666684 0.04793518518518517
0 0.33409375 0.7434027777777777 0.039114583333333286 0.04784259259259266
0 0.33373697916666667 0.6860092592592593 0.02919270833333331 0.03659259259259257
0 0.3470625 0.6581435185185186 0.04118749999999996 0.03973148148148135
0 0.17195572916666665 0.9014537037037036 0.0499635416666667 0.06368518518518537
0 0.18989583333333335 0.5898796296296296 0.03317708333333336 0.03038888888888904
0 0.2273854166666667 0.630425925925926 0.027249999999999965 0.031018518518518518
0 0.23523697916666667 0.5828287037037037 0.02788020833333332 0.030694444444444528
0 0.1357604166666667 0.5769120370370371 0.03139583333333332 0.025305555555555487
0 0.15607291666666664 0.5218333333333334 0.02681250000000001 0.023851851851851843
0 0.05496875 0.6215740740740741 0.03391666666666667 0.035740740740740656
0 0.2087578125 0.9495046296296298 0.06000520833333335 0.06745370370370393
0 0.3128463541666667 0.5078981481481482 0.025588541666666725 0.03029629629629632
0 0.3400755208333333 0.588087962962963 0.0327968749999999 0.030805555555555537
0 0.3803906249999999 0.5448240740740742 0.030125000000000075 0.027722222222222273
0 0.4255286458333334 0.5160925925925925 0.02805729166666661 0.026222222222222164
0 0.4109010416666667 0.5901898148148148 0.028395833333333325 0.03352777777777781
0 0.4471119791666666 0.5949537037037037 0.029109374999999934 0.042500000000000086
0 0.4744296875 0.581425925925926 0.026734374999999963 0.027962962962962794
0 0.48237760416666664 0.5134351851851852 0.023151041666666573 0.02542592592592596
0 0.5088046875 0.590912037037037 0.026734374999999963 0.02206481481481475
0 0.5294947916666666 0.6025370370370371 0.023135416666666703 0.03396296296296302
0 0.5107421875 0.7131574074074074 0.03533854166666662 0.04325925925925928
0 0.6199609374999999 0.5722731481481482 0.027651041666666744 0.029250000000000134
0 0.6013255208333333 0.6174398148148148 0.0336510416666665 0.03323148148148136
0 0.6389453125000001 0.715949074074074 0.04009895833333322 0.03649074074074061
0 0.6770520833333333 0.6504583333333334 0.04842708333333334 0.05221296296296306
0 0.5566458333333333 0.4960601851851852 0.014802083333333372 0.023342592592592627
0 0.593453125 0.523712962962963 0.02471875000000002 0.027722222222222273
0 0.6192447916666667 0.5218148148148147 0.024739583333333332 0.028185185185185237
0 0.6887890624999999 0.5976342592592592 0.036401041666666835 0.044694444444444426
0 0.7150572916666668 0.5789814814814814 0.036489583333333304 0.03987037037037032
0 0.7385755208333333 0.534087962962963 0.03880729166666678 0.04517592592592589
0 0.8145442708333334 0.6278564814814815 0.030546875000000046 0.04182407407407414
0 0.8515546875000001 0.7039027777777777 0.04215104166666682 0.05617592592592599
0 0.8686406249999999 0.6747407407407408 0.0530520833333334 0.04627777777777779
0 0.8807161458333332 0.8441898148148148 0.07191145833333318 0.06252777777777775
0 0.9437005208333333 0.8818194444444445 0.061140624999999935 0.06482407407407406
0 0.9166458333333334 0.6360324074074074 0.0378020833333333 0.03993518518518529
0 0.9005416666666667 0.6600555555555555 0.036999999999999984 0.04040740740740729
0 0.9670364583333334 0.6996064814814815 0.0411770833333333 0.04130555555555567
0 0.9756770833333334 0.7273287037037037 0.028104166666666687 0.033379629629629586
0 0.951703125 0.5934305555555556 0.03832291666666663 0.032379629629629654
0 0.806359375 0.5227592592592591 0.02321874999999996 0.026703703703703837
0 0.8604505208333334 0.5845046296296297 0.0424322916666668 0.039694444444444345
0 0.8814010416666667 0.5409305555555555 0.0318854166666668 0.028138888888888772