0 0.3145338541666666 0.6953518518518519 0.036734374999999986 0.027314814814814816
0 0.35365885416666665 0.6591527777777778 0.036307291666666686 0.03006481481481484
0 0.3441796875 0.6104444444444445 0.029994791666666742 0.025481481481481466
0 0.27573177083333333 0.7274861111111111 0.030567708333333363 0.03471296296296276
0 0.25643489583333334 0.7452361111111111 0.020640624999999937 0.021824074074074017
0 0.2890546875 0.8676990740740741 0.05709895833333327 0.06182407407407406
0 0.368609375 0.8049583333333333 0.024531249999999952 0.04734259259259269
0 0.36900520833333333 0.8899768518518518 0.04040624999999996 0.06619444444444446
0 0.33244270833333334 0.733986111111111 0.03751041666666666 0.040435185185185255
0 0.37116927083333334 0.6986805555555556 0.032401041666666686 0.04189814814814815
0 0.40106770833333333 0.6620324074074074 0.04009375000000001 0.04463888888888892
0 0.39390624999999996 0.7046388888888889 0.02244791666666662 0.03783333333333345
0 0.41153385416666666 0.7298240740740741 0.03444270833333339 0.033018518518518385
0 0.4311510416666666 0.7879907407407407 0.03831249999999997 0.04609259259259257
0 0.4142005208333333 0.8285185185185184 0.06783854166666667 0.06740740740740758
0 0.04337760416666667 0.8098611111111111 0.05963020833333334 0.07244444444444445
0 0.055398437499999995 0.8525370370370371 0.05847395833333334 0.0764814814814814
0 0.0803828125 0.9464583333333333 0.03851562499999999 0.04458333333333342
0 0.08572395833333334 0.9807083333333333 0.03642708333333333 0.029768518518518604
0 0.16042708333333333 0.9605740740740741 0.044489583333333374 0.0631666666666668
0 0.18451041666666665 0.8951203703703704 0.04494791666666664 0.0676296296296296
0 0.1303307291666667 0.8674212962962964 0.055234374999999974 0.05149074074074086
0 0.12609114583333333 0.7316990740740741 0.04896354166666666 0.05095370370370368
0 0.19294010416666665 0.6754351851851852 0.041796875 0.037685185185185224
0 0.2107838541666667 0.7854861111111111 0.05575520833333331 0.043379629629629546
0 0.08634375 0.5864351851851852 0.045041666666666674 0.043722222222222246
0 0.06931510416666666 0.6286990740740741 0.03175520833333334 0.025194444444444478
0 0.12535416666666668 0.664587962962963 0.03194791666666668 0.038749999999999916
0 0.11275 0.638 0.042604166666666644 0.03557407407407414
0 0.12145833333333332 0.592287037037037 0.030520833333333344 0.03127777777777775
0 0.1533046875 0.6078888888888889 0.031776041666666664 0.028722222222222205
0 0.13976822916666667 0.5646435185185186 0.031776041666666664 0.03160185185185195
0 0.12986458333333334 0.5375694444444444 0.032437500000000015 0.029120370370370203
0 0.11348697916666667 0.4943935185185185 0.036265624999999996 0.03350925925925931
0 0.1756901041666667 0.5225833333333333 0.038953124999999984 0.030018518518518587
0 0.165359375 0.49019444444444443 0.033624999999999974 0.03512962962962968
0 0.17888802083333336 0.4583935185185185 0.02333854166666664 0.018194444444444423
0 0.1922109375 0.47440740740740744 0.026109374999999997 0.021999999999999992
0 0.21353906250000002 0.5712175925925925 0.034109375000000004 0.030009259259259125
0 0.23292708333333334 0.5426527777777779 0.030520833333333285 0.02552777777777793
0 0.258296875 0.5597916666666667 0.03213541666666669 0.030638888888889024
0 0.26578124999999997 0.5872731481481481 0.041114583333333364 0.03447222222222224
0 0.30928125 0.5647407407407408 0.027468750000000004 0.02457407407407404
0 0.36078906250000004 0.5068425925925926 0.031776041666666664 0.022981481481481422
0 0.3712916666666667 0.5483333333333333 0.028364583333333353 0.023296296296296162
0 0.39438802083333335 0.5750879629629629 0.03438020833333333 0.04084259259259271
0 0.40278125000000004 0.6200185185185185 0.03464583333333333 0.03446296296296299
0 0.23852083333333332 0.48770833333333324 0.02297916666666667 0.030009259259259177
0 0.2642630208333333 0.42818055555555556 0.02872395833333338 0.022342592592592588
0 0.28946354166666666 0.4896527777777778 0.03915625000000003 0.02521296296296298
0 0.31096874999999996 0.46938888888888897 0.022781249999999885 0.022018518518518493
0 0.4129817708333333 0.9729861111111111 0.07244270833333341 0.04617592592592582
0 0.542421875 0.8806666666666667 0.049354166666666546 0.061277777777777834
0 0.5015442708333333 0.8327592592592593 0.03534895833333328 0.04531481481481486
0 0.5554453125 0.8027268518518519 0.021723958333333352 0.03287962962962962
0 0.5364348958333333 0.7095740740740741 0.04190104166666663 0.05461111111111113
0 0.5757083333333334 0.6859814814814815 0.043822916666666836 0.05349999999999998
0 0.4502786458333333 0.6400462962962963 0.037880208333333346 0.037018518518518534
0 0.4496666666666666 0.5929722222222222 0.03572916666666662 0.036388888888888846
0 0.43051822916666665 0.5337962962962963 0.028921874999999986 0.020740740740740823
0 0.4893151041666667 0.5668981481481481 0.025151041666666648 0.030962962962963015
0 0.509890625 0.5884722222222222 0.0339479166666667 0.029685185185185134
0 0.42703645833333337 0.5099212962962962 0.0366458333333334 0.021379629629629766
0 0.4799921875 0.5083240740740741 0.024421874999999933 0.029685185185185134
0 0.5412083333333333 0.47401851851851856 0.01975000000000004 0.017870370370370328
0 0.5654635416666667 0.5063148148148148 0.022260416666666553 0.019148148148147998
0 0.5711640625000001 0.48569444444444443 0.019015625000000112 0.01627777777777771
0 0.5616927083333333 0.5847685185185185 0.022802083333333202 0.028092592592592728
0 0.5442213541666666 0.6471111111111111 0.02889062500000013 0.04524074074074065
0 0.5802239583333334 0.6381018518518519 0.035312500000000094 0.046462962962963025
0 0.6139505208333332 0.5999444444444445 0.02820312499999981 0.03587037037037017
0 0.6178489583333333 0.6821666666666667 0.03622916666666664 0.030981481481481516
0 0.6149609374999999 0.5106342592592593 0.03439062499999987 0.02445370370370378
0 0.6051015625 0.4504675925925926 0.025682291666666638 0.020379629629629623
0 0.6594192708333334 0.5584537037037037 0.027515624999999964 0.030574074074074056
0 0.6235598958333334 0.4854861111111112 0.023619791666666855 0.022009259259259242
0 0.6423411458333333 0.4693009259259259 0.02797395833333335 0.022009259259259242
0 0.652703125 0.4936388888888889 0.026135416666666817 0.023240740740740656
0 0.650546875 0.9197731481481481 0.018802083333333285 0.02282407407407416
0 0.6433229166666667 0.7917777777777778 0.04012499999999998 0.0448333333333334
0 0.7446744791666667 0.7847453703703704 0.034401041666666764 0.05156481481481486
0 0.7236927083333333 0.7938194444444445 0.018343749999999895 0.023638888888889074
0 0.7411171875000001 0.8421203703703704 0.031182291666666608 0.038722222222222165
0 0.761984375 0.914685185185185 0.05365624999999999 0.06848148148148152
0 0.6788645833333333 0.7005092592592592 0.029812499999999888 0.025685185185185193
0 0.7195885416666667 0.7051990740740741 0.038979166666666745 0.041990740740740655
0 0.7465520833333333 0.7097037037037037 0.02269791666666663 0.03712962962962955
0 0.729171875 0.6801296296296296 0.0323333333333333 0.026907407407407356
0 0.7040416666666667 0.6852638888888889 0.022468749999999933 0.026898148148148317
0 0.6922578125 0.5900833333333333 0.025453124999999945 0.03261111111111114
0 0.6526796874999999 0.6343518518518518 0.025682291666666638 0.03912962962962962
0 0.7602369791666667 0.6113287037037037 0.028473958333333372 0.02562037037037044
0 0.7723932291666666 0.6916249999999999 0.023848958333333316 0.034657407407407255
0 0.7724869791666668 0.5575092592592593 0.026598958333333183 0.03424074074074076
0 0.6961927083333334 0.566763888888889 0.019614583333333258 0.024120370370370327
0 0.7453125 0.5677824074074074 0.018802083333333285 0.021601851851851785
0 0.7567786458333334 0.592162037037037 0.02201562499999999 0.020379629629629623
0 0.7222005208333333 0.5513981481481481 0.02659895833333342 0.023648148148148116
0 0.7003671874999999 0.5229814814814814 0.012369791666666666 0.01670370370370367
0 0.7328385416666667 0.5269027777777778 0.018343750000000134 0.022009259259259242
0 0.8399661458333334 0.9066435185185184 0.0616614583333335 0.06376851851851842
0 0.8639062499999999 0.8110925925925926 0.05243750000000015 0.07342592592592588
0 0.8187135416666667 0.740199074074074 0.041427083333333316 0.040064814814814796
0 0.81078125 0.8168657407407407 0.024406250000000067 0.046416666666666766
0 0.9014869791666666 0.8847777777777778 0.05132812500000009 0.06953703703703695
0 0.9252630208333333 0.874787037037037 0.055692708333333486 0.07040740740740738
0 0.9468489583333334 0.9665555555555556 0.04553125000000004 0.04972222222222216
0 0.9570911458333333 0.8467407407407408 0.04304687500000005 0.06014814814814818
0 0.95871875 0.8005925925925926 0.04104166666666676 0.0485000000000001
0 0.8435833333333332 0.7233333333333334 0.03508333333333316 0.03449999999999999
0 0.9012291666666667 0.7759675925925926 0.047770833333333464 0.043787037037037006
0 0.9660208333333333 0.7272685185185186 0.03956250000000002 0.03007407407407409
0 0.9763203125 0.7542268518518519 0.02910937500000017 0.02304629629629618
0 0.9503697916666667 0.6792731481481482 0.03931250000000001 0.032731481481481396
0 0.8921223958333333 0.6383148148148149 0.04055729166666661 0.04201851851851862
0 0.8691328125000001 0.6646805555555556 0.01891145833333354 0.019898148148148158
0 0.7888072916666666 0.5741898148148148 0.017416666666666695 0.014601851851851835
0 0.8025442708333335 0.6686666666666667 0.022140625000000115 0.023444444444444597
0 0.7882604166666667 0.5908564814814815 0.02911458333333338 0.023879629629629594
0 0.7909687499999999 0.613638888888889 0.025624999999999905 0.028796296296296212
0 0.8495546875 0.5035 0.02960937499999995 0.0265370370370369
0 0.8498515625 0.5300370370370371 0.021151041666666495 0.020351851851851867
0 0.8237265624999999 0.5521527777777778 0.020901041666666724 0.023009259259259174
0 0.8478854166666667 0.5773657407407407 0.020895833333333277 0.019898148148148158
0 0.8925963541666667 0.5394537037037036 0.03657812500000001 0.026981481481481363
0 0.8869244791666666 0.5714814814814815 0.018161458333333276 0.023000000000000135
0 0.87075 0.5687361111111111 0.012937500000000076 0.021231481481481542
0 0.8888880208333333 0.5926898148148149 0.022390624999999886 0.01862037037037049
0 0.7856848958333332 0.5377777777777777 0.029859374999999962 0.031407407407407474
0 0.7310546875 0.48084259259259254 0.023276041666666695 0.0253333333333334
0 0.7584583333333333 0.4915833333333334 0.023010416666666582 0.021611111111111247
0 0.7639609374999999 0.5155277777777778 0.025494791666666572 0.018592592592592525