0 0.0279453125 0.8498981481481481 0.05258854166666667 0.07800000000000001
0 0.27270052083333335 0.9869583333333333 0.045796874999999945 0.024231481481481548
0 0.29711197916666665 0.919125 0.042130208333333266 0.06584259259259272
0 0.368765625 0.9532685185185185 0.06783333333333334 0.08872222222222237
0 0.4374609375 0.9081805555555555 0.06882812500000005 0.08567592592592568
0 0.5494036458333333 0.9282592592592592 0.04650520833333331 0.0640370370370369
0 0.5551458333333333 0.7585509259259259 0.07095833333333328 0.06493518518518529
0 0.8845208333333334 0.9091759259259259 0.06421875000000009 0.08729629629629627
0 0.9686562500000001 0.9647685185185185 0.061645833333333164 0.06861111111111103
0 0.7704479166666667 0.7994351851851852 0.054625000000000055 0.06335185185185192
0 0.7948984375 0.7444259259259259 0.04791145833333322 0.050777777777777915
0 0.7222031250000001 0.8792731481481482 0.0518958333333335 0.061379629629629597
0 0.7160651041666666 0.7032268518518519 0.03826562500000013 0.04219444444444439
0 0.28858333333333336 0.637787037037037 0.05313541666666666 0.05642592592592598
0 0.1983359375 0.7838240740740741 0.038015625000000004 0.05938888888888877
0 0.35640104166666664 0.7642222222222222 0.04053125000000009 0.052333333333333315
0 0.29409635416666663 0.8616851851851852 0.0618072916666667 0.06022222222222219
0 0.42866406250000005 0.7700601851851852 0.052796874999999945 0.07012037037037039
0 0.5559947916666667 0.6759953703703704 0.03801041666666668 0.04986111111111103
0 0.5058828125 0.8768148148148148 0.04031770833333326 0.05822222222222232
0 0.45528385416666667 0.7024444444444444 0.04650520833333331 0.052092592592592586
0 0.92021875 0.6959675925925926 0.04268750000000002 0.05676851851851847
0 0.23186979166666666 0.8167268518518519 0.057270833333333354 0.060731481481481615
0 0.5256744791666667 0.8290138888888889 0.030223958333333318 0.04617592592592582
0 0.8008307291666666 0.6740092592592593 0.0418697916666666 0.044685185185185175
0 0.7492083333333334 0.7472407407407408 0.036458333333333336 0.044759259259259394
0 0.07219791666666667 0.9154861111111111 0.0436875 0.052027777777777826
0 0.0509453125 0.7509814814814815 0.034151041666666666 0.03190740740740744
0 0.08317187499999999 0.7273472222222221 0.03534375000000001 0.042101851851851876
0 0.15845052083333336 0.7228194444444445 0.04145312499999996 0.041342592592592674
0 0.16363802083333334 0.7585277777777778 0.04453645833333333 0.04675925925925926
0 0.11766927083333333 0.7039629629629629 0.03206770833333333 0.036037037037037103
0 0.08146354166666667 0.7772731481481481 0.03353125 0.03026851851851857
0 0.09907552083333335 0.8008981481481482 0.027651041666666685 0.02457407407407404
0 0.12409114583333333 0.7340324074074074 0.021505208333333314 0.031842592592592686
0 0.2584947916666667 0.7601203703703703 0.057187499999999974 0.05022222222222223
0 0.5247526041666667 0.6296064814814815 0.0490260416666666 0.04558333333333335
0 0.4683515625 0.6354120370370371 0.03999479166666665 0.03615740740740737
0 0.10351822916666667 0.6035879629629629 0.034890625 0.02852777777777773
0 0.19589322916666668 0.5027314814814815 0.034536458333333304 0.02792592592592579
0 0.25909375 0.48312037037037037 0.024052083333333307 0.032796296296296365
0 0.28220052083333336 0.5883981481481482 0.03934895833333331 0.04588888888888884
0 0.33378125 0.7365231481481481 0.039114583333333286 0.04784259259259266
0 0.33284895833333333 0.6796851851851852 0.027208333333333338 0.03659259259259257
0 0.3471666666666666 0.6520046296296296 0.04118749999999996 0.03973148148148135
0 0.17278645833333334 0.8859074074074074 0.05130208333333333 0.06218518518518505
0 0.19119010416666665 0.5843287037037037 0.03249479166666666 0.029712962962963097
0 0.22856510416666667 0.6243333333333333 0.02702604166666672 0.030759259259259285
0 0.23605208333333336 0.5776527777777778 0.02776041666666664 0.030212962962963063
0 0.1357604166666667 0.5769120370370371 0.03139583333333332 0.025305555555555487
0 0.15607291666666664 0.5218333333333334 0.02681250000000001 0.023851851851851843
0 0.05496875 0.6215740740740741 0.03391666666666667 0.035740740740740656
0 0.20955208333333336 0.9401805555555556 0.05941666666666663 0.0702499999999999
0 0.31294270833333326 0.5039074074074075 0.025593749999999933 0.03029629629629632
0 0.34002864583333337 0.5829953703703704 0.03279687500000002 0.030805555555555537
0 0.3800078125 0.5405416666666666 0.030119791666666628 0.027731481481481524
0 0.4247682291666667 0.5123101851851852 0.027057291666666573 0.02597222222222239
0 0.41027864583333334 0.5852685185185186 0.02840104166666665 0.03351851851851856
0 0.4456796875 0.5899907407407408 0.029109374999999934 0.042500000000000086
0 0.47304427083333334 0.5768842592592592 0.026734374999999963 0.027972222222222256
0 0.4810885416666667 0.5096944444444444 0.02315625000000002 0.02542592592592596
0 0.5070625 0.5860324074074074 0.02672916666666675 0.02206481481481475
0 0.527296875 0.5973194444444445 0.023135416666666585 0.03395370370370377
0 0.5082942708333333 0.7064722222222223 0.03271354166666664 0.04261111111111109
0 0.6178124999999999 0.5670462962962963 0.027437500000000153 0.028814814814814713
0 0.5991979166666667 0.6114814814814815 0.033093749999999984 0.03257407407407413
0 0.6360807291666667 0.7086018518518519 0.0397552083333333 0.036074074074074106
0 0.6744687500000001 0.6442453703703703 0.048208333333333304 0.05160185185185187
0 0.554953125 0.4926620370370371 0.014802083333333372 0.023342592592592627
0 0.5914244791666666 0.519912037037037 0.024432291666666592 0.027342592592592568
0 0.6170494791666666 0.5180416666666667 0.024598958333333344 0.027842592592592533
0 0.6860494791666666 0.5930138888888888 0.03606770833333333 0.04426851851851847
0 0.712265625 0.5747222222222222 0.036489583333333304 0.03879629629629638
0 0.7355130208333333 0.5303287037037037 0.03849479166666659 0.04517592592592589
0 0.8098177083333333 0.621861111111111 0.02982291666666678 0.04062962962962973
0 0.8467630208333333 0.696912037037037 0.04129687499999998 0.054657407407407384
0 0.8631875000000001 0.6679814814814815 0.05245833333333347 0.04544444444444438
0 0.8733125 0.8328101851851851 0.07191666666666663 0.06252777777777796
0 0.9369010416666667 0.8711018518518518 0.06213541666666676 0.06483333333333331
0 0.9114114583333333 0.6303009259259258 0.0378020833333333 0.03993518518518529
0 0.8952526041666666 0.6542268518518519 0.03700520833333343 0.04041666666666675
0 0.960875 0.6918935185185185 0.041645833333333354 0.041305555555555463
0 0.9700677083333334 0.720462962962963 0.029572916666666536 0.033370370370370335
0 0.9427135416666667 0.5877870370370369 0.03832291666666663 0.032388888888888905
0 0.8030703124999999 0.5189166666666667 0.022640625000000133 0.025759259259259412
0 0.8564973958333333 0.5804583333333333 0.041921874999999886 0.03941666666666661
0 0.878015625 0.5375833333333333 0.030802083333333268 0.026703703703703837