0 0.8491536458333333 0.9305000000000001 0.051171875 0.059314814814814765
0 0.06149739583333333 0.6149074074074075 0.027473958333333333 0.026222222222222164
0 0.017708333333333333 0.6231481481481481 0.035416666666666666 0.03888888888888889
0 0.018320312499999998 0.7207731481481481 0.033546875 0.019583333333333418
0 0.09903645833333333 0.7842407407407408 0.04640625000000001 0.05244444444444433
0 0.15118489583333333 0.5659212962962963 0.02058854166666665 0.02143518518518527
0 0.18131510416666666 0.7021759259259259 0.025161458333333307 0.027759259259259275
0 0.13883333333333334 0.8140138888888889 0.028177083333333346 0.05026851851851848
0 0.14563541666666666 0.8793888888888889 0.044979166666666674 0.059314814814814765
0 0.22429427083333334 0.7343425925925926 0.039171875000000016 0.05785185185185187
0 0.029419270833333334 0.8761805555555555 0.030640625000000008 0.053694444444444454
0 0.0953671875 0.8478333333333333 0.05254687499999999 0.05692592592592594
0 0.28646875 0.8032685185185185 0.04584374999999999 0.04774074074074069
0 0.26310416666666664 0.6587314814814815 0.034791666666666644 0.03050000000000005
0 0.2398932291666667 0.6352824074074074 0.03256770833333332 0.029805555555555606
0 0.18013281250000002 0.7990416666666667 0.03818229166666664 0.037453703703703746
0 0.16532552083333332 0.7742731481481481 0.02464062499999997 0.038490740740740895
0 0.19309375 0.7356759259259259 0.016770833333333356 0.024074074074074074
0 0.18799739583333333 0.670875 0.02656770833333333 0.02360185185185186
0 0.24221875 0.7931250000000001 0.03945833333333333 0.055324074074074074
0 0.20576822916666665 0.865287037037037 0.057411458333333346 0.050277777777777734
0 0.156953125 0.9262870370370371 0.04673958333333334 0.059018518518518526
0 0.03197135416666667 0.9571759259259259 0.030536458333333332 0.06720370370370364
0 0.11242447916666666 0.9693333333333334 0.040463541666666665 0.059481481481481385
0 0.21913020833333335 0.9725092592592592 0.03242708333333333 0.05312962962962973
0 0.3094635416666666 0.9828796296296296 0.04023958333333333 0.032388888888888905
0 0.3094296875 0.9281481481481482 0.043828125000000044 0.07846296296296297
0 0.28633854166666667 0.8572314814814814 0.03999999999999997 0.07094444444444434
0 0.3447057291666667 0.9364444444444445 0.03761979166666667 0.05790740740740737
0 0.3441744791666667 0.8029583333333333 0.03269270833333333 0.051435185185185354
0 0.4050208333333334 0.9579768518518519 0.035218749999999945 0.04886111111111109
0 0.45317708333333334 0.9784351851851852 0.02227083333333333 0.04127777777777771
0 0.4566328125 0.9303935185185185 0.03995312500000002 0.045416666666666626
0 0.4420442708333333 0.8764490740740741 0.04993229166666661 0.04504629629629638
0 0.370453125 0.7665324074074075 0.03283333333333331 0.05454629629629616
0 0.38498697916666663 0.7401203703703704 0.031057291666666723 0.03170370370370371
0 0.42253906250000006 0.7610092592592592 0.02571354166666661 0.023333333333333376
0 0.4250026041666667 0.8211759259259259 0.02602604166666668 0.03359259259259257
0 0.471078125 0.70475 0.02222916666666658 0.026666666666666623
0 0.29504947916666663 0.6820046296296297 0.031057291666666723 0.03354629629629631
0 0.3053020833333333 0.6304212962962963 0.033854166666666664 0.029935185185185117
0 0.35591666666666666 0.6069351851851852 0.030635416666666634 0.03470370370370372
0 0.39803906249999993 0.586550925925926 0.037692708333333276 0.034731481481481474
0 0.3656328125 0.6912407407407407 0.023484374999999957 0.02101851851851835
0 0.47940625000000003 0.6270370370370371 0.023677083333333352 0.03414814814814825
0 0.505265625 0.6270092592592593 0.026333333333333306 0.03201851851851845
0 0.46251041666666665 0.5982083333333333 0.022750000000000034 0.02415740740740754
0 0.4733854166666667 0.5177268518518519 0.01975000000000004 0.025064814814814755
0 0.5235 0.942962962962963 0.04761458333333337 0.0551666666666666
0 0.5549244791666667 0.814125 0.027567708333333486 0.031342592592592505
0 0.5334010416666667 0.707875 0.03553125000000008 0.04882407407407409
0 0.570046875 0.7099907407407408 0.02582291666666663 0.0301666666666666
0 0.6131041666666667 0.7756203703703705 0.05544791666666669 0.04679629629629626
0 0.6113515625 0.8441851851851853 0.03771354166666659 0.06385185185185188
0 0.65846875 0.8165324074074074 0.02329166666666656 0.03458333333333325
0 0.681265625 0.9859537037037036 0.0375729166666666 0.026240740740740877
0 0.7942187500000001 0.9610787037037039 0.04697916666666657 0.06839814814814815
0 0.7823046875 0.8682962962962962 0.05520312499999989 0.055648148148148065
0 0.7483333333333334 0.8625601851851853 0.047041666666666516 0.05293518518518525
0 0.7318255208333333 0.8125925925925925 0.03332812499999989 0.03849999999999993
0 0.7027916666666666 0.775425925925926 0.04191666666666668 0.04668518518518525
0 0.6580338541666666 0.7069166666666666 0.03614062499999993 0.03501851851851867
0 0.6063359375 0.7116388888888888 0.03265104166666669 0.027648148148148265
0 0.5988932291666667 0.6674120370370371 0.025057291666666735 0.028731481481481667
0 0.6394114583333333 0.6543287037037037 0.030447916666666686 0.040787037037037205
0 0.70446875 0.700287037037037 0.03518749999999997 0.03853703703703694
0 0.7370026041666667 0.7148194444444445 0.034671874999999845 0.03976851851851856
0 0.7383567708333333 0.7553194444444444 0.016109374999999915 0.024157407407407332
0 0.7582786458333334 0.7601944444444444 0.024609375 0.03520370370370369
0 0.8148645833333333 0.7776296296296296 0.04466666666666678 0.0448333333333334
0 0.7755651041666667 0.6868240740740741 0.03596354166666676 0.03662962962962958
0 0.7992343749999999 0.7253564814814815 0.03173958333333336 0.029972222222222122
0 0.8263828125000001 0.6946249999999999 0.033359375000000094 0.042175925925926096
0 0.8514791666666667 0.8127824074074075 0.042197916666666654 0.04947222222222207
0 0.8835000000000001 0.8335 0.030395833333333164 0.03244444444444441
0 0.9335755208333334 0.8270046296296296 0.05824479166666663 0.06406481481481487
0 0.8995598958333333 0.7542314814814816 0.04806770833333331 0.05857407407407406
0 0.8779791666666666 0.7113194444444445 0.04844791666666666 0.03467592592592597
0 0.9673177083333333 0.7909351851851852 0.03261458333333327 0.04088888888888875
0 0.910765625 0.6982037037037037 0.03229166666666667 0.03298148148148138
0 0.8942578124999999 0.6616712962962963 0.03889062500000004 0.034768518518518476
0 0.8346901041666667 0.6269537037037037 0.03082812500000003 0.01992592592592591
0 0.7511484374999999 0.6015833333333334 0.036703125000000135 0.03724074074074077
0 0.6594348958333334 0.583412037037037 0.03172395833333326 0.02771296296296281
0 0.7516875 0.5475 0.02687499999999995 0.0265370370370369
0 0.7086614583333334 0.6093518518518519 0.02145833333333324 0.031185185185185243
0 0.8346614583333334 0.5520879629629629 0.02568749999999985 0.02093518518518509
0 0.893125 0.5323472222222222 0.023479166666666627 0.0202499999999999
0 0.9476536458333332 0.6085833333333334 0.03894270833333356 0.03374074074074079
0 0.9745208333333333 0.7316157407407408 0.04633333333333335 0.04397222222222223
0 0.9499661458333333 0.6910046296296297 0.019651041666666678 0.027861111111111246
0 0.9740911458333333 0.9468194444444445 0.050776041666666556 0.06282407407407399
0 0.5597864583333333 0.8872083333333333 0.018343750000000134 0.03262037037037039
0 0.8145625 0.6359398148148149 0.018489583333333334 0.021712962962962795
0 0.8263255208333333 0.5850046296296297 0.026963541666666656 0.03017592592592606
0 0.6023619791666667 0.5364537037037037 0.026411458333333353 0.024944444444444495
0 0.6296927083333334 0.5199814814814814 0.020468750000000095 0.021425925925925807
0 0.5721145833333333 0.5754907407407407 0.03070833333333335 0.024648148148148048
0 0.5807734375 0.4975277777777778 0.02028645833333324 0.023351851851851877
0 0.13015625 0.6526759259259259 0.01952083333333334 0.019981481481481413
0 0.30115625 0.47046759259259263 0.03453124999999998 0.020361111111111118
0 0.25089062500000003 0.5385648148148149 0.024208333333333342 0.016981481481481615
0 0.3355182291666666 0.5125138888888888 0.02354687500000002 0.020212962962962894
0 0.3155911458333333 0.5683750000000001 0.029734375000000077 0.028861111111111178
0 0.39589583333333334 0.5309305555555556 0.028031249999999966 0.026287037037036918
0 0.47795052083333334 0.48013425925925923 0.021182291666666703 0.016120370370370445
0 0.42416927083333333 0.6296342592592593 0.037703124999999935 0.03460185185185175
0 0.4388151041666667 0.5752175925925926 0.020359375000000075 0.024046296296296323
0 0.41289583333333335 0.49780092592592595 0.029781250000000033 0.022287037037036977
0 0.7169166666666666 0.49686111111111114 0.02201041666666678 0.015074074074074049
0 0.09109895833333334 0.5475462962962964 0.02453125000000001 0.01625925925925921
0 0.024255208333333333 0.7953657407407407 0.047104166666666676 0.04519444444444439
0 0.022135416666666668 0.7532407407407408 0.044270833333333336 0.032407407407407406
0 0.0408203125 0.8095509259259259 0.029119791666666665 0.027527777777777793
0 0.048713541666666665 0.6900694444444444 0.020562499999999994 0.026453703703703646
0 0.10663802083333333 0.6451666666666667 0.027265625000000012 0.025703703703703694
0 0.23846093750000003 0.9196805555555555 0.043078125000000016 0.04917592592592583
0 0.2696901041666667 0.5564444444444445 0.02751562499999999 0.022462962962962955
0 0.3474817708333333 0.6658194444444445 0.014255208333333276 0.019990740740740875
0 0.3424791666666666 0.6924305555555555 0.012854166666666582 0.017490740740740623
0 0.4553723958333334 0.5559305555555555 0.018171874999999935 0.022212962962962973
0 0.6421484375000001 0.4896666666666667 0.021119791666666762 0.020092592592592634
0 0.7649479166666666 0.5868564814814814 0.01885416666666657 0.025472222222222212
0 0.6401380208333334 0.6244074074074074 0.029411458333333466 0.030851851851851794
0 0.6021536458333333 0.5221435185185185 0.023880208333333285 0.025694444444444443
0 0.24060416666666667 0.5863379629629629 0.015583333333333371 0.02574999999999995
0 0.31459895833333335 0.5819166666666666 0.026374999999999933 0.027537037037037044
0 0.26532552083333333 0.6070694444444444 0.03432812499999998 0.03349074074074081