0 0.08530989583333334 0.7066342592592593 0.04034895833333334 0.050675925925925944
0 0.10465885416666666 0.9425879629629631 0.042380208333333336 0.058638888888888824
0 0.16693489583333332 0.9718564814814815 0.03411979166666666 0.05443518518518515
0 0.22705208333333332 0.8636805555555557 0.06290624999999998 0.05639814814814802
0 0.19466145833333334 0.825837962962963 0.04006249999999998 0.06021296296296294
0 0.115890625 0.9879398148148147 0.025812500000000002 0.022268518518518687
0 0.11461979166666666 0.888 0.06554166666666668 0.07659259259259261
0 0.5189505208333334 0.9513055555555556 0.037901041666666656 0.05287037037037028
0 0.2661848958333333 0.9077685185185185 0.04880729166666663 0.062425925925925996
0 0.2876927083333333 0.8164120370370369 0.048499999999999946 0.05617592592592599
0 0.35762760416666667 0.7750787037037037 0.05005729166666673 0.05237962962962978
0 0.4121302083333333 0.7392407407407408 0.05132291666666665 0.05112962962962966
0 0.37458854166666666 0.9218888888888889 0.034885416666666676 0.041981481481481404
0 0.5236588541666667 0.8064953703703703 0.039453125 0.05674999999999997
0 0.5642994791666667 0.8122222222222223 0.03885937499999983 0.0514629629629629
0 0.5045364583333334 0.7593101851851852 0.030333333333333337 0.04084259259259271
0 0.512 0.641125 0.03767708333333341 0.03921296296296288
0 0.6111953124999999 0.959699074074074 0.05770312499999998 0.07875000000000007
0 0.661890625 0.9571111111111111 0.0340416666666665 0.05557407407407406
0 0.7876875000000001 0.9555787037037038 0.05431249999999987 0.08217592592592593
0 0.7111927083333334 0.9741435185185185 0.050187500000000065 0.04754629629629621
0 0.6982682291666666 0.8880231481481482 0.04304687500000005 0.04991666666666653
0 0.7479895833333333 0.8572638888888889 0.04111458333333313 0.07936111111111115
0 0.8593125 0.9439444444444445 0.06335416666666684 0.07748148148148133
0 0.9122473958333334 0.9700138888888888 0.05534895833333332 0.05812037037037036
0 0.9626588541666666 0.9296574074074074 0.07035937500000007 0.0823703703703704
0 0.8952447916666666 0.7746435185185185 0.05607291666666659 0.05634259259259251
0 0.7743802083333333 0.7453935185185185 0.04862499999999983 0.04602777777777781
0 0.8874921875 0.6784583333333334 0.04672395833333335 0.051694444444444376
0 0.840453125 0.7824861111111111 0.04887500000000008 0.05349074074074072
0 0.9877968750000001 0.6870509259259259 0.023364583333333164 0.026120370370370405
0 0.6891822916666667 0.6710231481481481 0.03590625000000003 0.04517592592592589
0 0.714453125 0.6355555555555555 0.04223958333333329 0.039629629629629584
0 0.6429713541666667 0.7274907407407408 0.03893229166666667 0.03679629629629609
0 0.6536770833333333 0.6025925925925926 0.038270833333333344 0.03462962962962971
0 0.03694270833333333 0.8510601851851851 0.033479166666666664 0.04124999999999996
0 0.294796875 0.5511064814814814 0.05013541666666666 0.043157407407407526
0 0.22269270833333332 0.6605601851851851 0.03099999999999999 0.032472222222222374
0 0.3355651041666667 0.6209907407407407 0.03286979166666673 0.03470370370370372
0 0.30222916666666666 0.7075694444444444 0.045979166666666654 0.04695370370370374
0 0.41259375000000004 0.6450416666666666 0.04146874999999994 0.04478703703703694
0 0.5184817708333332 0.5814305555555555 0.027942708333333382 0.030824074074074042
0 0.45034635416666663 0.8124722222222223 0.052265624999999954 0.06422222222222233
0 0.4693072916666667 0.7196203703703704 0.025 0.036462962962963065
0 0.4355130208333333 0.6003333333333334 0.04208854166666664 0.03394444444444452
0 0.8210807291666666 0.5954351851851851 0.03263020833333315 0.0359814814814816
0 0.019848958333333333 0.8319074074074074 0.039687499999999994 0.05335185185185175
0 0.24825 0.6883472222222222 0.04240625000000004 0.03695370370370357
0 0.3447578125 0.8709074074074074 0.019453124999999953 0.030962962962963015
0 0.34179947916666664 0.9256296296296297 0.027578125000000023 0.034518518518518705
0 0.4878567708333333 0.6896342592592594 0.024765625000000093 0.03376851851851833
0 0.7261536458333334 0.5824999999999999 0.035098958333333506 0.03459259259259271
0 0.9135000000000001 0.7477499999999999 0.03732291666666659 0.04762962962962968
0 0.7475989583333332 0.8128194444444444 0.0474999999999999 0.049712962962963014
0 0.6761510416666667 0.6360925925925927 0.02890625 0.031314814814814754
0 0.12773958333333332 0.746375 0.028291666666666694 0.033064814814814845
0 0.10453124999999999 0.6365694444444444 0.025625000000000023 0.02573148148148145
0 0.12628385416666665 0.6181342592592592 0.027651041666666685 0.026787037037036887
0 0.18479427083333333 0.6136527777777778 0.034567708333333336 0.03352777777777781
0 0.19240885416666664 0.6399814814814816 0.03270312499999998 0.02911111111111116
0 0.1526796875 0.6018981481481481 0.02639062500000004 0.032407407407407406
0 0.278203125 0.6361018518518519 0.04214583333333337 0.050277777777777734
0 0.40974479166666666 0.8776527777777778 0.03242708333333333 0.03217592592592593
0 0.499046875 0.5438194444444445 0.043760416666666656 0.03217592592592593
0 0.44699739583333337 0.5534722222222223 0.03318229166666668 0.026814814814814847
0 0.138390625 0.527050925925926 0.02791666666666668 0.02480555555555552
0 0.210546875 0.4463333333333333 0.03454166666666669 0.034092592592592535
0 0.26804687499999996 0.4346435185185185 0.02371874999999998 0.029768518518518604
0 0.28979166666666667 0.5156805555555555 0.032791666666666684 0.029768518518518604
0 0.35261458333333334 0.6454351851851852 0.03527083333333335 0.03290740740740737
0 0.33119010416666667 0.5832824074074074 0.020234374999999954 0.031009259259259268
0 0.3474140625 0.5585787037037038 0.040119791666666654 0.02791666666666675
0 0.2033125 0.7286944444444444 0.03296874999999998 0.041129629629629696
0 0.21345833333333333 0.5134074074074074 0.02428125 0.024333333333333308
0 0.24529687500000003 0.5434768518518518 0.01963541666666669 0.021805555555555724
0 0.25381510416666664 0.5083472222222222 0.024619791666666658 0.022398148148148198
0 0.16025260416666667 0.5167916666666666 0.022276041666666656 0.01875
0 0.1792552083333333 0.47273611111111113 0.026791666666666696 0.01934259259259258
0 0.0181328125 0.6650972222222222 0.034755208333333336 0.03352777777777781
0 0.0813359375 0.582125 0.030557291666666674 0.03425000000000001
0 0.3044322916666667 0.7499398148148148 0.034468750000000034 0.045305555555555405
0 0.23404166666666668 0.7723981481481482 0.04643750000000004 0.04875925925925913
0 0.31704947916666665 0.4482777777777778 0.025119791666666676 0.023074074074074143
0 0.3415 0.5089074074074074 0.03063541666666675 0.02738888888888882
0 0.3748359375 0.47708333333333336 0.028463541666666713 0.023074074074074143
0 0.41379166666666667 0.4575601851851852 0.020052083333333335 0.02419444444444444
0 0.40208333333333335 0.5116342592592593 0.023468749999999972 0.02512037037037047
0 0.4298958333333333 0.5158518518518519 0.02408333333333334 0.0294074074074074
0 0.4521796875 0.5081527777777778 0.02410937499999998 0.024620370370370504
0 0.46048958333333334 0.4541527777777778 0.019291666666666648 0.02278703703703705
0 0.48001822916666664 0.5149398148148148 0.01885937500000002 0.017824074074074076
0 0.4991875 0.5218564814814814 0.02077083333333339 0.023342592592592627
0 0.4808854166666666 0.6040925925925926 0.020885416666666618 0.03187037037037044
0 0.5775130208333333 0.5001296296296296 0.021484375 0.02292592592592592
0 0.5589973958333334 0.5332129629629629 0.025421875000000208 0.020407407407407374
0 0.5850885416666666 0.6083703703703703 0.03238541666666682 0.024407407407407527
0 0.621140625 0.5583194444444445 0.03335416666666665 0.03480555555555548
0 0.5269739583333333 0.442875 0.014802083333333372 0.023342592592592627
0 0.5568854166666667 0.4612962962962963 0.02053125000000004 0.02079629629629633
0 0.5806875 0.4623564814814815 0.01981249999999998 0.021212962962963038
0 0.63528125 0.5164629629629629 0.028291666666666753 0.033370370370370335
0 0.6598072916666666 0.5090601851851851 0.02908333333333341 0.029138888888888916
0 0.6844973958333334 0.47326851851851853 0.03192187499999998 0.039388888888888855
0 0.7429557291666666 0.5463101851851851 0.02750520833333354 0.03289814814814812
0 0.764046875 0.6017731481481481 0.028291666666666753 0.03995370370370379
0 0.7817083333333333 0.5783842592592592 0.03704166666666661 0.03993518518518529
0 0.7733671875 0.6950833333333334 0.03913020833333339 0.039018518518518404
0 0.8135442708333334 0.7169351851851852 0.042286458333333124 0.03853703703703694
0 0.8241354166666668 0.5475648148148148 0.028687499999999963 0.026666666666666623
0 0.8092604166666668 0.5640787037037037 0.027760416666666763 0.03243518518518516
0 0.8556458333333333 0.5935972222222222 0.028114583333333342 0.021583333333333284
0 0.8631354166666667 0.6163703703703705 0.022999999999999923 0.0235000000000001
0 0.8580703125 0.5201666666666667 0.030484374999999866 0.023666666666666617
0 0.8994192708333333 0.5169259259259259 0.037776041666666774 0.024518518518518537
0 0.9638177083333334 0.5265925925925926 0.041458333333333285 0.033425925925925845
0 0.9167864583333334 0.5743194444444444 0.04686458333333334 0.03289814814814812
0 0.9599609375 0.5720231481481483 0.029880208333333276 0.026324074074073923
0 0.7417447916666667 0.46678703703703706 0.020333333333333314 0.02198148148148149
0 0.7827135416666666 0.5141157407407407 0.0316979166666665 0.03176851851851847
0 0.8063411458333333 0.4821296296296297 0.02645312499999998 0.020944444444444398