0 0.7473385416666666 0.7655231481481481 0.04615624999999994 0.04626851851851854
0 0.05201302083333333 0.5521944444444444 0.027473958333333333 0.026222222222222164
0 0.01328125 0.5574074074074075 0.0265625 0.030555555555555555
0 0.020572916666666666 0.6357870370370371 0.03258333333333333 0.018185185185185068
0 0.09720572916666666 0.6807314814814815 0.04453645833333333 0.03650000000000007
0 0.13467708333333334 0.5125324074074074 0.019447916666666683 0.01593518518518522
0 0.17158072916666664 0.6198657407407407 0.025161458333333307 0.027768518518518526
0 0.1361536458333333 0.705324074074074 0.024119791666666654 0.03285185185185187
0 0.146546875 0.7530462962962963 0.03557291666666664 0.03907407407407391
0 0.20887499999999998 0.6379490740740741 0.031156249999999965 0.04395370370370373
0 0.04336197916666666 0.7519398148148149 0.029026041666666672 0.04395370370370373
0 0.09772656249999999 0.7300324074074074 0.04165104166666668 0.03917592592592588
0 0.2666640625 0.692949074074074 0.037578125000000046 0.03669444444444454
0 0.24398958333333334 0.5801481481481481 0.028375000000000008 0.029814814814814645
0 0.22109375 0.5626666666666668 0.032572916666666646 0.029814814814814645
0 0.17270833333333335 0.6908055555555555 0.032572916666666646 0.03211111111111096
0 0.15817708333333333 0.6751666666666666 0.02482291666666665 0.016888888888888898
0 0.17966406250000003 0.6427361111111111 0.016765625000000027 0.024083333333333325
0 0.17291927083333333 0.592412037037037 0.025796874999999986 0.01949074074074091
0 0.22698958333333336 0.6821805555555557 0.038697916666666644 0.03669444444444454
0 0.1946953125 0.7376388888888888 0.04772395833333333 0.04357407407407402
0 0.15390104166666668 0.7876435185185185 0.04128125 0.04471296296296293
0 0.03769010416666667 0.818625 0.058369791666666664 0.05582407407407404
0 0.013802083333333333 0.7768518518518519 0.027604166666666666 0.027777777777777776
0 0.03305208333333333 0.9477731481481482 0.044125 0.06689814814814815
0 0.1101015625 0.9061064814814815 0.05464062500000001 0.060675925925925904
0 0.11023697916666667 0.8257083333333333 0.049307291666666676 0.06323148148148144
0 0.1647578125 0.9026388888888889 0.041348958333333324 0.040703703703703735
0 0.18128385416666667 0.9571018518518519 0.041921875000000004 0.052740740740740776
0 0.050796875 0.9863842592592593 0.031083333333333338 0.025379629629629495
0 0.25161458333333336 0.9815555555555555 0.03386458333333332 0.03503703703703717
0 0.3822317708333333 0.9844074074074073 0.03566145833333335 0.029333333333333603
0 0.37234635416666667 0.9452638888888889 0.029671875000000014 0.03899074074074086
0 0.20403125 0.8325046296296297 0.03565625000000002 0.04967592592592601
0 0.2582057291666667 0.8662175925925926 0.03805729166666663 0.03267592592592589
0 0.28365885416666664 0.8372638888888889 0.042661458333333374 0.04586111111111109
0 0.29098697916666666 0.787425925925926 0.03192187499999998 0.04966666666666655
0 0.26961718749999997 0.7320370370370369 0.03611979166666665 0.04731481481481473
0 0.32063020833333333 0.7892453703703703 0.026843749999999982 0.03899074074074086
0 0.32159895833333335 0.6865231481481481 0.03295833333333332 0.0348611111111112
0 0.36900520833333333 0.8053333333333333 0.029812500000000006 0.026370370370370388
0 0.37363541666666666 0.8962638888888889 0.045468749999999974 0.047583333333333214
0 0.4013567708333333 0.8896666666666667 0.02031770833333333 0.0286666666666667
0 0.4142578125 0.8145740740740741 0.018057291666666704 0.024648148148148048
0 0.4144192708333333 0.7821805555555555 0.036119791666666616 0.03554629629629639
0 0.4034505208333333 0.7417824074074074 0.04321354166666668 0.03439814814814823
0 0.3385625 0.6615833333333333 0.029343750000000075 0.03351851851851856
0 0.34994791666666664 0.6418379629629629 0.0316041666666667 0.024083333333333536
0 0.387421875 0.6553518518518519 0.017729166666666647 0.019351851851851936
0 0.3847864583333333 0.6979537037037037 0.02418750000000003 0.021944444444444277
0 0.4272447916666666 0.6095277777777778 0.019906249999999896 0.024611111111111045
0 0.2710416666666667 0.5995601851851853 0.026322916666666647 0.032064814814814914
0 0.27851041666666665 0.5566157407407407 0.02939583333333336 0.025990740740740682
0 0.32355468749999994 0.5353148148148149 0.02907812499999996 0.03068518518518507
0 0.3584114583333333 0.5198194444444444 0.03296874999999998 0.03317592592592586
0 0.3350911458333333 0.6027824074074074 0.023484374999999957 0.02100925925925931
0 0.43554166666666666 0.5483935185185185 0.021614583333333333 0.0268240740740741
0 0.46057031249999997 0.5473703703703704 0.02357812499999999 0.026814814814814847
0 0.4217708333333333 0.5255740740740741 0.021770833333333427 0.020092592592592634
0 0.43094270833333337 0.4632361111111111 0.01975000000000004 0.015490740740740758
0 0.4780260416666666 0.9690138888888887 0.045229166666666744 0.04171296296296313
0 0.4799895833333333 0.9143009259259259 0.04743749999999996 0.04723148148148147
0 0.49061458333333335 0.8567916666666667 0.031489583333333356 0.04262037037037034
0 0.4730260416666667 0.792162037037037 0.03486458333333336 0.049305555555555554
0 0.498875 0.6900555555555555 0.024468750000000008 0.019888888888888907
0 0.4810677083333334 0.6139537037037036 0.02986458333333341 0.041111111111111195
0 0.5131510416666667 0.6076990740740741 0.02258333333333328 0.026879629629629816
0 0.5499531249999999 0.6614675925925926 0.041802083333333385 0.03782407407407399
0 0.5512526041666667 0.7113796296296296 0.020526041666666592 0.03185185185185194
0 0.5902473958333334 0.6911759259259259 0.021088541666666554 0.027203703703703806
0 0.6102526041666666 0.8178148148148148 0.030453125000000133 0.02522222222222223
0 0.5298125 0.8784583333333333 0.0417083333333333 0.06856481481481477
0 0.5332916666666666 0.934351851851852 0.033218749999999984 0.056074074074074026
0 0.5540520833333334 0.9129907407407407 0.029302083333333447 0.06668518518518517
0 0.5967421875 0.9278009259259259 0.029859374999999962 0.06204629629629629
0 0.6647526041666666 0.9619444444444445 0.03043229166666682 0.06583333333333324
0 0.6568697916666667 0.9934768518518517 0.03079166666666661 0.01119444444444458
0 0.687703125 0.9082361111111111 0.0384270833333332 0.047046296296296246
0 0.7009010416666667 0.8567916666666667 0.027895833333333304 0.03393518518518527
0 0.6528098958333334 0.8250277777777778 0.032942708333333334 0.0360185185185186
0 0.6964895833333333 0.7913425925925927 0.036270833333333266 0.04544444444444438
0 0.6945026041666668 0.7253055555555555 0.0383385416666665 0.03855555555555544
0 0.65859375 0.722550925925926 0.036812499999999915 0.04000925925925929
0 0.6525442708333333 0.6885462962962963 0.021151041666666735 0.020314814814814865
0 0.6288385416666666 0.6578101851851851 0.03357291666666669 0.03743518518518504
0 0.5915703125 0.6052592592592593 0.028734375000000038 0.030962962962963015
0 0.5461848958333334 0.6165555555555556 0.02861979166666663 0.020481481481481382
0 0.5431744791666666 0.5801712962962964 0.023130208333333256 0.024638888888889005
0 0.5748932291666667 0.5665416666666667 0.025421874999999972 0.028824074074074175
0 0.6410807291666667 0.6011435185185184 0.03519270833333342 0.027194444444444344
0 0.6601171874999999 0.6114305555555556 0.027994791666666668 0.02736111111111107
0 0.6565651041666667 0.6408703703703704 0.016109374999999915 0.024166666666666583
0 0.6766145833333332 0.6495972222222223 0.02007291666666665 0.02943518518518515
0 0.7203515624999999 0.6530277777777778 0.036453124999999885 0.03583333333333338
0 0.6943984375 0.5881574074074074 0.03131770833333339 0.03455555555555571
0 0.71496875 0.6185092592592593 0.027541666666666725 0.02079629629629633
0 0.7407135416666667 0.5904768518518517 0.02979166666666657 0.03184259259259248
0 0.7497473958333333 0.683162037037037 0.027807291666666838 0.02919444444444463
0 0.7774765625000001 0.6962916666666665 0.020713541666666894 0.02487962962962953
0 0.8149375 0.6893425925925926 0.042177083333333344 0.04048148148148151
0 0.7966041666666667 0.6377453703703704 0.01907291666666661 0.027083333333333334
0 0.7773125000000001 0.6086296296296295 0.03602083333333326 0.026870370370370354
0 0.8420937500000001 0.6610648148148148 0.025197916666666723 0.02887037037037022
0 0.8056927083333334 0.5945694444444445 0.020343749999999973 0.02089814814814809
0 0.7984375 0.5699768518518519 0.022208333333333267 0.029861111111111113
0 0.75 0.544037037037037 0.025010416666666656 0.015925925925925757
0 0.6755677083333335 0.5246851851851851 0.022770833333333466 0.028203703703703738
0 0.5982291666666666 0.5123333333333333 0.031729166666666704 0.022555555555555672
0 0.6793385416666666 0.47591203703703705 0.02687500000000019 0.026546296296296363
0 0.6388020833333333 0.5263611111111112 0.02145833333333324 0.031185185185185035
0 0.7525156249999999 0.48391666666666666 0.022770833333333466 0.0169259259259259
0 0.8058020833333333 0.46575 0.019968750000000077 0.01592592592592597
0 0.8421406250000001 0.5268888888888889 0.024447916666666694 0.023888888888889057
0 0.8530989583333333 0.6198287037037037 0.03191666666666653 0.02952777777777766
0 0.8370677083333333 0.590449074074074 0.01548958333333322 0.0208981481481483
0 0.7598619791666666 0.9140138888888889 0.06329687499999986 0.0723796296296297
0 0.7777499999999999 0.8534120370370369 0.04407291666666661 0.05015740740740748
0 0.806375 0.8137129629629629 0.05320833333333326 0.05207407407407387
0 0.8157161458333333 0.9234166666666667 0.0451510416666667 0.08042592592592604
0 0.8609270833333333 0.9708518518518519 0.029031249999999887 0.04098148148148168
0 0.8229739583333333 0.8701481481481481 0.04245833333333333 0.06114814814814811
0 0.832140625 0.7605416666666667 0.028593750000000046 0.03165740740740746
0 0.8572500000000001 0.7913148148148148 0.046760416666666534 0.04203703703703712
0 0.8693567708333333 0.8454907407407407 0.024723958333333466 0.02962962962962963
0 0.9161953124999999 0.9655694444444445 0.02606770833333343 0.03536111111111116
0 0.9480755208333332 0.8391527777777777 0.041921874999999886 0.05828703703703708
0 0.8975989583333333 0.8723611111111111 0.02821875000000015 0.03392592592592581
0 0.9728203125 0.9723842592592594 0.041598958333333276 0.047638888888888724
0 0.9950963541666666 0.9244444444444445 0.008765624999999963 0.02629629629629638
0 0.9874401041666666 0.8715740740740741 0.02407812500000001 0.03942592592592586
0 0.8750390625000001 0.6889212962962964 0.02149479166666666 0.020546296296296347
0 0.9615390625 0.7855046296296296 0.039505208333333285 0.03917592592592588
0 0.5034713541666667 0.746875 0.013786458333333347 0.024509259259259286
0 0.9049114583333332 0.6810138888888889 0.03167708333333318 0.028861111111111178
0 0.8797604166666666 0.6476620370370371 0.026135416666666817 0.017361111111111112
0 0.8844192708333334 0.6056712962962963 0.021046874999999923 0.021527777777777778
0 0.93809375 0.6678379629629629 0.025583333333333277 0.03189814814814819
0 0.9187526041666667 0.6043472222222221 0.03150520833333322 0.023472222222222137
0 0.9439635416666666 0.7300185185185186 0.038979166666666745 0.04300000000000005
0 0.9606119791666666 0.7134537037037036 0.027286458333333267 0.033018518518518385
0 0.9714947916666666 0.6640138888888889 0.027281250000000055 0.028120370370370268
0 0.986875 0.6988425925925926 0.02520833333333338 0.04011111111111105
0 0.9672317708333333 0.5983148148148149 0.02474479166666678 0.0264999999999999
0 0.9021770833333332 0.5359675925925926 0.02063541666666661 0.018787037037037005
0 0.7294635416666666 0.5533564814814815 0.018489583333333334 0.021712962962963007
0 0.7410911458333334 0.5086990740740741 0.024036458333333382 0.021027777777777812
0 0.5441692708333333 0.47799074074074077 0.026411458333333353 0.024944444444444495
0 0.571453125 0.4624212962962963 0.020468750000000095 0.021416666666666664
0 0.5186640625 0.5068518518518519 0.030703124999999904 0.024648148148148048
0 0.5269505208333334 0.44283796296296296 0.01122395833333331 0.013212962962962945
0 0.114265625 0.5780277777777778 0.01952083333333334 0.019981481481481413
0 0.27302604166666666 0.4240185185185185 0.03453124999999998 0.016629629629629664
0 0.22646093750000001 0.4831990740740741 0.02421354166666667 0.013212962962962945
0 0.30734635416666667 0.46154629629629634 0.016921875000000006 0.0117407407407408
0 0.2882447916666667 0.5044722222222221 0.01677083333333324 0.017518518518518586
0 0.3602708333333334 0.4729675925925926 0.022562500000000086 0.014916666666666679
0 0.43699739583333336 0.4324398148148148 0.021182291666666703 0.01626851851851846
0 0.38571874999999994 0.5514074074074073 0.018572916666666592 0.031796296296296434
0 0.40052604166666667 0.5068842592592592 0.015708333333333376 0.02404629629629611
0 0.37502343750000006 0.44506018518518514 0.02829687499999996 0.016509259259259192
0 0.6492083333333334 0.43947685185185187 0.02201041666666678 0.0150833333333333
0 0.07614583333333333 0.49354629629629626 0.024531250000000004 0.014203703703703838
0 0.020893229166666662 0.6963657407407408 0.041046875000000003 0.03836111111111096
0 0.029895833333333333 0.663962962962963 0.034812499999999996 0.02155555555555553
0 0.044226562500000004 0.7042453703703704 0.026484374999999998 0.02049074074074084
0 0.04758072916666667 0.611712962962963 0.020244791666666668 0.02012962962962964
0 0.09546875 0.5775648148148148 0.023374999999999996 0.022277777777777726
0 0.22751041666666666 0.7800324074074073 0.03748958333333334 0.04060185185185177
0 0.24646093750000003 0.49592129629629633 0.027515624999999964 0.01678703703703714
0 0.316953125 0.5840046296296295 0.014260416666666723 0.019990740740740875
0 0.3116328125 0.6056064814814816 0.012848958333333372 0.017490740740740623
0 0.6941119791666668 0.9735185185185186 0.026609375000000077 0.0286666666666667
0 0.9042994791666668 0.754625 0.026015624999999907 0.0371203703703703
0 0.41289322916666665 0.48566203703703703 0.018171875000000053 0.022212962962962973
0 0.6891562499999999 0.513787037037037 0.01885416666666657 0.025481481481481466
0 0.5809375 0.5452962962962964 0.01810416666666678 0.022796296296296197
0 0.22112760416666666 0.5207916666666667 0.014463541666666658 0.0165833333333332
0 0.29057291666666674 0.5238611111111111 0.026374999999999933 0.027537037037037044
0 0.24523177083333333 0.5354768518518519 0.03432812500000004 0.03349074074074081