0 0.10327864583333334 0.6785 0.03594270833333333 0.046074074074074066
0 0.12369791666666667 0.8870694444444445 0.04238541666666666 0.058638888888888824
0 0.17475520833333333 0.9462685185185186 0.05047916666666671 0.08299999999999988
0 0.23522395833333334 0.8202731481481481 0.05608333333333337 0.04599074074074081
0 0.20654166666666668 0.7860787037037037 0.03733333333333331 0.05882407407407405
0 0.13114583333333335 0.9557314814814816 0.03651041666666668 0.06024074074074069
0 0.1316640625 0.8460787037037036 0.05749479166666666 0.06404629629629637
0 0.37602083333333336 0.9834953703703704 0.049572916666666585 0.03115740740740749
0 0.38704947916666665 0.9606990740740742 0.051307291666666664 0.05430555555555564
0 0.44480468749999996 0.9849074074074075 0.03217187499999999 0.02833333333333325
0 0.5105182291666667 0.9051064814814814 0.03619270833333334 0.04752777777777771
0 0.2731536458333333 0.8663194444444444 0.0452552083333333 0.049620370370370294
0 0.29556770833333335 0.7755046296296297 0.0441770833333333 0.05399074074074069
0 0.362484375 0.7388194444444444 0.04753125 0.0459722222222223
0 0.41170052083333336 0.7114444444444444 0.05389062500000001 0.042759259259259316
0 0.3761875 0.8724907407407407 0.034885416666666676 0.04198148148148162
0 0.5179609374999999 0.7734212962962964 0.039453125 0.05295370370370375
0 0.5592473958333334 0.779162037037037 0.03885937499999983 0.05145370370370365
0 0.4983020833333333 0.7308333333333333 0.027541666666666725 0.03740740740740749
0 0.5068932291666667 0.6192453703703704 0.03767187499999996 0.03921296296296288
0 0.5979739583333334 0.9115648148148148 0.057697916666666536 0.08224074074074089
0 0.646734375 0.9141157407407408 0.034041666666666734 0.0555648148148148
0 0.7644583333333334 0.9054166666666666 0.05106249999999998 0.0712962962962963
0 0.6931328125 0.9219722222222222 0.05019270833333327 0.04753703703703717
0 0.6831119791666667 0.8461712962962963 0.04304687500000005 0.04991666666666674
0 0.7276718750000001 0.8182824074074074 0.04111458333333313 0.07936111111111115
0 0.8293385416666667 0.8957824074074073 0.05307291666666648 0.06256481481481496
0 0.88046875 0.9298425925925926 0.06263541666666678 0.07466666666666655
0 0.8756822916666667 0.9893842592592591 0.0271979166666668 0.0193796296296299
0 0.9077760416666666 0.9897731481481481 0.03270833333333343 0.01745370370370404
0 0.9895520833333333 0.9895972222222221 0.01985416666666661 0.01895370370370394
0 0.927265625 0.8809907407407408 0.06815624999999984 0.07140740740740731
0 0.9757604166666667 0.9438101851851852 0.03823958333333337 0.054972222222222124
0 0.9899322916666667 0.8887037037037037 0.019093749999999923 0.027592592592592762
0 0.9884166666666666 0.7862268518518518 0.01952083333333334 0.02284259259259266
0 0.8715416666666668 0.7416111111111111 0.053437500000000186 0.05420370370370367
0 0.7515286458333333 0.7136712962962964 0.04848437500000007 0.044101851851851955
0 0.8647083333333333 0.654375 0.04215625000000003 0.04854629629629636
0 0.816875 0.7488796296296296 0.044614583333333256 0.04472222222222239
0 0.9725833333333334 0.6663749999999999 0.03928125000000004 0.026120370370370405
0 0.9657630208333333 0.8017592592592593 0.026505208333333505 0.0374814814814815
0 0.9660416666666667 0.7170370370370371 0.04498958333333339 0.053092592592592726
0 0.67409375 0.6495601851851852 0.029885416666666723 0.03610185185185186
0 0.7028515624999999 0.6161342592592592 0.032963541666666644 0.03380555555555555
0 0.6331145833333333 0.6970694444444445 0.03893750000000011 0.03680555555555556
0 0.6446145833333333 0.5831759259259258 0.035927083333333346 0.03129629629629647
0 0.060036458333333334 0.8078009259259259 0.033479166666666664 0.04125000000000017
0 0.29914062499999994 0.5359212962962964 0.04513541666666659 0.039620370370370334
0 0.23011458333333332 0.6395 0.030125000000000016 0.030111111111111095
0 0.35307291666666674 0.6254351851851853 0.028072916666666715 0.02468518518518505
0 0.30482552083333336 0.6851851851851852 0.04460937500000005 0.046037037037037064
0 0.4119348958333333 0.6260648148148149 0.04028645833333329 0.042685185185185104
0 0.5112317708333334 0.5605740740740741 0.023286458333333353 0.028388888888888755
0 0.45046875000000003 0.779537037037037 0.042916666666666714 0.05251851851851854
0 0.4657916666666667 0.6935555555555555 0.025 0.036462962962963065
0 0.4349479166666666 0.58075 0.04108333333333339 0.03251851851851842
0 0.8069088541666666 0.5822083333333334 0.02750520833333354 0.02767592592592581
0 0.03402083333333334 0.7919583333333334 0.052479166666666674 0.05336111111111121
0 0.254390625 0.6614907407407408 0.03918750000000001 0.035074074074074174
0 0.34735677083333333 0.8282638888888889 0.019453124999999953 0.030972222222222266
0 0.3434140625 0.8789166666666667 0.027578125000000023 0.03451851851851849
0 0.4833151041666666 0.663875 0.022494791666666694 0.02769444444444452
0 0.7125052083333333 0.5675370370370371 0.03179166666666665 0.03459259259259271
0 0.8867291666666667 0.7189212962962962 0.03543749999999998 0.04562037037037035
0 0.7283619791666667 0.7769583333333333 0.042963541666666556 0.046361111111111054
0 0.6668828125 0.6173842592592592 0.02639062500000004 0.028509259259259227
0 0.14234375000000002 0.7159351851851852 0.02670833333333332 0.02692592592592586
0 0.11646875 0.6161851851851852 0.023104166666666672 0.02292592592592592
0 0.1379140625 0.5991342592592593 0.02765104166666664 0.026787037037036887
0 0.196421875 0.5952222222222222 0.03456250000000001 0.03353703703703706
0 0.20104687499999999 0.6176481481481481 0.02797916666666668 0.02909259259259266
0 0.16336197916666664 0.5834675925925926 0.02639062500000004 0.032398148148148155
0 0.2775755208333333 0.6193425925925926 0.04214062499999995 0.050277777777777734
0 0.407859375 0.8360972222222223 0.03242708333333333 0.03217592592592593
0 0.49485416666666665 0.5292037037037036 0.040812499999999946 0.0308333333333335
0 0.4454140625 0.5376481481481481 0.03318229166666668 0.026814814814814847
0 0.1489375 0.514462962962963 0.027281249999999996 0.024814814814814772
0 0.21853385416666665 0.44431944444444443 0.03593229166666667 0.02295370370370367
0 0.27271093750000003 0.42788425925925927 0.02372395833333331 0.029768518518518496
0 0.29405989583333336 0.5040416666666667 0.03279687500000002 0.029768518518518604
0 0.34132291666666664 0.6052592592592592 0.035739583333333276 0.028481481481481472
0 0.3338307291666666 0.5673009259259258 0.020234374999999954 0.031009259259259056
0 0.34980989583333333 0.54225 0.040119791666666654 0.0279074074074075
0 0.21531510416666666 0.700837962962963 0.027494791666666647 0.0313055555555555
0 0.2210390625 0.5005740740740741 0.02344270833333333 0.02381481481481484
0 0.2507994791666667 0.5288518518518518 0.018838541666666705 0.020833333333333332
0 0.25804166666666667 0.49603240740740734 0.02428125 0.021583333333333284
0 0.03383072916666666 0.645375 0.03475520833333333 0.03352777777777781
0 0.09494270833333335 0.5653842592592593 0.028458333333333325 0.03350925925925931
0 0.30973958333333335 0.7233518518518519 0.032583333333333304 0.042055555555555624
0 0.24265885416666666 0.7409537037037037 0.04442187499999998 0.04570370370370382
0 0.32020052083333334 0.43962037037037033 0.025119791666666676 0.023074074074074143
0 0.3431432291666667 0.49549074074074073 0.029098958333333275 0.027740740740740774
0 0.3762213541666667 0.4671944444444444 0.028463541666666713 0.023074074074074035
0 0.41374479166666667 0.44699537037037035 0.020052083333333335 0.02419444444444444
0 0.40257291666666667 0.49860185185185185 0.022916666666666665 0.024185185185185084
0 0.42859375000000005 0.5030138888888889 0.023875000000000077 0.02843518518518522
0 0.45029427083333334 0.49507870370370366 0.02410937499999998 0.024620370370370504
0 0.45908072916666665 0.44453240740740746 0.01885937500000002 0.022490740740740707
0 0.4783203125 0.5017824074074073 0.01885937500000002 0.017824074074074076
0 0.49551041666666673 0.5076805555555556 0.02077083333333339 0.023342592592592627
0 0.47839322916666666 0.5857314814814814 0.02005729166666666 0.031407407407407474
0 0.5712109375 0.48803240740740744 0.021484375 0.022916666666666665
0 0.5541458333333333 0.5194722222222222 0.023166666666666676 0.01996296296296291
0 0.5782499999999999 0.5891851851851851 0.030593749999999885 0.024166666666666583
0 0.6138229166666667 0.5430833333333334 0.03270833333333343 0.03438888888888877
0 0.5227968749999999 0.4341805555555555 0.014802083333333372 0.023342592592592627
0 0.5516354166666666 0.4500462962962963 0.02053125000000004 0.02079629629629633
0 0.5747187500000001 0.45322685185185185 0.01981249999999998 0.021212962962963038
0 0.6256979166666667 0.5056481481481482 0.028291666666666514 0.033370370370370335
0 0.648171875 0.4955462962962964 0.02908333333333341 0.029148148148148166
0 0.6738203125000001 0.46264351851851854 0.02855729166666663 0.037601851851851865
0 0.7313255208333334 0.5444305555555555 0.020359375000000075 0.03289814814814812
0 0.7499687500000001 0.5881435185185184 0.028291666666666514 0.03995370370370379
0 0.766234375 0.5633425925925927 0.034385416666666654 0.036888888888889027
0 0.7581223958333333 0.6718935185185185 0.03913020833333339 0.03900925925925936
0 0.7979140625 0.6924212962962963 0.03886979166666672 0.03243518518518537
0 0.8093802083333334 0.5344166666666668 0.027500000000000094 0.02585185185185192
0 0.7939114583333333 0.5478657407407407 0.02564583333333322 0.03374999999999983
0 0.8391614583333333 0.5761712962962963 0.02582291666666663 0.01906481481481474
0 0.8443098958333334 0.5971712962962963 0.02300520833333337 0.023509259259259143
0 0.8414791666666666 0.507712962962963 0.024010416666666857 0.018518518518518517
0 0.8805833333333334 0.5052777777777778 0.03420833333333325 0.023796296296296128
0 0.9414765625000001 0.5154259259259258 0.03828645833333345 0.03037037037037033
0 0.8973489583333333 0.5592824074074074 0.0434166666666665 0.028194444444444487
0 0.9353697916666666 0.5562731481481481 0.02987499999999983 0.02632407407407413
0 0.7289010416666667 0.4555740740740741 0.020333333333333314 0.02198148148148149
0 0.7690729166666667 0.5020555555555556 0.029093749999999828 0.02974074074074064
0 0.7922916666666666 0.47247685185185184 0.026458333333333427 0.020953703703703804