0 0.06332031249999999 0.7491018518518519 0.04794270833333334 0.06524074074074078
0 0.216296875 0.9308194444444444 0.06862499999999999 0.07178703703703701
0 0.17829427083333335 0.8832314814814815 0.04657812500000003 0.07016666666666664
0 0.08660156249999999 0.9585185185185185 0.07598437499999999 0.08111111111111102
0 0.2561380208333333 0.9699861111111111 0.05389062500000001 0.053787037037037175
0 0.28276562499999996 0.8724490740740741 0.05067708333333331 0.06624999999999996
0 0.357359375 0.8243148148148148 0.05437500000000005 0.0639629629629629
0 0.4173619791666667 0.788337962962963 0.057421875 0.05849074074074081
0 0.5379322916666667 0.8633796296296297 0.04107291666666673 0.06479629629629631
0 0.5161927083333333 0.8085694444444445 0.034989583333333366 0.04582407407407408
0 0.5220234375 0.6753055555555556 0.043286458333333284 0.042388888888888865
0 0.7294166666666667 0.9547546296296296 0.04845833333333331 0.06400925925925936
0 0.7829739583333333 0.9235740740740741 0.057802083333333344 0.10229629629629632
0 0.9504557291666667 0.8251435185185185 0.05606770833333338 0.054731481481481596
0 0.8059817708333334 0.7947916666666667 0.0489739583333332 0.05084259259259267
0 0.9256510416666667 0.715486111111111 0.046718749999999906 0.051694444444444376
0 0.8712604166666668 0.8266342592592593 0.04887500000000008 0.05349074074074072
0 0.7082526041666666 0.705300925925926 0.035911458333333236 0.04517592592592589
0 0.736859375 0.6690185185185185 0.04223958333333329 0.0396296296296298
0 0.6675651041666666 0.7646018518518518 0.03893229166666667 0.036796296296296306
0 0.6704583333333333 0.629287037037037 0.038270833333333344 0.03462962962962971
0 0.2946875 0.577412037037037 0.05313541666666666 0.045287037037036904
0 0.2143515625 0.6929074074074074 0.032984375000000024 0.0381851851851852
0 0.3529088541666667 0.6794027777777778 0.03605729166666668 0.0408425925925925
0 0.2958776041666667 0.752800925925926 0.04933854166666667 0.053620370370370235
0 0.4155755208333333 0.6816851851851852 0.044026041666666654 0.05018518518518523
0 0.5252083333333334 0.6030648148148148 0.027937499999999935 0.030814814814815
0 0.45938541666666666 0.8715601851851853 0.06060416666666673 0.06634259259259268
0 0.4795286458333333 0.7626064814814815 0.027276041666666608 0.043712962962962995
0 0.4431354166666666 0.6274722222222222 0.04208333333333343 0.052092592592592586
0 0.8525885416666666 0.6253425925925926 0.03262499999999993 0.032777777777777864
0 0.23898958333333334 0.7272314814814814 0.05243750000000003 0.04879629629629634
0 0.3439921875 0.9343194444444445 0.020036458333333347 0.03302777777777784
0 0.498078125 0.7305324074074073 0.026124999999999923 0.03741666666666653
0 0.7486484375 0.6108935185185185 0.038098958333333384 0.03684259259259256
0 0.9583802083333334 0.7973796296296297 0.05355208333333318 0.05505555555555559
0 0.7798385416666667 0.8694722222222222 0.049385416666666515 0.054388888888888896
0 0.7001927083333332 0.669050925925926 0.02890625 0.0313055555555555
0 0.1086015625 0.7941944444444444 0.031640625 0.04066666666666673
0 0.08705989583333333 0.6691296296296296 0.029140624999999993 0.031000000000000017
0 0.11085677083333333 0.6490787037037037 0.029348958333333345 0.029472222222222153
0 0.17306770833333332 0.646449074074074 0.03801041666666668 0.03743518518518504
0 0.18094531249999998 0.6748935185185185 0.03930729166666668 0.03302777777777784
0 0.13976302083333333 0.6327407407407407 0.02796354166666668 0.032407407407407406
0 0.10956510416666668 0.6882777777777777 0.024880208333333324 0.028611111111111195
0 0.12578385416666665 0.7079444444444444 0.027651041666666685 0.02457407407407404
0 0.145390625 0.6539814814814814 0.01885416666666669 0.02792592592592579
0 0.2693932291666667 0.6766111111111112 0.04715104166666665 0.05025925925925923
0 0.4150260416666666 0.9448148148148148 0.04223958333333329 0.04425925925925922
0 0.5053802083333333 0.5668055555555556 0.043760416666666656 0.03685185185185181
0 0.4533359375 0.5750555555555555 0.03318229166666668 0.026814814814814847
0 0.12437239583333334 0.5493842592592593 0.030338541666666666 0.02480555555555552
0 0.20444010416666666 0.46475462962962966 0.034192708333333384 0.030379629629629683
0 0.26190625 0.44753240740740746 0.023885416666666614 0.031287037037037
0 0.28328125 0.5351157407407408 0.032791666666666684 0.029768518518518604
0 0.3314401041666667 0.6574490740740742 0.03701562499999997 0.044120370370370456
0 0.32975781249999997 0.6100046296296295 0.02074479166666663 0.03380555555555555
0 0.3436328125 0.5834907407407408 0.040119791666666654 0.02790740740740729
0 0.19178385416666668 0.7769212962962964 0.03351562499999995 0.052324074074074065
0 0.2049609375 0.5324212962962963 0.030140625 0.027990740740740757
0 0.23841145833333333 0.5645833333333333 0.025208333333333322 0.02855555555555548
0 0.24649739583333333 0.5258101851851852 0.026973958333333315 0.028120370370370268
0 0.149265625 0.5355416666666667 0.02550000000000002 0.02186111111111123
0 0.16958854166666668 0.4883657407407407 0.026791666666666696 0.019342592592592474
0 0.0181328125 0.6650972222222222 0.034755208333333336 0.03352777777777781
0 0.06288020833333333 0.6097407407407407 0.032906250000000005 0.035296296296296194
0 0.3000989583333334 0.7986574074074073 0.03715625000000008 0.058962962962962814
0 0.22291145833333334 0.8202824074074074 0.04920833333333334 0.05449074074074066
0 0.314375 0.4637222222222222 0.025114583333333346 0.023074074074074035
0 0.3399973958333334 0.527925925925926 0.030630208333333304 0.02738888888888882
0 0.37316406249999995 0.49401851851851847 0.028463541666666713 0.023074074074074143
0 0.4161328125 0.4733101851851852 0.02005729166666666 0.02419444444444444
0 0.4026666666666667 0.5315416666666667 0.027302083333333373 0.03165740740740746
0 0.432984375 0.5355972222222222 0.025583333333333277 0.03626851851851859
0 0.45669270833333336 0.525976851851852 0.02411458333333331 0.024620370370370504
0 0.4663359375 0.46678703703703706 0.022296874999999973 0.024833333333333273
0 0.4872005208333333 0.5357361111111112 0.01885937500000002 0.017824074074074076
0 0.5068723958333333 0.5450324074074074 0.020765624999999944 0.023342592592592627
0 0.4883151041666667 0.6339490740740741 0.026723958333333304 0.03513888888888872
0 0.5895442708333333 0.5182546296296296 0.021484375 0.022916666666666665
0 0.5708723958333334 0.5557777777777778 0.02777604166666663 0.023407407407407384
0 0.6025677083333334 0.6368842592592593 0.03359375 0.026212962962962914
0 0.6369401041666667 0.5841620370370371 0.037880208333333346 0.03778703703703699
0 0.534921875 0.4564212962962963 0.014802083333333372 0.023342592592592627
0 0.5669114583333333 0.47815277777777776 0.021291666666666723 0.022342592592592695
0 0.5912343750000001 0.47734259259259254 0.021333333333333353 0.02292592592592592
0 0.651875 0.5384074074074074 0.031145833333333428 0.03759259259259251
0 0.6772317708333333 0.5264722222222222 0.03352604166666661 0.029148148148148166
0 0.699578125 0.4879212962962963 0.03463541666666667 0.04310185185185181
0 0.7645052083333332 0.5633518518518519 0.029885416666666723 0.03290740740740737
0 0.7876458333333333 0.6259861111111111 0.028291666666666753 0.03995370370370379
0 0.8078229166666666 0.6044768518518518 0.04299999999999997 0.04417592592592596
0 0.8013229166666667 0.7350509259259259 0.04247916666666664 0.04262037037037034
0 0.8520494791666666 0.7624907407407407 0.045630208333333165 0.046074074074074066
0 0.8525286458333333 0.5717777777777777 0.03225520833333325 0.029129629629629665
0 0.8366901041666668 0.5915787037037037 0.029661458333333238 0.03393518518518527
0 0.8891067708333333 0.6216851851851851 0.032848958333333185 0.027111111111111086
0 0.8949687500000001 0.6453981481481481 0.022999999999999923 0.0235000000000001
0 0.8845052083333333 0.5395416666666666 0.034364583333333344 0.026768518518518383
0 0.9284401041666667 0.537375 0.04150520833333336 0.03150925925925924
0 0.9872942708333333 0.5405 0.024369791666666647 0.03525925925925919
0 0.9475338541666666 0.5978333333333334 0.05360937500000015 0.03837037037037042
0 0.9887109375 0.5938842592592593 0.021536458333333286 0.02632407407407413
0 0.7599791666666668 0.4803425925925926 0.020333333333333314 0.02198148148148149
0 0.80684375 0.5327407407407407 0.0373541666666668 0.038037037037036966
0 0.827390625 0.49728703703703697 0.026458333333333427 0.020944444444444342