0 0.8454401041666666 0.9236203703703704 0.051171875 0.059314814814814765
0 0.06165364583333333 0.612712962962963 0.027473958333333333 0.026222222222222164
0 0.018036458333333335 0.6219768518518519 0.03584375 0.0386388888888889
0 0.0201796875 0.718023148148148 0.033546875 0.019583333333333418
0 0.10027083333333332 0.7795601851851851 0.04578124999999999 0.05245370370370379
0 0.15110677083333332 0.5644120370370371 0.02058854166666665 0.02143518518518527
0 0.18209114583333333 0.6988703703703704 0.025161458333333307 0.027759259259259275
0 0.13930208333333333 0.8098842592592592 0.028177083333333346 0.05026851851851848
0 0.14733593749999999 0.8749814814814815 0.04497395833333335 0.059314814814814765
0 0.22429427083333334 0.7299398148148148 0.039171875000000016 0.05784259259259262
0 0.031278645833333334 0.8717731481481481 0.030640624999999998 0.053694444444444454
0 0.09614062500000001 0.8435694444444445 0.05254166666666667 0.05830555555555537
0 0.28569791666666666 0.7988657407407407 0.04584374999999999 0.04774999999999994
0 0.262875 0.6566666666666667 0.034791666666666644 0.03050000000000005
0 0.23942708333333335 0.6333564814814815 0.032572916666666646 0.029805555555555606
0 0.18028906249999999 0.7938101851851852 0.03818229166666664 0.03745370370370354
0 0.1650182291666667 0.7709722222222222 0.02464062499999997 0.03848148148148143
0 0.19340364583333336 0.732375 0.016765625000000027 0.024083333333333325
0 0.1883046875 0.6681250000000001 0.02656770833333333 0.02360185185185186
0 0.24221875 0.7884398148148148 0.03945833333333333 0.053694444444444454
0 0.205921875 0.8595092592592593 0.05741666666666667 0.050277777777777734
0 0.15726302083333332 0.9205092592592592 0.04673437500000001 0.059018518518518526
0 0.03197395833333334 0.9519444444444444 0.034875 0.06720370370370374
0 0.10849479166666667 0.9652037037037038 0.04769791666666666 0.0677407407407406
0 0.21709375 0.9697268518518519 0.03563541666666665 0.05869444444444433
0 0.3062083333333333 0.9790277777777777 0.0451875 0.04009259259259276
0 0.30911979166666664 0.9237453703703703 0.04383333333333338 0.07845370370370372
0 0.285875 0.8537916666666667 0.03999999999999997 0.06791666666666658
0 0.34377864583333334 0.9309444444444445 0.03761979166666667 0.05790740740740737
0 0.3441744791666667 0.7985509259259259 0.03269270833333333 0.051435185185185354
0 0.40300781250000006 0.9535740740740742 0.03522395833333339 0.04885185185185195
0 0.45209375 0.9718194444444445 0.02227083333333333 0.04180555555555564
0 0.4552395833333333 0.9237916666666666 0.03995833333333323 0.045416666666666834
0 0.4406536458333334 0.8695694444444444 0.04993229166666661 0.04504629629629638
0 0.3699895833333333 0.7648750000000001 0.03283333333333331 0.05454629629629616
0 0.38344010416666663 0.7379212962962963 0.031057291666666723 0.03169444444444446
0 0.4214557291666666 0.7579814814814815 0.02571354166666661 0.023333333333333376
0 0.4237239583333333 0.8164305555555555 0.02603125000000001 0.03195370370370369
0 0.46906770833333333 0.7022777777777778 0.0222291666666667 0.026666666666666835
0 0.2939661458333333 0.6789814814814814 0.031057291666666723 0.03355555555555556
0 0.3049947916666667 0.6276666666666667 0.033854166666666664 0.029925925925925866
0 0.35545312500000004 0.6047361111111111 0.03063541666666675 0.03471296296296297
0 0.39648958333333334 0.5843518518518519 0.03768750000000007 0.034740740740740725
0 0.3648567708333334 0.6879398148148148 0.023484375000000075 0.02100925925925931
0 0.477703125 0.6251064814814815 0.023677083333333352 0.03413888888888879
0 0.5035624999999999 0.624537037037037 0.026333333333333306 0.03201851851851845
0 0.4614270833333334 0.5965555555555555 0.022749999999999916 0.024148148148148082
0 0.4719947916666667 0.5171064814814815 0.01975000000000004 0.025064814814814755
0 0.5204062500000001 0.9369074074074075 0.04761458333333337 0.0551666666666666
0 0.5526041666666667 0.8097222222222222 0.027572916666666693 0.031333333333333255
0 0.5316614583333333 0.7060138888888889 0.03553125000000013 0.04882407407407409
0 0.5675494791666668 0.7060694444444445 0.025015624999999868 0.029342592592592642
0 0.6086145833333333 0.7709444444444444 0.05544791666666669 0.04679629629629626
0 0.6113489583333334 0.8396435185185186 0.035239583333333255 0.06082407407407413
0 0.6553723958333334 0.8129537037037037 0.023286458333333353 0.034574074074074
0 0.679171875 0.9804490740740741 0.04019791666666658 0.02899074074074069
0 0.7288255208333333 0.9850185185185186 0.024046875000000037 0.02811111111111081
0 0.7898046875 0.9553009259259259 0.04589062500000007 0.06675000000000013
0 0.7790546875 0.8619675925925926 0.05520312499999989 0.05563888888888902
0 0.744 0.8576064814814814 0.04704166666666675 0.05293518518518525
0 0.7282135416666667 0.8089259259259259 0.03333333333333333 0.03849999999999993
0 0.699828125 0.7712962962962963 0.04191666666666668 0.04668518518518525
0 0.6547838541666666 0.702787037037037 0.03614062500000017 0.03501851851851846
0 0.6035494791666667 0.7093657407407408 0.03265104166666669 0.027657407407407308
0 0.5965703125 0.665138888888889 0.025057291666666735 0.028740740740740706
0 0.6366640625 0.6521712962962963 0.02928645833333334 0.03976851851851856
0 0.7013723958333333 0.6975277777777777 0.03519270833333342 0.03853703703703694
0 0.7337526041666665 0.7109675925925926 0.034671874999999845 0.03976851851851856
0 0.7335546875000001 0.7511898148148148 0.01610937500000015 0.02415740740740754
0 0.7548723958333333 0.7574398148148148 0.024609375 0.03519444444444444
0 0.8110364583333334 0.7720555555555555 0.04466666666666678 0.0448333333333334
0 0.7724713541666667 0.6835185185185185 0.03596354166666676 0.03662962962962958
0 0.7973750000000001 0.7212314814814815 0.03173958333333336 0.02998148148148158
0 0.8223567708333335 0.6905 0.033359375000000094 0.04218518518518514
0 0.8468333333333333 0.8067268518518519 0.042197916666666654 0.04947222222222228
0 0.8783515625 0.8279537037037038 0.02819270833333339 0.03153703703703699
0 0.9278489583333334 0.8215046296296297 0.05823958333333342 0.06406481481481487
0 0.896015625 0.7514722222222222 0.04484375000000019 0.05488888888888886
0 0.8742656249999999 0.7085694444444445 0.04844791666666666 0.03467592592592597
0 0.9612786458333333 0.7862546296296296 0.032609375000000065 0.04087962962962972
0 0.9047291666666666 0.693800925925926 0.03229166666666667 0.03297222222222234
0 0.8906953125 0.6611203703703704 0.03889062500000004 0.03477777777777773
0 0.8309739583333332 0.6258518518518518 0.030833333333333237 0.01992592592592591
0 0.7482057291666666 0.5991064814814815 0.036703125000000135 0.03725000000000002
0 0.6572656250000001 0.5823148148148148 0.031729166666666704 0.027722222222222273
0 0.7493645833333333 0.5463981481481481 0.02687499999999995 0.026537037037037112
0 0.7055651041666666 0.6068749999999999 0.021463541666666686 0.031194444444444493
0 0.8307161458333333 0.5510555555555556 0.025692708333333297 0.02092592592592584
0 0.8894088541666666 0.5304212962962963 0.02347395833333318 0.0202499999999999
0 0.9416171875 0.6063796296296297 0.038942708333333326 0.03374074074074079
0 0.9691822916666666 0.7276898148148148 0.04331249999999993 0.04191666666666665
0 0.9446276041666667 0.6871481481481482 0.018265624999999848 0.027851851851851784
0 0.9171666666666667 0.9806064814814813 0.0428229166666668 0.03693518518518549
0 0.9647890625 0.9363101851851852 0.04903645833333338 0.05649074074074073
0 0.9845755208333333 0.9718425925925928 0.029807291666666676 0.04544444444444438
0 0.9874921875000001 0.8138472222222222 0.0239739583333332 0.023972222222222103
0 0.5571536458333334 0.8817083333333333 0.0177239583333332 0.03152777777777774
0 0.9856979166666666 0.7574907407407406 0.02756250000000004 0.02424074074074059
0 0.9895364583333333 0.7404120370370371 0.01341666666666678 0.017361111111111112
0 0.8103854166666667 0.6340138888888889 0.018489583333333334 0.021712962962963007
0 0.8236953124999999 0.5839027777777778 0.026963541666666892 0.03017592592592585
0 0.6003489583333333 0.5361759259259259 0.0264166666666668 0.024944444444444495
0 0.6265963541666667 0.5186018518518518 0.020473958333333306 0.021425925925925807
0 0.5692005208333334 0.5734722222222222 0.030703124999999904 0.024648148148148048
0 0.5781380208333334 0.49560185185185185 0.02028645833333324 0.023351851851851877
0 0.13046875 0.6504722222222222 0.01952083333333334 0.019981481481481413
0 0.30115625 0.46959722222222217 0.03453124999999998 0.019435185185185194
0 0.25065885416666667 0.5375324074074075 0.02421354166666667 0.016990740740740657
0 0.33451822916666674 0.5116435185185185 0.022453125000000067 0.01952777777777791
0 0.313421875 0.5670000000000001 0.029739583333333285 0.028870370370370428
0 0.3946588541666667 0.5284537037037037 0.028036458333333295 0.02629629629629638
0 0.4762083333333333 0.48013425925925923 0.021187499999999915 0.016120370370370445
0 0.42230989583333334 0.6260601851851851 0.037703124999999935 0.03460185185185175
0 0.4374192708333334 0.5721898148148148 0.018807291666666733 0.024046296296296323
0 0.4115 0.4967685185185185 0.029781249999999915 0.022277777777777726
0 0.7135494791666667 0.49520833333333336 0.02201562499999999 0.0150833333333333
0 0.091234375 0.5457777777777778 0.02453125000000001 0.01625925925925921
0 0.02503125 0.7920648148148148 0.04710416666666666 0.04520370370370386
0 0.023325520833333335 0.7506990740740741 0.04516145833333333 0.032379629629629654
0 0.041440104166666665 0.805699074074074 0.029119791666666665 0.027527777777777793
0 0.048713541666666665 0.6881435185185184 0.020562499999999994 0.026453703703703854
0 0.10741145833333335 0.6437962962962962 0.027260416666666683 0.025703703703703694
0 0.23846093750000003 0.9139074074074074 0.043078125000000016 0.04805555555555564
0 0.26930468750000003 0.5552685185185186 0.02751562499999999 0.022462962962963164
0 0.34639843750000004 0.6616944444444445 0.014255208333333276 0.019999999999999917
0 0.341859375 0.6894027777777778 0.0128541666666667 0.017490740740740623
0 0.45395052083333337 0.5538101851851852 0.018171874999999935 0.022212962962962973
0 0.6399479166666667 0.4879907407407407 0.021114583333333315 0.020092592592592634
0 0.7621197916666667 0.5841712962962963 0.01885416666666657 0.025472222222222212
0 0.637875 0.6220601851851852 0.029416666666666678 0.030861111111111044
0 0.5997968750000001 0.5210277777777778 0.023885416666666496 0.025703703703703694
0 0.24060416666666667 0.5832407407407407 0.015583333333333371 0.0257407407407407
0 0.31422395833333333 0.5808703703703704 0.026374999999999933 0.027537037037037044
0 0.26511718749999996 0.6048379629629629 0.03432812500000004 0.03349074074074081