0 0.28332552083333334 0.7300648148148149 0.040848958333333366 0.030962962962963015
0 0.32544270833333333 0.6873888888888889 0.037635416666666664 0.03194444444444444
0 0.3104427083333333 0.6278888888888889 0.0357812499999999 0.03551851851851843
0 0.23628124999999997 0.7577361111111112 0.02918749999999998 0.042416666666666616
0 0.21722916666666667 0.7811574074074074 0.02069791666666667 0.023111111111111145
0 0.24840624999999997 0.9229305555555557 0.06391666666666668 0.07339814814814813
0 0.33275520833333333 0.847037037037037 0.02514583333333332 0.05055555555555547
0 0.325015625 0.947412037037037 0.04082291666666672 0.07515740740740748
0 0.3024166666666667 0.7831620370370371 0.03872916666666673 0.04349074074074055
0 0.34556770833333333 0.7420648148148149 0.036583333333333336 0.04216666666666663
0 0.3784661458333333 0.6978611111111112 0.04957812500000003 0.046740740740740756
0 0.37507552083333334 0.7552777777777778 0.022442708333333408 0.03783333333333345
0 0.3892786458333333 0.7830462962962963 0.03444270833333339 0.033018518518518385
0 0.41020312499999995 0.8483796296296297 0.03831249999999997 0.04609259259259257
0 0.39219010416666666 0.9043888888888889 0.07313020833333338 0.08509259259259268
0 0.12717447916666666 0.9577916666666666 0.04509895833333335 0.0657870370370372
0 0.06451562500000001 0.9209166666666666 0.06954166666666665 0.06848148148148152
0 0.07526302083333333 0.7651064814814815 0.056640625 0.05504629629629613
0 0.15114322916666667 0.7001388888888889 0.044192708333333344 0.04720370370370372
0 0.1620885416666667 0.8282175925925925 0.05581250000000004 0.04454629629629642
0 0.04438541666666666 0.5977037037037037 0.04496874999999999 0.0448148148148149
0 0.024864583333333336 0.650513888888889 0.03189583333333333 0.025990740740740894
0 0.07540364583333334 0.6900694444444444 0.03448437499999999 0.04356481481481477
0 0.06947395833333332 0.6562222222222223 0.04272916666666666 0.03633333333333334
0 0.07978645833333334 0.6049537037037037 0.030520833333333344 0.03127777777777775
0 0.11440104166666666 0.6256666666666667 0.03178124999999999 0.028722222222222205
0 0.10045052083333333 0.5755925925925927 0.031776041666666664 0.03159259259259249
0 0.08890624999999999 0.541912037037037 0.03231249999999998 0.029694444444444384
0 0.08009114583333334 0.49164814814814817 0.036265624999999996 0.03351851851851856
0 0.14015885416666668 0.5263518518518518 0.038953124999999984 0.030018518518518587
0 0.13703385416666666 0.4915555555555556 0.042390624999999994 0.03644444444444435
0 0.1487734375 0.45917129629629627 0.02745312500000002 0.025194444444444478
0 0.16279166666666667 0.4741527777777778 0.02712500000000002 0.026453703703703646
0 0.18046614583333334 0.5825185185185185 0.034109375000000004 0.030000000000000086
0 0.20434375000000002 0.5486851851851852 0.030520833333333285 0.02553703703703697
0 0.22526041666666666 0.5703842592592593 0.03213541666666669 0.030638888888888813
0 0.23532812500000003 0.6029583333333333 0.03934374999999998 0.04408333333333345
0 0.28153385416666665 0.5726342592592591 0.03659895833333333 0.03324999999999986
0 0.33315885416666663 0.5110277777777779 0.031776041666666664 0.022981481481481634
0 0.34833072916666663 0.5574629629629629 0.028369791666666682 0.023296296296296162
0 0.36646875 0.5871342592592593 0.037729166666666696 0.042398148148148115
0 0.3740833333333333 0.635037037037037 0.037541666666666626 0.03992592592592582
0 0.20644791666666668 0.4867361111111111 0.02408333333333334 0.03699074074074078
0 0.241359375 0.4228981481481482 0.029989583333333295 0.024870370370370383
0 0.2592083333333333 0.49006944444444445 0.03915625000000003 0.02521296296296298
0 0.28838541666666667 0.46900462962962963 0.022781250000000006 0.022027777777777743
0 0.5138671875 0.9364212962962963 0.05041145833333331 0.07084259259259237
0 0.4741197916666666 0.8802546296296296 0.03841666666666678 0.045324074074073906
0 0.5313098958333333 0.8436898148148148 0.026046874999999876 0.043694444444444494
0 0.5146901041666667 0.741412037037037 0.047390625000000006 0.05680555555555547
0 0.5535520833333334 0.7128518518518518 0.04935416666666672 0.05522222222222232
0 0.42796093749999997 0.6670509259259259 0.037880208333333346 0.037027777777777784
0 0.42853125 0.6103009259259259 0.03413541666666665 0.04352777777777777
0 0.40978385416666663 0.5454768518518519 0.028921874999999986 0.020750000000000077
0 0.47264062500000004 0.5878796296296297 0.027166666666666592 0.032777777777777864
0 0.49624479166666663 0.6091851851851853 0.033947916666666585 0.029685185185185134
0 0.41030468750000004 0.5191157407407407 0.036640624999999954 0.021379629629629766
0 0.46270833333333333 0.5172638888888889 0.025656249999999995 0.029675925925925883
0 0.5300625 0.47918518518518516 0.01975000000000004 0.017870370370370328
0 0.5532682291666667 0.5146759259259259 0.02117187499999981 0.019148148148148206
0 0.5626927083333333 0.4894351851851851 0.019010416666666665 0.01627777777777771
0 0.5488593749999999 0.6050000000000001 0.022802083333333202 0.028092592592592728
0 0.5308307291666667 0.6711990740740741 0.02994270833333334 0.046712962962963005
0 0.5654791666666665 0.6632546296296297 0.035312500000000094 0.046472222222222276
0 0.6015494791666666 0.619388888888889 0.02820312499999981 0.03587037037037017
0 0.6025781250000001 0.7143703703703703 0.03622916666666664 0.030981481481481516
0 0.6033125 0.5111064814814815 0.03347916666666653 0.03093518518518526
0 0.5945937499999999 0.44896759259259256 0.028874999999999793 0.024879629629629633
0 0.6479296875 0.5647592592592593 0.032369791666666474 0.03307407407407389
0 0.6144322916666667 0.48584722222222226 0.023614583333333408 0.022009259259259242
0 0.6354140625 0.47117592592592594 0.02797395833333335 0.022018518518518493
0 0.6432109374999999 0.49420833333333336 0.02614062500000003 0.023231481481481405
0 0.6328489583333333 0.983574074074074 0.018802083333333285 0.021203703703703787
0 0.6298697916666666 0.8376574074074075 0.046708333333333484 0.05677777777777793
0 0.7389817708333334 0.8335555555555556 0.03745312499999993 0.061666666666666585
0 0.715625 0.8431620370370371 0.02223958333333324 0.02899074074074069
0 0.7340442708333333 0.9046157407407407 0.03369270833333336 0.05869444444444433
0 0.7459947916666666 0.9675740740740741 0.047583333333333165 0.04750000000000017
0 0.6651197916666667 0.7249166666666667 0.03235416666666661 0.030555555555555555
0 0.7100546874999999 0.7288101851851851 0.044265624999999885 0.05219444444444434
0 0.7359609375 0.7408055555555555 0.026828125000000112 0.03712962962962955
0 0.7196874999999999 0.7069768518518518 0.032343749999999956 0.03217592592592593
0 0.6907864583333333 0.7102731481481481 0.02454166666666661 0.029712962962963097
0 0.6808229166666667 0.6061018518518518 0.02890625 0.03261111111111114
0 0.6390755208333334 0.6539861111111112 0.02611979166666648 0.04684259259259273
0 0.7536223958333333 0.6301435185185186 0.029140624999999906 0.026064814814814898
0 0.7651822916666667 0.7186157407407407 0.02703124999999981 0.038324074074073955
0 0.7667994791666667 0.5718611111111112 0.026598958333333183 0.03424074074074076
0 0.688375 0.5768101851851851 0.021999999999999888 0.03026851851851857
0 0.7368880208333334 0.5781712962962963 0.02180729166666661 0.029731481481481598
0 0.7495989583333333 0.604287037037037 0.027052083333333362 0.031425925925925975
0 0.7142864583333333 0.5553750000000001 0.029343750000000075 0.033879629629629766
0 0.6956015624999999 0.5290833333333335 0.015359374999999887 0.023685185185185118
0 0.7278177083333333 0.5343611111111112 0.018343750000000134 0.022018518518518493
0 0.8348177083333332 0.9621712962962963 0.06668749999999998 0.07380555555555558
0 0.862328125 0.8566944444444444 0.06545833333333348 0.07342592592592588
0 0.8149140625 0.7750972222222222 0.04825520833333338 0.04293518518518508
0 0.8022369791666667 0.8617638888888888 0.024401041666666855 0.046416666666666766
0 0.9066015625000001 0.9502685185185185 0.060432291666666534 0.07564814814814809
0 0.9267552083333332 0.9296527777777778 0.06343750000000009 0.09026851851851853
0 0.9650729166666667 0.9035787037037037 0.04304166666666684 0.06015740740740743
0 0.9673177083333333 0.8476435185185185 0.043562499999999935 0.05700925925925941
0 0.8411588541666667 0.7549398148148149 0.04153645833333333 0.04419444444444446
0 0.8990078125000001 0.8115787037037037 0.0596927083333334 0.055731481481481535
0 0.9747786458333333 0.7576111111111111 0.03955729166666657 0.03007407407407409
0 0.9804999999999999 0.7951898148148149 0.02911458333333338 0.02304629629629618
0 0.9564791666666667 0.7054351851851852 0.039333333333333324 0.03888888888888889
0 0.891421875 0.6560925925925926 0.0460208333333334 0.04820370370370365
0 0.8711484375 0.6875046296296297 0.018911458333333304 0.019898148148148158
0 0.7897604166666666 0.5910787037037037 0.017416666666666695 0.014601851851851835
0 0.8027395833333333 0.69925 0.022145833333333323 0.023444444444444597
0 0.78996875 0.6104629629629629 0.02911458333333338 0.023888888888889057
0 0.7905494791666666 0.6336666666666666 0.025630208333333352 0.028796296296296212
0 0.8511223958333333 0.5094675925925927 0.02960937499999995 0.030972222222222266
0 0.8493697916666666 0.535125 0.033114583333333295 0.02034259259259241
0 0.8174088541666666 0.5567962962962962 0.020901041666666724 0.023000000000000135
0 0.846765625 0.5879814814814814 0.020895833333333277 0.01990740740740741
0 0.8934166666666667 0.5402129629629631 0.0365729166666668 0.026981481481481363
0 0.8891875 0.5806851851851852 0.018166666666666723 0.022999999999999923
0 0.8736380208333333 0.5793564814814814 0.012942708333333285 0.02123148148148133
0 0.890296875 0.6010231481481482 0.023364583333333164 0.02573148148148145
0 0.7818281250000001 0.5397685185185186 0.029854166666666515 0.031407407407407474
0 0.7281640625 0.4832638888888888 0.023276041666666695 0.025342592592592545
0 0.7544427083333333 0.4927916666666666 0.023010416666666582 0.021620370370370286
0 0.7626171875 0.519175925925926 0.025494791666666572 0.018592592592592525