0 0.04054166666666667 0.8056296296296297 0.05276041666666667 0.07800000000000001
0 0.16644010416666666 0.9639861111111111 0.04701562499999999 0.07017592592592589
0 0.2790104166666667 0.9539444444444445 0.058416666666666624 0.07761111111111127
0 0.2964322916666667 0.8614074074074074 0.037333333333333364 0.06585185185185174
0 0.3604921875 0.8928750000000001 0.05810937499999997 0.07597222222222239
0 0.42747135416666665 0.8549166666666667 0.0672760416666667 0.07079629629629633
0 0.5626171875 0.946800925925926 0.05382812500000019 0.07149074074074077
0 0.61140625 0.9471759259259258 0.0462395833333332 0.06648148148148143
0 0.5355807291666667 0.8802268518518518 0.038973958333333295 0.05176851851851838
0 0.5422552083333334 0.7213935185185185 0.05460416666666668 0.05654629629629624
0 0.8511875 0.8564861111111111 0.06168750000000003 0.07221296296296296
0 0.9779244791666667 0.7745185185185185 0.04310937499999999 0.0698518518518519
0 0.9382760416666667 0.9080833333333334 0.07037499999999994 0.07512962962962952
0 0.7435130208333334 0.7558194444444444 0.047973958333333164 0.059009259259259275
0 0.7743385416666667 0.7129351851851852 0.04223958333333329 0.039629629629629584
0 0.7024791666666667 0.8290879629629629 0.03979166666666671 0.04717592592592576
0 0.6977161458333333 0.6679027777777778 0.038265624999999893 0.0421944444444446
0 0.29109375 0.6137685185185185 0.05313541666666666 0.05085185185185192
0 0.20587499999999997 0.744162037037037 0.03360416666666666 0.04486111111111094
0 0.35402343750000004 0.7284814814814815 0.042338541666666646 0.047444444444444456
0 0.2946744791666667 0.8142638888888889 0.05969270833333337 0.05949074074074074
0 0.4233255208333333 0.7314212962962963 0.04841145833333336 0.06621296296296317
0 0.5428255208333332 0.6451157407407407 0.03106770833333338 0.03813888888888894
0 0.47458593749999994 0.946875 0.06630729166666664 0.06582407407407422
0 0.4934765625 0.8285 0.03373437499999999 0.04650000000000003
0 0.45089322916666663 0.6706018518518518 0.04208854166666664 0.052092592592592586
0 0.8951770833333333 0.6667500000000001 0.03262499999999993 0.03885185185185189
0 0.232484375 0.7815462962962962 0.05682291666666668 0.04827777777777766
0 0.5168203125 0.7844444444444445 0.02613020833333337 0.037425925925925994
0 0.7778880208333334 0.6466388888888889 0.03999479166666665 0.039092592592592616
0 0.8233880208333334 0.9533842592592592 0.05127604166666657 0.05906481481481478
0 0.7306666666666667 0.7137222222222221 0.036458333333333336 0.044759259259259394
0 0.08804687500000001 0.8600370370370369 0.037697916666666664 0.0477777777777777
0 0.06563802083333334 0.714375 0.032890624999999986 0.037027777777777784
0 0.09432291666666666 0.6927546296296296 0.033656250000000006 0.036787037037037056
0 0.16316406249999998 0.6909768518518519 0.04145312499999996 0.041342592592592674
0 0.16944791666666667 0.7224953703703705 0.04421875000000005 0.04062037037037027
0 0.12563802083333334 0.6725601851851852 0.030484374999999987 0.033768518518518545
0 0.09089583333333333 0.7378796296296297 0.029770833333333316 0.028611111111111195
0 0.11007031249999999 0.7617962962962963 0.027651041666666685 0.02457407407407404
0 0.1306875 0.7007916666666667 0.019614583333333317 0.029046296296296195
0 0.26222395833333334 0.7241527777777778 0.04789583333333335 0.05160185185185187
0 0.5160442708333333 0.6038703703703704 0.04744270833333329 0.04316666666666657
0 0.461375 0.6095972222222222 0.037947916666666734 0.033361111111111084
0 0.11245572916666667 0.5791527777777777 0.03185937499999998 0.026046296296296397
0 0.1965885416666667 0.4852453703703704 0.03453124999999998 0.0279351851851852
0 0.2604192708333333 0.46703703703703703 0.024046875000000037 0.032796296296296365
0 0.2811953125 0.5654953703703702 0.03559895833333331 0.039712962962962846
0 0.33213802083333327 0.7005694444444445 0.03771354166666659 0.04536111111111112
0 0.32995572916666666 0.6483055555555555 0.021255208333333307 0.03659259259259257
0 0.34573177083333334 0.61925 0.04047395833333335 0.03185185185185194
0 0.17936979166666667 0.836125 0.04167708333333332 0.05852777777777781
0 0.19650520833333332 0.5624074074074075 0.03181249999999996 0.029037037037037156
0 0.23242447916666667 0.5991944444444445 0.026796875000000022 0.03048148148148155
0 0.23988541666666668 0.5558055555555556 0.027645833333333297 0.02974074074074064
0 0.13934114583333335 0.5653055555555555 0.029765624999999987 0.024407407407407527
0 0.15971354166666665 0.512462962962963 0.02680208333333335 0.02250000000000017
0 0.05496875 0.6215740740740741 0.03391666666666667 0.035740740740740656
0 0.21319010416666667 0.8943981481481482 0.05723437499999999 0.06820370370370357
0 0.3134192708333334 0.48396296296296293 0.025588541666666725 0.03029629629629632
0 0.3397890625 0.5575324074074074 0.03279687500000002 0.030805555555555537
0 0.37809895833333335 0.5191064814814814 0.030125000000000075 0.027731481481481524
0 0.420953125 0.4934259259259259 0.02205208333333341 0.024703703703703762
0 0.40717447916666666 0.5606527777777778 0.02840104166666665 0.03352777777777781
0 0.4385182291666666 0.565162037037037 0.029109374999999934 0.042490740740740836
0 0.4661223958333333 0.5541805555555556 0.026734374999999963 0.027972222222222256
0 0.4746432291666667 0.49102777777777773 0.023151041666666573 0.02542592592592596
0 0.4983489583333333 0.561625 0.02672916666666675 0.02206481481481475
0 0.5163151041666667 0.5712175925925925 0.023130208333333256 0.03395370370370377
0 0.49968229166666667 0.6768657407407407 0.02940625000000002 0.039620370370370334
0 0.6065911458333333 0.546462962962963 0.02492187499999995 0.02620370370370387
0 0.5879479166666667 0.5882037037037037 0.03089583333333318 0.028851851851851927
0 0.622953125 0.6787638888888889 0.037218750000000016 0.032083333333333415
0 0.6597135416666667 0.6194351851851851 0.04446875000000006 0.046037037037037064
0 0.5464791666666666 0.4756898148148148 0.014802083333333372 0.023342592592592627
0 0.5812786458333333 0.5009166666666667 0.02300520833333337 0.02542592592592596
0 0.6060755208333333 0.49916203703703704 0.023890624999999943 0.026157407407407407
0 0.6723515624999999 0.5699305555555555 0.03439062499999987 0.04212037037037038
0 0.6983255208333332 0.5534583333333333 0.0364843750000001 0.033435185185185304
0 0.7201901041666666 0.5115277777777778 0.036942708333333484 0.045185185185185356
0 0.7945156250000001 0.5951805555555556 0.029093750000000067 0.039453703703703824
0 0.8214895833333333 0.6635833333333333 0.033312500000000016 0.0455925925925926
0 0.8426614583333333 0.6419490740740741 0.0518645833333333 0.04462037037037042
0 0.8433072916666667 0.7924953703703703 0.057916666666666575 0.05334259259259271
0 0.9027265625 0.8265601851851851 0.054598958333333295 0.057064814814814915
0 0.8881718749999999 0.6043055555555557 0.034479166666666575 0.033444444444444346
0 0.8711145833333334 0.6246666666666667 0.03431250000000006 0.03788888888888896
0 0.932921875 0.6584212962962963 0.04084375000000004 0.03395370370370377
0 0.9406041666666667 0.6868564814814816 0.02681250000000001 0.02745370370370379
0 0.9209036458333334 0.5661805555555555 0.03436979166666655 0.026768518518518383
0 0.9720651041666667 0.5685555555555555 0.04150520833333336 0.03151851851851849
0 0.786109375 0.5002222222222222 0.020333333333333314 0.02198148148148149
0 0.8366901041666668 0.5600324074074075 0.039369791666666744 0.03823148148148145
0 0.8604791666666666 0.5211944444444445 0.026458333333333427 0.020944444444444342