0 0.035354166666666666 0.6777777777777778 0.03963541666666668 0.034722222222222224
0 0.0638828125 0.8935046296296296 0.061161458333333335 0.08850925925925919
0 0.14065625 0.6156712962962962 0.025562500000000023 0.031712962962962964
0 0.16834375000000001 0.7829537037037037 0.03176041666666667 0.041111111111111195
0 0.11102083333333335 0.9385925925925926 0.04129166666666665 0.08440740740740728
0 0.2129296875 0.8242407407407408 0.03664062500000001 0.06946296296296295
0 0.054841145833333334 0.971800925925926 0.06931770833333334 0.05454629629629616
0 0.2819010416666667 0.9229953703703704 0.05934375000000003 0.06399074074074086
0 0.26246614583333333 0.7298749999999999 0.04603645833333333 0.041694444444444416
0 0.23463802083333332 0.70525 0.038015625000000004 0.04531481481481486
0 0.15811979166666665 0.9156666666666667 0.05428125000000002 0.07037037037037037
0 0.1452994791666667 0.8796203703703703 0.030078125 0.04537037037037037
0 0.18018750000000003 0.8296990740740741 0.01984374999999995 0.033675925925925825
0 0.18101822916666668 0.7419675925925926 0.033932291666666656 0.03876851851851842
0 0.23421614583333333 0.8959629629629631 0.04702604166666665 0.07188888888888877
0 0.2006432291666667 0.9784953703703705 0.04829687500000001 0.04115740740740724
0 0.29342447916666664 0.974574074074074 0.02908854166666662 0.04775925925925919
0 0.3596901041666667 0.9186388888888889 0.04884895833333332 0.06220370370370376
0 0.38145572916666665 0.8721805555555555 0.04156770833333331 0.05454629629629616
0 0.3955286458333333 0.8415740740740741 0.04300520833333342 0.04314814814814806
0 0.44223437499999996 0.8700555555555556 0.03402083333333342 0.04503703703703692
0 0.4459140625 0.9424259259259259 0.02872395833333338 0.03461111111111121
0 0.49786979166666673 0.7959305555555556 0.028354166666666694 0.03793518518518521
0 0.29465885416666665 0.7603703703703704 0.036098958333333306 0.049629629629629544
0 0.31031770833333333 0.6962962962962963 0.03823958333333337 0.0418703703703704
0 0.3655286458333334 0.6715462962962963 0.03881770833333344 0.043666666666666534
0 0.41211458333333334 0.6459166666666667 0.03960416666666665 0.038388888888888924
0 0.37836197916666664 0.7768611111111111 0.02321354166666675 0.02922222222222217
0 0.5046953125000001 0.6947268518518519 0.034296874999999956 0.0459166666666668
0 0.5401145833333333 0.69925 0.0334479166666668 0.038740740740740874
0 0.4889010416666667 0.6598703703703703 0.02614583333333324 0.03568518518518515
0 0.4983541666666666 0.567925925925926 0.028468749999999925 0.026555555555555613
0 0.5991822916666666 0.9425277777777779 0.03086458333333345 0.03909259259259241
0 0.5717630208333333 0.8030416666666668 0.04704687499999996 0.0665462962962962
0 0.6129895833333333 0.8019999999999999 0.02826041666666678 0.0411666666666667
0 0.6667369791666666 0.8888240740740742 0.06933854166666673 0.07007407407407393
0 0.6726276041666667 0.9745416666666668 0.032401041666666686 0.042842592592592994
0 0.7222291666666666 0.9476481481481481 0.026729166666666516 0.05420370370370367
0 0.8688541666666666 0.986972222222222 0.02173958333333322 0.02420370370370401
0 0.8111067708333334 0.9862407407407406 0.021255208333333307 0.025666666666666903
0 0.812359375 0.9487777777777778 0.0375 0.04916666666666658
0 0.7727083333333333 0.891912037037037 0.05288541666666665 0.07797222222222226
0 0.7139687499999999 0.7974398148148149 0.040062500000000036 0.05054629629629622
0 0.6528046875000001 0.8137638888888888 0.04089062500000011 0.03365740740740732
0 0.6442343749999999 0.7522546296296296 0.029572916666666536 0.037527777777777965
0 0.687390625 0.7294398148148149 0.03448958333333347 0.06324999999999995
0 0.775546875 0.7935324074074074 0.04967708333333339 0.053731481481481456
0 0.8099479166666667 0.8130787037037037 0.047031250000000094 0.05689814814814819
0 0.8123124999999999 0.860625 0.0271979166666668 0.04699074074074074
0 0.838640625 0.8739629629629629 0.03419791666666659 0.04627777777777779
0 0.9093125000000001 0.8930462962962963 0.06774999999999996 0.07218518518518521
0 0.8557083333333334 0.7765324074074074 0.048093750000000074 0.05245370370370379
0 0.8920520833333333 0.8237222222222222 0.037229166666666674 0.043351851851851794
0 0.9134635416666667 0.7859675925925926 0.046541666666666495 0.06482407407407406
0 0.9597473958333335 0.9466481481481482 0.06596354166666647 0.07557407407407397
0 0.9944010416666667 0.963398148148148 0.01015625 0.019259259259259427
0 0.9759296875 0.8114490740740741 0.04709895833333348 0.04756481481481471
0 0.9840729166666667 0.7449259259259259 0.030812499999999923 0.03590740740740738
0 0.9187317708333332 0.7006111111111112 0.03082812500000003 0.022814814814814698
0 0.8182994791666667 0.6651157407407408 0.04481770833333343 0.04086111111111121
0 0.7135 0.6429537037037037 0.043947916666666725 0.03714814814814805
0 0.8132838541666667 0.5954814814814815 0.03575520833333314 0.03687037037037031
0 0.7671953125 0.672 0.035484375000000054 0.036777777777777805
0 0.9078177083333333 0.6028981481481481 0.03405208333333339 0.020444444444444376
0 0.9721119791666666 0.5752824074074074 0.03520312500000008 0.026138888888888906
0 0.8937057291666667 0.7156944444444445 0.019588541666666733 0.025055555555555505
0 0.9008906250000001 0.6415 0.04104166666666676 0.04187037037037018
0 0.6436640625 0.5922777777777778 0.02889062500000013 0.03290740740740737
0 0.6734453125 0.5637222222222221 0.02832812500000017 0.027759259259259275
0 0.6094062499999999 0.6328194444444444 0.03442708333333329 0.02952777777777766
0 0.6202005208333332 0.5388379629629629 0.03199479166666682 0.02339814814814813
0 0.10975781250000001 0.7226805555555555 0.028890625000000014 0.02382407407407409
0 0.3076510416666667 0.5025648148148149 0.03603124999999992 0.029666666666666633
0 0.253109375 0.5845231481481481 0.024197916666666687 0.0275648148148148
0 0.36014583333333333 0.5716527777777778 0.0314791666666667 0.027861111111111034
0 0.31793750000000004 0.6219351851851852 0.03391666666666661 0.03257407407407392
0 0.41122656250000006 0.5737361111111111 0.03760937500000002 0.03115740740740749
0 0.5023125 0.5220787037037037 0.02268749999999997 0.026972222222222324
0 0.44512239583333335 0.6942083333333333 0.0437135416666667 0.04749074074074071
0 0.46053125 0.6264907407407406 0.024208333333333342 0.03505555555555567
0 0.4326484375 0.5336898148148148 0.03443229166666673 0.028490740740740723
0 0.7676536458333333 0.5338564814814816 0.025744791666666583 0.023990740740740608
0 0.01796875 0.7708333333333334 0.0359375 0.041666666666666664
0 0.08553645833333334 0.7087083333333333 0.030385416666666682 0.03619444444444458
0 0.2756067708333333 0.6019814814814815 0.02993229166666668 0.024333333333333308
0 0.35586979166666666 0.7386759259259259 0.016999999999999935 0.024833333333333273
0 0.35220833333333335 0.7768796296296296 0.020395833333333377 0.026481481481481398
0 0.47559114583333334 0.6060138888888889 0.018171874999999935 0.022212962962962973
0 0.6817473958333333 0.5248518518518518 0.02613020833333337 0.02792592592592579
0 0.8313854166666667 0.6481157407407406 0.02488541666666677 0.0348796296296297
0 0.6906640624999999 0.6901018518518518 0.029411458333333466 0.030851851851852
0 0.013283854166666666 0.6305648148148149 0.02640104166666667 0.03620370370370362
0 0.639859375 0.5657175925925926 0.023885416666666732 0.025694444444444443
0 0.1491875 0.5663425925925926 0.01853125000000002 0.016407407407407433
0 0.16688541666666665 0.5508564814814815 0.0207395833333333 0.01899074074074073
0 0.22209375 0.5492407407407408 0.03456250000000001 0.026814814814814847
0 0.22696354166666666 0.5696296296296297 0.023249999999999993 0.021222222222222288
0 0.19043229166666667 0.5391805555555556 0.023093750000000017 0.025694444444444443
0 0.29446614583333336 0.5721944444444444 0.048026041666666686 0.050277777777777734
0 0.4093671875 0.7427824074074074 0.032432291666666654 0.03217592592592593
0 0.24200520833333333 0.6368611111111111 0.017312500000000005 0.03133333333333347
0 0.07364322916666666 0.5901527777777777 0.034755208333333336 0.03352777777777781
0 0.12587760416666666 0.5238564814814816 0.026369791666666663 0.0327685185185184
0 0.32180729166666666 0.6465092592592593 0.027729166666666673 0.03290740740740737
0 0.2636588541666666 0.6686712962962963 0.03601562499999999 0.039787037037037065