0 0.09870052083333333 0.6819259259259259 0.03594270833333333 0.046074074074074066
0 0.12032552083333332 0.8999212962962962 0.042380208333333336 0.058638888888888824
0 0.1701484375 0.9515509259259259 0.049776041666666694 0.09200925925925915
0 0.23522395833333334 0.8292685185185186 0.05608333333333337 0.04598148148148156
0 0.2039375 0.7958472222222223 0.03734375000000002 0.05237962962962957
0 0.1224375 0.9675879629629629 0.04325000000000001 0.062250000000000014
0 0.1282890625 0.8546435185185185 0.05894270833333331 0.06404629629629637
0 0.39005208333333335 0.9735092592592591 0.05552083333333328 0.05112962962962976
0 0.5115911458333334 0.9146574074074074 0.037046875000000055 0.05020370370370373
0 0.2712265625 0.8712268518518518 0.04525520833333339 0.0577314814814814
0 0.2933541666666667 0.7858703703703703 0.04818749999999999 0.05474074074074064
0 0.36068489583333335 0.7457546296296296 0.04753645833333332 0.0459722222222223
0 0.4117864583333333 0.7170046296296296 0.05337500000000001 0.044435185185185196
0 0.3752864583333333 0.8810185185185185 0.034885416666666676 0.041981481481481404
0 0.5190364583333333 0.779925925925926 0.03944791666666679 0.05485185185185186
0 0.5600026041666666 0.7856574074074074 0.03885937499999983 0.0514629629629629
0 0.5002916666666667 0.7376157407407408 0.02893749999999997 0.03912037037037037
0 0.5068932291666667 0.6229629629629629 0.03767187499999996 0.03922222222222234
0 0.6002291666666667 0.9227407407407406 0.057697916666666536 0.08224074074074089
0 0.6494739583333333 0.9218518518518518 0.034041666666666734 0.05557407407407406
0 0.7691354166666666 0.9167407407407406 0.05203125000000005 0.07444444444444454
0 0.6963567708333334 0.9342962962962963 0.05019270833333327 0.04753703703703717
0 0.6850494791666667 0.8541944444444444 0.04304687499999981 0.04992592592592599
0 0.7318645833333334 0.8265972222222222 0.041114583333333364 0.07936111111111115
0 0.8338463541666667 0.9061111111111111 0.055317708333333354 0.06661111111111116
0 0.8844453125 0.9412222222222222 0.063921875 0.07792592592592579
0 0.9348984375 0.890361111111111 0.07030729166666655 0.07372222222222212
0 0.9821979166666668 0.9541296296296297 0.03456249999999983 0.05229629629629631
0 0.875796875 0.7473148148148149 0.05361458333333336 0.055740740740740785
0 0.7565234375000001 0.7206898148148149 0.04848437500000007 0.044101851851851955
0 0.8695937499999999 0.6590925925925926 0.043302083333333505 0.04933333333333352
0 0.8205651041666667 0.7541990740740742 0.046786458333333295 0.04549074074074084
0 0.9778802083333333 0.6716157407407408 0.03928125000000004 0.026120370370370405
0 0.9720963541666667 0.8088518518518518 0.02736979166666676 0.04025925925925928
0 0.9712395833333333 0.7233888888888889 0.04553125000000004 0.054944444444444365
0 0.6773463541666668 0.65575 0.029880208333333276 0.03609259259259261
0 0.7070286458333332 0.6202638888888888 0.032963541666666644 0.03380555555555555
0 0.6342630208333334 0.701537037037037 0.03893229166666667 0.036796296296296306
0 0.6460052083333333 0.5877129629629629 0.035927083333333346 0.03129629629629625
0 0.05521875 0.8189398148148147 0.033479166666666664 0.04125000000000017
0 0.2982708333333334 0.5389583333333334 0.04613541666666663 0.04032407407407424
0 0.22859114583333331 0.6442175925925926 0.030005208333333342 0.02962037037037038
0 0.35580208333333335 0.627787037037037 0.02919791666666664 0.027333333333333317
0 0.30362500000000003 0.6899814814814815 0.04529166666666669 0.04649999999999981
0 0.412 0.6301851851851851 0.04067708333333329 0.043388888888889005
0 0.5116953125 0.562638888888889 0.023286458333333353 0.028388888888888755
0 0.44896874999999997 0.784337962962963 0.044718750000000064 0.05678703703703697
0 0.4661901041666667 0.6992175925925925 0.025005208333333327 0.03647222222222211
0 0.43498177083333334 0.5836990740740741 0.04142187499999998 0.03299074074074084
0 0.8101588541666668 0.5846851851851852 0.02750520833333354 0.02768518518518527
0 0.029921874999999994 0.8005231481481482 0.05247916666666666 0.05336111111111121
0 0.25265364583333333 0.6656342592592592 0.04051562499999998 0.03625000000000008
0 0.34735677083333333 0.837324074074074 0.019453124999999953 0.030962962962963015
0 0.34299999999999997 0.8878981481481482 0.027583333333333352 0.034518518518518705
0 0.48422395833333337 0.6690277777777778 0.022947916666666637 0.028907407407407222
0 0.7148463541666668 0.5704351851851851 0.03179687500000009 0.03459259259259271
0 0.8921979166666667 0.7246203703703704 0.03543749999999998 0.0456296296296296
0 0.7317578124999999 0.7838333333333333 0.04523437500000019 0.048037037037037135
0 0.6684557291666666 0.6208703703703703 0.027651041666666744 0.029907407407407577
0 0.139421875 0.7220231481481483 0.02703124999999999 0.028157407407407273
0 0.11408333333333333 0.6202592592592593 0.023604166666666662 0.023481481481481388
0 0.1355859375 0.6029398148148147 0.027651041666666685 0.026787037037036887
0 0.19409635416666668 0.5989074074074073 0.034567708333333336 0.03353703703703685
0 0.19932031249999999 0.6221157407407407 0.028921874999999986 0.02910185185185191
0 0.1612265625 0.5871574074074074 0.02639062499999998 0.032407407407407406
0 0.2777005208333333 0.6226944444444444 0.04214062499999995 0.050277777777777734
0 0.408234375 0.8444027777777778 0.03242708333333345 0.03217592592592593
0 0.4956484375 0.531888888888889 0.041796875 0.0308333333333335
0 0.44534114583333334 0.5408703703703703 0.03318229166666668 0.026814814814814847
0 0.1467421875 0.5170046296296297 0.027494791666666647 0.02480555555555552
0 0.21703385416666665 0.4457453703703703 0.03593229166666667 0.02295370370370367
0 0.27169791666666665 0.42931018518518516 0.02371874999999998 0.029768518518518604
0 0.29325781250000005 0.5069583333333334 0.0327968749999999 0.029768518518518604
0 0.33878125000000003 0.6090601851851852 0.0358125 0.02830555555555571
0 0.3330286458333333 0.570837962962963 0.020234374999999954 0.031009259259259268
0 0.34932031249999995 0.5453518518518519 0.04011979166666677 0.02790740740740729
0 0.21360416666666668 0.704324074074074 0.03049999999999997 0.03449999999999999
0 0.2194453125 0.5031018518518519 0.02344270833333333 0.02381481481481484
0 0.24966927083333335 0.5317546296296296 0.018838541666666705 0.020842592592592583
0 0.25725000000000003 0.49848611111111113 0.02428125 0.021583333333333284
0 0.03069010416666667 0.6493194444444444 0.034755208333333336 0.03352777777777781
0 0.09222135416666667 0.568736111111111 0.028880208333333327 0.03365740740740732
0 0.30867968749999997 0.7286666666666667 0.032963541666666644 0.042703703703703605
0 0.24065104166666668 0.7466481481481482 0.04526041666666666 0.046074074074074066
0 0.31950781250000004 0.44123148148148145 0.025119791666666676 0.023074074074074143
0 0.3427864583333334 0.49816666666666665 0.02947916666666662 0.027648148148148265
0 0.3759348958333334 0.46906481481481477 0.028463541666666713 0.023074074074074035
0 0.41367447916666666 0.44907407407407407 0.02005729166666666 0.024185185185185188
0 0.40242968749999997 0.5011481481481481 0.022921874999999994 0.024185185185185084
0 0.42880989583333334 0.5055231481481481 0.02386979166666663 0.02843518518518522
0 0.45060677083333334 0.4977129629629629 0.02410937499999998 0.024611111111111045
0 0.45922135416666665 0.44648611111111114 0.01885937500000002 0.022490740740740707
0 0.47848697916666666 0.5043287037037036 0.01885937500000002 0.017824074074074076
0 0.49615624999999997 0.5104027777777778 0.02077083333333339 0.023342592592592627
0 0.47875 0.5892592592592594 0.020052083333333335 0.031407407407407474
0 0.5723567708333334 0.490412037037037 0.021484375 0.022916666666666665
0 0.5549375 0.5221064814814815 0.02364583333333338 0.019972222222222162
0 0.5793333333333333 0.592962962962963 0.03099999999999999 0.024166666666666583
0 0.6150885416666666 0.5459722222222223 0.03270833333333343 0.03438888888888877
0 0.5236302083333333 0.4359212962962963 0.014802083333333372 0.023342592592592627
0 0.5526874999999999 0.4522962962962963 0.02053125000000004 0.02079629629629633
0 0.5759140625000001 0.45505092592592594 0.019817708333333427 0.021212962962963038
0 0.6270208333333334 0.5075277777777778 0.028291666666666514 0.033370370370370335
0 0.6502213541666666 0.49859722222222225 0.02908854166666662 0.029138888888888916
0 0.6753411458333333 0.46522685185185186 0.02855729166666663 0.037601851851851865
0 0.7337734375 0.5474861111111111 0.020359375000000075 0.03289814814814812
0 0.7535364583333333 0.5917870370370371 0.028291666666666514 0.03996296296296304
0 0.7690130208333333 0.5664583333333333 0.035713541666666515 0.038416666666666675
0 0.7603255208333334 0.6769074074074074 0.03913020833333339 0.039018518518518404
0 0.801703125 0.6982175925925926 0.03887499999999993 0.03243518518518537
0 0.8122083333333333 0.5369537037037038 0.027500000000000094 0.02585185185185192
0 0.7968723958333332 0.5508009259259259 0.026171875 0.03341666666666659
0 0.8423489583333333 0.5795555555555556 0.02637500000000017 0.019333333333333435
0 0.8482213541666667 0.6011203703703704 0.02300520833333337 0.0235000000000001
0 0.844796875 0.5102083333333334 0.025302083333333295 0.019546296296296416
0 0.8843515624999999 0.5076064814814814 0.034921875000000095 0.0239351851851851
0 0.9459453124999999 0.5176620370370371 0.03892187500000001 0.030972222222222054
0 0.9012369791666667 0.5622916666666666 0.04410937500000003 0.029138888888888916
0 0.9402890625 0.5594212962962962 0.029880208333333276 0.026324074074073923
0 0.731671875 0.45807870370370374 0.020333333333333314 0.02197222222222224
0 0.7716848958333333 0.5047453703703704 0.030067708333333342 0.02962037037037038
0 0.7950182291666666 0.47424537037037034 0.02645312499999998 0.020953703703703752