0 0.3042473958333333 0.7139444444444444 0.04084895833333325 0.030962962962963015
0 0.34450520833333337 0.6754074074074075 0.037635416666666664 0.03194444444444444
0 0.3323151041666667 0.6187083333333333 0.03276562499999992 0.033879629629629766
0 0.2561145833333333 0.7392083333333334 0.02762499999999998 0.03591666666666663
0 0.2377578125 0.7599351851851852 0.020640625 0.021814814814814763
0 0.26705989583333334 0.8945324074074075 0.06075520833333338 0.0680462962962963
0 0.34870833333333334 0.8247268518518518 0.024697916666666705 0.048731481481481584
0 0.34704166666666664 0.9193240740740741 0.04063541666666666 0.07477777777777776
0 0.31923958333333335 0.7597638888888889 0.03862499999999992 0.042175925925926096
0 0.36023958333333334 0.7202592592592593 0.036583333333333336 0.04216666666666663
0 0.3911822916666667 0.6827777777777777 0.044395833333333336 0.046740740740740756
0 0.3884921875 0.7309675925925926 0.022442708333333408 0.03784259259259249
0 0.4019192708333333 0.7550694444444443 0.03444270833333339 0.03302777777777784
0 0.42387499999999995 0.8194861111111111 0.03831249999999997 0.04610185185185182
0 0.40534635416666664 0.865875 0.07313020833333338 0.07593518518518518
0 0.024010416666666666 0.8168194444444444 0.04373958333333334 0.06086111111111113
0 0.02948177083333333 0.8735972222222222 0.04953645833333333 0.07800925925925926
0 0.04448697916666666 0.974587962962963 0.04596354166666667 0.042398148148148115
0 0.13917447916666664 0.977800925925926 0.034036458333333346 0.04254629629629613
0 0.157171875 0.9256712962962963 0.04509374999999996 0.06847222222222227
0 0.10329947916666665 0.8899629629629631 0.05969270833333334 0.058944444444444306
0 0.10374739583333333 0.7421064814814815 0.055213541666666664 0.05212037037037034
0 0.17515364583333334 0.684111111111111 0.043296875 0.043629629629629525
0 0.19007291666666667 0.8017546296296296 0.05581249999999998 0.04454629629629642
0 0.06834895833333335 0.5873055555555555 0.04496875000000001 0.0448148148148149
0 0.04842708333333333 0.6344861111111111 0.03189583333333333 0.025990740740740682
0 0.10184114583333333 0.674 0.03425520833333332 0.04312962962962956
0 0.09453645833333332 0.6410277777777778 0.042729166666666644 0.036333333333333134
0 0.10444270833333333 0.5944166666666667 0.030520833333333344 0.03127777777777775
0 0.13340625 0.6144027777777779 0.03178124999999999 0.028731481481481667
0 0.12284635416666667 0.5665138888888889 0.031776041666666664 0.03160185185185195
0 0.11469270833333332 0.5373194444444445 0.03231249999999998 0.029694444444444596
0 0.10064322916666667 0.48901388888888886 0.036265624999999996 0.03350925925925931
0 0.1611640625 0.5241157407407409 0.038953124999999984 0.030009259259259125
0 0.15470572916666664 0.48900462962962965 0.037880208333333346 0.035787037037037124
0 0.16851822916666667 0.4577222222222222 0.02421354166666667 0.024888888888888884
0 0.17976041666666667 0.4728703703703704 0.02659374999999997 0.021999999999999992
0 0.20075520833333332 0.5761342592592592 0.03411458333333333 0.030009259259259125
0 0.22157812500000001 0.5413425925925927 0.030520833333333344 0.02553703703703697
0 0.24680729166666668 0.5687916666666667 0.03213541666666669 0.030638888888889024
0 0.25380729166666666 0.5956018518518519 0.041114583333333364 0.03446296296296299
0 0.2993046875 0.5663935185185186 0.03659895833333333 0.02778703703703703
0 0.35039322916666665 0.5097499999999999 0.031776041666666664 0.022981481481481634
0 0.36215625 0.5498055555555555 0.028364583333333353 0.023296296296296162
0 0.38379687500000004 0.5796481481481481 0.03431250000000006 0.04148148148148144
0 0.39222656250000004 0.6281574074074073 0.03465104166666677 0.03446296296296299
0 0.226546875 0.48672222222222217 0.02297916666666661 0.030000000000000086
0 0.2556276041666667 0.4257546296296296 0.02872395833333332 0.022342592592592588
0 0.276625 0.4903888888888889 0.03915625000000003 0.02522222222222223
0 0.3013125 0.4677268518518518 0.022781250000000006 0.022027777777777743
0 0.5298463541666667 0.902912037037037 0.05041145833333331 0.07084259259259258
0 0.49063541666666666 0.8534444444444444 0.03841666666666666 0.045333333333333364
0 0.545671875 0.8181574074074074 0.026052083333333323 0.043685185185185244
0 0.531109375 0.7232083333333333 0.042166666666666686 0.05486111111111111
0 0.5676458333333334 0.7005694444444445 0.04449999999999979 0.05426851851851864
0 0.4401328125 0.6501342592592593 0.037880208333333346 0.037027777777777784
0 0.4409583333333334 0.6013657407407408 0.03572916666666662 0.036379629629629595
0 0.4205911458333333 0.5389675925925926 0.028921874999999986 0.020749999999999866
0 0.4813619791666667 0.5757361111111112 0.025151041666666648 0.030953703703703553
0 0.503390625 0.5953333333333334 0.0339479166666667 0.029685185185185134
0 0.41884895833333335 0.5134351851851852 0.0366458333333334 0.021388888888888805
0 0.4729427083333333 0.5116481481481481 0.025656249999999995 0.029685185185185134
0 0.5375651041666667 0.47759259259259257 0.01974479166666659 0.017870370370370488
0 0.5607005208333333 0.5096944444444444 0.021390624999999847 0.019148148148147998
0 0.5689375 0.4865555555555556 0.019010416666666665 0.01627777777777771
0 0.5573671875 0.5940231481481482 0.02279687499999999 0.028083333333333266
0 0.5354921874999999 0.657125 0.02889062500000013 0.0452499999999999
0 0.5711354166666667 0.6488148148148148 0.035312500000000094 0.04646296296296281
0 0.6059765625 0.6078240740740741 0.02820312499999981 0.03587037037037038
0 0.6081276041666667 0.6962361111111111 0.03622395833333343 0.030972222222222054
0 0.6096197916666667 0.5121342592592593 0.033937499999999926 0.02769444444444431
0 0.6003281250000001 0.45069444444444445 0.027281250000000055 0.02262962962962968
0 0.6541692708333334 0.5631157407407407 0.02994270833333322 0.03182407407407397
0 0.6222291666666666 0.48218055555555556 0.023614583333333408 0.022009259259259242
0 0.6416067708333333 0.4666898148148148 0.02797395833333335 0.022009259259259242
0 0.6489427083333333 0.4917638888888889 0.02613541666666658 0.023231481481481617
0 0.6429791666666667 0.9505509259259259 0.018802083333333285 0.02282407407407416
0 0.6390833333333333 0.8129768518518519 0.04333333333333324 0.048101851851851896
0 0.7421588541666666 0.8093101851851853 0.035786458333333354 0.053805555555555676
0 0.7209947916666667 0.8163518518518519 0.020291666666666687 0.02631481481481488
0 0.7392239583333333 0.8726898148148148 0.03358333333333334 0.04850925925925935
0 0.7547604166666667 0.9419907407407406 0.05365624999999999 0.06848148148148152
0 0.6742916666666666 0.7065740740740741 0.03235416666666661 0.030555555555555555
0 0.714984375 0.716574074074074 0.04357291666666659 0.046481481481481526
0 0.747421875 0.7236851851851851 0.02269791666666663 0.03712962962962955
0 0.7245026041666667 0.6865972222222222 0.032348958333333164 0.03217592592592593
0 0.6990416666666666 0.6955972222222222 0.02454166666666661 0.029712962962962886
0 0.6886197916666668 0.5975462962962963 0.02890625 0.03261111111111114
0 0.649859375 0.6436064814814815 0.025677083333333427 0.03913888888888887
0 0.7586692708333334 0.6170972222222222 0.029140624999999906 0.026064814814814898
0 0.7702369791666667 0.7029166666666667 0.023848958333333316 0.03464814814814821
0 0.7727630208333333 0.5633055555555556 0.026598958333333183 0.03424074074074076
0 0.6934192708333333 0.5698611111111112 0.019244791666666573 0.024537037037037038
0 0.742953125 0.5728796296296297 0.018802083333333285 0.021611111111111247
0 0.7528125 0.5942824074074075 0.02201041666666678 0.020379629629629623
0 0.7195651041666667 0.5518888888888889 0.026598958333333183 0.023648148148148116
0 0.7008854166666666 0.5245925925925925 0.012624999999999886 0.01714814814814813
0 0.7317187500000001 0.5274305555555555 0.018343750000000134 0.022009259259259242
0 0.8363125 0.9305694444444446 0.06668749999999998 0.07428703703703705
0 0.8635729166666667 0.8301574074074074 0.06545833333333348 0.07342592592592609
0 0.8166536458333333 0.7529814814814815 0.04825520833333315 0.04292592592592604
0 0.80621875 0.8387638888888889 0.02440624999999983 0.046416666666666766
0 0.9053567708333332 0.9113472222222221 0.060432291666666534 0.07563888888888894
0 0.9252604166666667 0.9013425925925926 0.06343750000000009 0.09027777777777778
0 0.9623385416666667 0.8735046296296296 0.04304166666666684 0.06015740740740743
0 0.9613463541666666 0.8206620370370371 0.04355729166666673 0.05700925925925941
0 0.8456458333333333 0.7359398148148149 0.03508333333333316 0.03450925925925924
0 0.9042395833333333 0.791449074074074 0.047770833333333464 0.043787037037037006
0 0.9732864583333334 0.7412453703703703 0.03956250000000002 0.03008333333333334
0 0.9775130208333334 0.7730694444444444 0.029109374999999934 0.02304629629629618
0 0.9562291666666667 0.6890694444444445 0.039333333333333324 0.03887962962962964
0 0.8904270833333333 0.646361111111111 0.046020833333333164 0.04820370370370365
0 0.8716458333333333 0.6755648148148148 0.018906250000000093 0.01990740740740741
0 0.7862343749999999 0.5781990740740741 0.017416666666666695 0.014601851851851835
0 0.7991640624999999 0.680398148148148 0.022140625000000115 0.023444444444444597
0 0.7864895833333333 0.5957222222222223 0.02911458333333338 0.02388888888888885
0 0.7888749999999999 0.6187916666666667 0.025624999999999905 0.028787037037037173
0 0.8509973958333333 0.5076990740740741 0.02960937499999995 0.028750000000000168
0 0.8502447916666667 0.5337962962962963 0.02713541666666662 0.020351851851851867
0 0.8212630208333334 0.5561342592592593 0.020901041666666724 0.023009259259259174
0 0.8481328124999999 0.5842222222222223 0.020901041666666724 0.01990740740740741
0 0.8937916666666667 0.5413148148148148 0.0365729166666668 0.026981481481481575
0 0.8889401041666666 0.5775833333333333 0.018161458333333276 0.023000000000000135
0 0.8730156250000001 0.575375 0.012937500000000076 0.02123148148148133
0 0.8904270833333333 0.5983657407407408 0.022875000000000038 0.022175925925925967
0 0.7843151041666666 0.5402129629629631 0.029859374999999962 0.031407407407407474
0 0.7302552083333335 0.4832638888888888 0.023270833333333484 0.025342592592592545
0 0.7570572916666668 0.493375 0.023010416666666818 0.021620370370370286
0 0.7638567708333334 0.518712962962963 0.025494791666666572 0.018592592592592525