0 0.7316067708333333 0.7372824074074074 0.04616145833333339 0.04626851851851854
0 0.050356770833333335 0.5356481481481481 0.027473958333333333 0.026222222222222164
0 0.011458333333333333 0.5407407407407407 0.022916666666666665 0.02962962962962963
0 0.016520833333333332 0.618675925925926 0.03210416666666667 0.017481481481481584
0 0.09822135416666668 0.6538981481481482 0.04453645833333333 0.03650000000000007
0 0.13061197916666667 0.4975972222222222 0.01793229166666667 0.01593518518518522
0 0.17037760416666667 0.5960555555555556 0.025161458333333307 0.027759259259259275
0 0.13364843750000002 0.6811435185185185 0.021109374999999986 0.02930555555555564
0 0.14434895833333333 0.7287037037037037 0.035572916666666655 0.039074074074074115
0 0.21035677083333332 0.6169027777777778 0.023380208333333326 0.04395370370370373
0 0.04508072916666667 0.7279768518518519 0.029026041666666672 0.04395370370370373
0 0.09869270833333334 0.7064861111111111 0.04165625000000001 0.03917592592592588
0 0.26512760416666664 0.6705046296296296 0.03579687500000001 0.03669444444444454
0 0.23981510416666665 0.5627222222222222 0.028380208333333337 0.029814814814814856
0 0.21707812499999998 0.5466712962962963 0.032572916666666646 0.029805555555555606
0 0.169671875 0.6693611111111112 0.032572916666666646 0.03211111111111096
0 0.15886979166666665 0.6507314814814814 0.022572916666666623 0.013185185185185194
0 0.17821874999999998 0.6229212962962963 0.016770833333333356 0.024083333333333325
0 0.1749921875 0.5724675925925926 0.025796874999999986 0.019490740740740697
0 0.22691406249999999 0.6624814814814814 0.03870312499999997 0.036685185185185085
0 0.1956328125 0.7135046296296297 0.04772395833333333 0.04356481481481499
0 0.15209635416666664 0.7587962962962963 0.041276041666666666 0.04472222222222218
0 0.03906510416666666 0.7911898148148148 0.05578645833333334 0.051027777777777894
0 0.013802083333333333 0.7532407407407408 0.027604166666666666 0.027777777777777776
0 0.03374479166666666 0.9144537037037036 0.04966666666666667 0.06937037037037044
0 0.111140625 0.8731712962962963 0.05288541666666668 0.06019444444444444
0 0.10969010416666668 0.7943425925925927 0.047401041666666664 0.05962962962962971
0 0.16547916666666668 0.8685833333333333 0.038375000000000034 0.040703703703703735
0 0.1824088541666667 0.9210416666666666 0.041921875000000004 0.052750000000000026
0 0.056479166666666664 0.9712361111111111 0.07707291666666667 0.055675925925926024
0 0.1554817708333333 0.9798055555555556 0.017734374999999976 0.037259259259259055
0 0.21465885416666666 0.9712361111111111 0.04385937500000002 0.055675925925926024
0 0.2509401041666666 0.9508564814814814 0.033859375 0.04815740740740761
0 0.29060416666666666 0.978689814814815 0.052562500000000005 0.04076851851851828
0 0.3799322916666667 0.9577361111111111 0.04869791666666667 0.06421296296296287
0 0.37009895833333334 0.9049907407407408 0.029666666666666685 0.038981481481481395
0 0.2038567708333333 0.7983564814814815 0.03321354166666666 0.04586111111111109
0 0.25658333333333333 0.8347592592592592 0.038052083333333306 0.03268518518518535
0 0.28222135416666666 0.8012222222222222 0.04095312499999994 0.04587037037037034
0 0.28931510416666667 0.755361111111111 0.03192187499999998 0.04127777777777771
0 0.2665807291666667 0.7092037037037038 0.036119791666666616 0.040703703703703735
0 0.31704947916666665 0.7593703703703704 0.024828125000000038 0.038981481481481395
0 0.3181796875 0.6650601851851852 0.027734375 0.03382407407407405
0 0.36654947916666664 0.7731296296296296 0.027088541666666664 0.026370370370370388
0 0.3705807291666667 0.8599861111111112 0.04547395833333331 0.047583333333333214
0 0.39541406250000005 0.8528194444444445 0.02031770833333333 0.02865740740740724
0 0.40847395833333333 0.7808703703703703 0.018062500000000033 0.024648148148148048
0 0.4087942708333333 0.7473287037037037 0.036119791666666616 0.03554629629629618
0 0.39686197916666666 0.7129305555555555 0.04321354166666668 0.03439814814814823
0 0.3309166666666667 0.6378287037037037 0.029343749999999957 0.02637962962962964
0 0.34268750000000003 0.6206296296296296 0.03160416666666658 0.024074074074074074
0 0.3803489583333333 0.6330740740740741 0.017729166666666647 0.019351851851851936
0 0.3812057291666667 0.6703981481481481 0.020994791666666637 0.018796296296296255
0 0.42296354166666666 0.5881481481481482 0.019906250000000014 0.024611111111111045
0 0.2680651041666667 0.5755648148148147 0.024880208333333324 0.032074074074073956
0 0.27529687499999994 0.5354768518518519 0.029395833333333333 0.025990740740740894
0 0.3208645833333333 0.51875 0.02908333333333341 0.030685185185185277
0 0.3526666666666667 0.5036805555555555 0.03296874999999998 0.03317592592592586
0 0.32786197916666665 0.583861111111111 0.023484374999999957 0.02101851851851835
0 0.42817187500000004 0.5295324074074074 0.021614583333333333 0.0268240740740741
0 0.451734375 0.5306388888888889 0.019906250000000014 0.026814814814814847
0 0.41627604166666665 0.5075509259259259 0.017104166666666625 0.018805555555555506
0 0.42568229166666666 0.4492129629629629 0.01975000000000004 0.015481481481481508
0 0.473046875 0.9304583333333333 0.045229166666666626 0.04515740740740739
0 0.4732421875 0.875736111111111 0.04743229166666663 0.04723148148148147
0 0.48354427083333335 0.8225185185185184 0.03149479166666668 0.042629629629629594
0 0.46643749999999995 0.7638842592592593 0.03486458333333336 0.049305555555555554
0 0.49163281249999996 0.665888888888889 0.020713541666666658 0.01625925925925921
0 0.47474479166666667 0.591574074074074 0.027249999999999965 0.03814814814814819
0 0.5056302083333333 0.5862638888888888 0.0225833333333334 0.026879629629629604
0 0.5440755208333333 0.6371898148148147 0.038630208333333374 0.033842592592592764
0 0.5445416666666667 0.6866296296296296 0.02053125000000004 0.03185185185185194
0 0.5778515624999999 0.6647314814814815 0.021088541666666554 0.027203703703703806
0 0.5969817708333333 0.7868240740740741 0.03919270833333333 0.02522222222222223
0 0.5218671874999999 0.8409027777777778 0.0412447916666667 0.059712962962962975
0 0.5271848958333333 0.8895092592592593 0.03322395833333332 0.056074074074074026
0 0.5465 0.8755740740740741 0.029302083333333447 0.06668518518518517
0 0.5848515625 0.8855277777777778 0.029859374999999962 0.062037037037037036
0 0.5813984375 0.9772222222222223 0.018473958333333467 0.043703703703703536
0 0.6495234375 0.9251666666666666 0.03043229166666682 0.06966666666666667
0 0.649515625 0.9739444444444444 0.03079166666666661 0.03981481481481482
0 0.6750468749999999 0.8714537037037038 0.037531249999999974 0.044629629629629464
0 0.6888619791666667 0.8232083333333334 0.02790104166666675 0.03393518518518527
0 0.6400807291666666 0.7887314814814814 0.0338385416666668 0.03761111111111101
0 0.684765625 0.7614444444444445 0.036270833333333266 0.04544444444444438
0 0.6847682291666667 0.6981620370370372 0.030328124999999772 0.0385648148148149
0 0.6510182291666666 0.6961712962962963 0.03680729166666671 0.04000925925925929
0 0.6414765625 0.6647222222222222 0.021151041666666735 0.020314814814814865
0 0.6197864583333333 0.6317731481481482 0.03357291666666669 0.031509259259259445
0 0.5794895833333332 0.5857129629629629 0.030958333333333126 0.030962962962963015
0 0.5355286458333334 0.596212962962963 0.02861979166666663 0.020481481481481382
0 0.5341953125 0.5601342592592592 0.023130208333333256 0.024638888888889005
0 0.5624557291666666 0.5462129629629631 0.02186979166666655 0.028796296296296212
0 0.62590625 0.5807731481481481 0.03518749999999997 0.027194444444444344
0 0.6507473958333333 0.5902916666666667 0.027994791666666668 0.02736111111111107
0 0.6463359375000001 0.6170138888888889 0.01610937500000015 0.024157407407407332
0 0.6649661458333334 0.624611111111111 0.0200677083333332 0.029444444444444613
0 0.7107760416666667 0.6316527777777777 0.03644791666666668 0.03584259259259263
0 0.6837317708333333 0.569574074074074 0.03131770833333339 0.0345555555555555
0 0.7070416666666667 0.5962916666666667 0.027541666666666725 0.02080555555555558
0 0.7253567708333333 0.5702916666666666 0.029786458333333363 0.03184259259259248
0 0.7384244791666668 0.6567361111111111 0.027807291666666838 0.02919444444444442
0 0.7638046875000001 0.669175925925926 0.020713541666666894 0.02488888888888899
0 0.8004791666666667 0.660050925925926 0.042177083333333344 0.04047222222222226
0 0.7815338541666667 0.6137685185185185 0.01660937500000017 0.023555555555555607
0 0.7671640624999999 0.5858981481481481 0.03601562499999981 0.026870370370370354
0 0.8272578125 0.6333425925925926 0.025192708333333275 0.028870370370370428
0 0.7917994791666667 0.5732916666666666 0.02033854166666676 0.0208981481481483
0 0.7794843750000001 0.5210416666666667 0.022208333333333503 0.029861111111111113
0 0.7377708333333334 0.5260185185185186 0.025010416666666656 0.01592592592592597
0 0.6666666666666666 0.503287037037037 0.02277083333333323 0.028203703703703738
0 0.5871666666666667 0.4925046296296296 0.031729166666666704 0.022564814814814715
0 0.6709583333333333 0.46164814814814814 0.02687499999999995 0.02653703703703701
0 0.6275703125 0.51075 0.021463541666666686 0.031185185185185243
0 0.7394505208333333 0.46679166666666666 0.02276562500000002 0.01691666666666665
0 0.7910520833333334 0.451037037037037 0.019968750000000077 0.01592592592592597
0 0.8672916666666667 0.6472361111111111 0.024447916666666694 0.023879629629629594
0 0.8397630208333333 0.5978472222222222 0.03191145833333332 0.02952777777777766
0 0.82240625 0.5689814814814815 0.01548958333333322 0.02090740740740734
0 0.7421354166666667 0.8742546296296295 0.0575104166666667 0.06165740740740754
0 0.7622916666666666 0.8150277777777778 0.04407291666666661 0.05016666666666673
0 0.7872812499999999 0.7801527777777778 0.05320833333333326 0.052083333333333336
0 0.7983020833333333 0.8802407407407407 0.04299999999999997 0.07357407407407411
0 0.8422395833333333 0.9234814814814815 0.027677083333333505 0.05016666666666673
0 0.8023307291666666 0.8319907407407408 0.042463541666666535 0.06114814814814811
0 0.8142890625 0.7323796296296297 0.027682291666666713 0.03105555555555552
0 0.8442552083333332 0.7598472222222222 0.046760416666666534 0.04204629629629637
0 0.8482838541666666 0.8095324074074074 0.024723958333333466 0.02962037037037038
0 0.8906119791666666 0.9189444444444445 0.02606770833333343 0.0353518518518517
0 0.9246067708333333 0.803324074074074 0.041921874999999886 0.05827777777777783
0 0.8763697916666667 0.833662037037037 0.02821875000000015 0.03391666666666677
0 0.9268932291666666 0.9776388888888888 0.0475677083333333 0.04287037037037054
0 0.9454348958333334 0.9301666666666667 0.056161458333333296 0.08074074074074078
0 0.9859609375 0.8948148148148148 0.027036458333333256 0.03009259259259259
0 0.973734375 0.8346157407407407 0.051489583333333165 0.053027777777777764
0 0.8590364583333333 0.662625 0.021499999999999866 0.020546296296296347
0 0.9376432291666668 0.7545925925925926 0.03950520833333352 0.03918518518518534
0 0.49482812499999995 0.7145416666666667 0.013791666666666676 0.024509259259259286
0 0.8896848958333333 0.6524305555555555 0.02875520833333335 0.028861111111111178
0 0.8650182291666667 0.624087962962963 0.02614062500000003 0.017361111111111112
0 0.8730651041666666 0.5882592592592593 0.021046874999999923 0.021518518518518527
0 0.9205963541666667 0.6435277777777778 0.024765625000000093 0.030814814814814788
0 0.9117213541666668 0.5875231481481482 0.03150520833333322 0.023472222222222137
0 0.9230208333333333 0.6961666666666667 0.038979166666666745 0.04300000000000005
0 0.9352890625000001 0.6815925925925926 0.027286458333333503 0.03301851851851859
0 0.9505364583333333 0.6359444444444444 0.027281250000000055 0.02812962962962973
0 0.9763255208333333 0.6756851851851852 0.04630729166666659 0.047277777777777724
0 0.9525416666666667 0.5819351851851852 0.027166666666666592 0.0264999999999999
0 0.8874583333333333 0.5152777777777777 0.02063541666666661 0.01877777777777775
0 0.7151953125000001 0.531125 0.018484374999999886 0.021712962962963007
0 0.7331067708333333 0.48989351851851853 0.025588541666666725 0.033749999999999884
0 0.5378776041666666 0.45969444444444446 0.026411458333333353 0.024944444444444495
0 0.5624947916666667 0.44440277777777776 0.020468750000000095 0.021416666666666664
0 0.5095026041666667 0.48768981481481477 0.030703125000000022 0.02465740740740751
0 0.5194088541666667 0.4276759259259259 0.01122395833333331 0.013203703703703695
0 0.11174479166666668 0.5642083333333333 0.01952083333333334 0.019972222222222374
0 0.26933854166666665 0.41197222222222224 0.028354166666666694 0.016629629629629664
0 0.22324739583333333 0.4674907407407407 0.02421354166666667 0.013203703703703695
0 0.30200520833333333 0.4462129629629629 0.016916666666666677 0.0117407407407408
0 0.28253906249999994 0.4897453703703703 0.015953125000000058 0.013212962962962945
0 0.356 0.4566064814814815 0.022562499999999968 0.014916666666666679
0 0.43042447916666665 0.4186990740740741 0.021182291666666703 0.016879629629629647
0 0.3833072916666667 0.5303425925925925 0.018572916666666592 0.031796296296296434
0 0.3944765625 0.4950324074074074 0.015703125000000047 0.024046296296296323
0 0.3707552083333333 0.431037037037037 0.022343750000000048 0.016499999999999942
0 0.638390625 0.42422222222222217 0.02201041666666678 0.019148148148148206
0 0.07215104166666667 0.4791018518518519 0.02453125000000001 0.014203703703703786
0 0.019010416666666665 0.6731481481481482 0.03802083333333333 0.037037037037037035
0 0.027070312499999995 0.645962962962963 0.028921875 0.018999999999999982
0 0.04291666666666667 0.6840092592592593 0.02614583333333333 0.01972222222222218
0 0.045557291666666666 0.5944027777777778 0.020239583333333342 0.02013888888888889
0 0.09508333333333334 0.5539166666666667 0.023374999999999996 0.022277777777777726
0 0.22396875 0.7541342592592593 0.035947916666666656 0.03891666666666664
0 0.24485677083333332 0.47992592592592587 0.027515625000000023 0.01677777777777773
0 0.31454687500000006 0.5632962962962962 0.014260416666666723 0.019999999999999917
0 0.31103125000000004 0.5841851851851853 0.012854166666666582 0.017500000000000085
0 0.6802447916666666 0.9325092592592593 0.02660416666666663 0.0286666666666667
0 0.8855390625 0.7249305555555555 0.026015624999999907 0.037120370370370505
0 0.4053958333333333 0.4703194444444445 0.018177083333333382 0.022212962962962973
0 0.5666067708333333 0.5225 0.018098958333333335 0.022796296296296197
0 0.2177526041666667 0.5045092592592593 0.014463541666666658 0.01659259259259266
0 0.284375 0.5066018518518518 0.02637500000000005 0.027537037037037044
0 0.24104947916666666 0.5185046296296296 0.03432812499999998 0.03349074074074081