0 0.2937838541666667 0.7220046296296296 0.04084895833333325 0.03095370370370376
0 0.3349739583333333 0.6813981481481481 0.037635416666666664 0.03194444444444444
0 0.3213776041666667 0.6232962962962962 0.03427604166666664 0.03470370370370372
0 0.24545052083333332 0.743675925925926 0.02763020833333331 0.03740740740740749
0 0.2254140625 0.7655138888888889 0.020640625 0.021824074074074017
0 0.25705989583333333 0.9067268518518519 0.06242187500000001 0.07087962962962958
0 0.3396640625 0.8337129629629629 0.02477604166666675 0.049351851851851807
0 0.33471093749999997 0.932212962962963 0.040744791666666676 0.0786851851851852
0 0.3077890625 0.7663564814814815 0.038630208333333374 0.042175925925926096
0 0.3497578125 0.7248472222222223 0.03657812500000001 0.042175925925926096
0 0.38271354166666666 0.6870787037037037 0.048093750000000074 0.04675000000000001
0 0.3817838541666667 0.743125 0.022442708333333408 0.03784259259259249
0 0.39560156250000006 0.7690555555555555 0.03444270833333339 0.033018518518518385
0 0.4170390625 0.8339351851851852 0.038307291666666646 0.04609259259259257
0 0.39876822916666665 0.8851296296296297 0.07313020833333338 0.08051851851851856
0 0.012760416666666666 0.8212962962962963 0.025520833333333333 0.04537037037037037
0 0.017447916666666667 0.8773148148148148 0.034895833333333334 0.07777777777777778
0 0.032841145833333335 0.9806111111111111 0.04596354166666667 0.03692592592592603
0 0.13122395833333333 0.9808842592592593 0.027760416666666673 0.036379629629629595
0 0.13884635416666666 0.93775 0.04509895833333335 0.06848148148148152
0 0.084265625 0.900587962962963 0.06461458333333334 0.06371296296296292
0 0.08941927083333333 0.7484999999999999 0.055213541666666664 0.05472222222222214
0 0.16302864583333332 0.6893657407407408 0.044192708333333344 0.04719444444444447
0 0.17510416666666667 0.8106481481481481 0.05581249999999998 0.04455555555555545
0 0.05668229166666667 0.5917962962962964 0.04496875 0.0448148148148149
0 0.03680208333333333 0.6417361111111112 0.03189583333333334 0.025990740740740894
0 0.08877864583333332 0.6814583333333334 0.03448437500000002 0.04356481481481477
0 0.08239843749999999 0.6477638888888889 0.042734374999999984 0.03634259259259259
0 0.09253385416666668 0.5990462962962964 0.030515625000000015 0.03127777777777775
0 0.12382552083333334 0.6196018518518518 0.031776041666666664 0.028722222222222205
0 0.11194010416666668 0.5704861111111111 0.031776041666666664 0.03160185185185195
0 0.10236979166666667 0.5391990740740741 0.03231249999999998 0.029694444444444596
0 0.0907734375 0.4897361111111111 0.036265624999999996 0.03350925925925931
0 0.1506640625 0.5252314814814815 0.038953125 0.030018518518518587
0 0.14586979166666666 0.49027777777777776 0.040135416666666694 0.03611111111111111
0 0.15864583333333335 0.4584490740740741 0.025833333333333285 0.025046296296296254
0 0.17127864583333335 0.47351388888888885 0.026859374999999967 0.024231481481481548
0 0.19061197916666667 0.5793240740740742 0.034109375000000004 0.030000000000000086
0 0.21296354166666667 0.5450138888888889 0.030520833333333344 0.02552777777777772
0 0.23603124999999997 0.569587962962963 0.03213541666666669 0.030638888888889024
0 0.24456770833333333 0.5992824074074073 0.04022916666666667 0.03926851851851838
0 0.29041927083333335 0.569513888888889 0.03659895833333333 0.03050925925925909
0 0.34177864583333334 0.5103888888888889 0.031776041666666664 0.022981481481481634
0 0.35524218750000003 0.5536342592592592 0.028369791666666564 0.023305555555555624
0 0.3751328125 0.5833935185185186 0.036015625000000044 0.04193518518518515
0 0.38315364583333333 0.6315972222222223 0.036098958333333306 0.03719444444444451
0 0.21649479166666666 0.4867268518518518 0.023531250000000035 0.03349074074074081
0 0.2484947916666667 0.4243287037037037 0.029354166666666674 0.02360185185185186
0 0.26791666666666664 0.4902268518518518 0.03915625000000003 0.02521296296296298
0 0.29484895833333336 0.4683657407407408 0.022781250000000006 0.022027777777777743
0 0.5218567708333333 0.9196666666666666 0.05041145833333331 0.07085185185185183
0 0.482375 0.8668518518518519 0.03841666666666666 0.045333333333333364
0 0.5384895833333334 0.8309212962962963 0.026052083333333323 0.043694444444444494
0 0.5229010416666667 0.7323055555555555 0.04478125000000001 0.05583333333333329
0 0.5605989583333333 0.7067083333333333 0.04692708333333352 0.054750000000000104
0 0.4339765625 0.6566759259259259 0.037880208333333346 0.037018518518518534
0 0.43486197916666663 0.6048749999999999 0.03513020833333324 0.039064814814814865
0 0.41480989583333333 0.5411712962962962 0.028921875000000104 0.020749999999999866
0 0.47658854166666664 0.5806111111111111 0.025906250000000006 0.031648148148147995
0 0.49974739583333333 0.6005648148148148 0.03395312500000003 0.029685185185185134
0 0.4141640625 0.515125 0.036640624999999954 0.021379629629629766
0 0.4676458333333333 0.5134351851851852 0.025656249999999995 0.029685185185185134
0 0.533921875 0.4779074074074074 0.01975000000000004 0.017870370370370328
0 0.556859375 0.5111666666666667 0.021177083333333256 0.019148148148147998
0 0.5660130208333333 0.48703703703703705 0.019015625000000112 0.01627777777777771
0 0.5532552083333333 0.5983009259259259 0.022802083333333438 0.028083333333333266
0 0.5311614583333333 0.6605231481481482 0.028895833333333343 0.0452499999999999
0 0.5661666666666666 0.6524398148148148 0.035312500000000094 0.046472222222222276
0 0.6015182291666666 0.6103148148148148 0.028203125000000048 0.03587037037037038
0 0.60296875 0.7015555555555556 0.03622916666666664 0.030981481481481516
0 0.6064661458333334 0.5116203703703703 0.03370312500000002 0.02931481481481468
0 0.5974609375 0.4498287037037037 0.028078124999999923 0.02374999999999998
0 0.6510494791666666 0.5639351851851852 0.031151041666666875 0.03244444444444441
0 0.6183307291666666 0.4840138888888889 0.02361979166666662 0.022009259259259242
0 0.6385078125 0.46893518518518523 0.02797395833333335 0.022018518518518493
0 0.6460755208333333 0.49298611111111107 0.02614062500000003 0.023231481481481617
0 0.6366770833333334 0.9610833333333334 0.01880208333333352 0.0228333333333332
0 0.6332552083333333 0.8192638888888889 0.04601041666666674 0.05082407407407396
0 0.7388151041666667 0.8169490740740741 0.035786458333333354 0.053805555555555676
0 0.7174088541666668 0.82375 0.021911458333333182 0.02853703703703698
0 0.7351614583333334 0.884574074074074 0.03367708333333326 0.05699999999999995
0 0.7468307291666666 0.9494629629629631 0.05365104166666678 0.06848148148148152
0 0.669703125 0.71575 0.03235416666666661 0.030555555555555555
0 0.7125182291666666 0.7226944444444444 0.043921874999999964 0.049333333333333305
0 0.7416901041666667 0.7322453703703704 0.024765625000000093 0.037138888888889006
0 0.7220963541666666 0.6967916666666666 0.0323489583333334 0.03217592592592593
0 0.6949140625000001 0.7029351851851853 0.024536458333333164 0.02972222222222214
0 0.6847213541666667 0.6018240740740741 0.02891145833333345 0.03261111111111114
0 0.6444661458333333 0.6487916666666667 0.025901041666666676 0.042990740740740586
0 0.7561458333333333 0.6236157407407408 0.029135416666666695 0.026064814814814898
0 0.7677109375000001 0.7107638888888889 0.025442708333333522 0.03649074074074082
0 0.7697786458333333 0.5675833333333333 0.026598958333333183 0.03424074074074076
0 0.6908958333333334 0.5733333333333334 0.020624999999999952 0.027407407407407325
0 0.7399192708333333 0.5755231481481482 0.020307291666666553 0.025675925925925942
0 0.751203125 0.599287037037037 0.024531249999999952 0.025907407407407424
0 0.7169270833333333 0.5536296296296297 0.027968749999999907 0.02875925925925921
0 0.6982421875 0.5268379629629629 0.01399479166666661 0.020416666666666625
0 0.7297656250000001 0.5308935185185185 0.018343750000000134 0.022009259259259242
0 0.8355677083333333 0.9463750000000001 0.06668749999999998 0.07404629629629611
0 0.862953125 0.8434259259259259 0.06545833333333348 0.07342592592592588
0 0.8157838541666667 0.7640370370370371 0.04825520833333338 0.04292592592592604
0 0.8042265625 0.8502638888888889 0.02440104166666662 0.046416666666666766
0 0.9059765624999999 0.9308101851851851 0.060432291666666534 0.07563888888888894
0 0.9260052083333332 0.9155 0.06343750000000009 0.09027777777777778
0 0.9637057291666667 0.8885416666666667 0.04304687500000005 0.06015740740740743
0 0.9643307291666666 0.8341527777777777 0.04355729166666673 0.0570092592592592
0 0.8434036458333334 0.7454398148148148 0.038307291666666764 0.0393425925925926
0 0.9016249999999999 0.8015138888888889 0.05372916666666659 0.04976851851851852
0 0.9740312499999999 0.7494305555555556 0.03956250000000002 0.03008333333333334
0 0.9790078125000001 0.7841296296296295 0.02910937500000017 0.023037037037037137
0 0.9563541666666667 0.6972546296296296 0.039333333333333324 0.03887962962962964
0 0.8909270833333333 0.6512268518518519 0.046020833333333164 0.048194444444444616
0 0.8713984375 0.6815324074074074 0.018911458333333304 0.019898148148148158
0 0.7850625 0.5800185185185185 0.017416666666666695 0.014592592592592584
0 0.7976276041666668 0.6857314814814814 0.022140625000000115 0.023444444444444597
0 0.7856848958333332 0.5979351851851852 0.02910937500000017 0.02388888888888885
0 0.7879244791666667 0.6211296296296296 0.025630208333333352 0.028796296296296212
0 0.8510598958333333 0.5085787037037037 0.02960937500000019 0.029861111111111113
0 0.8498072916666667 0.5344583333333334 0.030125000000000075 0.020342592592592617
0 0.8193359375 0.5564629629629629 0.020901041666666724 0.023000000000000135
0 0.8474505208333334 0.5861018518518518 0.020901041666666724 0.01990740740740741
0 0.8936041666666665 0.5407592592592593 0.0365729166666668 0.026981481481481363
0 0.8890651041666667 0.5791296296296297 0.018161458333333276 0.023000000000000135
0 0.873328125 0.5773657407407408 0.012937500000000076 0.02123148148148133
0 0.8903619791666666 0.5996898148148148 0.023119791666666837 0.023953703703703602
0 0.7830729166666667 0.5399907407407408 0.02985416666666675 0.031407407407407474
0 0.7292109375 0.4832638888888888 0.023276041666666695 0.025342592592592545
0 0.75575 0.4930833333333333 0.023010416666666818 0.021611111111111247
0 0.7632369791666667 0.5189444444444444 0.025494791666666572 0.018592592592592525