0 0.044953125 0.6576203703703704 0.039635416666666666 0.034722222222222224
0 0.07707552083333334 0.8632592592592592 0.05701562500000001 0.07620370370370387
0 0.14568229166666669 0.6036481481481482 0.02172916666666668 0.023055555555555638
0 0.17355208333333336 0.7600046296296297 0.030374999999999968 0.0364537037037036
0 0.12004427083333334 0.9071342592592593 0.037828125 0.07823148148148149
0 0.12587500000000001 0.9759305555555556 0.05181250000000001 0.046287037037036835
0 0.21483333333333335 0.8017361111111111 0.03559374999999996 0.06024999999999994
0 0.06628385416666667 0.9547824074074074 0.06652604166666666 0.05882407407407426
0 0.28453906250000005 0.89125 0.05763020833333335 0.06016666666666668
0 0.264203125 0.7095138888888889 0.04604166666666672 0.041694444444444416
0 0.23707031250000002 0.6854907407407408 0.03594270833333333 0.04350000000000002
0 0.16569791666666667 0.8827638888888889 0.052322916666666684 0.05886111111111105
0 0.1535703125 0.8512407407407407 0.030078125 0.04537037037037037
0 0.18435416666666668 0.8052268518518518 0.01984374999999995 0.033675925925925825
0 0.18136979166666667 0.7226759259259259 0.029770833333333375 0.03288888888888887
0 0.23525000000000001 0.8721111111111111 0.043770833333333314 0.0669629629629629
0 0.19266145833333334 0.9604814814814814 0.07259375 0.07300000000000013
0 0.28513020833333336 0.9551620370370368 0.0454166666666666 0.08337962962962969
0 0.360109375 0.8895000000000001 0.04516666666666668 0.06011111111111118
0 0.4614322916666667 0.9759675925925927 0.05061458333333325 0.04621296296296283
0 0.3796666666666667 0.8314768518518518 0.03283333333333331 0.05454629629629637
0 0.3982630208333333 0.8134722222222222 0.031057291666666723 0.03170370370370371
0 0.43995052083333336 0.8371759259259259 0.03152604166666665 0.0418888888888889
0 0.44236718750000004 0.90975 0.02872395833333338 0.03461111111111121
0 0.4880078125 0.7682546296296296 0.02471354166666669 0.03793518518518521
0 0.29561979166666663 0.7455925925925926 0.036145833333333384 0.03790740740740746
0 0.30991927083333337 0.6804814814814816 0.034734375000000026 0.03894444444444439
0 0.3634973958333333 0.6543935185185186 0.03821354166666661 0.04213888888888888
0 0.40984375000000006 0.6292407407407407 0.038072916666666616 0.035462962962963133
0 0.37785156249999996 0.7559490740740741 0.023484375000000075 0.02100925925925931
0 0.5004375 0.6754675925925926 0.03429166666666674 0.04591666666666659
0 0.5336666666666666 0.6826759259259259 0.02983333333333326 0.03201851851851845
0 0.48244791666666664 0.64425 0.02614583333333324 0.03568518518518515
0 0.4916041666666667 0.5545185185185185 0.026072916666666637 0.022999999999999923
0 0.5911770833333333 0.9035370370370371 0.03086458333333345 0.043055555555555555
0 0.5610312499999999 0.7750925925925927 0.04383333333333326 0.06388888888888888
0 0.6033645833333333 0.7763379629629629 0.028249999999999886 0.04030555555555574
0 0.6539999999999999 0.8557638888888888 0.06601041666666656 0.06606481481481473
0 0.6618515625000001 0.9516388888888889 0.03772395833333349 0.06583333333333324
0 0.7070234375000001 0.9112638888888889 0.023286458333333353 0.05691666666666669
0 0.8544479166666666 0.9676712962962963 0.05785416666666663 0.06280555555555549
0 0.8076744791666667 0.9632175925925927 0.05436979166666684 0.05912037037037029
0 0.7924296875000001 0.915162037037037 0.03332812499999989 0.03849074074074068
0 0.7590494791666667 0.8628472222222222 0.0517968749999999 0.0702870370370371
0 0.7018645833333333 0.7741527777777778 0.03696875000000001 0.04439814814814798
0 0.6422526041666666 0.7851944444444444 0.03854687500000011 0.032814814814814866
0 0.6353697916666666 0.7285601851851852 0.02904166666666678 0.036009259259259144
0 0.6760130208333334 0.7067175925925926 0.03307812500000011 0.05825000000000007
0 0.7618229166666666 0.768 0.04826041666666659 0.04977777777777798
0 0.7951145833333333 0.786699074074074 0.04273958333333354 0.05076851851851845
0 0.79275 0.832712962962963 0.0271979166666668 0.044666666666666674
0 0.8210000000000001 0.8477824074074074 0.03245833333333318 0.042083333333333375
0 0.8850182291666667 0.8588194444444445 0.06086979166666661 0.061064814814814856
0 0.8366458333333334 0.7501666666666668 0.04551041666666673 0.05016666666666651
0 0.8682942708333333 0.7975370370370369 0.03356770833333324 0.0322592592592594
0 0.8915364583333333 0.758449074074074 0.04654166666666673 0.06482407407407406
0 0.9344817708333333 0.9132037037037037 0.06100520833333339 0.06753703703703709
0 0.9769687499999999 0.9446527777777778 0.03571874999999996 0.04291666666666679
0 0.9829062499999999 0.8384212962962962 0.033145833333333506 0.046046296296296314
0 0.9603333333333334 0.7848657407407407 0.06600000000000013 0.046379629629629764
0 0.9866302083333333 0.765675925925926 0.025697916666666744 0.041518518518518656
0 0.9727838541666666 0.7263842592592593 0.053390625000000115 0.04699074074074074
0 0.8988567708333334 0.6814027777777777 0.03082812500000003 0.022805555555555655
0 0.8017109374999999 0.6484861111111111 0.03941145833333337 0.03845370370370368
0 0.7017369791666667 0.6271898148148148 0.04240104166666659 0.03373148148148154
0 0.802 0.5855231481481482 0.02900000000000015 0.028601851851851733
0 0.754375 0.6570972222222222 0.03297916666666652 0.035064814814814715
0 0.8907630208333333 0.5879768518518519 0.028473958333333372 0.02076851851851858
0 0.9542734374999999 0.5637916666666667 0.030380208333333294 0.02576851851851845
0 0.872890625 0.6938796296296296 0.019583333333333286 0.025055555555555505
0 0.8870911458333333 0.6320787037037037 0.03165104166666666 0.034083333333333285
0 0.6349401041666667 0.5792175925925926 0.02691145833333337 0.026546296296296363
0 0.66346875 0.5536527777777778 0.022041666666666515 0.022694444444444437
0 0.6001822916666666 0.616412037037037 0.03144791666666672 0.02562037037037044
0 0.6084635416666667 0.5269768518518518 0.03235416666666661 0.02480555555555552
0 0.116859375 0.6970601851851852 0.026437499999999996 0.022009259259259242
0 0.3090520833333334 0.4933333333333333 0.03483333333333339 0.026796296296296346
0 0.2506848958333333 0.5703148148148148 0.02421354166666667 0.023888888888889057
0 0.34524479166666666 0.5484490740740741 0.02781250000000005 0.022564814814814715
0 0.3190416666666666 0.6066342592592592 0.03057291666666657 0.029601851851851876
0 0.4089453125 0.5619166666666666 0.035421875 0.02725925925925931
0 0.49814322916666665 0.5118518518518518 0.021484375 0.024148148148148082
0 0.4411614583333333 0.6781064814814814 0.038906250000000024 0.0459722222222223
0 0.4559661458333333 0.6116759259259259 0.02261979166666658 0.03222222222222218
0 0.42868489583333336 0.5224166666666668 0.03284895833333342 0.024277777777777804
0 0.75859375 0.523912037037037 0.02382291666666655 0.021916666666666734
0 0.01171875 0.8981481481481481 0.0234375 0.03518518518518519
0 0.022864583333333334 0.7548518518518519 0.037302083333333326 0.04127777777777771
0 0.09021875 0.6932638888888889 0.027249999999999996 0.031287037037037
0 0.27058072916666664 0.5918055555555556 0.027515624999999964 0.022462962962962955
0 0.3552239583333333 0.7199444444444444 0.016999999999999935 0.024833333333333485
0 0.35070833333333334 0.7535648148148147 0.01782291666666668 0.026481481481481398
0 0.47172656249999995 0.5926805555555555 0.018171874999999935 0.022212962962962973
0 0.6748333333333333 0.5125648148148148 0.026135416666666817 0.02792592592592579
0 0.8158489583333333 0.6304212962962963 0.024885416666666535 0.0348796296296297
0 0.6838776041666667 0.679375 0.029411458333333466 0.030861111111111044
0 0.017210937500000002 0.6230555555555556 0.02941145833333333 0.03620370370370362
0 0.6323177083333333 0.5534305555555556 0.023885416666666732 0.025694444444444443
0 0.15233333333333335 0.5567268518518519 0.017281250000000033 0.01597222222222222
0 0.17015104166666667 0.5414768518518518 0.02073958333333336 0.01899074074074073
0 0.22288020833333333 0.5383425925925925 0.03456250000000001 0.026814814814814847
0 0.22963541666666665 0.5615277777777778 0.023250000000000052 0.021222222222222288
0 0.19271354166666665 0.5288472222222222 0.0207395833333333 0.022342592592592695
0 0.2966640625 0.5620277777777778 0.04764062500000001 0.047370370370370445
0 0.40634895833333334 0.7234768518518518 0.03242708333333345 0.03217592592592593
0 0.2412265625 0.6215787037037037 0.0164427083333333 0.02854629629629623
0 0.0798984375 0.5779537037037038 0.03361979166666667 0.03307407407407389
0 0.1295625 0.515412037037037 0.02712500000000002 0.03030555555555557
0 0.32046354166666663 0.6204629629629629 0.027052083333333362 0.030222222222222105
0 0.266 0.6518425925925926 0.03533333333333329 0.03772222222222223