0 0.09170572916666667 0.6957962962962964 0.03874479166666666 0.04677777777777776
0 0.1136953125 0.9209861111111111 0.042380208333333336 0.058638888888888824
0 0.165328125 0.9628425925925925 0.04978125000000002 0.07246296296296306
0 0.23040885416666665 0.8487314814814815 0.059703124999999996 0.05420370370370367
0 0.19930989583333333 0.8103703703703704 0.038536458333333336 0.056648148148147996
0 0.12472916666666665 0.9795509259259259 0.025812500000000002 0.039046296296296364
0 0.1221640625 0.8703425925925926 0.06275520833333334 0.0655
0 0.37981770833333334 0.9827175925925926 0.03421875000000003 0.032712962962962895
0 0.5147578125 0.9332407407407408 0.037901041666666656 0.05287037037037028
0 0.26882552083333333 0.8967453703703704 0.04807812499999997 0.06021296296296294
0 0.2900078125 0.8013425925925927 0.04818229166666666 0.05474074074074064
0 0.3584661458333334 0.7601481481481481 0.04836979166666661 0.048111111111111146
0 0.4119557291666667 0.7281203703703704 0.05234895833333333 0.0477777777777777
0 0.37438802083333333 0.9012777777777777 0.03488020833333323 0.041981481481481404
0 0.5212942708333334 0.7931157407407408 0.039453125 0.05674999999999997
0 0.5619348958333333 0.7988472222222223 0.038859375000000064 0.05145370370370365
0 0.50303125 0.749375 0.030333333333333337 0.04084259259259271
0 0.5094453125 0.6320416666666667 0.03767187499999996 0.03921296296296288
0 0.6066796875 0.9425231481481481 0.05770312499999998 0.08224999999999993
0 0.6557604166666666 0.9410601851851852 0.0340416666666665 0.055564814814814595
0 0.7780052083333333 0.938375 0.053000000000000116 0.0775833333333333
0 0.7037760416666666 0.9500648148148148 0.050187500000000065 0.04753703703703717
0 0.6905286458333334 0.8696712962962962 0.04304687500000005 0.04991666666666674
0 0.74025 0.8429351851851852 0.041114583333333364 0.0793703703703704
0 0.8453411458333334 0.9256064814814815 0.05949479166666668 0.07291666666666667
0 0.8926588541666667 0.956111111111111 0.07131770833333324 0.08592592592592599
0 0.9494088541666665 0.9092824074074075 0.07030729166666655 0.07371296296296308
0 0.9928385416666666 0.9676064814814813 0.01328125 0.031083333333333064
0 0.8849427083333334 0.7614953703703703 0.05524999999999996 0.05613888888888899
0 0.7665078125000001 0.7347175925925925 0.04848437500000007 0.044101851851851955
0 0.8793593749999999 0.6685185185185185 0.04558333333333356 0.05090740740740742
0 0.8302838541666666 0.7683842592592592 0.04818229166666678 0.05082407407407396
0 0.9821197916666667 0.6802546296296296 0.03341666666666659 0.026120370370370405
0 0.9877942708333334 0.8298333333333333 0.023369791666666608 0.04025925925925928
0 0.9783489583333332 0.728837962962963 0.042260416666666835 0.04880555555555559
0 0.6815234375 0.6627685185185185 0.030807291666666476 0.0418703703703704
0 0.7107421875 0.6279074074074074 0.03759895833333336 0.036722222222222295
0 0.6407265624999999 0.7145555555555556 0.03893229166666667 0.036796296296296306
0 0.6501874999999999 0.5934907407407408 0.035927083333333346 0.03129629629629625
0 0.045671875 0.833949074074074 0.033479166666666664 0.04125000000000017
0 0.29653124999999997 0.5450324074074074 0.0481354166666667 0.041749999999999926
0 0.22654947916666668 0.6538101851851852 0.03231770833333331 0.03460185185185175
0 0.336140625 0.6157546296296296 0.03145833333333338 0.03262037037037039
0 0.3024270833333333 0.6985046296296297 0.045979166666666654 0.04695370370370374
0 0.4121302083333333 0.6384351851851852 0.04146874999999994 0.044796296296296396
0 0.5168098958333334 0.574587962962963 0.027942708333333382 0.030824074074074042
0 0.4484296875 0.7969120370370371 0.04843229166666667 0.062101851851852005
0 0.466984375 0.7105416666666666 0.025 0.03647222222222211
0 0.4350494791666667 0.5896018518518519 0.04208854166666664 0.03394444444444431
0 0.8138749999999999 0.591287037037037 0.027500000000000094 0.02768518518518527
0 0.024796875 0.8146296296296296 0.04785416666666666 0.05335185185185175
0 0.24918229166666667 0.6739074074074074 0.043177083333333324 0.03861111111111094
0 0.34615885416666664 0.8549166666666667 0.019453124999999953 0.030962962962963015
0 0.3422786458333333 0.9057037037037037 0.027578124999999905 0.03451851851851849
0 0.4860416666666667 0.6793287037037037 0.023854166666666763 0.031342592592592505
0 0.7201770833333333 0.5763888888888888 0.032895833333333256 0.0345925925925925
0 0.9031302083333334 0.7360185185185185 0.03543749999999998 0.0456296296296296
0 0.7393020833333334 0.7980740740740742 0.0474999999999999 0.04970370370370355
0 0.6720677083333333 0.6282685185185185 0.02890625 0.03131481481481497
0 0.13358072916666666 0.734199074074074 0.02766145833333334 0.03060185185185202
0 0.10930729166666667 0.6284166666666667 0.02461458333333333 0.024611111111111045
0 0.13093489583333331 0.6105324074074074 0.027651041666666685 0.026787037037037095
0 0.18944531250000002 0.6062824074074074 0.034567708333333336 0.03352777777777781
0 0.19586458333333334 0.6310462962962963 0.030812499999999982 0.02911111111111116
0 0.15695052083333336 0.5945277777777778 0.02639062500000004 0.032407407407407406
0 0.2779505208333333 0.6293981481481481 0.04214062500000004 0.050277777777777734
0 0.40898958333333335 0.8610324074074074 0.03242708333333333 0.03217592592592593
0 0.497234375 0.53725 0.043760416666666656 0.030833333333333292
0 0.44519010416666666 0.5473055555555556 0.03318229166666668 0.026814814814814847
0 0.14234375000000002 0.5220925925925926 0.02791666666666668 0.024814814814814772
0 0.21403385416666668 0.44860185185185186 0.03593229166666667 0.02294444444444442
0 0.26967447916666665 0.43216203703703704 0.02372395833333331 0.029768518518518496
0 0.29165364583333336 0.5127916666666668 0.03279687500000002 0.029768518518518604
0 0.35254166666666664 0.6389953703703704 0.035958333333333314 0.027935185185185254
0 0.3314244791666667 0.577912037037037 0.020234374999999954 0.031009259259259268
0 0.34834114583333337 0.5515462962962964 0.04011979166666677 0.02790740740740729
0 0.20784114583333332 0.7159768518518519 0.03209895833333333 0.037861111111111206
0 0.21626302083333335 0.5081574074074073 0.02344270833333333 0.02381481481481463
0 0.24740885416666666 0.5375601851851852 0.018838541666666705 0.020842592592592794
0 0.25565625000000003 0.5033981481481482 0.024281249999999942 0.021574074074074242
0 0.16339322916666668 0.5114398148148148 0.021348958333333338 0.017861111111111078
0 0.18202083333333335 0.4682685185185185 0.026791666666666696 0.019351851851851832
0 0.024408854166666667 0.6572083333333333 0.034755208333333336 0.03352777777777781
0 0.08678125 0.5754305555555554 0.029718750000000002 0.03395370370370377
0 0.30655468750000003 0.7393055555555555 0.03371354166666667 0.043999999999999984
0 0.2373463541666667 0.7595231481481481 0.04584895833333332 0.0474166666666667
0 0.3181223958333333 0.4444537037037037 0.025119791666666676 0.023074074074074143
0 0.34207291666666667 0.5035185185185185 0.03024999999999996 0.02748148148148133
0 0.37536197916666664 0.4727962962962963 0.028463541666666713 0.023074074074074143
0 0.41353125 0.4532361111111111 0.020052083333333335 0.02419444444444444
0 0.40214322916666667 0.5062407407407408 0.022921874999999994 0.024185185185185084
0 0.42923958333333334 0.5105324074074075 0.02387499999999996 0.02843518518518522
0 0.4512265625 0.5029722222222223 0.02410937499999998 0.024611111111111045
0 0.4595078125 0.4503935185185185 0.01885937500000002 0.022490740740740707
0 0.47882552083333335 0.5094212962962963 0.01885937500000002 0.017824074074074076
0 0.4974427083333333 0.5158333333333334 0.02077083333333339 0.023333333333333376
0 0.47946875 0.5963009259259259 0.020052083333333335 0.031398148148148224
0 0.5746484375 0.49516203703703704 0.021484375 0.022916666666666665
0 0.5565130208333334 0.5273611111111111 0.024609375 0.019981481481481413
0 0.5815052083333333 0.6005231481481482 0.03181249999999996 0.02415740740740754
0 0.6176197916666666 0.5517407407407408 0.03270833333333343 0.03438888888888898
0 0.5253020833333333 0.4394027777777778 0.014802083333333372 0.023342592592592627
0 0.5547864583333334 0.4567962962962963 0.02053125000000004 0.02079629629629633
0 0.5783020833333333 0.45870370370370367 0.01981249999999998 0.021203703703703787
0 0.63065625 0.5117592592592592 0.028291666666666514 0.033370370370370335
0 0.6547812499999999 0.504125 0.02908333333333341 0.029138888888888916
0 0.67940625 0.4696296296296297 0.029677083333333344 0.0382037037037037
0 0.7384661458333334 0.5491296296296296 0.022744791666666705 0.03290740740740737
0 0.759421875 0.5975416666666666 0.028291666666666514 0.03995370370370379
0 0.7750989583333333 0.5725046296296297 0.03704166666666661 0.03993518518518529
0 0.766140625 0.6863055555555556 0.0391354166666666 0.039018518518518404
0 0.8081770833333333 0.708324074074074 0.040010416666666514 0.03446296296296299
0 0.8178697916666666 0.5420324074074074 0.027500000000000094 0.02586111111111117
0 0.802796875 0.556675925925926 0.027229166666666534 0.03275925925925936
0 0.8487213541666667 0.5863287037037037 0.027494791666666647 0.019898148148148158
0 0.8560494791666666 0.6090185185185185 0.02300520833333337 0.0235000000000001
0 0.8514348958333334 0.5151851851851853 0.027890625000000096 0.021611111111111247
0 0.8918854166666667 0.5122638888888889 0.036354166666666764 0.024231481481481548
0 0.9548828125 0.5221296296296296 0.04019270833333337 0.03220370370370368
0 0.9090130208333334 0.5683055555555555 0.04548437499999996 0.031018518518518518
0 0.9501223958333334 0.5657268518518519 0.029880208333333276 0.02632407407407413
0 0.73721875 0.46308796296296295 0.020333333333333314 0.02197222222222224
0 0.7769088541666667 0.5101249999999999 0.03201562500000013 0.029379629629629648
0 0.8004713541666667 0.47777314814814814 0.02645312499999998 0.020953703703703593