0 0.317921875 0.6868148148148148 0.0344479166666666 0.025296296296296237
0 0.356625 0.6514583333333334 0.03556249999999998 0.029009259259259193
0 0.342328125 0.6032314814814815 0.026500000000000058 0.02379629629629634
0 0.274609375 0.7083194444444445 0.028927083333333315 0.03471296296296297
0 0.2565807291666667 0.7264027777777777 0.020640625000000058 0.021824074074074017
0 0.2936588541666667 0.8473657407407407 0.05643229166666665 0.060694444444444405
0 0.3713489583333333 0.7861527777777777 0.023385416666666714 0.04512037037037039
0 0.3704453125 0.8691249999999999 0.04036979166666666 0.06462037037037034
0 0.3339036458333334 0.7180000000000001 0.03657812500000001 0.038981481481481395
0 0.37154166666666666 0.6845231481481481 0.028916666666666656 0.041657407407407414
0 0.40224739583333335 0.6483240740740741 0.03958854166666678 0.04287037037037054
0 0.3959453125 0.6926898148148148 0.022442708333333408 0.03784259259259249
0 0.4157109375 0.7185972222222222 0.03444270833333339 0.03302777777777784
0 0.4341041666666667 0.7736898148148148 0.03831249999999997 0.04610185185185182
0 0.41797135416666664 0.8117685185185185 0.06519270833333338 0.06359259259259244
0 0.04598697916666666 0.7875833333333334 0.05768229166666667 0.0655185185185185
0 0.0576328125 0.828513888888889 0.058171875 0.06878703703703701
0 0.08441145833333333 0.9209768518518519 0.038510416666666665 0.04458333333333342
0 0.088859375 0.9586157407407409 0.03642708333333336 0.03917592592592588
0 0.1646067708333333 0.9353611111111112 0.04448437500000004 0.06316666666666648
0 0.1851796875 0.8717731481481481 0.044192708333333344 0.06337962962962967
0 0.13331510416666667 0.843537037037037 0.05523437500000001 0.0514814814814814
0 0.1265390625 0.712587962962963 0.04896354166666666 0.05095370370370368
0 0.19323958333333333 0.6576574074074074 0.04180208333333333 0.037685185185185224
0 0.21153645833333332 0.7645138888888888 0.05546875 0.03756481481481497
0 0.08490624999999999 0.5704768518518518 0.04539583333333332 0.038305555555555454
0 0.07011979166666667 0.6113750000000001 0.031031249999999993 0.02123148148148133
0 0.12463541666666668 0.6457546296296296 0.03194791666666668 0.038749999999999916
0 0.11405729166666667 0.6214027777777777 0.04198958333333334 0.031731481481481465
0 0.12082812500000001 0.5772824074074074 0.030520833333333344 0.031287037037037
0 0.15079166666666666 0.5927314814814815 0.03178124999999999 0.028722222222222205
0 0.1386901041666667 0.5494814814814816 0.031776041666666664 0.03159259259259249
0 0.12820572916666664 0.5243333333333333 0.03306770833333334 0.026240740740740877
0 0.1116015625 0.4806712962962963 0.036265624999999996 0.03350925925925931
0 0.17290625 0.5101342592592591 0.03894791666666665 0.030009259259259125
0 0.1652265625 0.4785416666666667 0.031203125000000043 0.035120370370370274
0 0.17816927083333337 0.4481805555555555 0.02333854166666664 0.01819444444444453
0 0.19162760416666666 0.4629166666666667 0.02368229166666668 0.021999999999999992
0 0.2128203125 0.5562175925925925 0.034109375000000004 0.030009259259259125
0 0.23041145833333332 0.5268518518518519 0.030520833333333344 0.02553703703703697
0 0.2565 0.5467083333333332 0.03213541666666669 0.030638888888889024
0 0.26730729166666667 0.5743472222222222 0.041114583333333364 0.03447222222222224
0 0.307484375 0.5516574074074073 0.027468750000000004 0.02457407407407404
0 0.35890364583333334 0.4939166666666667 0.031776041666666664 0.022981481481481634
0 0.36940625 0.5346111111111111 0.028364583333333353 0.02329629629629637
0 0.3916927083333333 0.5602453703703704 0.03472916666666658 0.03765740740740747
0 0.4008072916666666 0.6048564814814815 0.03464583333333333 0.03447222222222224
0 0.23645312500000001 0.4782962962962962 0.02297916666666667 0.03000000000000003
0 0.2616614583333333 0.4179675925925926 0.02872916666666671 0.022342592592592695
0 0.285421875 0.47800462962962964 0.03915625000000003 0.02521296296296298
0 0.30899479166666666 0.4585370370370371 0.022781250000000006 0.022018518518518493
0 0.4186796875 0.958837962962963 0.08097395833333335 0.06449074074074052
0 0.540625 0.8556111111111111 0.04935416666666678 0.061277777777777626
0 0.5009140625 0.8107361111111111 0.03534895833333328 0.045324074074074114
0 0.553203125 0.7797453703703704 0.021718749999999905 0.03287962962962962
0 0.5352265625 0.6909166666666667 0.040567708333333265 0.05335185185185175
0 0.5738255208333333 0.6673055555555556 0.04042187499999983 0.04966666666666655
0 0.4501875 0.6253657407407407 0.03788541666666667 0.037027777777777784
0 0.44885937499999995 0.5806805555555555 0.03572916666666662 0.036379629629629595
0 0.4286328125 0.5226249999999999 0.028921874999999986 0.020749999999999866
0 0.48653385416666667 0.5555648148148148 0.025151041666666648 0.030962962962963015
0 0.5104296875 0.5774583333333333 0.03395312500000003 0.029675925925925883
0 0.42488281250000004 0.4993888888888888 0.036640624999999954 0.021388888888888805
0 0.47618229166666665 0.4993888888888888 0.02236458333333336 0.029685185185185134
0 0.5384270833333333 0.46507870370370374 0.01975000000000004 0.017879629629629683
0 0.5621432291666667 0.4964212962962963 0.022265625 0.019157407407407456
0 0.5686510416666667 0.47787962962962965 0.019010416666666665 0.01627777777777771
0 0.5590911458333333 0.5710416666666666 0.02279687499999999 0.028083333333333266
0 0.5445703125 0.6310092592592592 0.028890624999999896 0.04524074074074086
0 0.5759817708333334 0.6207777777777779 0.03530729166666665 0.04646296296296281
0 0.6092526041666666 0.5854768518518519 0.02820312499999981 0.03587962962962963
0 0.6148697916666667 0.6650462962962963 0.03622916666666664 0.030981481481481516
0 0.6101458333333334 0.49799999999999994 0.03439583333333331 0.02446296296296303
0 0.6002864583333334 0.4406851851851852 0.025677083333333427 0.020388888888888873
0 0.6544921875 0.5433703703703704 0.027515624999999964 0.030574074074074056
0 0.6187447916666666 0.47345833333333337 0.023614583333333408 0.022009259259259242
0 0.6368359375 0.45788888888888885 0.02797395833333335 0.022018518518518493
0 0.6474296875000001 0.48059259259259257 0.02614062500000003 0.023240740740740708
0 0.650546875 0.9016342592592593 0.018802083333333285 0.02282407407407416
0 0.6405729166666667 0.778125 0.04012499999999998 0.04484259259259265
0 0.7431796875 0.7693564814814815 0.03301562499999993 0.049324074074074055
0 0.7220885416666666 0.7801620370370371 0.018343750000000134 0.023638888888889074
0 0.7381380208333332 0.8258148148148148 0.02889062500000013 0.03912962962962962
0 0.7596927083333332 0.896337962962963 0.05365624999999999 0.06849074074074077
0 0.6748515625 0.6823703703703704 0.029807291666666676 0.025685185185185193
0 0.7151145833333333 0.6860416666666667 0.038979166666666745 0.041990740740740655
0 0.7410494791666667 0.6907453703703703 0.022703125000000077 0.0371388888888888
0 0.7227526041666666 0.6609722222222223 0.03232812499999985 0.026907407407407356
0 0.6986536458333333 0.6673287037037038 0.02247395833333338 0.026898148148148105
0 0.6881276041666666 0.5772407407407407 0.025453124999999945 0.03261111111111114
0 0.6484375 0.6186574074074074 0.025677083333333427 0.03912962962962962
0 0.754328125 0.5947222222222222 0.02513541666666678 0.02338888888888888
0 0.7648281249999999 0.6738888888888889 0.02384374999999987 0.03464814814814821
0 0.7653776041666667 0.5448796296296297 0.026598958333333183 0.03424074074074076
0 0.6917265625 0.5532916666666667 0.021453125000000028 0.022046296296296244
0 0.7387812500000001 0.5545370370370372 0.018802083333333285 0.021611111111111247
0 0.7490989583333333 0.577486111111111 0.02201041666666678 0.02037962962962983
0 0.7170442708333333 0.5387638888888889 0.026598958333333183 0.023638888888888862
0 0.6954895833333334 0.5108425925925927 0.011104166666666516 0.01444444444444436
0 0.7258489583333334 0.5140601851851851 0.018343750000000134 0.022009259259259242
0 0.8329322916666667 0.885 0.06120833333333332 0.06281481481481495
0 0.8541796875000001 0.7930833333333334 0.05125520833333326 0.07342592592592588
0 0.8119322916666666 0.7202824074074073 0.04080208333333341 0.039805555555555566
0 0.8041223958333333 0.7956018518518518 0.029359374999999945 0.03759259259259251
0 0.8907812500000001 0.8623564814814815 0.04254166666666682 0.06439814814814811
0 0.9171041666666667 0.8536157407407408 0.05498958333333329 0.06860185185185198
0 0.936609375 0.9423287037037037 0.04553125000000004 0.05219444444444456
0 0.9514401041666666 0.8280324074074074 0.04304687499999981 0.06015740740740743
0 0.9512161458333334 0.7828287037037037 0.037026041666666745 0.04350925925925927
0 0.8369895833333333 0.704537037037037 0.0350833333333334 0.03449999999999999
0 0.893640625 0.7538518518518518 0.047770833333333464 0.04379629629629626
0 0.9570624999999999 0.706037037037037 0.03956250000000002 0.03007407407407409
0 0.9653723958333332 0.7352083333333335 0.02910937500000017 0.02304629629629618
0 0.939671875 0.6613657407407408 0.03931250000000001 0.032731481481481396
0 0.8806796875 0.6201851851851852 0.04055729166666661 0.04201851851851862
0 0.8615442708333333 0.6478703703703704 0.018911458333333304 0.01990740740740741
0 0.7824479166666667 0.5618842592592593 0.017416666666666695 0.014601851851851835
0 0.7956354166666666 0.6583101851851852 0.022145833333333562 0.023435185185185135
0 0.7830703124999999 0.57825 0.02910937500000017 0.02388888888888885
0 0.7851874999999999 0.5996805555555556 0.025624999999999905 0.028787037037037173
0 0.8429609375000001 0.49133333333333334 0.02960937500000019 0.026537037037037112
0 0.8435078125 0.5178703703703703 0.021151041666666495 0.020351851851851867
0 0.8167604166666665 0.5355648148148149 0.020895833333333277 0.023000000000000135
0 0.8397994791666666 0.5618842592592593 0.020901041666666724 0.019898148148148158
0 0.8847604166666667 0.5246388888888888 0.03657291666666656 0.026981481481481363
0 0.8780911458333333 0.5564444444444445 0.018161458333333276 0.023000000000000135
0 0.8625416666666667 0.5554675925925926 0.012937500000000076 0.02123148148148133
0 0.8805546875 0.5776527777777778 0.022390624999999886 0.01862037037037049
0 0.7800859374999999 0.5234027777777779 0.029859374999999962 0.031398148148148015
0 0.7245833333333332 0.46875925925925926 0.023270833333333484 0.02533333333333345
0 0.7523802083333334 0.4797314814814815 0.023010416666666818 0.021611111111111036
0 0.7582734375 0.5019259259259259 0.025494791666666572 0.018592592592592525