0 0.3165677083333333 0.6902268518518518 0.03536458333333338 0.026101851851851904
0 0.35544010416666666 0.654537037037037 0.03585937499999995 0.0294259259259259
0 0.3430703125 0.6061157407407407 0.02790104166666675 0.02447222222222228
0 0.27505729166666665 0.7159861111111111 0.02958333333333331 0.03471296296296297
0 0.2565208333333333 0.7339351851851852 0.020645833333333384 0.021814814814814763
0 0.2932552083333333 0.8576666666666667 0.056437500000000036 0.060703703703703656
0 0.37193489583333333 0.7962916666666666 0.024130208333333295 0.04643518518518527
0 0.37048177083333333 0.8791481481481481 0.04036979166666666 0.06462962962962959
0 0.33331770833333335 0.7243935185185185 0.0369479166666667 0.03956481481481483
0 0.37139322916666667 0.6901805555555556 0.030307291666666694 0.041750000000000134
0 0.4017760416666667 0.6538101851851852 0.03979166666666671 0.04358333333333327
0 0.3951302083333334 0.6974675925925927 0.02244791666666662 0.03784259259259249
0 0.41403906249999994 0.723087962962963 0.03444270833333339 0.03302777777777784
0 0.432921875 0.7794074074074074 0.03831249999999997 0.04609259259259257
0 0.41646354166666666 0.8184675925925925 0.06625000000000002 0.0651203703703703
0 0.044945312499999994 0.7964953703703704 0.05846354166666667 0.06828703703703703
0 0.05673958333333333 0.838125 0.05829166666666667 0.07186111111111122
0 0.08279947916666666 0.9311712962962962 0.03851562499999999 0.04458333333333342
0 0.08760677083333332 0.9674537037037036 0.03642187499999997 0.03540740740740721
0 0.16293489583333334 0.9454444444444445 0.04448437500000004 0.06316666666666669
0 0.18491406249999998 0.8811111111111112 0.0444947916666667 0.06507407407407405
0 0.13212239583333335 0.853087962962963 0.055234374999999974 0.05149074074074086
0 0.126359375 0.7202361111111111 0.04896874999999999 0.05095370370370368
0 0.19311979166666668 0.6647685185185186 0.04180208333333333 0.037685185185185016
0 0.2112369791666667 0.7728981481481482 0.05557812500000002 0.03988888888888882
0 0.08547916666666668 0.5768611111111112 0.04525 0.04048148148148151
0 0.06979947916666668 0.6183055555555556 0.03131770833333333 0.022814814814814698
0 0.124921875 0.6532870370370369 0.03194791666666665 0.038740740740740874
0 0.11353645833333334 0.6280416666666667 0.042239583333333344 0.033268518518518364
0 0.12107812499999998 0.5832870370370371 0.030520833333333344 0.03127777777777796
0 0.151796875 0.5987962962962964 0.03178124999999999 0.028722222222222205
0 0.13912239583333333 0.5555462962962963 0.031776041666666664 0.03159259259259249
0 0.12886979166666668 0.529625 0.0328125 0.02739814814814807
0 0.11235677083333333 0.486162037037037 0.036265624999999996 0.03350925925925931
0 0.17401822916666668 0.5151157407407407 0.038953124999999984 0.030009259259259125
0 0.16527864583333335 0.4831990740740741 0.03217187499999999 0.03512037037037043
0 0.17845572916666666 0.4522638888888889 0.02333854166666664 0.018194444444444423
0 0.19186197916666667 0.46750925925925924 0.02465104166666669 0.021999999999999992
0 0.21310677083333335 0.5622175925925925 0.034109375000000004 0.030009259259259125
0 0.23141927083333333 0.5331759259259259 0.030515625000000015 0.02553703703703697
0 0.25721875 0.5519398148148148 0.03213541666666669 0.030638888888889024
0 0.26669791666666665 0.5795138888888889 0.041114583333333364 0.03447222222222224
0 0.308203125 0.556888888888889 0.027468750000000004 0.02457407407407404
0 0.35965885416666665 0.4990833333333333 0.031776041666666664 0.022981481481481422
0 0.37016145833333336 0.5401018518518518 0.028364583333333353 0.023296296296296162
0 0.39276822916666665 0.5661805555555556 0.03458854166666671 0.03893518518518514
0 0.40159635416666667 0.6109212962962962 0.03465104166666677 0.03447222222222224
0 0.23728125 0.4820601851851852 0.02297916666666667 0.030009259259259336
0 0.262703125 0.4220601851851852 0.02872916666666671 0.022342592592592588
0 0.28703645833333336 0.48266203703703703 0.03915625000000003 0.02521296296296298
0 0.3097864583333333 0.4628796296296296 0.022781250000000006 0.022018518518518493
0 0.4164010416666667 0.9644999999999999 0.07756250000000003 0.05716666666666657
0 0.54134375 0.8656342592592593 0.04935416666666672 0.061287037037037084
0 0.5011640624999999 0.8195462962962963 0.03534895833333328 0.04531481481481486
0 0.5541015625 0.7889398148148148 0.021723958333333352 0.03287962962962962
0 0.5357109375 0.6983796296296296 0.041098958333333255 0.05385185185185193
0 0.574578125 0.6747777777777778 0.04178125000000013 0.05120370370370366
0 0.4502239583333333 0.6312361111111111 0.03788541666666667 0.037027777777777784
0 0.4491822916666667 0.5855972222222222 0.03572916666666662 0.036379629629629595
0 0.42938802083333333 0.5270925925925926 0.028921875000000104 0.020740740740740823
0 0.4876484375 0.5600972222222222 0.025151041666666648 0.030953703703703553
0 0.5102135416666667 0.5818611111111112 0.0339479166666667 0.029685185185185134
0 0.4257447916666667 0.5036018518518519 0.0366458333333334 0.021388888888888805
0 0.477703125 0.5029629629629631 0.02318749999999999 0.029685185185185134
0 0.5395416666666667 0.46865277777777775 0.01975000000000004 0.01787962962962958
0 0.5634713541666667 0.5003796296296297 0.022265625 0.019148148148147998
0 0.56965625 0.48100925925925925 0.019010416666666665 0.01627777777777771
0 0.5601328124999999 0.5765324074074074 0.02279687499999999 0.028083333333333266
0 0.5444296875 0.637449074074074 0.028890624999999896 0.0452499999999999
0 0.5776770833333332 0.6277083333333333 0.035312500000000094 0.046472222222222276
0 0.6111328125 0.5912685185185186 0.028203125000000048 0.03587037037037038
0 0.6160625 0.6718981481481481 0.03622916666666664 0.030981481481481516
0 0.6120729166666667 0.5030555555555555 0.03439583333333331 0.02446296296296303
0 0.6022109375 0.44459722222222225 0.025682291666666874 0.020379629629629623
0 0.6564635416666665 0.5493981481481481 0.027510416666666516 0.030574074074074056
0 0.6206692708333333 0.4782685185185185 0.02361979166666662 0.022018518518518493
0 0.6390390625 0.46245370370370376 0.02797395833333335 0.022018518518518493
0 0.6495390625 0.48581018518518515 0.02614062500000003 0.023231481481481617
0 0.650546875 0.9088935185185185 0.018802083333333285 0.02282407407407416
0 0.641671875 0.783587962962963 0.04012499999999998 0.04484259259259265
0 0.7437786458333332 0.775513888888889 0.03356770833333324 0.05021296296296298
0 0.7227291666666666 0.785625 0.018343750000000134 0.023638888888888862
0 0.7393307291666668 0.8323379629629629 0.029807291666666676 0.03897222222222236
0 0.7606093749999999 0.9036759259259259 0.053656250000000225 0.06848148148148152
0 0.6764557291666667 0.6896296296296296 0.029807291666666676 0.025685185185185193
0 0.71690625 0.6937037037037037 0.038979166666666745 0.04198148148148162
0 0.74325 0.6983287037037036 0.02269791666666663 0.037138888888889006
0 0.7253203125 0.6686342592592592 0.03232812500000008 0.026898148148148105
0 0.7008072916666667 0.6745046296296296 0.022468749999999933 0.026898148148148105
0 0.6897786458333334 0.5823796296296296 0.025453124999999945 0.03261111111111114
0 0.6501354166666666 0.6249351851851851 0.025677083333333427 0.03912962962962962
0 0.7566927083333332 0.6013703703703703 0.02646874999999985 0.024277777777777804
0 0.7678541666666667 0.6809814814814815 0.02384374999999987 0.03464814814814821
0 0.7682213541666667 0.5499351851851852 0.026598958333333183 0.03424074074074076
0 0.6935104166666667 0.5586805555555555 0.020718749999999866 0.022879629629629663
0 0.741390625 0.559837962962963 0.018802083333333285 0.021601851851851785
0 0.7521692708333333 0.5833564814814814 0.02201562499999999 0.020379629629629623
0 0.7191067708333333 0.5438194444444445 0.026598958333333183 0.023638888888889074
0 0.6974427083333334 0.515699074074074 0.011614583333333428 0.015342592592592744
0 0.7286458333333333 0.5191990740740741 0.018343749999999895 0.022009259259259242
0 0.8366145833333333 0.8947314814814814 0.06120833333333332 0.06281481481481495
0 0.8590598958333333 0.8012222222222222 0.05125520833333326 0.07342592592592609
0 0.8154166666666666 0.7296574074074074 0.04080208333333341 0.03981481481481482
0 0.8076588541666666 0.8052407407407408 0.026880208333333162 0.04200000000000012
0 0.8959583333333333 0.8723611111111111 0.04652083333333342 0.06668518518518517
0 0.9211848958333334 0.8629953703703704 0.05498437499999985 0.06860185185185198
0 0.9418854166666667 0.9534768518518519 0.04553125000000004 0.05219444444444434
0 0.9540260416666667 0.8361712962962964 0.0430416666666666 0.06015740740740722
0 0.9548489583333333 0.790800925925926 0.0389166666666668 0.04562037037037035
0 0.839625 0.7120555555555556 0.03508333333333316 0.03449999999999999
0 0.8966770833333333 0.7626990740740741 0.047770833333333464 0.043787037037037006
0 0.9606458333333333 0.7145277777777779 0.03956250000000002 0.03007407407407409
0 0.9697526041666666 0.7428194444444445 0.029109374999999934 0.023046296296296388
0 0.9439505208333333 0.6685277777777777 0.03930729166666656 0.03274074074074086
0 0.8852578125000001 0.6274351851851853 0.04055729166666661 0.04201851851851862
0 0.8645807291666666 0.6545925925925926 0.01891145833333354 0.01990740740740741
0 0.7857447916666668 0.5678564814814815 0.01741666666666646 0.014601851851851835
0 0.7992447916666666 0.6629537037037038 0.022145833333333323 0.023444444444444386
0 0.7857473958333333 0.5843333333333333 0.029109374999999934 0.023888888888889057
0 0.788171875 0.6064259259259259 0.025624999999999905 0.028796296296296212
0 0.8455963541666667 0.49619907407407404 0.02960937500000019 0.026546296296296363
0 0.8460442708333333 0.5227361111111112 0.021151041666666735 0.02034259259259241
0 0.819546875 0.5422037037037036 0.020895833333333277 0.023000000000000135
0 0.8430338541666667 0.5680740740740741 0.020901041666666724 0.01990740740740741
0 0.8878958333333333 0.5305648148148148 0.03657291666666656 0.026981481481481363
0 0.881625 0.5624583333333333 0.018166666666666723 0.023009259259259174
0 0.8658255208333333 0.5607824074074074 0.012942708333333285 0.021231481481481542
0 0.8838880208333334 0.5836712962962963 0.022390624999999886 0.01862037037037049
0 0.7823255208333334 0.5291527777777778 0.029859374999999962 0.031398148148148224
0 0.727171875 0.4735925925925926 0.023270833333333484 0.02533333333333324
0 0.7548098958333334 0.48447222222222225 0.023015624999999793 0.021611111111111192
0 0.7605494791666667 0.5073703703703704 0.025494791666666572 0.018592592592592525