0 0.8204036458333334 0.8862638888888889 0.0509427083333333 0.0578055555555554
0 0.06357552083333333 0.5991296296296296 0.027473958333333333 0.026222222222222372
0 0.02059114583333333 0.6077361111111111 0.03583854166666667 0.0386388888888889
0 0.0262578125 0.7 0.033546875 0.019574074074074167
0 0.10510677083333334 0.7554722222222223 0.04453645833333333 0.03738888888888899
0 0.14964322916666667 0.5563657407407407 0.02058854166666665 0.02143518518518527
0 0.1855182291666667 0.67975 0.025161458333333307 0.027759259259259275
0 0.14163541666666665 0.7864722222222222 0.02712500000000002 0.036388888888888846
0 0.15171614583333332 0.84325 0.03799479166666667 0.03907407407407391
0 0.22461718749999998 0.7090231481481482 0.039171875000000016 0.04395370370370373
0 0.0416015625 0.8389861111111111 0.029026041666666662 0.04395370370370373
0 0.10235677083333333 0.8155462962962963 0.04866145833333334 0.048444444444444595
0 0.2848489583333333 0.7761574074074075 0.04584374999999999 0.04774074074074069
0 0.2619348958333333 0.6418796296296296 0.03478645833333331 0.03050000000000005
0 0.2385 0.6211574074074074 0.032572916666666646 0.029814814814814856
0 0.18317708333333335 0.7701712962962962 0.038187499999999965 0.037453703703703746
0 0.16904947916666668 0.7476203703703704 0.025682291666666638 0.02609259259259244
0 0.19552604166666665 0.7120601851851852 0.016770833333333356 0.024083333333333325
0 0.18661197916666666 0.6513472222222223 0.02656770833333333 0.02360185185185186
0 0.24157291666666666 0.7601064814814814 0.03945833333333333 0.0504166666666665
0 0.20816666666666667 0.8290277777777778 0.05741666666666667 0.050277777777777734
0 0.16004427083333334 0.8901111111111111 0.041276041666666666 0.04472222222222239
0 0.031325520833333335 0.9234351851851851 0.06159895833333333 0.06664814814814816
0 0.0078125 0.8717592592592592 0.015625 0.027777777777777776
0 0.10795572916666667 0.9364259259259259 0.05450520833333335 0.07900000000000015
0 0.21397656250000002 0.9417592592592592 0.04079687499999996 0.06055555555555564
0 0.2703098958333333 0.9843194444444445 0.03805729166666663 0.02950925925925916
0 0.30121614583333334 0.9556342592592593 0.04860937499999996 0.05613888888888899
0 0.3080833333333333 0.8936759259259259 0.03963541666666662 0.06414814814814812
0 0.28547395833333333 0.8242037037037038 0.03998958333333332 0.04990740740740749
0 0.3406822916666667 0.899125 0.034364583333333344 0.049305555555555554
0 0.3422942708333333 0.7729675925925926 0.027755208333333316 0.04345370370370355
0 0.39701302083333334 0.9199398148148149 0.03468229166666662 0.04713888888888875
0 0.44653124999999994 0.9338749999999999 0.018062499999999915 0.02736111111111107
0 0.4466119791666667 0.8875925925925926 0.040213541666666686 0.04351851851851852
0 0.43573697916666665 0.8389768518518519 0.0476927083333333 0.03728703703703702
0 0.36349479166666665 0.7445694444444444 0.03283333333333331 0.05454629629629637
0 0.37704687500000006 0.716037037037037 0.031333333333333255 0.02788888888888879
0 0.41764843749999997 0.7343564814814815 0.024234374999999985 0.02167592592592579
0 0.41639583333333335 0.7883333333333333 0.02603125000000001 0.027037037037037078
0 0.45975520833333333 0.6816111111111111 0.0222291666666667 0.026666666666666623
0 0.29127604166666665 0.6651527777777778 0.02905208333333332 0.032805555555555616
0 0.3016953125 0.6106527777777778 0.029390625000000035 0.025990740740740682
0 0.35069270833333327 0.5901620370370371 0.02939583333333336 0.03149074074074073
0 0.3898463541666667 0.5716157407407407 0.0329739583333333 0.03317592592592586
0 0.3642994791666666 0.6696620370370371 0.023484375000000075 0.02100925925925931
0 0.46920052083333336 0.6107037037037036 0.023671875000000023 0.03414814814814825
0 0.4950625 0.6118611111111111 0.026333333333333306 0.026814814814814847
0 0.4549010416666667 0.5802175925925925 0.02177083333333331 0.020101851851851885
0 0.4639453125 0.5105185185185185 0.019755208333333368 0.025074074074074006
0 0.5270833333333333 0.9781203703703703 0.025687500000000085 0.03929629629629593
0 0.5099322916666666 0.9026481481481482 0.04339583333333342 0.05342592592592597
0 0.5404765625000001 0.7826990740740741 0.027567708333333427 0.026787037037036887
0 0.520375 0.6872314814814815 0.034458333333333376 0.04690740740740727
0 0.5556718749999999 0.6866203703703704 0.022583333333333164 0.026870370370370354
0 0.596 0.7461342592592592 0.05075000000000003 0.04367592592592599
0 0.6003880208333333 0.8125555555555555 0.030286458333333145 0.05475925925925914
0 0.6396692708333334 0.784800925925926 0.024901041666666637 0.03363888888888882
0 0.6623411458333334 0.9454629629629628 0.04083854166666659 0.03103703703703702
0 0.5657838541666665 0.9797453703703703 0.03179687500000009 0.038657407407407404
0 0.7677604166666666 0.9887546296296297 0.016416666666666656 0.017398148148148114
0 0.7135390625 0.9546157407407408 0.03797395833333326 0.050546296296296325
0 0.7664739583333334 0.9165185185185185 0.040510416666666535 0.05831481481481483
0 0.7593203125 0.8297314814814815 0.050692708333333295 0.05742592592592591
0 0.7211093749999999 0.82825 0.039510416666666735 0.04548148148148138
0 0.7110885416666667 0.7831111111111111 0.026552083333333344 0.029296296296296178
0 0.6837786458333334 0.7464722222222223 0.035484375000000054 0.04153703703703716
0 0.6412239583333333 0.6842453703703704 0.028739583333333485 0.03095370370370376
0 0.5900989583333334 0.6919212962962963 0.03063541666666675 0.024064814814814824
0 0.5860338541666666 0.6493472222222222 0.025057291666666495 0.028731481481481455
0 0.6214375 0.6340509259259259 0.02695833333333345 0.037749999999999985
0 0.6852473958333334 0.6782083333333334 0.035192708333333184 0.033379629629629586
0 0.7173932291666667 0.6919583333333333 0.03069270833333325 0.03182407407407397
0 0.7158307291666667 0.7276851851851853 0.016109374999999915 0.024166666666666583
0 0.7376015625000001 0.7352962962962963 0.0200677083333332 0.0294444444444444
0 0.7885260416666665 0.7453194444444444 0.043354166666666555 0.04441666666666648
0 0.75465625 0.6655416666666667 0.03503125000000011 0.03621296296296308
0 0.7826614583333333 0.6989814814814814 0.027541666666666725 0.02079629629629633
0 0.8043723958333333 0.674412037037037 0.029786458333333363 0.03184259259259248
0 0.8271979166666665 0.7829444444444443 0.038677083333333445 0.04255555555555559
0 0.8537369791666667 0.7985231481481482 0.02379687500000003 0.029712962962963097
0 0.8978619791666667 0.7911203703703703 0.053411458333333425 0.05488888888888886
0 0.8691979166666667 0.730875 0.029395833333333125 0.03893518518518514
0 0.8536979166666666 0.6885509259259259 0.044937499999999866 0.030842592592592543
0 0.9284557291666666 0.7558935185185185 0.025192708333333275 0.028861111111111178
0 0.879515625 0.6752546296296296 0.020343749999999973 0.02089814814814809
0 0.8701145833333332 0.6446388888888889 0.03010416666666676 0.0308333333333335
0 0.8112213541666667 0.6111388888888889 0.02500520833333345 0.01592592592592597
0 0.7315677083333334 0.5846481481481483 0.030885416666666762 0.03696296296296303
0 0.6458255208333334 0.5697731481481482 0.03172395833333326 0.022564814814814715
0 0.7322135416666666 0.5324675925925927 0.02687500000000019 0.026546296296296363
0 0.6931927083333332 0.5960000000000001 0.02145833333333324 0.031185185185185035
0 0.8128307291666667 0.5387268518518519 0.02276562500000002 0.01691666666666665
0 0.8702005208333332 0.5174537037037037 0.022307291666666628 0.018814814814814756
0 0.9154114583333333 0.5911666666666667 0.024447916666666694 0.026888888888888855
0 0.939078125 0.7069537037037037 0.03779166666666664 0.03862962962962965
0 0.9181510416666666 0.6669166666666666 0.018697916666666477 0.02090740740740734
0 0.8594036458333333 0.9882916666666667 0.04004687500000017 0.02156481481481478
0 0.8941979166666667 0.9518611111111112 0.06773958333333355 0.0699074074074074
0 0.9277317708333332 0.887912037037037 0.043973958333333486 0.04387962962962951
0 0.9599661458333333 0.9288611111111111 0.05421354166666674 0.05096296296296293
0 0.9715885416666665 0.7956342592592593 0.02535416666666682 0.023972222222222103
0 0.5450885416666668 0.8500648148148148 0.01648958333333326 0.02933333333333318
0 0.9735182291666666 0.7424305555555556 0.029848958333333304 0.028287037037037204
0 0.9781197916666666 0.6933842592592593 0.02233333333333339 0.024120370370370327
0 0.9901614583333334 0.6036203703703703 0.016979166666666858 0.01877777777777775
0 0.7889322916666667 0.6206388888888889 0.018489583333333334 0.021722222222222257
0 0.8066328125000001 0.5699861111111112 0.024036458333333142 0.021027777777777812
0 0.588421875 0.5318518518518518 0.0264166666666668 0.024944444444444495
0 0.6148177083333333 0.5098518518518519 0.020468750000000095 0.021425925925925807
0 0.5573151041666667 0.5604999999999999 0.030703124999999904 0.024648148148148048
0 0.5691380208333333 0.4870462962962963 0.018807291666666497 0.024611111111111045
0 0.13140885416666667 0.6340277777777777 0.019515625000000016 0.019981481481481413
0 0.29470833333333335 0.4635462962962963 0.03453124999999998 0.016629629629629664
0 0.2481640625 0.5280462962962963 0.02421354166666667 0.015092592592592761
0 0.3303932291666667 0.5032916666666667 0.016921875000000006 0.01173148148148155
0 0.31105208333333334 0.5577314814814816 0.019687499999999976 0.021518518518518527
0 0.38736458333333335 0.5169537037037036 0.022562499999999968 0.024537037037037038
0 0.46722916666666664 0.4758611111111112 0.021187499999999915 0.016111111111111142
0 0.41576562499999997 0.6101527777777777 0.03142708333333341 0.03178703703703697
0 0.43093489583333333 0.5595694444444445 0.015703125000000047 0.024046296296296323
0 0.40547395833333333 0.4863564814814815 0.029781250000000033 0.016509259259259192
0 0.697671875 0.48590277777777774 0.02201041666666678 0.0150833333333333
0 0.09202864583333333 0.5351666666666667 0.02453645833333334 0.01625925925925921
0 0.023697916666666666 0.7666666666666667 0.04739583333333333 0.04537037037037037
0 0.0302734375 0.7280694444444445 0.045734375 0.032379629629629446
0 0.049117187500000006 0.7824444444444444 0.02780729166666666 0.023555555555555607
0 0.05177864583333333 0.6748287037037037 0.020244791666666668 0.02013888888888889
0 0.10767187500000001 0.6260416666666667 0.027260416666666683 0.025694444444444443
0 0.23835937499999998 0.8803935185185185 0.040177083333333384 0.04354629629629648
0 0.2674192708333333 0.5444351851851852 0.02751562499999999 0.01820370370370378
0 0.3436197916666667 0.6440555555555555 0.014260416666666723 0.019999999999999917
0 0.33781770833333336 0.6706388888888889 0.0128541666666667 0.017500000000000085
0 0.4454348958333333 0.5410879629629629 0.018171874999999935 0.022212962962962973
0 0.6265625 0.4782685185185185 0.021114583333333315 0.020092592592592634
0 0.7445859375 0.5721064814814815 0.018848958333333363 0.025472222222222212
0 0.6259973958333334 0.6049675925925926 0.029411458333333466 0.030861111111111044
0 0.5914713541666666 0.5143240740740741 0.023880208333333285 0.025703703703703694
0 0.23977604166666666 0.5698888888888889 0.01502083333333335 0.021166666666666785
0 0.3119635416666667 0.5746203703703704 0.026374999999999933 0.027537037037037044
0 0.26386197916666665 0.5914398148148148 0.03432812500000004 0.03349074074074081