0 0.019638020833333332 0.7000694444444445 0.03840104166666666 0.039083333333333366
0 0.042882812500000006 0.9472268518518518 0.05768229166666667 0.09174999999999993
0 0.12751822916666666 0.6396435185185185 0.033526041666666666 0.039694444444444345
0 0.15377083333333333 0.8239907407407407 0.033854166666666664 0.04788888888888891
0 0.0965 0.977347222222222 0.0414375 0.04345370370370397
0 0.2007734375 0.8677546296296296 0.04148437499999999 0.07499074074074075
0 0.2749036458333334 0.9697638888888889 0.05566145833333331 0.05862037037037032
0 0.25194791666666666 0.7670972222222222 0.04880208333333336 0.041694444444444416
0 0.2248671875 0.7387592592592592 0.039046875000000016 0.05022222222222223
0 0.14396874999999998 0.959037037037037 0.05062500000000001 0.06640740740740722
0 0.12308593749999999 0.9299027777777777 0.03425520833333332 0.045379629629629624
0 0.15997916666666667 0.8801249999999999 0.032875 0.054361111111111145
0 0.15992187500000002 0.7848611111111112 0.049343750000000006 0.05170370370370384
0 0.21938281250000002 0.9514999999999999 0.048588541666666644 0.07372222222222223
0 0.35624739583333326 0.9688194444444445 0.05227604166666661 0.06050925925925917
0 0.3804635416666667 0.9218472222222223 0.047572916666666624 0.05454629629629616
0 0.3941328125 0.8881388888888889 0.04610937499999999 0.04870370370370362
0 0.44565625 0.9193796296296296 0.037760416666666664 0.04977777777777777
0 0.4504270833333333 0.9903333333333333 0.02550000000000002 0.017481481481481584
0 0.5020338541666667 0.837625 0.0340572916666666 0.03793518518518521
0 0.2870520833333333 0.8006296296296297 0.04158333333333329 0.046148148148148285
0 0.3053854166666667 0.7305370370370371 0.041135416666666674 0.04624074074074079
0 0.3633723958333333 0.6983101851851852 0.039713541666666664 0.0459722222222223
0 0.411703125 0.6709351851851852 0.04190625000000002 0.042759259259259316
0 0.3800130208333333 0.8130879629629629 0.03143229166666662 0.036379629629629595
0 0.5110807291666667 0.723625 0.034296874999999956 0.04591666666666659
0 0.5497890625 0.7302407407407407 0.038859375000000064 0.03655555555555557
0 0.49486458333333333 0.6872638888888889 0.026145833333333358 0.035694444444444404
0 0.5019114583333334 0.5866527777777778 0.03211458333333326 0.03262037037037039
0 0.6115833333333334 0.9871435185185186 0.033000000000000064 0.023861111111111093
0 0.5837734375 0.8459074074074074 0.050453124999999946 0.07085185185185183
0 0.6254583333333333 0.8432777777777778 0.02826041666666678 0.0411666666666667
0 0.6851145833333334 0.9377546296296296 0.07341666666666669 0.0746759259259258
0 0.7450781250000001 0.9879537037037037 0.02587500000000015 0.022240740740740724
0 0.8330520833333334 0.9910648148148147 0.018479166666666675 0.016018518518518685
0 0.7995885416666667 0.9458472222222222 0.05848958333333343 0.08608333333333336
0 0.7338229166666667 0.8403796296296296 0.04912499999999985 0.057018518518518455
0 0.6686328125000001 0.8566111111111111 0.04440104166666667 0.03492592592592595
0 0.6575338541666667 0.787787037037037 0.03036979166666664 0.039796296296296316
0 0.7044583333333333 0.7635185185185185 0.036604166666666535 0.07074074074074083
0 0.7961302083333333 0.831837962962963 0.05180208333333335 0.059657407407407465
0 0.8342994791666667 0.8607546296296297 0.05607812500000004 0.06491666666666679
0 0.8388125 0.9119398148148148 0.0271979166666668 0.04756481481481471
0 0.8686354166666667 0.9280972222222222 0.035927083333333346 0.054601851851851665
0 0.9468307291666667 0.9476111111111111 0.07592187499999999 0.08538888888888892
0 0.8821796875000001 0.8178055555555556 0.05689062500000001 0.060074074074074175
0 0.923765625 0.8710138888888889 0.03981249999999979 0.04963888888888901
0 0.9449635416666666 0.8280138888888889 0.055364583333333425 0.06482407407407406
0 0.9905338541666667 0.9870324074074073 0.01789062499999995 0.024083333333333536
0 0.9470624999999999 0.7340416666666667 0.03775000000000001 0.02284259259259266
0 0.8384192708333332 0.6965370370370371 0.052901041666666516 0.04961111111111104
0 0.7291197916666666 0.6711574074074074 0.04569791666666655 0.039740740740740806
0 0.831265625 0.6160555555555555 0.037010416666666636 0.03894444444444439
0 0.7852734375 0.7036111111111111 0.03809895833333314 0.042407407407407366
0 0.932703125 0.6311064814814815 0.03928125000000004 0.026120370370370405
0 0.9161145833333334 0.7444907407407407 0.023916666666666704 0.029166666666666667
0 0.9244140625 0.6666064814814814 0.043359375 0.04752777777777771
0 0.6573567708333333 0.6142037037037037 0.029880208333333276 0.03609259259259261
0 0.6875911458333334 0.5871342592592593 0.03246354166666663 0.03263888888888889
0 0.6206875000000001 0.6605694444444444 0.03792708333333342 0.03502777777777771
0 0.6316197916666667 0.5563333333333333 0.034562500000000065 0.02842592592592597
0 0.08849739583333334 0.7556851851851851 0.01899479166666668 0.023833333333333342
0 0.3055520833333334 0.516412037037037 0.03783333333333327 0.03395370370370377
0 0.24437499999999998 0.6037407407407407 0.027291666666666655 0.02933333333333318
0 0.35863541666666665 0.5899907407407408 0.04157291666666675 0.030648148148148063
0 0.3154322916666667 0.6490694444444445 0.03483333333333339 0.03332407407407408
0 0.4126458333333333 0.594199074074074 0.038697916666666644 0.0385277777777779
0 0.5071744791666667 0.5370648148148148 0.023286458333333353 0.028388888888888755
0 0.44807291666666665 0.7262314814814815 0.03931250000000001 0.05251851851851854
0 0.463921875 0.6551157407407409 0.025 0.03647222222222211
0 0.43289322916666667 0.5529027777777777 0.03522395833333339 0.03060185185185181
0 0.7836562499999999 0.5525416666666667 0.02573958333333337 0.023990740740740816
0 0.06976041666666667 0.7379953703703704 0.04532291666666666 0.045453703703703836
0 0.26944010416666664 0.6239120370370371 0.02993229166666668 0.024324074074074057
0 0.3540260416666667 0.7714814814814815 0.016999999999999935 0.024833333333333485
0 0.3506171875 0.8138240740740741 0.021682291666666725 0.034518518518518705
0 0.47911197916666665 0.6290324074074074 0.01953645833333333 0.023435185185185135
0 0.6971432291666666 0.5432870370370371 0.02613020833333337 0.027925925925926003
0 0.8497812499999999 0.6726666666666666 0.02939583333333336 0.03892592592592589
0 0.7042291666666666 0.7253101851851852 0.03617708333333335 0.03558333333333318
0 0.6524296875 0.5863888888888888 0.023880208333333285 0.025703703703703694
0 0.13843750000000002 0.5851203703703705 0.020406249999999973 0.01842592592592601
0 0.157171875 0.5691296296296297 0.022812499999999975 0.021333333333333298
0 0.21251041666666665 0.5679583333333333 0.03456250000000001 0.03017592592592606
0 0.216125 0.5877731481481482 0.024197916666666687 0.025157407407407475
0 0.17982812499999998 0.557050925925926 0.025135416666666664 0.029601851851851876
0 0.285796875 0.5882824074074074 0.041239583333333364 0.050287037037036984
0 0.4093671875 0.7792453703703704 0.032432291666666654 0.03217592592592593
0 0.23056510416666667 0.6625740740740741 0.021671875000000007 0.034722222222222224
0 0.057565104166666665 0.6138194444444444 0.03475520833333333 0.03352777777777781
0 0.11432552083333333 0.5403796296296295 0.026369791666666663 0.03275925925925936
0 0.3182317708333333 0.6808055555555556 0.029567708333333324 0.03685185185185181
0 0.2587265625 0.6953981481481482 0.03770312500000005 0.04274074074074061
0 0.7361744791666667 0.6339768518518518 0.03913020833333339 0.03900925925925936
0 0.7721354166666666 0.6560694444444445 0.036489583333333304 0.03243518518518537
0 0.82025 0.48779166666666673 0.021416666666666608 0.016453703703703686
0 0.8573463541666667 0.48511111111111116 0.03278645833333324 0.02350000000000005
0 0.9138203125 0.49460648148148145 0.03701562499999985 0.029138888888888704
0 0.8695859375 0.5354953703703704 0.04203645833333335 0.026324074074073923
0 0.9044348958333333 0.5305138888888888 0.029880208333333276 0.026324074074073923