0 0.07951822916666668 0.7144490740740741 0.040755208333333334 0.0577870370370369
0 0.09470572916666667 0.9596527777777777 0.039421875 0.061342592592592594
0 0.22397916666666665 0.8828611111111111 0.0645416666666667 0.06079629629629637
0 0.18998437499999998 0.8422314814814814 0.04192708333333333 0.06305555555555548
0 0.10668749999999999 0.9046111111111111 0.06815625 0.07907407407407416
0 0.522296875 0.9714351851851852 0.037906250000000107 0.05287037037037028
0 0.26331249999999995 0.926962962962963 0.05026041666666667 0.0668518518518519
0 0.28641145833333337 0.8310833333333333 0.04912500000000006 0.05905555555555574
0 0.35678906250000003 0.7900092592592592 0.051734374999999964 0.056648148148147996
0 0.41229947916666665 0.7503518518518518 0.05029687499999997 0.05448148148148141
0 0.3749895833333333 0.9396574074074073 0.034885416666666676 0.04198148148148162
0 0.5263489583333333 0.8221759259259259 0.04053125000000009 0.06211111111111104
0 0.5692447916666665 0.8276898148148147 0.041010416666666556 0.05723148148148143
0 0.507109375 0.7711527777777778 0.032041666666666656 0.043916666666666514
0 0.5146458333333334 0.6493472222222222 0.03991666666666672 0.04049074074074076
0 0.6159921875 0.9695138888888889 0.05770312499999998 0.05912037037037029
0 0.6693437499999999 0.9732777777777777 0.03693750000000004 0.051592592592592725
0 0.8000624999999999 0.9672916666666667 0.05431249999999987 0.0635648148148149
0 0.7199140625000001 0.9868425925925925 0.05019270833333327 0.02446296296296303
0 0.7048385416666666 0.905875 0.04511458333333328 0.05658333333333345
0 0.7563124999999999 0.8732129629629629 0.04445833333333316 0.08746296296296299
0 0.8726380208333334 0.9636157407407406 0.06335937499999982 0.07091666666666681
0 0.9704114583333333 0.9480324074074075 0.05813541666666661 0.0812685185185185
0 0.9066979166666668 0.7867546296296296 0.05607291666666659 0.05634259259259251
0 0.78225 0.7560694444444445 0.04876041666666661 0.04795370370370367
0 0.8939947916666665 0.6889120370370371 0.046718749999999906 0.051694444444444376
0 0.8510729166666666 0.7965138888888889 0.04887500000000008 0.05349074074074072
0 0.6954479166666666 0.6823101851851852 0.03590625000000003 0.04517592592592589
0 0.7213723958333332 0.645912037037037 0.042234375000000074 0.039620370370370334
0 0.6501614583333333 0.7407407407407407 0.03893750000000011 0.036796296296296306
0 0.6593697916666666 0.609638888888889 0.038270833333333344 0.03462962962962971
0 0.03214583333333333 0.8674120370370371 0.033479166666666664 0.04125000000000017
0 0.2922239583333333 0.5583009259259258 0.05213541666666665 0.04456481481481492
0 0.22048697916666668 0.6719259259259259 0.03298437499999996 0.0381851851851852
0 0.33220052083333335 0.6320416666666667 0.033046874999999906 0.0349537037037037
0 0.301828125 0.7182268518518518 0.045979166666666654 0.04695370370370374
0 0.4131041666666667 0.6542453703703704 0.042489583333333296 0.04695370370370374
0 0.5201484375 0.5882638888888889 0.027942708333333382 0.030824074074074042
0 0.45226302083333336 0.8280324074074075 0.05609895833333335 0.06634259259259268
0 0.4716927083333333 0.7313657407407408 0.025906250000000006 0.039361111111111104
0 0.43856249999999997 0.6075555555555556 0.04208333333333343 0.03394444444444431
0 0.8330286458333334 0.6057870370370371 0.03263020833333338 0.03470370370370372
0 0.016145833333333335 0.8490740740740741 0.03229166666666667 0.053703703703703705
0 0.24801302083333335 0.6977037037037037 0.042411458333333305 0.04261111111111109
0 0.3443567708333333 0.8858333333333334 0.019453124999999953 0.030962962962963015
0 0.341453125 0.9477962962962962 0.027583333333333352 0.03451851851851849
0 0.4896744791666666 0.6999351851851853 0.02567187499999998 0.03620370370370362
0 0.7325937499999999 0.590287037037037 0.03619791666666667 0.03459259259259271
0 0.9233020833333333 0.7598194444444445 0.04108333333333339 0.051657407407407374
0 0.7564609375 0.8282361111111111 0.047505208333333354 0.049712962962963014
0 0.6821223958333335 0.6447499999999999 0.02891145833333345 0.03131481481481497
0 0.12189583333333334 0.7585509259259259 0.028927083333333315 0.03552777777777768
0 0.0997578125 0.6447222222222222 0.026630208333333332 0.026851851851851852
0 0.12163281249999999 0.625726851851852 0.027651041666666654 0.026787037037036887
0 0.18014583333333334 0.6210324074074074 0.03456250000000001 0.03352777777777781
0 0.18895572916666664 0.6489166666666666 0.03458854166666671 0.029129629629629665
0 0.14840364583333335 0.6092777777777778 0.02639062499999998 0.032407407407407406
0 0.273796875 0.6483935185185185 0.04464583333333335 0.05026851851851848
0 0.4105 0.8942824074074075 0.03242708333333333 0.03217592592592593
0 0.5008541666666667 0.5503842592592593 0.043760416666666656 0.03350925925925931
0 0.44880989583333336 0.5596388888888889 0.03318229166666668 0.026814814814814847
0 0.13428385416666666 0.5331342592592593 0.02840104166666665 0.02480555555555552
0 0.20810677083333334 0.44911111111111107 0.03384895833333334 0.03731481481481477
0 0.2662109375 0.43836574074074075 0.02372395833333331 0.029768518518518496
0 0.28774479166666667 0.5201064814814814 0.032791666666666684 0.029768518518518604
0 0.35269010416666663 0.6518796296296296 0.03457812499999993 0.03788888888888896
0 0.3307265625 0.5890694444444445 0.020234374999999954 0.031009259259259268
0 0.34632031249999995 0.5656944444444445 0.04011979166666677 0.02790740740740729
0 0.20001822916666664 0.7424722222222221 0.03313020833333328 0.04433333333333343
0 0.21103125 0.518837962962963 0.02595833333333335 0.025379629629629495
0 0.24333072916666668 0.5495046296296295 0.021223958333333334 0.023731481481481582
0 0.25172395833333333 0.513337962962963 0.02529166666666664 0.02402777777777782
0 0.15711197916666667 0.5221527777777777 0.02319270833333332 0.01963888888888892
0 0.17649479166666668 0.4772037037037037 0.026791666666666696 0.019351851851851936
0 0.0181328125 0.6650972222222222 0.034755208333333336 0.03352777777777781
0 0.0760625 0.5900185185185185 0.03122916666666668 0.03455555555555571
0 0.3031953125 0.7638611111111111 0.03523437500000005 0.04920370370370358
0 0.23073697916666666 0.7852685185185184 0.04702604166666665 0.05009259259259251
0 0.3162864583333333 0.4526898148148148 0.025114583333333346 0.023064814814814892
0 0.34107031250000003 0.5143425925925926 0.030630208333333304 0.02738888888888882
0 0.374359375 0.4819212962962962 0.028468749999999925 0.023064814814814733
0 0.41446354166666666 0.46206018518518516 0.020052083333333335 0.024194444444444546
0 0.40224999999999994 0.5173194444444443 0.024562499999999925 0.026990740740740825
0 0.43077864583333336 0.5214953703703703 0.024515625000000086 0.031379629629629514
0 0.4534713541666667 0.5132453703703704 0.02410937499999998 0.024620370370370504
0 0.4621588541666667 0.45775925925925925 0.020151041666666696 0.023370370370370378
0 0.48207031250000004 0.5208842592592592 0.01885937500000002 0.017824074074074076
0 0.5013828124999999 0.5284768518518519 0.020765624999999944 0.023342592592592627
0 0.48301041666666666 0.6126203703703703 0.02255208333333331 0.032796296296296365
0 0.5809505208333333 0.5053101851851852 0.021484375 0.022916666666666665
0 0.562390625 0.5396620370370371 0.026093749999999954 0.021268518518518544
0 0.5900833333333334 0.6165185185185185 0.03272916666666674 0.024925925925925994
0 0.62565625 0.5657037037037037 0.03464583333333333 0.03566666666666665
0 0.5286458333333334 0.4463564814814815 0.014802083333333372 0.023342592592592627
0 0.5589895833333334 0.46579629629629626 0.02053125000000004 0.02079629629629633
0 0.5830755208333334 0.4660046296296296 0.019817708333333427 0.021212962962963038
0 0.6399765625 0.5220740740740741 0.028765624999999774 0.034074074074074034
0 0.6648046875 0.5140185185185185 0.02982812499999999 0.029148148148148166
0 0.6891328125 0.4772222222222222 0.03330729166666657 0.04050000000000001
0 0.7482005208333333 0.5478796296296297 0.02989062500000017 0.03290740740740737
0 0.7701510416666667 0.6070231481481482 0.028291666666666514 0.03995370370370379
0 0.7887135416666666 0.5844537037037038 0.03704166666666661 0.039944444444444324
0 0.7813567708333333 0.7065 0.040088541666666797 0.040037037037037045
0 0.824546875 0.7299537037037037 0.04323958333333356 0.040685185185185234
0 0.8310078124999999 0.5535509259259259 0.031067708333333145 0.02830555555555571
0 0.816265625 0.5730138888888889 0.027760416666666763 0.03243518518518516
0 0.8631093750000001 0.6013518518518519 0.028239583333333467 0.024407407407407527
0 0.8694817708333333 0.6231898148148148 0.02300520833333337 0.023509259259259143
0 0.8647083333333333 0.5251435185185185 0.03307291666666667 0.02573148148148145
0 0.9069531249999999 0.5215833333333333 0.039197916666666784 0.024814814814814984
0 0.9727552083333334 0.5310601851851853 0.042729166666666644 0.034657407407407255
0 0.9245625 0.5803379629629629 0.04823958333333327 0.034768518518518476
0 0.9697942708333334 0.5783194444444445 0.029880208333333276 0.026324074074073923
0 0.7462760416666666 0.4704861111111111 0.020333333333333314 0.02197222222222224
0 0.7885182291666666 0.5181064814814815 0.03138020833333333 0.03415740740740729
0 0.8122083333333333 0.48648611111111106 0.026458333333333427 0.020953703703703804