0 0.8163411458333333 0.8798703703703704 0.05071354166666661 0.056296296296296254
0 0.0633828125 0.5975833333333334 0.027473958333333333 0.026222222222222164
0 0.020494791666666668 0.6056712962962963 0.03584375 0.0386388888888889
0 0.026356770833333334 0.6974212962962962 0.033546875 0.019583333333333418
0 0.10510677083333334 0.7520324074074074 0.04453645833333333 0.03737962962962953
0 0.14983854166666666 0.5540462962962963 0.02059374999999998 0.019888888888888907
0 0.18435677083333335 0.6763101851851852 0.025161458333333307 0.027768518518518526
0 0.141734375 0.7816574074074074 0.02712500000000002 0.03638888888888906
0 0.15171614583333332 0.8382592592592591 0.03799479166666667 0.03907407407407391
0 0.22384374999999998 0.7049027777777778 0.03917708333333335 0.04395370370370373
0 0.041890625 0.8346898148148149 0.029020833333333333 0.04395370370370373
0 0.10235677083333333 0.8117638888888888 0.04866145833333334 0.04845370370370364
0 0.284578125 0.7725740740740741 0.04584374999999999 0.04774074074074069
0 0.26185416666666667 0.6390092592592592 0.034791666666666644 0.03050000000000005
0 0.23888541666666666 0.6170277777777777 0.032572916666666646 0.029814814814814856
0 0.18317708333333335 0.7681064814814815 0.038187499999999965 0.03745370370370354
0 0.17021354166666666 0.7434305555555555 0.025947916666666692 0.022990740740740673
0 0.1960651041666667 0.7103842592592593 0.016765625000000027 0.024083333333333325
0 0.18622916666666667 0.6492916666666667 0.025802083333333316 0.019490740740740697
0 0.24157291666666666 0.758912037037037 0.03945833333333333 0.05041666666666671
0 0.20719270833333334 0.826962962962963 0.04772916666666666 0.04751851851851846
0 0.16004427083333334 0.8846064814814815 0.041276041666666666 0.04471296296296293
0 0.0316171875 0.9175925925925926 0.061598958333333335 0.06664814814814816
0 0.008854166666666666 0.8662037037037037 0.017708333333333333 0.027777777777777776
0 0.1087265625 0.9306620370370371 0.05392187499999999 0.07641666666666685
0 0.21436979166666667 0.9362685185185184 0.03771875000000004 0.06746296296296286
0 0.268375 0.9824583333333334 0.038052083333333306 0.03267592592592589
0 0.29812760416666667 0.9535925925925927 0.04630729166666659 0.05205555555555569
0 0.3070182291666666 0.8883472222222222 0.03964062500000007 0.06413888888888887
0 0.2874114583333333 0.8228333333333334 0.03612500000000007 0.04990740740740749
0 0.3401015625 0.8946527777777779 0.03436979166666667 0.049305555555555554
0 0.34299999999999997 0.7681481481481481 0.027750000000000104 0.043462962962963016
0 0.39601562500000004 0.9140277777777778 0.034145833333333306 0.045407407407407376
0 0.44459635416666665 0.9260787037037037 0.018057291666666704 0.02736111111111128
0 0.44528385416666666 0.8812268518518519 0.04047395833333335 0.04162037037037041
0 0.43425260416666667 0.8338935185185186 0.04545312499999999 0.03584259259259263
0 0.362125 0.7418935185185185 0.03283333333333331 0.05454629629629637
0 0.3750364583333333 0.714037037037037 0.03160416666666658 0.024074074074074074
0 0.41794010416666666 0.7311157407407407 0.022755208333333363 0.020009259259259376
0 0.41547656250000004 0.7859259259259259 0.02602604166666668 0.02703703703703687
0 0.45897916666666666 0.6785185185185185 0.0222291666666667 0.026666666666666835
0 0.2918828125 0.6626296296296297 0.027036458333333256 0.032074074074073956
0 0.3016953125 0.6089305555555555 0.029390625000000035 0.025990740740740682
0 0.349734375 0.5876203703703704 0.02908333333333329 0.030685185185185277
0 0.3887317708333333 0.5686435185185185 0.0329739583333333 0.03317592592592586
0 0.3635260416666667 0.666912037037037 0.023479166666666627 0.02100925925925931
0 0.4676536458333333 0.6076111111111111 0.023671875000000023 0.03414814814814825
0 0.49351562499999996 0.6066990740740741 0.026333333333333306 0.0268240740740741
0 0.4529635416666667 0.5760879629629629 0.021770833333333427 0.020101851851851885
0 0.46265625 0.5089398148148148 0.01975000000000004 0.025064814814814967
0 0.5274713541666667 0.9742500000000001 0.029567708333333324 0.044407407407407444
0 0.50840625 0.897425925925926 0.0433958333333333 0.05342592592592597
0 0.5387994791666666 0.778800925925926 0.027567708333333427 0.026787037037037095
0 0.5188307291666666 0.6843472222222222 0.03339062500000007 0.04499074074074087
0 0.5535442708333334 0.6835231481481482 0.022578124999999952 0.026879629629629604
0 0.5946171875 0.7421481481481481 0.046046874999999925 0.04055555555555551
0 0.5994192708333334 0.8043055555555556 0.03028645833333338 0.05475925925925914
0 0.6366067708333333 0.7798611111111111 0.026515624999999925 0.032703703703703645
0 0.6598515625 0.938125 0.041692708333333425 0.03102777777777798
0 0.5657838541666665 0.9797453703703703 0.03179687500000009 0.038657407407407404
0 0.765015625 0.9839537037037037 0.020833333333333332 0.023759259259259126
0 0.7100546874999999 0.9466342592592593 0.03797395833333326 0.05054629629629643
0 0.7626041666666665 0.9090694444444444 0.040510416666666535 0.05717592592592593
0 0.7565703125 0.8240925925925926 0.0487552083333334 0.05633333333333347
0 0.7177812499999999 0.8224675925925927 0.0395104166666665 0.04547222222222234
0 0.707796875 0.7772592592592593 0.026552083333333344 0.029296296296296178
0 0.6801015625000001 0.7399398148148149 0.035484375000000054 0.04152777777777769
0 0.6394817708333334 0.6794259259259259 0.028734375000000038 0.030962962962963015
0 0.5869401041666668 0.6870277777777778 0.02861979166666657 0.020481481481481382
0 0.5853619791666667 0.6455231481481482 0.025057291666666735 0.028731481481481455
0 0.62009375 0.6328564814814815 0.02695833333333345 0.037749999999999985
0 0.6846692708333334 0.6744305555555555 0.035192708333333184 0.033379629629629586
0 0.7143020833333333 0.6869675925925925 0.02798958333333322 0.02736111111111128
0 0.7135130208333335 0.725625 0.01610937500000015 0.02415740740740754
0 0.7348932291666667 0.7301388888888889 0.0200677083333332 0.029444444444444613
0 0.7849244791666667 0.7398888888888889 0.04203645833333335 0.043999999999999984
0 0.7510963541666666 0.6616203703703704 0.034109374999999886 0.03579629629629616
0 0.778921875 0.6947407407407407 0.027541666666666725 0.02079629629629633
0 0.8007343749999999 0.6694583333333334 0.02979166666666657 0.03184259259259248
0 0.821515625 0.7764444444444444 0.038677083333333445 0.04255555555555559
0 0.8490989583333334 0.7933703703703703 0.023791666666666583 0.029703703703703635
0 0.8927109375000001 0.7855092592592593 0.053411458333333425 0.05488888888888886
0 0.8646197916666666 0.7252638888888888 0.02939583333333336 0.03893518518518514
0 0.8492604166666666 0.6834814814814815 0.042708333333333334 0.02985185185185186
0 0.9233489583333333 0.7506666666666667 0.025197916666666723 0.02887037037037022
0 0.8765442708333334 0.6732731481481481 0.02033854166666676 0.02089814814814809
0 0.86584375 0.641875 0.026156250000000134 0.030342592592592577
0 0.8095494791666666 0.6075092592592592 0.02500520833333345 0.01592592592592597
0 0.7304921875 0.5820185185185185 0.030880208333333315 0.04125925925925921
0 0.643234375 0.5671759259259259 0.031729166666666704 0.022555555555555672
0 0.7297083333333333 0.5304861111111111 0.02687499999999995 0.026546296296296363
0 0.6902369791666667 0.5912222222222222 0.021463541666666686 0.031185185185185243
0 0.8098593749999999 0.536087962962963 0.022770833333333466 0.01691666666666665
0 0.8674479166666667 0.5152129629629629 0.02113541666666663 0.017370370370370362
0 0.9120729166666667 0.5883657407407407 0.024447916666666694 0.026898148148148317
0 0.9372473958333333 0.7025787037037038 0.04133854166666661 0.04150925925925919
0 0.9126796875000001 0.6626666666666667 0.017088541666666637 0.02090740740740734
0 0.8574973958333333 0.9818009259259259 0.043067708333333364 0.03454629629629625
0 0.8883593750000001 0.9435462962962963 0.06430208333333336 0.06825925925925949
0 0.9210442708333333 0.8799861111111111 0.04397395833333325 0.04387962962962951
0 0.9542786458333333 0.9209490740740741 0.05534895833333332 0.05010185185185176
0 0.9703619791666667 0.9853657407407407 0.026640625000000046 0.01962037037037042
0 0.9659583333333333 0.7900370370370371 0.02535416666666682 0.023981481481481565
0 0.5424791666666666 0.8454814814814815 0.01648958333333326 0.029333333333333392
0 0.9941093750000001 0.7782175925925925 0.010739583333333276 0.028861111111111178
0 0.9693671875 0.7429490740740741 0.033557291666666815 0.02650925925925936
0 0.9735598958333334 0.6884074074074075 0.023609374999999964 0.026703703703703837
0 0.9859973958333333 0.6010694444444444 0.018807291666666733 0.018787037037037005
0 0.7874427083333334 0.6180000000000001 0.018489583333333334 0.021722222222222257
0 0.8030651041666667 0.5680046296296296 0.024036458333333382 0.021027777777777812
0 0.5853567708333334 0.5303611111111111 0.026411458333333353 0.024944444444444495
0 0.6134270833333334 0.5078703703703704 0.020468750000000095 0.02142592592592602
0 0.5548072916666666 0.5590138888888888 0.03070833333333335 0.02465740740740751
0 0.5661171875000001 0.4841064814814815 0.011223958333333428 0.015990740740740726
0 0.13121354166666668 0.631962962962963 0.01952083333333334 0.019981481481481413
0 0.294609375 0.46182407407407405 0.03453124999999998 0.016629629629629664
0 0.24668489583333333 0.5262453703703704 0.02421354166666667 0.013212962962962945
0 0.3290390625 0.5013981481481481 0.016921875000000006 0.0117407407407408
0 0.31154166666666666 0.5561064814814815 0.017177083333333343 0.019675925925925927
0 0.38625000000000004 0.515962962962963 0.022562499999999968 0.024537037037037038
0 0.46444270833333334 0.4738842592592592 0.021187500000000033 0.016120370370370445
0 0.41479687500000006 0.6077453703703704 0.03142708333333341 0.03178703703703697
0 0.4298203125 0.5575879629629629 0.015703125000000047 0.02404629629629611
0 0.4049166666666667 0.4853657407407407 0.029781249999999915 0.016509259259259192
0 0.6954427083333333 0.48442129629629627 0.02201041666666678 0.0150833333333333
0 0.09106249999999999 0.5329259259259259 0.02453125000000001 0.01625925925925921
0 0.0244140625 0.7633888888888889 0.04866145833333334 0.04520370370370386
0 0.029789062499999998 0.7251481481481482 0.045734375 0.03187037037037044
0 0.05018229166666666 0.7776296296296296 0.027812499999999987 0.023555555555555607
0 0.05177864583333333 0.6713842592592593 0.020244791666666668 0.02013888888888889
0 0.10844531249999999 0.623287037037037 0.027265625000000012 0.025703703703703694
0 0.23835937499999998 0.8762685185185185 0.040177083333333384 0.04353703703703702
0 0.2671744791666667 0.5420046296296296 0.027515624999999964 0.01678703703703714
0 0.343234375 0.6416481481481482 0.014260416666666723 0.019999999999999917
0 0.3374296875 0.6689212962962963 0.012848958333333372 0.017490740740740623
0 0.4440130208333333 0.5389675925925926 0.018171875000000053 0.022212962962962973
0 0.6242994791666667 0.47670370370370374 0.021119791666666762 0.020092592592592634
0 0.7419479166666666 0.5694305555555556 0.01885416666666657 0.025472222222222212
0 0.6242994791666667 0.6016157407407408 0.029411458333333466 0.030861111111111044
0 0.588484375 0.5109722222222223 0.023885416666666496 0.025703703703703694
0 0.2392734375 0.5709861111111111 0.014463541666666658 0.0165833333333332
0 0.31158854166666666 0.5735740740740741 0.02637500000000005 0.027537037037037044
0 0.26365364583333334 0.5892083333333333 0.03432812499999998 0.03349074074074081