0 0.021851562499999998 0.6973981481481482 0.040921874999999996 0.03907407407407391
0 0.04513020833333334 0.9403888888888888 0.06461458333333334 0.09346296296296301
0 0.1301796875 0.634912037037037 0.033526041666666666 0.039694444444444345
0 0.1572447916666667 0.8159675925925925 0.033854166666666664 0.04787962962962966
0 0.098640625 0.971486111111111 0.04571874999999999 0.05517592592592606
0 0.20459114583333332 0.8578842592592593 0.04148437499999999 0.07499074074074075
0 0.2744739583333333 0.9657546296296295 0.06105208333333335 0.06663888888888903
0 0.2553020833333333 0.7611342592592593 0.04880208333333336 0.041694444444444416
0 0.22671874999999997 0.7334074074074074 0.03904166666666668 0.05022222222222223
0 0.14545052083333332 0.9502222222222222 0.05254687499999999 0.07037037037037037
0 0.12915885416666667 0.9178703703703703 0.03425520833333332 0.04537037037037037
0 0.16388281249999997 0.8725648148148148 0.03165104166666666 0.05281481481481478
0 0.16330989583333333 0.7765324074074074 0.04779687499999999 0.04862037037037036
0 0.22102604166666667 0.9434722222222223 0.04702083333333332 0.07188888888888877
0 0.3565703125 0.9625833333333335 0.05227604166666661 0.06638888888888883
0 0.37998437500000004 0.913513888888889 0.045572916666666664 0.05454629629629616
0 0.3941328125 0.8793425925925926 0.04610937499999999 0.04870370370370362
0 0.44508333333333333 0.9111574074074074 0.03713541666666676 0.04898148148148156
0 0.4470416666666666 0.9853194444444444 0.03227083333333335 0.027509259259259292
0 0.5017890625 0.8303194444444445 0.03308854166666677 0.03793518518518521
0 0.2887890625 0.794148148148148 0.0406614583333333 0.04512962962962964
0 0.3066119791666667 0.724912037037037 0.040755208333333334 0.0452685185185184
0 0.36373177083333336 0.6938518518518518 0.03956770833333335 0.0455925925925926
0 0.41177083333333336 0.6667638888888889 0.04152083333333335 0.04202777777777766
0 0.3803619791666667 0.8052222222222222 0.03143229166666662 0.036388888888888846
0 0.510015625 0.7188101851851852 0.03429166666666674 0.0459166666666668
0 0.5481770833333334 0.7245648148148148 0.03795833333333339 0.03794444444444446
0 0.4941822916666666 0.6823657407407406 0.02614583333333324 0.03569444444444461
0 0.5018671875 0.583648148148148 0.03150520833333334 0.03155555555555549
0 0.6092838541666665 0.9823564814814816 0.033359375000000094 0.03232407407407394
0 0.5819192708333333 0.8381712962962963 0.05000520833333345 0.07010185185185189
0 0.6233802083333333 0.8363981481481481 0.02826041666666678 0.0411666666666667
0 0.6820520833333333 0.9295972222222223 0.07273958333333326 0.07391666666666681
0 0.7405572916666666 0.9830787037037036 0.02815625000000021 0.03199074074074091
0 0.83209375 0.9853333333333332 0.02945833333333354 0.027481481481481752
0 0.7948645833333334 0.9360740740740741 0.05806250000000001 0.08525925925925919
0 0.7296276041666666 0.8321574074074074 0.046755208333333326 0.05587037037037051
0 0.6659921875 0.8494675925925925 0.04381770833333339 0.03471296296296297
0 0.6553151041666666 0.7818657407407407 0.030234375000000095 0.039416666666666815
0 0.7016119791666667 0.757837962962963 0.0362552083333334 0.0694907407407407
0 0.7927005208333333 0.8254537037037037 0.05144270833333332 0.058666666666666784
0 0.8315546875000001 0.852824074074074 0.05208854166666678 0.061666666666666585
0 0.8355885416666666 0.9046805555555556 0.0271979166666668 0.04756481481481471
0 0.8639010416666667 0.9180648148148148 0.03462500000000001 0.05325925925925924
0 0.9413489583333333 0.9401666666666668 0.0731354166666667 0.0838703703703703
0 0.8784739583333334 0.8103518518518518 0.053781250000000114 0.05740740740740741
0 0.9184947916666667 0.8624166666666666 0.03852083333333335 0.04812962962962965
0 0.9401796875 0.82075 0.05095312499999996 0.06481481481481481
0 0.984515625 0.980722222222222 0.02992708333333335 0.03670370370370401
0 0.9422473958333334 0.728212962962963 0.03544270833333343 0.0228333333333332
0 0.8344114583333333 0.6910324074074075 0.05020833333333338 0.046694444444444295
0 0.7255520833333333 0.6659305555555556 0.04511458333333328 0.03887962962962964
0 0.8283723958333333 0.6127638888888889 0.03701562499999985 0.03893518518518514
0 0.7830078125 0.697699074074074 0.03722395833333323 0.04052777777777776
0 0.9268177083333333 0.6265601851851851 0.037541666666666626 0.024231481481481548
0 0.9876953125 0.590537037037037 0.023567708333333333 0.026129629629629655
0 0.9122109374999999 0.740037037037037 0.02247395833333338 0.02779629629629628
0 0.9209427083333334 0.66275 0.042583333333333445 0.045648148148148104
0 0.6550234375 0.6103518518518519 0.029880208333333276 0.03609259259259261
0 0.6852994791666667 0.5825416666666666 0.03221354166666686 0.03204629629629641
0 0.6190208333333334 0.6556805555555556 0.0374270833333334 0.03413888888888879
0 0.630234375 0.5534444444444445 0.03387499999999998 0.026999999999999864
0 0.0923984375 0.7473564814814815 0.01707812500000001 0.02382407407407409
0 0.30590364583333335 0.5141064814814814 0.03753645833333342 0.03323148148148136
0 0.24583072916666668 0.600537037037037 0.02677604166666665 0.029037037037037156
0 0.3577786458333333 0.5847222222222223 0.05058854166666672 0.032777777777777864
0 0.31668229166666667 0.6450694444444444 0.035749999999999935 0.034064814814814784
0 0.41257812499999996 0.5905601851851853 0.038697916666666644 0.03717592592592601
0 0.5064817708333333 0.5345972222222223 0.023286458333333353 0.028398148148148214
0 0.44783072916666666 0.7212129629629629 0.03931770833333334 0.05251851851851854
0 0.46364583333333337 0.6498101851851853 0.025 0.03647222222222211
0 0.43332552083333326 0.5495046296296296 0.03522395833333339 0.03060185185185181
0 0.7814375000000001 0.5487731481481481 0.02573958333333337 0.023990740740740608
0 0.07183854166666667 0.7333750000000001 0.043937500000000004 0.04484259259259244
0 0.27046614583333334 0.6202592592592593 0.02993229166666668 0.024333333333333308
0 0.35463020833333336 0.7653148148148148 0.016999999999999935 0.024833333333333485
0 0.35104947916666673 0.8073425925925927 0.021682291666666725 0.034518518518518705
0 0.4787135416666667 0.6249444444444445 0.019197916666666613 0.023129629629629646
0 0.6951015625 0.5391018518518519 0.02613020833333337 0.02792592592592579
0 0.8471432291666667 0.6688101851851852 0.028265624999999992 0.0379166666666665
0 0.7012135416666666 0.7197731481481482 0.03505208333333343 0.03456481481481475
0 0.6505442708333333 0.5827546296296297 0.023880208333333524 0.025694444444444443
0 0.14123437499999997 0.5812638888888889 0.020093749999999976 0.017861111111111078
0 0.15959375 0.5653842592592593 0.02212500000000001 0.020546296296296347
0 0.21433333333333332 0.564712962962963 0.03456250000000001 0.029500000000000116
0 0.21810416666666665 0.5844814814814815 0.02401041666666668 0.024370370370370313
0 0.18183854166666666 0.553976851851852 0.024885416666666653 0.029046296296296195
0 0.2872421875 0.5856018518518519 0.04236979166666662 0.05027777777777795
0 0.40974479166666666 0.7725416666666667 0.03242708333333333 0.03217592592592593
0 0.23247395833333334 0.6582916666666666 0.02094791666666668 0.03415740740740729
0 0.060247395833333335 0.609875 0.03475520833333333 0.03352777777777781
0 0.11625260416666666 0.537625 0.026369791666666663 0.0327685185185184
0 0.3192942708333334 0.6754861111111112 0.029192708333333428 0.03619444444444458
0 0.260734375 0.6897037037037037 0.03686458333333332 0.042370370370370364
0 0.7336197916666667 0.6283333333333333 0.0391354166666666 0.039018518518518404
0 0.7698437499999999 0.6518379629629629 0.03648958333333354 0.03243518518518516
0 0.8178151041666666 0.4852962962962963 0.021421875000000055 0.016444444444444435
0 0.8547265624999999 0.4825231481481482 0.03278645833333324 0.02350925925925935
0 0.9107005208333334 0.49187962962962967 0.03701562499999985 0.029148148148148166
0 0.8662552083333334 0.5325416666666667 0.042041666666666797 0.02632407407407413
0 0.9009192708333332 0.5272731481481481 0.029880208333333276 0.026324074074073923