0 0.28388281249999997 0.7368425925925925 0.040848958333333366 0.030962962962963015
0 0.3252578125 0.6948240740740741 0.03764062499999999 0.03194444444444444
0 0.31347916666666664 0.6396250000000001 0.03219791666666663 0.030842592592592543
0 0.23552864583333336 0.7671620370370371 0.029630208333333387 0.043120370370370524
0 0.2162552083333333 0.7902268518518518 0.020760416666666674 0.024398148148148065
0 0.24709114583333333 0.9358287037037036 0.06425520833333334 0.0738981481481481
0 0.3334140625 0.8593101851851852 0.025765625000000014 0.05193518518518532
0 0.3253489583333334 0.9571990740740741 0.04082291666666672 0.06184259259259256
0 0.3018854166666667 0.7926064814814815 0.038791666666666676 0.044379629629629685
0 0.34556770833333333 0.7523240740740741 0.036583333333333336 0.04216666666666663
0 0.3778932291666667 0.7038981481481482 0.04957812500000003 0.046740740740740756
0 0.3723932291666667 0.7601388888888889 0.02244270833333329 0.03783333333333345
0 0.3867526041666667 0.7886435185185185 0.03444270833333339 0.03302777777777784
0 0.40746874999999994 0.8541574074074074 0.03831249999999997 0.04609259259259257
0 0.3895572916666667 0.912087962962963 0.07312500000000005 0.08691666666666656
0 0.12347135416666667 0.9670833333333334 0.04509895833333335 0.0639814814814814
0 0.058065104166666666 0.931111111111111 0.06953645833333334 0.06848148148148152
0 0.07000520833333333 0.772638888888889 0.05759374999999999 0.055277777777777606
0 0.14720052083333332 0.7050231481481481 0.044192708333333344 0.04719444444444426
0 0.15838541666666667 0.8369212962962963 0.05581249999999998 0.0445462962962962
0 0.04203645833333333 0.6025925925925926 0.04496875 0.0448148148148149
0 0.022320312499999998 0.6562407407407408 0.03293229166666667 0.02683333333333335
0 0.0728359375 0.6962268518518518 0.03448437499999999 0.04356481481481499
0 0.06699999999999999 0.6623842592592593 0.04272916666666666 0.03634259259259259
0 0.07708072916666667 0.6107592592592592 0.030515624999999987 0.03127777777777775
0 0.11215885416666667 0.6309074074074074 0.031776041666666664 0.028722222222222205
0 0.098625 0.5797638888888889 0.03164583333333333 0.0327870370370369
0 0.08688541666666666 0.5464027777777778 0.03231249999999998 0.029694444444444384
0 0.07876302083333334 0.4950462962962964 0.03657812500000001 0.034111111111111245
0 0.14079947916666669 0.5327361111111111 0.038953125 0.030009259259259125
0 0.1374296875 0.4974398148148147 0.04151562500000002 0.0364351851851851
0 0.15054687499999997 0.46420833333333333 0.02788541666666665 0.025194444444444478
0 0.16398958333333333 0.4795138888888889 0.02681250000000001 0.028083333333333266
0 0.18106510416666666 0.5896805555555555 0.034109375000000004 0.030009259259259125
0 0.2041875 0.5552824074074073 0.030520833333333285 0.02552777777777793
0 0.22641666666666668 0.5777638888888889 0.03213541666666669 0.030638888888888813
0 0.23536979166666666 0.6109027777777779 0.03934374999999998 0.04408333333333345
0 0.2822890625 0.5805046296296296 0.03659895833333333 0.03324999999999986
0 0.33515364583333335 0.5174814814814814 0.031776041666666664 0.022981481481481422
0 0.34924739583333336 0.5640648148148149 0.029005208333333362 0.023870370370370556
0 0.36790625 0.5949351851851852 0.037729166666666696 0.042407407407407366
0 0.3754635416666667 0.6453611111111112 0.03814583333333334 0.040148148148148266
0 0.2078046875 0.49290740740740746 0.02407812500000001 0.03700000000000003
0 0.24301822916666668 0.42796759259259265 0.03019270833333335 0.025509259259259218
0 0.26108333333333333 0.49681018518518527 0.03915625000000003 0.02521296296296298
0 0.28930208333333335 0.4743935185185185 0.022781250000000006 0.022027777777777743
0 0.5166197916666667 0.9465416666666667 0.04434374999999993 0.06271296296296298
0 0.47587500000000005 0.8947222222222222 0.040812500000000064 0.04987037037037049
0 0.5336614583333333 0.8575185185185186 0.026052083333333323 0.043685185185185244
0 0.5173619791666667 0.7520509259259258 0.04739062499999989 0.05680555555555547
0 0.5567447916666667 0.7231388888888889 0.049354166666666546 0.0552222222222221
0 0.42555468750000003 0.6711990740740741 0.037880208333333346 0.037027777777777784
0 0.4259973958333333 0.6124722222222222 0.03373437499999999 0.04531481481481486
0 0.4077734375 0.547199074074074 0.028921875000000104 0.020749999999999866
0 0.4710598958333333 0.5907916666666667 0.027671875000000058 0.03323148148148136
0 0.49484635416666667 0.6126296296296296 0.03395312500000003 0.029685185185185134
0 0.4087604166666666 0.520712962962963 0.0366458333333334 0.021388888888888805
0 0.46073437500000003 0.5187962962962962 0.025656249999999995 0.029685185185185134
0 0.528515625 0.4796944444444445 0.01975000000000004 0.017870370370370328
0 0.5518307291666666 0.5160833333333333 0.02117187499999981 0.019148148148148206
0 0.5613619791666667 0.4903888888888889 0.019015625000000112 0.01627777777777771
0 0.5470989583333332 0.6076805555555557 0.022802083333333202 0.028083333333333266
0 0.5331015625 0.679837962962963 0.030994791666666664 0.0481759259259259
0 0.5677708333333332 0.6718935185185185 0.035312500000000094 0.046472222222222276
0 0.6042526041666666 0.6269722222222223 0.028203125000000048 0.03587037037037038
0 0.6052838541666666 0.7239907407407407 0.03622395833333343 0.030981481481481516
0 0.60621875 0.5176250000000001 0.03347916666666653 0.030935185185185052
0 0.5982083333333333 0.4543101851851852 0.02887500000000003 0.02487962962962953
0 0.6515755208333334 0.5724166666666667 0.032723958333333296 0.03496296296296295
0 0.6182552083333335 0.4915972222222222 0.023520833333333258 0.023564814814814646
0 0.6386276041666666 0.47679629629629633 0.028182291666666734 0.023277777777777713
0 0.6469557291666667 0.5000555555555555 0.02639062500000004 0.02459259259259254
0 0.6287604166666667 0.8462222222222222 0.046791666666666745 0.05948148148148149
0 0.7393984375 0.841087962962963 0.03828645833333345 0.06560185185185177
0 0.7150911458333333 0.8521342592592593 0.022234374999999792 0.02899074074074069
0 0.7338906250000001 0.9134490740740742 0.03369791666666657 0.05869444444444433
0 0.7463671875000001 0.9758796296296297 0.04454687499999987 0.03700000000000003
0 0.6690989583333333 0.7361111111111112 0.0326666666666668 0.03137037037037047
0 0.7147447916666666 0.7400925925925925 0.044364583333333485 0.05572222222222207
0 0.7410546874999999 0.7519490740740741 0.026828125000000112 0.037138888888889006
0 0.7240182291666667 0.7169398148148147 0.0323489583333334 0.03217592592592593
0 0.6950156249999999 0.7206898148148149 0.02454166666666661 0.03224999999999993
0 0.6855625 0.615074074074074 0.02890625 0.03261111111111114
0 0.6434062500000001 0.6637685185185185 0.026124999999999923 0.04685185185185177
0 0.7580807291666666 0.6385648148148148 0.030317708333333353 0.02661111111111112
0 0.7699713541666667 0.7294861111111112 0.027036458333333256 0.038324074074073955
0 0.77184375 0.5782037037037038 0.02659374999999997 0.03424074074074076
0 0.688375 0.5768101851851851 0.021999999999999888 0.03026851851851857
0 0.7415755208333333 0.5859629629629629 0.02180729166666661 0.02974074074074064
0 0.7545416666666667 0.612212962962963 0.026750000000000065 0.03368518518518528
0 0.7189739583333332 0.5634398148148148 0.029343750000000075 0.03387962962962955
0 0.6988619791666667 0.535425925925926 0.015359374999999887 0.023685185185185118
0 0.731640625 0.5410648148148148 0.018343749999999895 0.022018518518518493
0 0.8355651041666666 0.9690277777777777 0.057567708333333203 0.06009259259259268
0 0.8682604166666666 0.8701203703703704 0.06653124999999989 0.07872222222222221
0 0.8202213541666666 0.786375 0.04825520833333338 0.04691666666666673
0 0.808375 0.8763657407407407 0.02440624999999983 0.046416666666666766
0 0.9091302083333334 0.9589537037037038 0.050729166666666714 0.06559259259259262
0 0.9341354166666667 0.9408518518518518 0.06343750000000009 0.08407407407407404
0 0.970953125 0.9149305555555556 0.03987499999999997 0.06015740740740743
0 0.9726979166666666 0.8606157407407407 0.039718750000000115 0.05700925925925941
0 0.8452630208333333 0.7651157407407407 0.04153645833333333 0.04419444444444446
0 0.9048541666666667 0.8248472222222223 0.05969791666666661 0.055731481481481535
0 0.9791822916666667 0.7664583333333334 0.03567708333333333 0.03008333333333334
0 0.9852135416666667 0.8046990740740741 0.024104166666666534 0.02304629629629618
0 0.9635130208333335 0.7143981481481481 0.04193229166666678 0.041314814814814714
0 0.8960260416666667 0.6653842592592593 0.046020833333333164 0.0481944444444444
0 0.8752526041666667 0.6970138888888888 0.01891145833333354 0.019898148148148158
0 0.791640625 0.5955 0.017416666666666695 0.014592592592592584
0 0.8047864583333334 0.7046574074074073 0.022145833333333323 0.023444444444444597
0 0.7916848958333332 0.6154768518518519 0.02910937500000017 0.023879629629629594
0 0.7916015625 0.6386759259259259 0.025630208333333352 0.028796296296296212
0 0.8565937499999999 0.5162453703703704 0.029604166666666744 0.030972222222222054
0 0.8551197916666666 0.5418055555555555 0.033114583333333295 0.020351851851851867
0 0.8233229166666667 0.5646574074074073 0.020895833333333277 0.023000000000000135
0 0.8525703124999999 0.5962824074074075 0.020901041666666724 0.020398148148148124
0 0.899390625 0.5475833333333334 0.0365729166666668 0.026981481481481363
0 0.8953802083333334 0.5887407407407407 0.018166666666666723 0.023000000000000135
0 0.8794427083333333 0.5876157407407407 0.012937500000000076 0.021231481481481542
0 0.8967083333333332 0.6100694444444444 0.023364583333333164 0.02573148148148145
0 0.7869140625 0.5480277777777778 0.029859374999999962 0.031407407407407474
0 0.732640625 0.48837962962962966 0.023270833333333484 0.02533333333333345
0 0.7589479166666666 0.4993518518518518 0.023010416666666818 0.021611111111111247
0 0.7668880208333334 0.5257314814814814 0.025494791666666572 0.018592592592592525