0 0.3104635416666667 0.7056018518518518 0.03947916666666664 0.02974074074074064
0 0.3500963541666666 0.6683888888888889 0.037192708333333255 0.031314814814814754
0 0.3398515625 0.6195694444444444 0.030515624999999956 0.02749074074074079
0 0.26653125 0.7349120370370371 0.028166666666666628 0.03471296296296297
0 0.24909114583333333 0.7543935185185185 0.020640625 0.021824074074074017
0 0.2770572916666667 0.8823333333333334 0.05909374999999999 0.06522222222222228
0 0.35775520833333335 0.8157407407407408 0.024624999999999987 0.048092592592592645
0 0.35936979166666666 0.9064351851851852 0.04053124999999997 0.07087037037037033
0 0.3306875 0.7531712962962962 0.03862499999999992 0.042175925925926096
0 0.37072135416666663 0.715675925925926 0.03657812500000001 0.04216666666666663
0 0.39965104166666665 0.6784814814814815 0.0406979166666666 0.046740740740740756
0 0.39146354166666664 0.7189768518518518 0.02244791666666662 0.03784259259259249
0 0.40652343750000003 0.7432916666666667 0.03444270833333339 0.03302777777777784
0 0.4276041666666667 0.8051574074074074 0.03831249999999997 0.046092592592592775
0 0.4096796875 0.8486203703703704 0.07101562499999996 0.0719814814814815
0 0.036583333333333336 0.8169768518518519 0.060020833333333336 0.0738240740740741
0 0.0427109375 0.8679583333333333 0.058536458333333326 0.07800925925925926
0 0.06389322916666668 0.9645462962962963 0.04596354166666667 0.0514999999999999
0 0.15242447916666665 0.9726574074074075 0.04448437500000003 0.05283333333333328
0 0.17751302083333334 0.9157222222222222 0.04509895833333335 0.06848148148148152
0 0.11822656250000001 0.8806759259259259 0.05969270833333334 0.05894444444444452
0 0.11718489583333333 0.740287037037037 0.055213541666666664 0.0477962962962962
0 0.18541666666666667 0.6811157407407408 0.04180208333333333 0.037694444444444475
0 0.20257291666666666 0.7944583333333334 0.05581249999999998 0.04454629629629642
0 0.07748958333333333 0.5884675925925926 0.04496874999999999 0.04480555555555544
0 0.058791666666666666 0.6333240740740741 0.03189583333333334 0.025999999999999933
0 0.11366927083333334 0.6711759259259259 0.03309895833333334 0.04094444444444447
0 0.10351302083333333 0.6411712962962963 0.042734375000000005 0.03634259259259259
0 0.11301562500000001 0.5948518518518519 0.030520833333333344 0.03127777777777796
0 0.14360677083333334 0.6126666666666667 0.031776041666666664 0.028722222222222205
0 0.1314140625 0.5670972222222221 0.031776041666666664 0.03160185185185195
0 0.12244791666666668 0.5387685185185185 0.03231249999999998 0.029703703703703635
0 0.10725260416666667 0.49307870370370366 0.036265624999999996 0.03350925925925931
0 0.16870572916666665 0.5245925925925925 0.038953124999999984 0.030018518518518587
0 0.16004947916666667 0.4907685185185185 0.03599479166666667 0.03546296296296292
0 0.1737734375 0.4590787037037037 0.023776041666666713 0.02154629629629628
0 0.18604687500000003 0.474787037037037 0.02659374999999997 0.021999999999999992
0 0.20721875 0.5751759259259259 0.03411458333333333 0.030000000000000086
0 0.22750520833333335 0.5435787037037038 0.030520833333333344 0.02552777777777793
0 0.25272916666666667 0.5655972222222222 0.03213541666666669 0.030638888888889024
0 0.259640625 0.5927268518518518 0.041114583333333364 0.03447222222222224
0 0.30447395833333335 0.566875 0.03203125 0.026175925925925908
0 0.35577864583333335 0.5095879629629629 0.031776041666666664 0.02297222222222217
0 0.36691145833333333 0.5504444444444445 0.028364583333333353 0.023296296296296162
0 0.3893619791666667 0.5788518518518518 0.03430729166666661 0.04148148148148144
0 0.39770052083333335 0.6256064814814815 0.03465104166666665 0.03447222222222224
0 0.23273958333333333 0.48815740740740743 0.02297916666666667 0.03000000000000003
0 0.2602057291666667 0.4279953703703704 0.02872395833333332 0.022342592592592588
0 0.2834479166666667 0.49118981481481483 0.03915624999999994 0.02521296296296298
0 0.30633854166666663 0.46964351851851854 0.022781250000000006 0.022027777777777743
0 0.5363125 0.8942916666666667 0.049885416666666536 0.06606481481481473
0 0.4961510416666667 0.8453055555555556 0.036885416666666636 0.045333333333333364
0 0.5507838541666668 0.8127407407407408 0.023890624999999943 0.0382777777777777
0 0.5338932291666667 0.7182546296296296 0.042171874999999893 0.05486111111111111
0 0.5718645833333333 0.6951435185185185 0.044500000000000026 0.054268518518518424
0 0.4465078125 0.6493333333333333 0.037880208333333346 0.037018518518518534
0 0.4467057291666666 0.6007268518518518 0.03572395833333341 0.036379629629629595
0 0.4275026041666667 0.5399259259259259 0.028921875000000104 0.020740740740740823
0 0.48737760416666664 0.5744629629629631 0.025151041666666648 0.030962962962963015
0 0.5072500000000001 0.5951759259259259 0.033947916666666585 0.029685185185185134
0 0.4247734375 0.5151898148148147 0.036640624999999954 0.021379629629629766
0 0.47877604166666665 0.512925925925926 0.025656249999999995 0.029685185185185134
0 0.5408854166666667 0.47870833333333335 0.01975000000000004 0.01787962962962958
0 0.5649244791666667 0.5112962962962964 0.021932291666666732 0.019148148148147998
0 0.5712734374999999 0.48895370370370367 0.019015625000000112 0.01627777777777771
0 0.5610468750000001 0.5933842592592593 0.022802083333333202 0.028083333333333266
0 0.5398255208333335 0.653726851851852 0.028890625000000072 0.0452499999999999
0 0.5761041666666666 0.6451898148148149 0.035312500000000094 0.046472222222222276
0 0.6104348958333332 0.6053333333333333 0.02820312499999981 0.03587037037037038
0 0.6132864583333333 0.6909166666666667 0.03622916666666664 0.030981481481481516
0 0.6127708333333334 0.5126481481481482 0.034166666666666616 0.02607407407407394
0 0.6031979166666666 0.4515601851851852 0.02647916666666674 0.021509259259259277
0 0.6572864583333333 0.5622916666666666 0.02872916666666659 0.031194444444444493
0 0.623375 0.48503240740740744 0.023614583333333408 0.022009259259259242
0 0.6425234375 0.4691388888888888 0.02797395833333335 0.022018518518518493
0 0.6513515625 0.4940046296296297 0.02614062500000003 0.023231481481481617
0 0.6492864583333334 0.940023148148148 0.01880208333333352 0.02282407407407416
0 0.6449088541666667 0.8066898148148148 0.040661458333333185 0.045379629629629624
0 0.7455026041666667 0.8016620370370371 0.035786458333333354 0.053805555555555676
0 0.7245781250000001 0.8089537037037037 0.01866666666666674 0.024092592592592575
0 0.7432864583333334 0.8608009259259259 0.03348958333333343 0.040027777777777794
0 0.7626901041666666 0.9345185185185185 0.05365104166666678 0.06848148148148152
0 0.6769791666666668 0.7053564814814816 0.031083333333333484 0.028120370370370268
0 0.7177317708333334 0.7128009259259259 0.041276041666666666 0.04423148148148146
0 0.7475364583333334 0.718587962962963 0.02269791666666663 0.037138888888889006
0 0.7274817708333333 0.6852777777777777 0.03233854166666674 0.029537037037037122
0 0.7020807291666666 0.6922268518518518 0.023505208333333392 0.028305555555555497
0 0.6908515625 0.5951018518518519 0.027182291666666695 0.03261111111111114
0 0.6516953125 0.6405462962962962 0.025682291666666874 0.03912962962962962
0 0.7600442708333333 0.615875 0.029140624999999906 0.026064814814814898
0 0.7720729166666668 0.6990462962962963 0.02384374999999987 0.03464814814814821
0 0.7733359375 0.5616712962962963 0.026598958333333183 0.03425000000000001
0 0.6952526041666667 0.5696574074074074 0.019244791666666573 0.024537037037037038
0 0.7447864583333333 0.5716574074074074 0.018802083333333285 0.021611111111111036
0 0.7555624999999999 0.5946898148148148 0.02201041666666678 0.020379629629629623
0 0.7213984375 0.5529074074074074 0.026598958333333183 0.023648148148148116
0 0.7011145833333333 0.525 0.012624999999999886 0.01714814814814813
0 0.7329791666666667 0.528449074074074 0.018343750000000134 0.022009259259259242
0 0.8379713541666667 0.9196944444444445 0.06440104166666671 0.06949999999999995
0 0.8637239583333333 0.8214907407407408 0.059541666666666514 0.07342592592592609
0 0.8175911458333334 0.7471666666666668 0.04515104166666646 0.04162962962962966
0 0.8082916666666667 0.8288101851851852 0.02440624999999983 0.046416666666666766
0 0.9035963541666666 0.8992685185185185 0.05629687500000007 0.0728703703703702
0 0.9252604166666667 0.8892731481481481 0.059916666666666646 0.08125
0 0.944984375 0.9781527777777778 0.04553125000000004 0.0348796296296297
0 0.9599531250000001 0.8613379629629629 0.04304166666666684 0.06015740740740743
0 0.9601510416666666 0.8115416666666666 0.04241666666666669 0.05313888888888877
0 0.8452734375 0.7315185185185185 0.03507812499999995 0.03449999999999999
0 0.9034947916666667 0.7859212962962964 0.047770833333333464 0.043787037037037006
0 0.9705494791666667 0.7363796296296296 0.03955729166666657 0.03007407407407409
0 0.9780130208333333 0.765550925925926 0.02910937500000017 0.02304629629629618
0 0.9543697916666667 0.6859675925925927 0.039322916666666666 0.035805555555555625
0 0.8924192708333334 0.6441574074074075 0.04328645833333316 0.04511111111111093
0 0.8711484375 0.6718009259259259 0.018911458333333304 0.019898148148148158
0 0.78740625 0.576375 0.017416666666666695 0.014601851851851835
0 0.8007005208333332 0.6750648148148147 0.022140625000000115 0.023444444444444597
0 0.7872942708333334 0.5935092592592592 0.029109374999999934 0.02388888888888885
0 0.7898255208333332 0.6164537037037037 0.025630208333333352 0.028796296296296212
0 0.8509348958333334 0.5068148148148147 0.02960937500000019 0.027648148148148265
0 0.8506848958333334 0.5331342592592593 0.024140624999999954 0.020342592592592617
0 0.8231901041666667 0.5558055555555556 0.020901041666666724 0.023000000000000135
0 0.8488203125000001 0.5823425925925926 0.020901041666666724 0.01990740740740741
0 0.8939791666666667 0.5418703703703704 0.0365729166666668 0.026981481481481363
0 0.8888151041666668 0.576037037037037 0.018161458333333276 0.022999999999999923
0 0.872703125 0.5733842592592593 0.012937500000000076 0.021231481481481542
0 0.8904895833333334 0.5970324074074074 0.022635416666666686 0.020398148148148124
0 0.7855598958333334 0.5404305555555555 0.029859374999999962 0.031398148148148015
0 0.7313020833333332 0.4832638888888888 0.023270833333333484 0.025342592592592545
0 0.7583645833333333 0.49366666666666675 0.023010416666666818 0.021611111111111247
0 0.7644791666666666 0.5184768518518518 0.02550000000000002 0.018601851851851987