0 0.2958776041666667 0.7203935185185185 0.04084895833333325 0.03095370370370376
0 0.3368802083333333 0.6801990740740741 0.03763541666666678 0.03195370370370369
0 0.3235651041666667 0.6223796296296297 0.033973958333333346 0.034537037037037206
0 0.24758333333333335 0.7427870370370371 0.027635416666666638 0.037111111111111046
0 0.2278828125 0.7643981481481481 0.020640625 0.021814814814814763
0 0.25905989583333333 0.9042870370370371 0.062088541666666684 0.07031481481481487
0 0.3414739583333333 0.831912037037037 0.02476041666666665 0.04923148148148155
0 0.33717708333333335 0.9296296296296296 0.04071875000000003 0.07790740740740729
0 0.3100781249999999 0.7650370370370371 0.03862499999999992 0.04218518518518514
0 0.3518567708333334 0.7239305555555556 0.03657812500000001 0.04217592592592588
0 0.3844088541666667 0.6862222222222222 0.04735937499999991 0.046740740740740756
0 0.38312499999999994 0.7406898148148148 0.02244791666666662 0.03784259259259249
0 0.39686458333333335 0.7662592592592592 0.03443749999999994 0.033018518518518385
0 0.41840625 0.8310462962962962 0.03831249999999997 0.04609259259259257
0 0.4000859375 0.8812824074074074 0.07313020833333325 0.07960185185185188
0 0.01484375 0.8189814814814815 0.0296875 0.049074074074074076
0 0.01953125 0.8773148148148148 0.0390625 0.07777777777777778
0 0.032841145833333335 0.9806111111111111 0.04596354166666667 0.03692592592592603
0 0.13122395833333333 0.9808842592592593 0.027760416666666673 0.036379629629629595
0 0.14190885416666665 0.9346944444444445 0.04509895833333335 0.06848148148148152
0 0.08930208333333334 0.8980648148148148 0.06215624999999999 0.061333333333333344
0 0.09255208333333333 0.7458472222222222 0.05521875 0.05471296296296289
0 0.16601302083333333 0.6876388888888889 0.044192708333333344 0.04720370370370372
0 0.17883854166666666 0.8083935185185186 0.05581249999999998 0.04454629629629642
0 0.059145833333333335 0.5906203703703704 0.04496874999999999 0.0448148148148149
0 0.03919010416666667 0.6399814814814816 0.031901041666666664 0.025999999999999933
0 0.09145052083333333 0.6797314814814815 0.03448437500000002 0.04357407407407402
0 0.08498437500000001 0.646074074074074 0.04272916666666666 0.03633333333333334
0 0.09508333333333334 0.5978703703703704 0.030520833333333344 0.03127777777777796
0 0.1257109375 0.6183888888888889 0.031776041666666664 0.028722222222222205
0 0.11423958333333334 0.569462962962963 0.03178124999999999 0.03159259259259249
0 0.1050625 0.5386574074074074 0.03231250000000001 0.029703703703703635
0 0.0929140625 0.48935185185185187 0.036265624999999996 0.03351851851851856
0 0.15276302083333335 0.5250092592592592 0.038953124999999984 0.030018518518518587
0 0.14763802083333336 0.4900231481481482 0.03968229166666668 0.036046296296296354
0 0.16061979166666665 0.458300925925926 0.025510416666666678 0.025009259259259252
0 0.17297395833333334 0.47338425925925925 0.02680208333333335 0.02378703703703709
0 0.192640625 0.5786851851851852 0.03411458333333333 0.030000000000000086
0 0.2146875 0.5442824074074074 0.030520833333333344 0.02552777777777793
0 0.23818750000000002 0.5694305555555556 0.03213541666666669 0.030638888888888813
0 0.24641666666666667 0.5985462962962964 0.04040624999999996 0.03831481481481491
0 0.29219531249999997 0.568888888888889 0.03659895833333333 0.02996296296296308
0 0.34349999999999997 0.5102592592592592 0.03178124999999999 0.022981481481481634
0 0.356625 0.5528703703703702 0.028364583333333353 0.023296296296296162
0 0.37686458333333334 0.5826435185185185 0.03567708333333333 0.041842592592592646
0 0.38496874999999997 0.6309074074074074 0.03580208333333334 0.03664814814814808
0 0.21850781249999998 0.4867268518518518 0.023421875000000016 0.032805555555555616
0 0.24992187500000002 0.42461111111111116 0.02922916666666667 0.023351851851851877
0 0.2696588541666667 0.4902638888888889 0.039151041666666705 0.02521296296296298
0 0.296140625 0.4682407407407408 0.022781250000000006 0.022018518518518493
0 0.5234557291666667 0.9163148148148149 0.05041145833333331 0.07085185185185183
0 0.4840260416666667 0.8641712962962964 0.03841666666666666 0.045324074074073906
0 0.5399270833333334 0.8283703703703703 0.026052083333333323 0.043685185185185244
0 0.5245416666666666 0.7304861111111111 0.04426041666666668 0.05563888888888902
0 0.5620078125 0.7054814814814815 0.046442708333333374 0.05464814814814813
0 0.43517968749999997 0.6546018518518518 0.037880208333333346 0.037018518518518534
0 0.4361276041666667 0.6037916666666667 0.03532812499999996 0.03817592592592594
0 0.41581510416666667 0.5403055555555555 0.028921874999999986 0.020740740740740823
0 0.47738020833333333 0.5791527777777777 0.025656249999999995 0.031416666666666725
0 0.5004479166666667 0.5988425925925925 0.0339479166666667 0.029685185185185134
0 0.4149348958333333 0.5143287037037036 0.036640624999999954 0.021379629629629766
0 0.4686328125 0.5126666666666667 0.025651041666666666 0.029685185185185134
0 0.5346927083333333 0.47765277777777776 0.01975000000000004 0.01787962962962958
0 0.5575781250000001 0.5104629629629629 0.021177083333333256 0.019148148148147998
0 0.5666770833333333 0.4865555555555556 0.019010416666666665 0.01627777777777771
0 0.5541354166666667 0.5969583333333333 0.022802083333333202 0.028083333333333266
0 0.5320286458333333 0.6598425925925926 0.028890625000000014 0.04524074074074065
0 0.5671614583333332 0.651712962962963 0.035312500000000094 0.046462962962963025
0 0.6024088541666667 0.6098148148148148 0.028203125000000048 0.03587037037037038
0 0.604 0.7004907407407407 0.03622916666666664 0.030981481481481516
0 0.6070963541666666 0.5117222222222223 0.03375520833333331 0.02900000000000015
0 0.5980338541666667 0.4500046296296296 0.02792187499999983 0.023527777777777748
0 0.6516744791666668 0.5637731481481482 0.030911458333333523 0.03232407407407415
0 0.6191119791666666 0.48364814814814816 0.02361979166666662 0.022018518518518493
0 0.6391276041666667 0.46848611111111116 0.02797395833333335 0.022009259259259242
0 0.6466484375 0.4927407407407408 0.02614062500000003 0.023240740740740656
0 0.6379375 0.9589768518518518 0.01880208333333352 0.02282407407407416
0 0.634421875 0.8180092592592593 0.045479166666666515 0.05027777777777795
0 0.7394817708333333 0.8154212962962962 0.035786458333333354 0.053805555555555676
0 0.7181276041666665 0.8222685185185185 0.021588541666666572 0.028092592592592728
0 0.7359739583333335 0.8821944444444444 0.03365624999999994 0.05529629629629632
0 0.7484166666666667 0.9479722222222222 0.05365624999999999 0.06848148148148152
0 0.6706249999999999 0.713912037037037 0.03235416666666661 0.030546296296296304
0 0.7130104166666666 0.7214675925925925 0.04385416666666657 0.048768518518518586
0 0.7428385416666666 0.7305324074074073 0.02435416666666678 0.037138888888889006
0 0.722578125 0.6947546296296296 0.03234375000000019 0.03217592592592593
0 0.6957395833333334 0.7014675925925926 0.02454166666666661 0.029712962962963097
0 0.6855 0.6009675925925927 0.02890625 0.03260185185185189
0 0.6455442708333333 0.6477592592592591 0.02585937500000005 0.04222222222222214
0 0.7566484374999999 0.6223194444444444 0.029140624999999906 0.026064814814814898
0 0.7682161458333333 0.709199074074074 0.025119791666666676 0.03612037037037057
0 0.7703776041666667 0.5667222222222221 0.02659895833333342 0.03424074074074076
0 0.6914010416666667 0.5726388888888889 0.020343749999999973 0.02683333333333335
0 0.7405286458333333 0.5749953703703704 0.020005208333333257 0.02486111111111103
0 0.7515260416666666 0.598287037037037 0.02403125000000017 0.02479629629629627
0 0.717453125 0.5532824074074075 0.027697916666666583 0.027731481481481312
0 0.6987708333333332 0.5263888888888889 0.013718750000000076 0.019759259259259185
0 0.7301562500000001 0.5302037037037037 0.018343750000000134 0.022018518518518493
0 0.8357135416666667 0.943212962962963 0.06668749999999998 0.07409259259259257
0 0.8630755208333334 0.8407685185185185 0.06545312500000004 0.07342592592592588
0 0.8159557291666667 0.761824074074074 0.04825520833333338 0.04292592592592604
0 0.8046276041666667 0.8479675925925927 0.02440104166666662 0.046416666666666766
0 0.9058541666666666 0.9269166666666667 0.060437499999999984 0.07564814814814819
0 0.925859375 0.9126666666666667 0.06343750000000009 0.09027777777777778
0 0.9634322916666667 0.8855324074074075 0.0430416666666666 0.06015740740740743
0 0.9637343749999999 0.8314583333333333 0.04356250000000017 0.0570092592592592
0 0.8438515624999999 0.7435416666666667 0.03766145833333331 0.03837962962962967
0 0.9021484375 0.7995 0.05253645833333328 0.04857407407407411
0 0.9738828125 0.7477916666666666 0.03955729166666657 0.03008333333333334
0 0.9787109375 0.7819212962962963 0.029109374999999934 0.02304629629629618
0 0.9563281250000001 0.6956157407407407 0.039333333333333324 0.03887962962962964
0 0.8908255208333333 0.6502546296296297 0.046015624999999956 0.0481944444444444
0 0.8714479166666665 0.680337962962963 0.018906250000000093 0.019898148148148158
0 0.785296875 0.5796527777777778 0.017416666666666695 0.014601851851851835
0 0.7979348958333332 0.6846666666666668 0.022140625000000115 0.023444444444444597
0 0.7858463541666667 0.5974907407407407 0.029109374999999934 0.023888888888889057
0 0.7881145833333333 0.6206666666666666 0.025624999999999905 0.028796296296296212
0 0.8510442708333333 0.5084027777777779 0.02960937500000019 0.02963888888888888
0 0.8498932291666667 0.5343287037037038 0.029526041666666693 0.02034259259259241
0 0.8197213541666667 0.5563981481481483 0.020901041666666724 0.023000000000000135
0 0.8475859375 0.5857268518518519 0.020901041666666724 0.019898148148148158
0 0.893640625 0.5408703703703704 0.0365729166666668 0.026981481481481363
0 0.8890390625 0.5788240740740741 0.018161458333333276 0.022999999999999923
0 0.873265625 0.5769675925925926 0.012937500000000076 0.021231481481481542
0 0.890375 0.5994259259259259 0.023072916666666762 0.02359259259259261
0 0.7833203125 0.5400370370370371 0.029859374999999962 0.031407407407407474
0 0.7294192708333334 0.4832638888888888 0.02327604166666646 0.025342592592592545
0 0.7560130208333333 0.49314351851851856 0.02301562500000003 0.021620370370370286
0 0.7633619791666668 0.5188981481481483 0.025494791666666572 0.018592592592592525