0 0.04653906249999999 0.7885694444444444 0.05155729166666667 0.07480555555555553
0 0.2101171875 0.9785138888888889 0.03559895833333335 0.04112037037037024
0 0.16998697916666666 0.9457175925925926 0.04736979166666669 0.07643518518518536
0 0.2816067708333333 0.9299074074074074 0.056057291666666696 0.07370370370370362
0 0.359375 0.8736851851851852 0.05725000000000004 0.07292592592592592
0 0.4246432291666667 0.8374074074074074 0.06504687499999993 0.0668333333333334
0 0.5566536458333334 0.9267962962962963 0.053828124999999956 0.07842592592592576
0 0.6045911458333334 0.9276203703703704 0.046244791666666646 0.06825925925925928
0 0.5314947916666667 0.8623564814814815 0.03708333333333324 0.04619444444444433
0 0.5356536458333333 0.7093888888888888 0.0432864583333334 0.056000000000000015
0 0.8218177083333332 0.971125 0.05303124999999985 0.055898148148148044
0 0.9771848958333335 0.8750416666666666 0.044588541666666495 0.06899074074074073
0 0.8390625 0.8364583333333333 0.06197916666666667 0.07560185185185193
0 0.9686640625 0.7609027777777778 0.04928645833333339 0.0577685185185184
0 0.9226979166666667 0.8864166666666666 0.06345833333333341 0.07124074074074078
0 0.7387395833333333 0.7457175925925926 0.04981250000000017 0.054675925925925885
0 0.7624140625 0.7008796296296297 0.042234375000000074 0.046388888888888806
0 0.6933932291666667 0.8128472222222223 0.05613020833333333 0.055046296296296336
0 0.6911692708333333 0.6573009259259259 0.043911458333333306 0.04219444444444439
0 0.2929791666666667 0.6031574074074075 0.05313541666666666 0.04527777777777786
0 0.208390625 0.7307638888888889 0.032979166666666636 0.03817592592592594
0 0.3560911458333333 0.7122592592592593 0.03740104166666664 0.043037037037037054
0 0.2940078125 0.7975601851851852 0.05135937499999995 0.057620370370370384
0 0.422390625 0.7225787037037037 0.04402083333333332 0.062305555555555524
0 0.5384505208333333 0.6343703703703704 0.029140624999999906 0.03762962962962972
0 0.4702135416666666 0.9274814814814815 0.06510416666666667 0.06603703703703698
0 0.4901770833333333 0.8125833333333333 0.03153124999999998 0.043703703703703745
0 0.4499505208333333 0.6577592592592593 0.04208854166666664 0.052092592592592586
0 0.8815494791666667 0.6546342592592592 0.03263020833333338 0.03886111111111114
0 0.2371875 0.7636805555555556 0.05395833333333329 0.04921296296296305
0 0.5093229166666667 0.7686944444444445 0.026124999999999923 0.037425925925925994
0 0.7703463541666667 0.6354629629629629 0.03999479166666665 0.03909259259259241
0 0.8108203125000001 0.9221018518518519 0.05127604166666657 0.05907407407407403
0 0.7221822916666666 0.7014305555555557 0.036458333333333336 0.04476851851851844
0 0.09370052083333333 0.8411203703703704 0.035807291666666664 0.046037037037037064
0 0.07121614583333334 0.7016388888888889 0.03214062500000001 0.037037037037037035
0 0.09859895833333333 0.6805879629629631 0.032749999999999994 0.034842592592592696
0 0.16504947916666665 0.6782407407407407 0.04145312499999996 0.04133333333333342
0 0.17177343750000001 0.7080787037037037 0.044088541666666654 0.03815740740740744
0 0.128828125 0.6599953703703704 0.029843750000000006 0.03286111111111112
0 0.09466666666666666 0.722125 0.028270833333333318 0.027953703703703755
0 0.11447135416666668 0.7461527777777778 0.027651041666666685 0.02458333333333329
0 0.13332291666666665 0.6875 0.01885416666666666 0.027925925925926003
0 0.2618515625 0.7109675925925926 0.04715104166666665 0.05026851851851848
0 0.5132578124999999 0.5942175925925927 0.04639062500000009 0.04154629629629619
0 0.45933593749999996 0.6006111111111111 0.03658854166666667 0.03148148148148148
0 0.11530208333333333 0.5712962962962963 0.030343749999999996 0.024814814814814772
0 0.19775260416666665 0.479662037037037 0.034536458333333304 0.027935185185185254
0 0.26040104166666667 0.463162037037037 0.024052083333333307 0.03278703703703701
0 0.28125260416666664 0.5573333333333333 0.03513020833333336 0.038055555555555474
0 0.3316744791666667 0.6875462962962963 0.03701562500000009 0.04411111111111099
0 0.3294921875 0.6367314814814814 0.021255208333333307 0.03659259259259257
0 0.3447369791666667 0.6092314814814815 0.040119791666666654 0.02790740740740729
0 0.182640625 0.8223657407407408 0.03971875 0.05852777777777781
0 0.19851041666666666 0.5542222222222222 0.03181249999999996 0.029037037037037156
0 0.23376562500000003 0.5896666666666666 0.02680208333333335 0.03048148148148155
0 0.24139062500000003 0.5474675925925927 0.027645833333333297 0.029750000000000103
0 0.14172916666666666 0.5575694444444445 0.028677083333333304 0.02380555555555559
0 0.162140625 0.5062175925925925 0.02680208333333335 0.021601851851851785
0 0.05496875 0.6215740740740741 0.03391666666666667 0.035740740740740656
0 0.29761197916666665 0.8450046296296296 0.03956770833333335 0.06610185185185173
0 0.21561979166666667 0.8758703703703704 0.05522916666666665 0.06477777777777781
0 0.313609375 0.47598148148148145 0.02559375000000005 0.03029629629629632
0 0.3396953125 0.5473472222222222 0.03279687500000002 0.030805555555555537
0 0.37733333333333335 0.5105324074074075 0.030125000000000075 0.027731481481481524
0 0.4194270833333333 0.4858703703703704 0.020052083333333335 0.024185185185185136
0 0.4059348958333333 0.5508055555555555 0.02840104166666665 0.03351851851851856
0 0.43565364583333327 0.5552314814814816 0.029109374999999934 0.042500000000000086
0 0.4633515625 0.5450972222222221 0.026734374999999963 0.027972222222222256
0 0.4720651041666667 0.48355555555555557 0.02315104166666669 0.02542592592592596
0 0.4948619791666667 0.5518657407407407 0.026734374999999963 0.02206481481481475
0 0.511921875 0.5607777777777778 0.023135416666666703 0.03396296296296302
0 0.49660156250000004 0.6654027777777778 0.029067708333333307 0.038435185185185176
0 0.6020546875 0.5387870370370371 0.023776041666666713 0.02511111111111101
0 0.5833854166666667 0.5795416666666666 0.030083333333333448 0.027324074074074067
0 0.6178229166666667 0.6675185185185185 0.03612500000000007 0.03029629629629632
0 0.6536276041666668 0.6101388888888889 0.042703124999999884 0.04357407407407402
0 0.5430885416666666 0.4688935185185185 0.014802083333333372 0.023342592592592627
0 0.5772213541666666 0.49331944444444453 0.022432291666666514 0.02465740740740751
0 0.6016848958333334 0.49161111111111117 0.023609374999999964 0.025481481481481466
0 0.6668697916666666 0.5607037037037037 0.03371874999999989 0.04125925925925921
0 0.69275 0.5449490740740741 0.036489583333333304 0.031287037037037
0 0.7140625 0.5040046296296297 0.036312499999999893 0.04517592592592589
0 0.7845572916666667 0.5861064814814815 0.029625000000000058 0.035083333333333425
0 0.8135572916666667 0.65575 0.033312500000000016 0.0455925925925926
0 0.8320833333333333 0.6331805555555556 0.047281249999999865 0.0452685185185184
0 0.8313072916666667 0.7763703703703704 0.05231249999999979 0.04966666666666655
0 0.8890546875 0.8087407407407408 0.05158854166666676 0.05396296296296315
0 0.8796588541666668 0.5946203703703704 0.032255208333333486 0.029129629629629665
0 0.8620729166666667 0.6127314814814815 0.03252083333333336 0.03620370370370362
0 0.9225026041666666 0.6463796296296296 0.039682291666666696 0.029055555555555657
0 0.9284427083333334 0.6736018518518518 0.022999999999999923 0.0235000000000001
0 0.9113880208333333 0.5570879629629629 0.03436979166666655 0.026768518518518383
0 0.9632526041666666 0.5591527777777777 0.04150520833333336 0.03150925925925924
0 0.9776432291666667 0.6235277777777779 0.04367187499999995 0.043685185185185035
0 0.9849140624999999 0.6186064814814815 0.029130208333333484 0.026324074074073923
0 0.77853125 0.4935694444444445 0.020333333333333314 0.02197222222222224
0 0.8287005208333333 0.5515231481481482 0.03835937500000005 0.03813888888888894
0 0.852484375 0.5151990740740741 0.026458333333333427 0.020953703703703804