0 0.04880729166666666 0.6450925925925927 0.039635416666666666 0.034722222222222224
0 0.010677083333333334 0.7606481481481482 0.021354166666666667 0.022222222222222223
0 0.08486458333333333 0.8361111111111111 0.05566666666666666 0.08212962962962968
0 0.14595312500000002 0.5916296296296296 0.02172916666666668 0.023055555555555638
0 0.17817447916666668 0.7437962962962963 0.028994791666666703 0.03492592592592574
0 0.12587760416666666 0.8777407407407408 0.033203125 0.06507407407407405
0 0.1311484375 0.9490462962962963 0.04935937499999999 0.057777777777777865
0 0.21914583333333332 0.7805138888888888 0.035593750000000014 0.06025000000000015
0 0.008854166666666666 0.9287037037037037 0.017708333333333333 0.03425925925925926
0 0.07568749999999999 0.9180185185185186 0.06347916666666667 0.06494444444444433
0 0.2850520833333333 0.8586527777777778 0.05320833333333329 0.06582407407407422
0 0.266171875 0.6950138888888889 0.04081250000000001 0.039472222222222325
0 0.2376875 0.6732685185185185 0.035947916666666656 0.04350000000000002
0 0.17086979166666666 0.8576296296296296 0.04647916666666667 0.047074074074074
0 0.157578125 0.8274074074074075 0.03008333333333333 0.04537037037037037
0 0.18781770833333333 0.7852962962962963 0.01984375000000001 0.033666666666666574
0 0.18371614583333334 0.7076342592592592 0.02769270833333337 0.03136111111111101
0 0.2383984375 0.8456157407407409 0.03997395833333333 0.06121296296296308
0 0.19590625 0.9324907407407408 0.06668749999999998 0.0705740740740741
0 0.14370312500000001 0.982 0.05177083333333332 0.03414814814814825
0 0.28635937499999997 0.9277361111111111 0.04541666666666669 0.07652777777777786
0 0.35691406249999996 0.8608796296296296 0.04208854166666664 0.06011111111111118
0 0.46368489583333333 0.9831342592592591 0.03739062499999998 0.031879629629629896
0 0.45565104166666665 0.9486388888888888 0.047864583333333384 0.051129629629629865
0 0.379359375 0.817773148148148 0.03447916666666669 0.05562037037037052
0 0.3954244791666666 0.7918657407407408 0.031057291666666723 0.03169444444444446
0 0.43285677083333335 0.8135972222222222 0.03152604166666665 0.04187962962962965
0 0.4352213541666667 0.8803101851851852 0.02872395833333338 0.037083333333333295
0 0.4847682291666667 0.7495 0.023776041666666713 0.03218518518518518
0 0.29509114583333335 0.724550925925926 0.035546875 0.03789814814814821
0 0.3093125 0.6641018518518519 0.033854166666666664 0.0382222222222222
0 0.36146354166666667 0.637236111111111 0.03761458333333335 0.04060185185185177
0 0.4061953125 0.6157546296296296 0.037692708333333276 0.034731481481481474
0 0.37507552083333334 0.7344027777777777 0.023484375000000075 0.02100925925925931
0 0.4949010416666667 0.6616296296296296 0.029354166666666733 0.03848148148148143
0 0.5268854166666667 0.6640277777777779 0.02983333333333332 0.03201851851851845
0 0.47867187499999997 0.6269305555555555 0.024281249999999942 0.030750000000000034
0 0.48766666666666664 0.5438703703703703 0.022614583333333372 0.02359259259259261
0 0.5788385416666666 0.8777916666666666 0.02839583333333356 0.03426851851851851
0 0.5533359375 0.7573101851851851 0.04197395833333341 0.05565740740740752
0 0.5931927083333333 0.7565416666666667 0.028239583333333467 0.03617592592592608
0 0.6416796875 0.831574074074074 0.0625781249999998 0.06055555555555564
0 0.6494817708333334 0.918675925925926 0.03771354166666659 0.06385185185185188
0 0.6940703125 0.8831944444444445 0.023286458333333353 0.05120370370370366
0 0.8380885416666667 0.9410185185185186 0.06773958333333355 0.07237037037037045
0 0.7897682291666667 0.9347824074074075 0.05497395833333343 0.06150925925925911
0 0.7715572916666668 0.8833055555555556 0.03333333333333333 0.03849999999999993
0 0.74328125 0.8333842592592593 0.0443854166666668 0.06184259259259256
0 0.6906276041666667 0.7558194444444445 0.036161458333333486 0.04267592592592606
0 0.6333020833333334 0.7638055555555555 0.03396875000000013 0.03148148148148148
0 0.6267864583333334 0.7102268518518519 0.02890625 0.0356388888888889
0 0.6663098958333333 0.6905694444444445 0.033088541666666534 0.05280555555555574
0 0.7428385416666666 0.7484768518518519 0.03836458333333326 0.04110185185185174
0 0.7798020833333332 0.7645925925925926 0.038166666666666536 0.04449999999999995
0 0.778 0.8115046296296295 0.025145833333333437 0.03826851851851845
0 0.8030286458333333 0.8233518518518519 0.028317708333333278 0.03811111111111098
0 0.8649635416666667 0.833712962962963 0.05742708333333345 0.057037037037036956
0 0.8204817708333334 0.7309768518518518 0.044869791666666714 0.0495833333333335
0 0.851328125 0.7751342592592593 0.03173958333333336 0.029972222222222122
0 0.8735807291666667 0.7389814814814815 0.0400781249999999 0.05388888888888893
0 0.9065130208333334 0.8803564814814815 0.05359895833333326 0.05421296296296292
0 0.9497369791666667 0.9109120370370372 0.041151041666666784 0.04345370370370355
0 0.9857135416666668 0.8835185185185186 0.02753124999999983 0.05464814814814813
0 0.9603854166666667 0.8106481481481481 0.049833333333333486 0.05981481481481473
0 0.9371432291666667 0.763 0.0568697916666667 0.040999999999999974
0 0.9678411458333334 0.7423148148148149 0.03631770833333311 0.041518518518518656
0 0.9546380208333333 0.7093055555555555 0.05042187499999997 0.04148148148148165
0 0.8775078125 0.665449074074074 0.03082812500000003 0.020638888888888856
0 0.7876901041666666 0.6356712962962963 0.0367031249999999 0.03725000000000002
0 0.6913515625 0.615375 0.041630208333333245 0.0320092592592592
0 0.7878645833333333 0.5720648148148147 0.02687499999999995 0.0265370370370369
0 0.7416484375000001 0.6410648148148148 0.03172395833333326 0.03422222222222226
0 0.8735598958333334 0.5787453703703704 0.025692708333333297 0.020935185185185303
0 0.935328125 0.5525092592592593 0.03159374999999993 0.027333333333333317
0 0.5849609375 0.9648194444444446 0.02280729166666665 0.03782407407407399
0 0.8554609375000001 0.6761018518518519 0.019588541666666497 0.025055555555555505
0 0.8674088541666667 0.6152916666666667 0.026963541666666656 0.03017592592592585
0 0.6269062499999999 0.5682870370370371 0.0264166666666668 0.024944444444444495
0 0.6532760416666666 0.542375 0.020468750000000095 0.021416666666666768
0 0.5929479166666667 0.606287037037037 0.03070833333333335 0.024648148148148048
0 0.6027552083333333 0.517986111111111 0.03243749999999987 0.025157407407407475
0 0.12058854166666669 0.6878657407407407 0.026437499999999996 0.022009259259259242
0 0.3073854166666667 0.4851203703703703 0.035749999999999935 0.02609259259259265
0 0.25273958333333335 0.5609444444444444 0.024208333333333342 0.023888888888889057
0 0.34134114583333336 0.5361388888888888 0.02354687500000002 0.020203703703703856
0 0.3221848958333334 0.6236203703703703 0.029734375000000077 0.028870370370370428
0 0.4056015625 0.5507453703703704 0.03488020833333335 0.026287037037036918
0 0.4927890625 0.5023518518518518 0.021182291666666703 0.019777777777777894
0 0.43647656250000005 0.6620324074074074 0.037703124999999935 0.04560185185185185
0 0.4511302083333334 0.5992129629629629 0.022218749999999923 0.03151851851851849
0 0.42399479166666665 0.515212962962963 0.032458333333333415 0.023222222222222155
0 0.7455963541666667 0.5161990740740741 0.02285937500000017 0.02087962962962959
0 0.01328125 0.8041666666666667 0.0265625 0.032407407407407406
0 0.01640625 0.8708333333333333 0.0328125 0.03888888888888889
0 0.025255208333333338 0.7357453703703704 0.03730208333333333 0.04128703703703717
0 0.09588541666666667 0.6771898148148148 0.027249999999999996 0.031287037037037
0 0.2728515625 0.5786620370370371 0.027515624999999964 0.022472222222222206
0 0.3541979166666666 0.7009583333333335 0.016999999999999935 0.024824074074074023
0 0.34978125000000004 0.7353055555555555 0.01782291666666668 0.026481481481481398
0 0.46786718750000006 0.5793564814814816 0.018171874999999935 0.022212962962962973
0 0.6672916666666666 0.5025092592592593 0.026135416666666817 0.02792592592592579
0 0.8012708333333334 0.6156712962962962 0.024885416666666535 0.0348796296296297
0 0.6665338541666667 0.6565833333333333 0.029411458333333466 0.030851851851851794
0 0.6247786458333333 0.543375 0.023880208333333285 0.025694444444444443
0 0.2952786458333333 0.5524212962962963 0.04235937499999996 0.0415648148148147
0 0.4033333333333333 0.7041712962962963 0.03242708333333333 0.03217592592592593
0 0.24190364583333335 0.6096712962962962 0.01775520833333329 0.02876851851851867
0 0.08466927083333334 0.5669490740740741 0.03210937499999999 0.03245370370370387
0 0.13190885416666667 0.5078240740740741 0.02813020833333333 0.027018518518518365
0 0.3191223958333333 0.5944166666666667 0.026369791666666722 0.027537037037037044
0 0.26616666666666666 0.6357314814814814 0.03516666666666666 0.03720370370370355