0 0.030145833333333334 0.8404722222222223 0.05264583333333333 0.07800000000000001
0 0.27210156249999995 0.9789629629629629 0.045796874999999945 0.04022222222222227
0 0.2979713541666667 0.9067916666666667 0.042130208333333266 0.06584259259259272
0 0.36671875000000004 0.9411527777777777 0.06783333333333334 0.08873148148148141
0 0.43575260416666667 0.8966666666666666 0.06950520833333336 0.07475925925925926
0 0.6157760416666667 0.9754398148148147 0.03984375 0.04726851851851869
0 0.5461614583333334 0.9181990740740741 0.044625000000000095 0.06180555555555556
0 0.5530520833333333 0.750162037037037 0.06928124999999999 0.062324074074074025
0 0.8774505208333333 0.8982824074074074 0.06327604166666655 0.081138888888889
0 0.9637213541666667 0.9530972222222223 0.06685937499999994 0.07208333333333325
0 0.7630625 0.788263888888889 0.051791666666666694 0.06334259259259246
0 0.7905989583333334 0.7384722222222222 0.0460208333333334 0.047055555555555705
0 0.7179010416666666 0.8682407407407408 0.054749999999999945 0.06229629629629648
0 0.7122942708333333 0.6961527777777778 0.03826562500000013 0.0421944444444446
0 0.28879166666666667 0.6333148148148149 0.05313541666666666 0.05642592592592598
0 0.20001041666666666 0.7750694444444445 0.03674999999999997 0.05676851851851847
0 0.35690625 0.7542268518518519 0.04066666666666663 0.053638888888888736
0 0.29430468750000005 0.8520092592592593 0.061807291666666674 0.06022222222222219
0 0.42803385416666667 0.7626111111111111 0.052796874999999945 0.07012962962962964
0 0.5530651041666667 0.6692824074074074 0.036338541666666654 0.04612037037037032
0 0.5028463541666667 0.8660185185185185 0.038859375000000064 0.055240740740740604
0 0.4541354166666667 0.6961203703703703 0.045031250000000016 0.052092592592592794
0 0.9141458333333333 0.6892546296296296 0.039333333333333324 0.05080555555555545
0 0.233234375 0.8061064814814815 0.058322916666666676 0.05813888888888886
0 0.5232916666666667 0.8212685185185186 0.028177083333333287 0.04179629629629618
0 0.7956953125 0.6704907407407408 0.04124479166666646 0.042814814814814826
0 0.8451744791666668 0.9834351851851854 0.05127604166666657 0.03127777777777754
0 0.7458541666666666 0.7401620370370371 0.036458333333333336 0.04476851851851844
0 0.0753671875 0.9043935185185186 0.042484375 0.05117592592592591
0 0.05388541666666667 0.743662037037037 0.033895833333333326 0.03293518518518534
0 0.08540364583333335 0.7204259259259259 0.03500520833333335 0.04103703703703719
0 0.15939322916666665 0.7164537037037036 0.04145312499999996 0.041333333333333215
0 0.16479947916666668 0.7513194444444444 0.04447395833333333 0.04552777777777785
0 0.11926302083333334 0.6976805555555555 0.03175520833333335 0.03558333333333339
0 0.08334895833333333 0.7693981481481482 0.03278125 0.02994444444444458
0 0.1012734375 0.7930787037037037 0.027651041666666685 0.02458333333333329
0 0.12541145833333334 0.727388888888889 0.021125 0.03127777777777775
0 0.2574453125 0.7522962962962964 0.05719270833333336 0.05022222222222223
0 0.5224895833333334 0.6239768518518518 0.04902083333333328 0.04558333333333335
0 0.466390625 0.6292453703703704 0.03998958333333332 0.036157407407407575
0 0.105296875 0.5987546296296296 0.034895833333333334 0.02852777777777773
0 0.19589322916666668 0.4993842592592593 0.034536458333333304 0.027935185185185254
0 0.2593020833333333 0.48051851851851857 0.024052083333333366 0.03279629629629631
0 0.2820963541666667 0.5836574074074073 0.038098958333333384 0.04383333333333347
0 0.33346875 0.7296342592592593 0.039114583333333286 0.04784259259259266
0 0.3319635416666667 0.6733611111111111 0.025218750000000036 0.03659259259259257
0 0.3472708333333333 0.6448703703703704 0.04118749999999996 0.039722222222222305
0 0.17668489583333333 0.8784583333333333 0.04590104166666666 0.05789814814814812
0 0.19248437499999999 0.5787824074074075 0.03181250000000002 0.029027777777777694
0 0.22974739583333334 0.6182453703703703 0.026796875000000022 0.03049074074074059
0 0.23686979166666663 0.5724722222222222 0.027645833333333297 0.02974074074074064
0 0.1357604166666667 0.5769120370370371 0.03139583333333332 0.025305555555555487
0 0.15607291666666664 0.5218333333333334 0.02681250000000001 0.023851851851851843
0 0.05496875 0.6215740740740741 0.03391666666666667 0.035740740740740656
0 0.21034375 0.930861111111111 0.0588229166666667 0.07305555555555564
0 0.3130364583333333 0.4999166666666666 0.025593749999999933 0.03029629629629632
0 0.3399817708333333 0.5779027777777778 0.03279687500000002 0.030805555555555537
0 0.379625 0.5362546296296296 0.030124999999999957 0.027731481481481524
0 0.4240052083333333 0.5085324074074075 0.026052083333333323 0.025712962962962944
0 0.40965885416666664 0.5803472222222222 0.02840104166666665 0.03352777777777781
0 0.4442473958333333 0.5850277777777777 0.029109374999999934 0.042500000000000086
0 0.4716588541666667 0.5723425925925926 0.026734374999999963 0.027962962962963005
0 0.4797994791666667 0.5059629629629631 0.02315104166666669 0.02542592592592596
0 0.5053203125 0.5811527777777777 0.026734374999999963 0.02206481481481475
0 0.5250989583333333 0.5920972222222222 0.023135416666666703 0.03395370370370377
0 0.5058463541666667 0.699787037037037 0.030078125 0.04198148148148162
0 0.6156614583333334 0.5618194444444444 0.027218750000000114 0.028398148148148214
0 0.5970703125 0.6055231481481482 0.032526041666666575 0.03191666666666669
0 0.6332135416666667 0.7012546296296297 0.03940624999999993 0.0356574074074074
0 0.6718880208333334 0.6380277777777777 0.047994791666666474 0.05098148148148143
0 0.5532578125000001 0.4892638888888889 0.014796874999999925 0.023342592592592627
0 0.5893958333333332 0.5161111111111112 0.02414583333333316 0.026962962962962862
0 0.6148541666666667 0.5142638888888889 0.024458333333333353 0.027509259259259292
0 0.6833072916666667 0.5884027777777777 0.03572916666666662 0.04384259259259251
0 0.7094791666666667 0.5704722222222223 0.036489583333333304 0.03772222222222223
0 0.7324453125 0.5265694444444444 0.03818229166666664 0.04517592592592589
0 0.8050937499999999 0.6158657407407407 0.029093750000000067 0.039453703703703824
0 0.8419713541666667 0.6899166666666666 0.040432291666666724 0.05312962962962973
0 0.8577343749999999 0.6612175925925926 0.0518645833333333 0.04462037037037042
0 0.8673125 0.82475 0.06911458333333324 0.060685185185185155
0 0.9300651041666667 0.8621944444444445 0.060630208333333255 0.06327777777777792
0 0.9061770833333334 0.6245601851851853 0.0378020833333333 0.03993518518518529
0 0.8899635416666667 0.6483981481481481 0.036999999999999984 0.04040740740740729
0 0.9547109375 0.6841898148148148 0.04211979166666661 0.04130555555555567
0 0.9644557291666668 0.7136018518518519 0.031046874999999828 0.033370370370370335
0 0.9384192708333333 0.5833287037037037 0.03634895833333331 0.029583333333333375
0 0.9864348958333333 0.5810092592592593 0.026088541666666742 0.03151851851851849
0 0.7997760416666667 0.515074074074074 0.02206249999999983 0.024814814814814772
0 0.8525442708333334 0.5764166666666667 0.04141145833333345 0.03912962962962962
0 0.8746328125 0.5342361111111111 0.029713541666666763 0.025268518518518485