0 0.046546874999999995 0.6516666666666666 0.039635416666666666 0.034722222222222224
0 0.01015625 0.7662037037037037 0.0203125 0.022222222222222223
0 0.08022395833333333 0.8510787037037036 0.05656250000000001 0.07817592592592577
0 0.14554166666666665 0.5981990740740741 0.02172916666666668 0.02306481481481468
0 0.17509375 0.7518333333333334 0.028989583333333315 0.03492592592592595
0 0.12330989583333334 0.890875 0.03628645833333331 0.0738425925925926
0 0.12755729166666668 0.9630972222222222 0.050989583333333324 0.05786111111111133
0 0.21627083333333333 0.7921944444444444 0.035593750000000014 0.06024074074074069
0 0.008854166666666666 0.9287037037037037 0.017708333333333333 0.03425925925925926
0 0.0709609375 0.9316064814814815 0.065953125 0.06752777777777763
0 0.2851484375 0.8750925925925925 0.055869791666666654 0.06142592592592606
0 0.2646276041666667 0.7030416666666667 0.04429687499999998 0.04095370370370372
0 0.23727864583333333 0.6787407407407408 0.03594270833333333 0.04350000000000002
0 0.16850260416666665 0.8687638888888889 0.04914062499999995 0.051101851851851905
0 0.1555234375 0.8383611111111111 0.030078125 0.04537037037037037
0 0.18597135416666666 0.7951527777777778 0.01984895833333334 0.033675925925925825
0 0.18146093749999997 0.7153055555555555 0.02769270833333337 0.03137037037037047
0 0.2358359375 0.8598564814814814 0.04142187499999998 0.06341666666666668
0 0.19428385416666666 0.9464861111111111 0.06964062500000003 0.07178703703703701
0 0.14370312500000001 0.982 0.05177083333333332 0.03414814814814825
0 0.28553645833333335 0.9429861111111111 0.04541666666666669 0.07743518518518529
0 0.3579296874999999 0.8742314814814816 0.045005208333333255 0.06011111111111118
0 0.4588203125 0.9899166666666668 0.021005208333333296 0.01831481481481458
0 0.45654687499999996 0.9639907407407406 0.047864583333333384 0.05359259259259269
0 0.3803932291666667 0.8283425925925925 0.037776041666666656 0.057777777777777865
0 0.3968619791666666 0.8031851851851852 0.031057291666666723 0.031703703703703505
0 0.43635156249999996 0.8260138888888889 0.03152604166666665 0.04187962962962965
0 0.43809635416666665 0.8923611111111112 0.02872395833333338 0.03707407407407404
0 0.48661718750000005 0.7600925925925925 0.023776041666666713 0.03218518518518518
0 0.29529427083333337 0.7351388888888889 0.035546875 0.03790740740740746
0 0.309515625 0.6728657407407407 0.033854166666666664 0.03821296296296295
0 0.3624817708333333 0.6458148148148148 0.037911458333333314 0.04137037037037043
0 0.40824739583333336 0.6219675925925926 0.037692708333333276 0.034731481481481474
0 0.3785703125 0.7438981481481481 0.023484375000000075 0.02101851851851856
0 0.4992109375 0.6694768518518518 0.03265104166666669 0.03958333333333333
0 0.5307864583333334 0.6720555555555555 0.02983333333333332 0.03201851851851845
0 0.4801119791666667 0.6358703703703704 0.02552604166666678 0.034037037037037025
0 0.4891666666666667 0.5487314814814814 0.024520833333333294 0.02261111111111118
0 0.5845885416666666 0.89275 0.030041666666666817 0.040129629629629765
0 0.5584661458333334 0.7669814814814814 0.0432135416666668 0.05677777777777793
0 0.5977109375 0.7663981481481482 0.02823437500000002 0.03835185185185192
0 0.6475260416666667 0.8419722222222221 0.06401041666666671 0.06309259259259248
0 0.6564348958333334 0.9357870370370371 0.03771354166666659 0.06385185185185188
0 0.7008463541666666 0.8967037037037038 0.023286458333333353 0.05120370370370387
0 0.8485651041666666 0.9557916666666666 0.0677343750000001 0.07197222222222224
0 0.80034375 0.949574074074074 0.05887499999999998 0.06405555555555573
0 0.78203125 0.8949861111111111 0.03333333333333333 0.038490740740740895
0 0.7515026041666667 0.8490740740740741 0.04932812500000002 0.06620370370370371
0 0.6959661458333334 0.7642222222222221 0.036161458333333486 0.042685185185185104
0 0.6375078124999999 0.7733055555555556 0.036630208333333296 0.03222222222222239
0 0.6310312499999999 0.7185 0.02890625 0.03562962962962964
0 0.6708828125 0.6975509259259259 0.03284895833333342 0.05560185185185181
0 0.7532057291666666 0.7572361111111111 0.04472395833333328 0.04623148148148133
0 0.7875364583333334 0.7749351851851852 0.04050000000000011 0.04764814814814818
0 0.7845729166666667 0.8209907407407407 0.026510416666666477 0.04214814814814813
0 0.8120703125 0.8352777777777778 0.030786458333333398 0.040055555555555546
0 0.8748203125 0.8450324074074074 0.057432291666666656 0.057046296296296414
0 0.8280833333333334 0.739375 0.044864583333333506 0.04958333333333329
0 0.858515625 0.7853564814814814 0.03173958333333313 0.029972222222222122
0 0.8818958333333333 0.747375 0.04438541666666656 0.06117592592592608
0 0.9208906250000001 0.8969675925925926 0.0568854166666668 0.06041666666666667
0 0.9643203124999999 0.9284351851851852 0.04156770833333354 0.045629629629629395
0 0.9921848958333332 0.8891805555555556 0.01458854166666678 0.04039814814814825
0 0.971171875 0.8234259259259259 0.04716666666666688 0.05981481481481473
0 0.9487682291666667 0.7742685185185185 0.06288020833333334 0.045351851851851865
0 0.9775729166666667 0.752537037037037 0.03483333333333339 0.04151851851851844
0 0.9650885416666667 0.7162314814814814 0.055697916666666694 0.04514814814814814
0 0.8883932291666666 0.6731064814814814 0.03082812500000003 0.02208333333333325
0 0.7944010416666667 0.6417546296296297 0.036697916666666684 0.03725000000000002
0 0.6962838541666667 0.6208518518518519 0.041630208333333245 0.03201851851851845
0 0.7958723958333332 0.5804629629629631 0.026869791666666743 0.0265370370370369
0 0.7473984375 0.6505555555555556 0.03172395833333326 0.03422222222222226
0 0.8830078125 0.5831250000000001 0.025692708333333297 0.020935185185185303
0 0.9453541666666666 0.5580277777777778 0.029177083333333322 0.026166666666666658
0 0.5900963541666667 0.9777870370370371 0.02280729166666665 0.0323518518518519
0 0.8626484375 0.6837685185185185 0.019588541666666497 0.025055555555555505
0 0.8785026041666666 0.6255138888888889 0.026963541666666656 0.03017592592592606
0 0.6308072916666667 0.5733981481481482 0.0264166666666668 0.024944444444444495
0 0.6584114583333334 0.5482175925925926 0.020468750000000095 0.021416666666666768
0 0.596234375 0.6103009259259259 0.03070833333333335 0.02465740740740751
0 0.6046041666666667 0.5220046296296296 0.03243749999999987 0.025157407407407475
0 0.11833072916666666 0.6948101851851851 0.026442708333333325 0.022009259259259242
0 0.30872916666666667 0.48905555555555563 0.03493749999999996 0.02609259259259244
0 0.25273958333333335 0.5643518518518519 0.024208333333333342 0.02388888888888885
0 0.34243489583333336 0.54125 0.02354687500000002 0.020203703703703856
0 0.3202734375 0.6097453703703705 0.029734375000000077 0.028861111111111178
0 0.4074505208333334 0.5562222222222223 0.03488020833333323 0.02629629629629638
0 0.4956640625 0.5069814814814815 0.021182291666666703 0.022222222222222223
0 0.43894010416666673 0.6700601851851852 0.037703124999999935 0.04560185185185185
0 0.45359635416666666 0.6050555555555556 0.02222395833333337 0.03151851851851849
0 0.4264609375 0.5181388888888888 0.03245312499999997 0.023222222222222155
0 0.7538125000000001 0.5198564814814814 0.022854166666666724 0.020879629629629796
0 0.013020833333333334 0.8138888888888889 0.026041666666666668 0.032407407407407406
0 0.01484375 0.8851851851851852 0.0296875 0.03611111111111111
0 0.024432291666666665 0.7456018518518519 0.03730208333333333 0.04127777777777771
0 0.09279166666666666 0.6842546296296297 0.027249999999999996 0.031287037037037
0 0.2711119791666667 0.5837731481481482 0.02751562499999999 0.022472222222222206
0 0.3554322916666667 0.7082592592592594 0.016999999999999935 0.024833333333333485
0 0.3503984375 0.744074074074074 0.017817708333333352 0.026481481481481398
0 0.469796875 0.5860231481481482 0.018177083333333382 0.022212962962962973
0 0.6710625 0.507537037037037 0.026135416666666817 0.027925925925926003
0 0.8083098958333333 0.622375 0.024890624999999982 0.0348796296296297
0 0.6752057291666667 0.6679814814814815 0.029411458333333466 0.030851851851852
0 0.6285494791666667 0.5484027777777778 0.023880208333333285 0.025694444444444443
0 0.15390625 0.5519212962962964 0.016656250000000008 0.015749999999999993
0 0.17178645833333336 0.5367824074074075 0.0207395833333333 0.01899074074074073
0 0.22162239583333332 0.531638888888889 0.034567708333333336 0.026814814814814847
0 0.2293203125 0.5553842592592593 0.023255208333333322 0.02123148148148133
0 0.19396874999999997 0.5232638888888889 0.0207395833333333 0.022342592592592695
0 0.29597135416666664 0.557226851851852 0.04500520833333337 0.044472222222222406
0 0.40484375 0.7138194444444445 0.03242708333333333 0.03217592592592593
0 0.24116406249999997 0.6156481481481483 0.016307291666666637 0.026759259259259344
0 0.08228385416666667 0.5724490740740741 0.03286979166666667 0.03276851851851861
0 0.13073697916666668 0.5116157407407408 0.02763020833333334 0.02865740740740724
0 0.31979427083333334 0.6074398148148149 0.02671354166666665 0.02887962962962968
0 0.26644531250000003 0.6436666666666667 0.035171874999999984 0.03720370370370355