0 0.2875078125 0.7268425925925927 0.040848958333333366 0.030962962962963015
0 0.3292552083333333 0.6849907407407407 0.037635416666666664 0.03194444444444444
0 0.31481770833333333 0.6260509259259259 0.03517708333333332 0.03519444444444444
0 0.23703645833333334 0.7483101851851851 0.028739583333333367 0.04171296296296313
0 0.218203125 0.7720833333333333 0.020645833333333325 0.021814814814814763
0 0.25106249999999997 0.9140462962962963 0.06341666666666666 0.07257407407407397
0 0.33423437500000003 0.8391018518518518 0.02482291666666659 0.049740740740740766
0 0.3273125 0.9399398148148148 0.04080208333333341 0.08102777777777798
0 0.3029453125 0.7737175925925927 0.03866145833333334 0.04262037037037034
0 0.34556770833333333 0.7318101851851851 0.036583333333333336 0.04217592592592588
0 0.3790390625 0.6918194444444444 0.04957812500000003 0.04675000000000001
0 0.37776041666666665 0.7504166666666667 0.02244791666666662 0.03783333333333345
0 0.39180729166666667 0.7774537037037038 0.03443749999999994 0.033018518518518385
0 0.41293749999999996 0.8426018518518519 0.03831249999999997 0.04609259259259257
0 0.39482031250000005 0.8966851851851853 0.07313020833333325 0.08325925925925932
0 0.130875 0.9484953703703703 0.045093749999999995 0.06758333333333313
0 0.07096354166666667 0.9107268518518519 0.06954166666666665 0.06849074074074077
0 0.08051822916666666 0.7575740740740742 0.055692708333333334 0.05483333333333315
0 0.1550859375 0.6952546296296296 0.044192708333333344 0.04719444444444447
0 0.16579166666666667 0.819513888888889 0.05581249999999998 0.04454629629629642
0 0.04930729166666667 0.5953425925925926 0.04496875 0.0448148148148149
0 0.029640624999999997 0.6470046296296296 0.03189583333333334 0.025990740740740682
0 0.08075260416666667 0.686625 0.03448437500000001 0.04356481481481499
0 0.07464322916666667 0.652837962962963 0.042734375000000005 0.03634259259259259
0 0.08488541666666667 0.6025925925925926 0.030520833333333344 0.03127777777777796
0 0.11816927083333333 0.6232407407407408 0.031776041666666664 0.028722222222222205
0 0.105046875 0.5735462962962964 0.03178124999999999 0.03159259259259249
0 0.09429166666666668 0.5408287037037037 0.03231249999999998 0.029694444444444596
0 0.08436718750000001 0.4908842592592592 0.036265625 0.03350925925925931
0 0.14436197916666668 0.5259027777777777 0.038953124999999984 0.030009259259259125
0 0.14056770833333332 0.4910462962962963 0.041489583333333364 0.03631481481481484
0 0.15272135416666668 0.45887962962962964 0.02680729166666668 0.025129629629629724
0 0.16618489583333332 0.4738981481481481 0.027015625 0.02557407407407408
0 0.18452604166666667 0.5812407407407407 0.03411458333333333 0.030000000000000086
0 0.20779166666666668 0.5472175925925926 0.030520833333333285 0.02552777777777772
0 0.22957031249999998 0.5700694444444444 0.03214062500000002 0.030638888888889024
0 0.23902604166666666 0.6014861111111112 0.03969791666666668 0.04215740740740738
0 0.2850859375 0.5713842592592593 0.03659895833333333 0.032157407407407426
0 0.3366067708333333 0.5107685185185186 0.031776041666666664 0.022981481481481422
0 0.3510963541666667 0.5559305555555555 0.028369791666666682 0.023305555555555624
0 0.3699348958333334 0.5856342592592593 0.037046875000000055 0.04221296296296289
0 0.3777109375 0.6336574074074074 0.03696354166666668 0.038833333333333386
0 0.21046875 0.48673148148148143 0.0238645833333333 0.03559259259259264
0 0.24421354166666667 0.42347222222222225 0.029739583333333344 0.024370370370370313
0 0.26269270833333336 0.4901342592592593 0.03915625000000003 0.02521296296296298
0 0.29096875 0.46875 0.022781250000000006 0.022018518518518493
0 0.5170651041666667 0.9297175925925926 0.05041145833333331 0.07084259259259237
0 0.477421875 0.8748935185185185 0.03841666666666666 0.045324074074074114
0 0.5341822916666668 0.8385833333333333 0.026052083333333323 0.043685185185185035
0 0.5179739583333334 0.7377731481481482 0.04634375000000001 0.05641666666666652
0 0.5563723958333334 0.7103935185185185 0.048380208333333445 0.055027777777777835
0 0.4303671875 0.6628981481481482 0.037880208333333346 0.037018518518518534
0 0.4310625 0.6081342592592593 0.03453124999999998 0.041750000000000134
0 0.4117942708333333 0.5437546296296296 0.028921874999999986 0.020750000000000077
0 0.47421875 0.5849768518518519 0.02666666666666669 0.03232407407407394
0 0.49764583333333334 0.6057407407407408 0.0339479166666667 0.029685185185185134
0 0.41184635416666665 0.5175185185185186 0.036640624999999954 0.021388888888888805
0 0.46468489583333333 0.5157314814814815 0.025651041666666666 0.029685185185185134
0 0.5316041666666667 0.47867592592592595 0.01975000000000004 0.017870370370370328
0 0.5547057291666666 0.5132731481481482 0.02117187499999981 0.019157407407407456
0 0.5640208333333334 0.4884722222222222 0.019010416666666665 0.01627777777777771
0 0.5506171875 0.6023194444444444 0.02279687499999999 0.028083333333333266
0 0.5285651041666667 0.6625601851851852 0.028890624999999896 0.0452499999999999
0 0.5631875000000001 0.6546111111111111 0.035312500000000094 0.046462962962963025
0 0.5988411458333334 0.6118055555555556 0.02820312499999981 0.03587037037037038
0 0.5998723958333334 0.70475 0.03622395833333343 0.030981481481481516
0 0.6045755208333332 0.5113101851851852 0.03356770833333324 0.03028703703703707
0 0.5957369791666667 0.44931481481481483 0.02855729166666663 0.02442592592592592
0 0.6491770833333333 0.5644305555555555 0.0318854166666668 0.03282407407407391
0 0.6159921875 0.4851157407407407 0.023619791666666855 0.022009259259259242
0 0.6366536458333333 0.4702824074074074 0.02797395833333335 0.022009259259259242
0 0.6443567708333333 0.4937175925925925 0.02614062500000003 0.023231481481481617
0 0.6341302083333333 0.9733796296296297 0.018802083333333285 0.022018518518518704
0 0.6309817708333334 0.8290879629629629 0.0466302083333332 0.0540648148148147
0 0.7385625 0.8260138888888889 0.03661458333333343 0.0577314814814814
0 0.7161588541666667 0.834199074074074 0.022234374999999792 0.02899074074074069
0 0.7341979166666666 0.8957824074074073 0.03369791666666657 0.05869444444444433
0 0.7456171875000001 0.9592685185185185 0.0506197916666667 0.05798148148148138
0 0.6669531249999999 0.7212500000000001 0.03235416666666661 0.030555555555555555
0 0.7110390624999999 0.7263611111111111 0.044130208333333344 0.05105555555555544
0 0.7382526041666667 0.7373796296296297 0.026005208333333484 0.03712962962962955
0 0.7206510416666667 0.7029027777777778 0.03234375000000019 0.03217592592592593
0 0.6924375 0.7073379629629629 0.02454166666666661 0.029712962962963097
0 0.6823828125000001 0.6043888888888889 0.02891145833333345 0.03261111111111114
0 0.6412317708333333 0.651912037037037 0.02603645833333322 0.045305555555555405
0 0.7546328125 0.6275324074074073 0.029140624999999906 0.026064814814814898
0 0.7661927083333334 0.7154722222222223 0.026395833333333486 0.03759259259259251
0 0.7679921875000001 0.5701481481481482 0.026598958333333183 0.03424074074074076
0 0.6893828125 0.5754166666666667 0.021453125000000028 0.029129629629629665
0 0.7381015625 0.5771111111111111 0.02120312500000002 0.02811111111111123
0 0.7502421875 0.602287037037037 0.026046875000000115 0.02922222222222217
0 0.7153437500000001 0.5546759259259259 0.028791666666666535 0.031833333333333436
0 0.69665625 0.5281851851851852 0.014812500000000029 0.022370370370370235
0 0.7285989583333332 0.5329768518518518 0.018343750000000134 0.022009259259259242
0 0.8351197916666667 0.9558564814814815 0.06668749999999998 0.0738981481481481
0 0.8625781250000001 0.8513888888888889 0.06545833333333348 0.07342592592592588
0 0.8152604166666667 0.7706759259259258 0.04826041666666659 0.04292592592592604
0 0.8030338541666667 0.857162037037037 0.02440104166666662 0.046416666666666766
0 0.9063515625 0.9424861111111111 0.060432291666666534 0.07563888888888894
0 0.926453125 0.9239907407407408 0.06343750000000009 0.09027777777777778
0 0.9645260416666666 0.8975601851851852 0.04304166666666684 0.06015740740740743
0 0.9661223958333333 0.8422453703703704 0.04355729166666673 0.0570092592592592
0 0.8420546874999999 0.7511388888888889 0.0402447916666669 0.04225925925925914
0 0.9000546875000001 0.8075509259259259 0.05730729166666653 0.05334259259259271
0 0.9744791666666667 0.754337962962963 0.03956250000000002 0.030083333333333132
0 0.9799036458333333 0.7907638888888889 0.029109374999999934 0.02304629629629618
0 0.9564296874999999 0.7021620370370371 0.03933854166666653 0.03887962962962964
0 0.8912239583333333 0.6541481481481481 0.046020833333333164 0.04820370370370365
0 0.8712473958333333 0.6851157407407407 0.018911458333333304 0.019898148148148158
0 0.7878802083333334 0.5866527777777778 0.017416666666666695 0.014601851851851835
0 0.8006953125 0.6938425925925926 0.022140625000000115 0.023444444444444386
0 0.7882552083333334 0.6054537037037037 0.02911458333333338 0.02388888888888885
0 0.7895000000000001 0.6286527777777777 0.025624999999999905 0.028787037037037173
0 0.8510963541666666 0.5091157407407407 0.02960937499999995 0.030527777777777803
0 0.8495416666666666 0.5348564814814815 0.03191666666666653 0.020342592592592617
0 0.8181796875 0.5566666666666668 0.020901041666666724 0.023000000000000135
0 0.8470390625 0.5872314814814815 0.020901041666666724 0.01990740740740741
0 0.8934921875 0.5404351851851853 0.036578124999999774 0.026981481481481363
0 0.8891380208333334 0.5800648148148149 0.018161458333333276 0.023000000000000135
0 0.873515625 0.5785601851851853 0.012937500000000076 0.02123148148148133
0 0.8903229166666667 0.6004907407407407 0.023270833333333484 0.025018518518518502
0 0.7823255208333334 0.5398564814814816 0.029859374999999962 0.031398148148148015
0 0.7285833333333334 0.4832638888888888 0.023270833333333484 0.025342592592592545
0 0.75496875 0.49291203703703707 0.023010416666666818 0.021620370370370286
0 0.7628645833333334 0.5190833333333333 0.02550000000000002 0.018592592592592525