0 0.07112239583333334 0.7325740740740742 0.040755208333333334 0.057796296296296366
0 0.088875 0.9792916666666667 0.030541666666666658 0.03956481481481483
0 0.21936979166666667 0.9116388888888888 0.06698958333333334 0.06738888888888907
0 0.18297135416666668 0.8668333333333333 0.044713541666666676 0.06731481481481465
0 0.09101822916666666 0.9383657407407408 0.07598437499999999 0.08654629629629632
0 0.25901041666666663 0.9557546296296298 0.05243750000000003 0.07349074074074075
0 0.2844869791666667 0.853087962962963 0.050057291666666615 0.06337962962962947
0 0.35713281249999995 0.8105925925925926 0.053317708333333276 0.061037037037037105
0 0.41533854166666667 0.7731435185185185 0.05457291666666677 0.05687962962962969
0 0.37558854166666666 0.9705740740740741 0.034885416666666676 0.04198148148148162
0 0.5328541666666666 0.8468287037037038 0.04107291666666673 0.06478703703703685
0 0.5764479166666667 0.8530046296296296 0.04208333333333343 0.06010185185185193
0 0.5124791666666667 0.7935092592592593 0.032895833333333256 0.04544444444444438
0 0.5186171875 0.661675925925926 0.043286458333333284 0.042388888888888865
0 0.7185859375 0.9340185185185186 0.046786458333333295 0.060296296296296195
0 0.7715182291666667 0.9031944444444445 0.05113020833333337 0.09490740740740741
0 0.8922161458333334 0.9787916666666667 0.030880208333333315 0.04056481481481476
0 0.9836328125 0.9798935185185184 0.031692708333333285 0.03836111111111138
0 0.9249036458333334 0.8069722222222222 0.05606770833333338 0.05474074074074064
0 0.7940546875 0.772074074074074 0.0489739583333332 0.05085185185185192
0 0.9094661458333333 0.7018564814814815 0.04672395833333335 0.051694444444444376
0 0.8670026041666666 0.8175462962962964 0.048880208333333286 0.053500000000000186
0 0.70484375 0.6992453703703703 0.03590625000000003 0.04517592592592589
0 0.7317473958333333 0.6614444444444445 0.042234375000000074 0.039629629629629584
0 0.6609505208333334 0.7606064814814815 0.03893229166666667 0.03680555555555556
0 0.6679036458333333 0.6202037037037036 0.038265624999999893 0.03462962962962971
0 0.29127604166666665 0.568324074074074 0.05313541666666666 0.04527777777777786
0 0.21605468750000004 0.6807962962962962 0.03298437499999996 0.0381851851851852
0 0.3518645833333333 0.6695925925925926 0.03564583333333336 0.04085185185185175
0 0.29811458333333335 0.7394212962962964 0.04800000000000004 0.05095370370370389
0 0.41387239583333335 0.6680555555555555 0.044026041666666654 0.05018518518518523
0 0.5226536458333333 0.5985231481481481 0.027942708333333382 0.030824074074074042
0 0.4565364583333333 0.8544166666666666 0.05880208333333338 0.06635185185185172
0 0.4752708333333333 0.7489814814814815 0.0272708333333334 0.043703703703703745
0 0.4431354166666666 0.6183981481481482 0.04208333333333343 0.03394444444444452
0 0.8474765625 0.6213055555555556 0.03263020833333338 0.032777777777777864
0 0.015625 0.8935185185185185 0.03125 0.053703703703703705
0 0.23973958333333334 0.7127083333333333 0.04532291666666666 0.04382407407407401
0 0.34495572916666667 0.91675 0.019453124999999953 0.030962962962963015
0 0.3364375 0.9794537037037037 0.027583333333333352 0.03451851851851828
0 0.49433072916666665 0.7178101851851852 0.02613020833333337 0.037416666666666744
0 0.7408203125 0.6019629629629629 0.036203125000000114 0.0345925925925925
0 0.9432916666666666 0.7816157407407407 0.04826041666666659 0.054361111111111145
0 0.7706015625 0.8523750000000001 0.047505208333333354 0.049712962962963014
0 0.69390625 0.659 0.02890625 0.03131481481481497
0 0.1135703125 0.778550925925926 0.03025520833333335 0.03887962962962964
0 0.09234114583333335 0.6582962962962964 0.028140624999999985 0.02898148148148165
0 0.11494270833333334 0.6385740740740742 0.028218750000000004 0.02768518518518527
0 0.1758984375 0.6362824074074074 0.036630208333333296 0.03587962962962963
0 0.1841484375 0.6645046296296296 0.037421875000000014 0.03147222222222223
0 0.14321875 0.6233518518518518 0.02733333333333334 0.032407407407407406
0 0.11453385416666667 0.6769953703703704 0.02375520833333334 0.028824074074074175
0 0.12955468750000002 0.6952083333333334 0.027651041666666685 0.024583333333333502
0 0.14941145833333333 0.6428101851851852 0.01885416666666669 0.027935185185185254
0 0.2693932291666667 0.6659953703703704 0.04715104166666665 0.05026851851851848
0 0.412953125 0.9237037037037037 0.037333333333333364 0.0382222222222222
0 0.5035677083333333 0.5602361111111112 0.043760416666666656 0.03550925925925918
0 0.45152343749999996 0.5688888888888889 0.03318229166666668 0.026814814814814847
0 0.12789583333333335 0.5439212962962963 0.029854166666666692 0.02480555555555552
0 0.20601302083333334 0.4608425925925926 0.03384895833333334 0.03025925925925921
0 0.2637786458333334 0.4427083333333333 0.02372395833333331 0.029768518518518496
0 0.2843958333333333 0.5290416666666666 0.032791666666666684 0.029768518518518604
0 0.33225781249999997 0.6463703703703703 0.03608854166666665 0.04287037037037054
0 0.32991145833333335 0.6016805555555556 0.020229166666666742 0.031009259259259056
0 0.34443489583333337 0.5764814814814814 0.04011979166666677 0.02790740740740729
0 0.19507552083333332 0.7631435185185185 0.033359374999999976 0.049120370370370536
0 0.20738802083333333 0.526986111111111 0.028463541666666654 0.02695370370370382
0 0.24038020833333332 0.5585555555555556 0.02361458333333329 0.02662962962962962
0 0.2485885416666667 0.520824074074074 0.026302083333333334 0.026481481481481398
0 0.15240364583333335 0.5301851851851851 0.024578125000000027 0.020981481481481348
0 0.17234895833333333 0.4838981481481481 0.026791666666666696 0.019351851851851936
0 0.0181328125 0.6650972222222222 0.034755208333333336 0.03352777777777781
0 0.06815364583333335 0.6018518518518519 0.032234375 0.034999999999999955
0 0.30133593750000004 0.7847407407407407 0.03639062499999994 0.05505555555555559
0 0.22577864583333335 0.8045833333333334 0.04791145833333334 0.052111111111111295
0 0.31514062499999995 0.4593101851851852 0.02511458333333323 0.023064814814814785
0 0.3404244791666667 0.5224907407407408 0.030630208333333304 0.02738888888888882
0 0.37364322916666665 0.4891805555555556 0.028463541666666713 0.02306481481481468
0 0.4154635416666667 0.4688101851851852 0.020052083333333335 0.02419444444444444
0 0.40249999999999997 0.5258518518518519 0.02620833333333342 0.029796296296296144
0 0.4321015625 0.5299583333333333 0.025161458333333307 0.03430555555555551
0 0.4554036458333333 0.5208842592592593 0.02410937499999998 0.024620370370370504
0 0.46466666666666673 0.46317592592592594 0.021437499999999925 0.0242592592592593
0 0.48514843750000003 0.5297916666666667 0.01885937500000002 0.017824074074074076
0 0.5046770833333334 0.538412037037037 0.02077083333333339 0.023342592592592627
0 0.4861953125 0.6254166666666667 0.025057291666666613 0.03420370370370376
0 0.5861067708333334 0.5130740740740741 0.021484375 0.02292592592592592
0 0.5674791666666666 0.5493333333333333 0.027104166666666648 0.022555555555555672
0 0.5975755208333333 0.628736111111111 0.03324479166666663 0.025694444444444443
0 0.6324270833333334 0.5767777777777778 0.03658333333333322 0.03694444444444453
0 0.532203125 0.45225462962962965 0.014802083333333372 0.023342592592592627
0 0.5634765625 0.4730972222222223 0.02091145833333338 0.02156481481481478
0 0.5877526041666667 0.47258796296296296 0.020578125000000114 0.02206481481481475
0 0.6471145833333334 0.531875 0.030197916666666675 0.03617592592592608
0 0.6722578125 0.5214907407407408 0.03204687499999987 0.029148148148148166
0 0.6954010416666667 0.48364351851851856 0.03410416666666668 0.042064814814814715
0 0.7576328125 0.5570046296296297 0.029890624999999935 0.032898148148148336
0 0.7810364583333335 0.6175231481481481 0.028291666666666514 0.03995370370370379
0 0.8000182291666665 0.5953055555555556 0.039026041666666816 0.041351851851851716
0 0.7933359375 0.7236296296296296 0.04152604166666667 0.04159259259259266
0 0.841046875 0.7494768518518518 0.0446770833333332 0.043916666666666514
0 0.8434869791666666 0.5641620370370372 0.032255208333333486 0.029120370370370203
0 0.8282291666666667 0.5845277777777778 0.028708333333333277 0.03318518518518532
0 0.8779739583333334 0.6134537037037037 0.03057291666666657 0.026462962962962897
0 0.8838098958333334 0.6360000000000001 0.02300520833333337 0.0235000000000001
0 0.8761328125000001 0.5323379629629629 0.03436979166666655 0.026768518518518383
0 0.9191848958333334 0.5307962962962963 0.04097395833333337 0.029333333333333392
0 0.9819088541666667 0.5364259259259259 0.03475520833333334 0.03525925925925919
0 0.9364713541666667 0.590550925925926 0.05122395833333352 0.03571296296296311
0 0.9823072916666666 0.5885879629629629 0.027791666666666732 0.026324074074073923
0 0.7542604166666667 0.4763379629629629 0.020333333333333314 0.02197222222222224
0 0.7991328125 0.5264212962962964 0.0342864583333333 0.03669444444444454
0 0.8212682291666666 0.4929768518518518 0.02645312499999998 0.020953703703703804