0 0.047677083333333335 0.6483796296296296 0.039635416666666666 0.034722222222222224
0 0.010416666666666666 0.763425925925926 0.020833333333333332 0.022222222222222223
0 0.08254166666666667 0.8435972222222222 0.056114583333333336 0.08015740740740755
0 0.14574479166666668 0.594912037037037 0.02172916666666668 0.023064814814814892
0 0.17663281249999999 0.7478148148148148 0.028994791666666703 0.03492592592592595
0 0.12459114583333333 0.8843101851851851 0.034744791666666656 0.0694537037037037
0 0.12935416666666666 0.9560740740740741 0.050177083333333324 0.05781481481481487
0 0.21770833333333334 0.7863518518518519 0.035593750000000014 0.06024074074074069
0 0.008854166666666666 0.9287037037037037 0.017708333333333333 0.03425925925925926
0 0.07332291666666667 0.9248148148148148 0.06471874999999999 0.06624074074074071
0 0.2850989583333333 0.8668703703703704 0.05454166666666668 0.06362962962962966
0 0.2653984375 0.6990231481481481 0.042557291666666684 0.04021296296296281
0 0.23748177083333336 0.6760046296296297 0.03594270833333333 0.04349074074074077
0 0.16968489583333332 0.863199074074074 0.04780729166666665 0.049083333333333326
0 0.15654947916666667 0.8328842592592592 0.030078125 0.045379629629629624
0 0.18689583333333334 0.7902268518518518 0.01984374999999995 0.033675925925925825
0 0.1825859375 0.7114722222222223 0.027692708333333312 0.03137037037037047
0 0.23711458333333332 0.852736111111111 0.04069791666666666 0.062305555555555524
0 0.19509635416666665 0.9394861111111111 0.06816145833333334 0.07117592592592582
0 0.14370312500000001 0.982 0.05177083333333332 0.03414814814814825
0 0.28594791666666663 0.9353611111111112 0.04541666666666669 0.07698148148148136
0 0.35741927083333336 0.8675555555555556 0.04354687499999995 0.06011111111111118
0 0.46125 0.9865277777777778 0.02919791666666664 0.025092592592592507
0 0.45609895833333336 0.9563148148148147 0.047864583333333384 0.052351851851851816
0 0.37987760416666666 0.8230601851851852 0.036130208333333275 0.056694444444444464
0 0.39614322916666667 0.7975277777777778 0.031057291666666723 0.03170370370370371
0 0.4346015625 0.8198055555555556 0.03152604166666677 0.0418888888888889
0 0.43665885416666667 0.8863333333333333 0.02872395833333338 0.03707407407407404
0 0.48569270833333333 0.7547962962962963 0.023781249999999924 0.03218518518518518
0 0.29519010416666663 0.7298425925925927 0.035546875 0.03790740740740746
0 0.30941406250000003 0.6684814814814816 0.033859375 0.0382222222222222
0 0.36197135416666665 0.6415231481481481 0.037765625 0.04099074074074072
0 0.40722135416666666 0.6188611111111111 0.037692708333333276 0.034740740740740725
0 0.3768229166666667 0.7391527777777779 0.023479166666666627 0.02100925925925931
0 0.4970572916666667 0.6655555555555556 0.03099999999999999 0.039037037037036905
0 0.5288333333333334 0.6680370370370371 0.02983333333333332 0.03201851851851845
0 0.479390625 0.6314027777777778 0.024906250000000085 0.032398148148148155
0 0.4884140625 0.5463009259259259 0.023567708333333333 0.023101851851851894
0 0.5817135416666666 0.8852731481481482 0.02921875000000019 0.03719444444444451
0 0.5559010416666667 0.7621435185185186 0.04259374999999987 0.056212962962963
0 0.595453125 0.7614675925925926 0.028239583333333467 0.03726851851851852
0 0.6446041666666668 0.8367731481481482 0.06329166666666666 0.06182407407407406
0 0.6529583333333334 0.9272314814814816 0.03771875000000004 0.06385185185185188
0 0.6974583333333333 0.8899444444444444 0.0232916666666668 0.05120370370370366
0 0.8433255208333333 0.9484027777777778 0.0677343750000001 0.07217592592592587
0 0.7950546875000001 0.9421759259259259 0.05692187499999998 0.06277777777777795
0 0.7767942708333334 0.8891435185185185 0.03332812499999989 0.03849074074074068
0 0.747390625 0.8412314814814814 0.04685416666666668 0.0640185185185184
0 0.6932994791666667 0.7600231481481482 0.03616145833333325 0.04267592592592606
0 0.6354062500000001 0.7685555555555555 0.0353020833333332 0.03185185185185194
0 0.6289088541666668 0.7143657407407408 0.02891145833333345 0.0356388888888889
0 0.6685963541666666 0.6940601851851852 0.032963541666666644 0.05419444444444442
0 0.7480234375 0.7528564814814815 0.04154687499999999 0.04365740740740749
0 0.7836692708333334 0.7697638888888889 0.03933854166666653 0.046083333333333316
0 0.7812890624999999 0.8162453703703705 0.025828125000000077 0.04021296296296281
0 0.8075520833333333 0.8293148148148148 0.02955208333333322 0.039092592592592616
0 0.8698932291666667 0.8393703703703703 0.057432291666666656 0.057037037037036956
0 0.82428125 0.735175925925926 0.044864583333333506 0.04959259259259254
0 0.854921875 0.7802453703703703 0.03173958333333336 0.029972222222222122
0 0.8777369791666667 0.7431805555555555 0.042234375000000074 0.05752777777777788
0 0.913703125 0.8886620370370371 0.05523958333333331 0.05732407407407415
0 0.9570286458333332 0.9196712962962963 0.04135937499999993 0.0445462962962962
0 0.9889479166666667 0.8863472222222222 0.02106250000000003 0.04752777777777771
0 0.9657786458333334 0.8170370370370371 0.048494791666666495 0.05981481481481473
0 0.9429531250000001 0.7686342592592592 0.05987500000000002 0.04317592592592603
0 0.9727057291666666 0.7474259259259259 0.035578124999999974 0.041518518518518656
0 0.9598619791666666 0.7127685185185185 0.05305729166666661 0.04331481481481479
0 0.8829505208333333 0.6692777777777777 0.030828124999999793 0.021370370370370304
0 0.7910442708333333 0.6387129629629629 0.036703125000000135 0.037240740740740554
0 0.6938151041666667 0.6181111111111111 0.041630208333333245 0.03201851851851845
0 0.7918697916666666 0.5762638888888889 0.02687500000000019 0.026546296296296363
0 0.7445234375 0.6458055555555556 0.03172395833333326 0.03422222222222226
0 0.8782838541666667 0.5809351851851853 0.025692708333333297 0.02092592592592584
0 0.94034375 0.5552638888888889 0.03038541666666674 0.02674999999999988
0 0.5875286458333334 0.9713055555555555 0.02280729166666665 0.035092592592592675
0 0.8590546875 0.6799351851851851 0.019588541666666733 0.025055555555555505
0 0.8729557291666666 0.6204027777777779 0.026963541666666656 0.03017592592592606
0 0.6288567708333334 0.5708425925925926 0.026411458333333353 0.024944444444444495
0 0.65584375 0.5452962962962964 0.020468750000000095 0.021425925925925807
0 0.5945911458333334 0.6082916666666666 0.030703124999999904 0.02465740740740751
0 0.6036796875 0.5199953703703704 0.03244270833333331 0.025157407407407475
0 0.11945833333333335 0.6913379629629629 0.026437499999999996 0.022009259259259242
0 0.3080572916666667 0.48708796296296303 0.03534375000000007 0.026083333333333347
0 0.25273958333333335 0.5626481481481481 0.024208333333333342 0.02388888888888885
0 0.3418880208333333 0.5386944444444444 0.02354687500000002 0.020203703703703856
0 0.3212291666666667 0.6166851851851851 0.029739583333333285 0.028870370370370428
0 0.4065286458333333 0.5534861111111112 0.03488020833333335 0.026287037037036918
0 0.49422656249999997 0.5046666666666666 0.021182291666666703 0.02099999999999985
0 0.43770572916666667 0.666050925925926 0.037703124999999935 0.04560185185185185
0 0.4523619791666667 0.6021296296296296 0.02222395833333337 0.03151851851851849
0 0.4252291666666667 0.5166759259259259 0.032458333333333415 0.023222222222222155
0 0.7497031249999999 0.5180231481481482 0.022854166666666724 0.02087962962962959
0 0.01328125 0.8092592592592592 0.0265625 0.032407407407407406
0 0.015625 0.8777777777777778 0.03125 0.037037037037037035
0 0.02484375 0.740675925925926 0.03730208333333333 0.04127777777777771
0 0.09433854166666666 0.6807222222222222 0.027249999999999996 0.03127777777777796
0 0.27198177083333336 0.5812175925925926 0.027515624999999964 0.022472222222222206
0 0.3548151041666667 0.7046111111111111 0.01700520833333338 0.024833333333333273
0 0.35008854166666664 0.7396851851851851 0.01782291666666668 0.026481481481481398
0 0.4688307291666666 0.5826898148148147 0.018171874999999935 0.022212962962962973
0 0.6691770833333334 0.5050185185185185 0.026135416666666817 0.02792592592592579
0 0.8045390625 0.6183564814814815 0.024890624999999982 0.0348796296296297
0 0.6708671875000001 0.6622824074074074 0.029411458333333466 0.030861111111111044
0 0.6266640625 0.5458888888888889 0.023880208333333285 0.025703703703703906
0 0.15469270833333332 0.5495185185185185 0.016343749999999997 0.015648148148148234
0 0.17260416666666664 0.5344351851851853 0.0207395833333333 0.018999999999999982
0 0.22099479166666666 0.5282870370370369 0.03456250000000001 0.026814814814814847
0 0.22916406250000002 0.5523101851851852 0.023255208333333322 0.021231481481481542
0 0.19459895833333332 0.5204675925925926 0.0207395833333333 0.022342592592592695
0 0.29562760416666667 0.5548240740740741 0.04368229166666661 0.04301851851851855
0 0.4040885416666667 0.7089953703703704 0.03242708333333333 0.03217592592592593
0 0.24153385416666667 0.612662037037037 0.017026041666666696 0.027768518518518526
0 0.0834765625 0.5697037037037037 0.032484375 0.03261111111111114
0 0.13132291666666665 0.5097175925925926 0.02787499999999999 0.027842592592592533
0 0.31945833333333334 0.600925925925926 0.026541666666666686 0.028203703703703738
0 0.2663072916666667 0.6396990740740741 0.03516666666666666 0.03719444444444451