0 0.7813229166666666 0.8262824074074074 0.04615624999999994 0.04626851851851854
0 0.060476562500000004 0.5794074074074074 0.027473958333333333 0.026222222222222164
0 0.018153645833333336 0.5861990740740741 0.029671875 0.03454629629629625
0 0.025776041666666662 0.6693888888888889 0.03354166666666667 0.019574074074073956
0 0.10549479166666667 0.7179814814814816 0.04454166666666666 0.03738888888888899
0 0.14567968750000002 0.5360694444444444 0.02058854166666665 0.01593518518518522
0 0.17847656249999996 0.6498935185185185 0.025161458333333307 0.027768518518518526
0 0.14067187500000003 0.7462314814814816 0.027124999999999976 0.03638888888888906
0 0.15248697916666665 0.7978425925925927 0.03799479166666669 0.03907407407407391
0 0.21827083333333336 0.6757268518518518 0.03917708333333335 0.04395370370370373
0 0.044890624999999997 0.7994305555555555 0.029020833333333333 0.04395370370370373
0 0.10019010416666667 0.7752314814814815 0.04866145833333334 0.04844444444444439
0 0.2762708333333333 0.7330648148148149 0.040479166666666684 0.039703703703703803
0 0.251328125 0.6123148148148148 0.0347916666666667 0.02994444444444458
0 0.2286692708333333 0.593361111111111 0.03256770833333332 0.029814814814814645
0 0.17808072916666665 0.7315324074074074 0.03818229166666664 0.03745370370370354
0 0.16608333333333333 0.7165277777777777 0.025947916666666633 0.023000000000000135
0 0.18884114583333336 0.6791990740740741 0.016765625000000027 0.024083333333333325
0 0.17725260416666666 0.6245231481481481 0.025796874999999986 0.019490740740740697
0 0.23332291666666669 0.7258703703703704 0.03878125000000002 0.03822222222222241
0 0.20169010416666666 0.7859907407407407 0.04772395833333333 0.04751851851851846
0 0.15830208333333334 0.84075 0.04128125 0.04472222222222218
0 0.0336484375 0.8707222222222222 0.061598958333333335 0.0654444444444445
0 0.0125 0.8236111111111111 0.025 0.027777777777777776
0 0.11008854166666666 0.9651296296296296 0.057270833333333354 0.059666666666666715
0 0.1110390625 0.8796620370370372 0.05216145833333332 0.06865740740740749
0 0.169828125 0.9651944444444445 0.043281250000000014 0.040703703703703735
0 0.21166666666666664 0.8844490740740741 0.0369479166666667 0.053712962962962955
0 0.264890625 0.9251296296296296 0.038052083333333306 0.032685185185185144
0 0.2947421875 0.8937407407407407 0.04630729166666659 0.052055555555555584
0 0.2969114583333333 0.8371064814814815 0.03626041666666661 0.05586111111111104
0 0.27756250000000005 0.7767962962962963 0.03612500000000004 0.04990740740740749
0 0.33037760416666667 0.8434814814814815 0.03349479166666664 0.046722222222222255
0 0.33468489583333333 0.73375 0.027744791666666657 0.038648148148148154
0 0.38305208333333335 0.8641342592592592 0.03253125000000002 0.04025000000000002
0 0.3887291666666666 0.9624768518518517 0.04719791666666661 0.05484259259259261
0 0.4184505208333333 0.953287037037037 0.02276562500000002 0.0286666666666667
0 0.4320182291666666 0.8715185185185186 0.018057291666666704 0.024648148148148048
0 0.43235677083333335 0.8321898148148149 0.036119791666666616 0.03554629629629618
0 0.4176744791666666 0.7899490740740741 0.04321354166666656 0.03439814814814823
0 0.3524479166666667 0.6968472222222223 0.029343750000000075 0.02637962962962964
0 0.3638177083333333 0.6820462962962963 0.03160416666666658 0.024074074074074074
0 0.4028463541666667 0.6973935185185185 0.017734374999999976 0.019361111111110975
0 0.4032838541666667 0.7450046296296297 0.020994791666666637 0.018805555555555506
0 0.4417604166666667 0.6472129629629629 0.019906249999999896 0.024611111111111045
0 0.2807369791666667 0.6329120370370371 0.027036458333333378 0.032064814814814914
0 0.29085937500000003 0.5858148148148149 0.02939583333333336 0.025981481481481432
0 0.33802604166666667 0.5645740740740741 0.02908333333333329 0.03068518518518507
0 0.37770312500000003 0.5473101851851853 0.032968750000000095 0.03317592592592586
0 0.3500182291666667 0.6393935185185186 0.023484375000000075 0.02100925925925931
0 0.4540130208333333 0.5824999999999999 0.023671874999999905 0.03414814814814825
0 0.47726041666666663 0.5833055555555556 0.026333333333333306 0.026814814814814847
0 0.4411614583333333 0.5547592592592593 0.02177083333333331 0.020092592592592634
0 0.4489166666666667 0.49122685185185183 0.01975000000000004 0.025064814814814755
0 0.49978124999999995 0.9749074074074074 0.04743749999999996 0.04009259259259276
0 0.5106354166666667 0.9194675925925926 0.031489583333333356 0.04262037037037034
0 0.4908151041666667 0.844050925925926 0.039901041666666734 0.049305555555555554
0 0.52115625 0.7386018518518519 0.024468750000000008 0.019888888888888907
0 0.5006380208333333 0.6521620370370371 0.031078125000000036 0.03815740740740744
0 0.5352604166666667 0.6510185185185186 0.0225833333333334 0.026870370370370354
0 0.5731432291666666 0.7056805555555555 0.041807291666666656 0.03782407407407399
0 0.5748489583333334 0.7633842592592592 0.025260416666666667 0.04715740740740726
0 0.613484375 0.7394490740740741 0.025166666666666514 0.03030555555555557
0 0.6349140625 0.879537037037037 0.042546875000000026 0.03103703703703702
0 0.5551380208333333 0.9469768518518518 0.04765104166666655 0.07699074074074083
0 0.5806901041666667 0.9733009259259259 0.029296875 0.05154629629629636
0 0.6153984375 0.9820462962962964 0.017578125 0.03405555555555532
0 0.7216510416666667 0.978736111111111 0.0384375000000001 0.03989814814814828
0 0.7340208333333333 0.9277268518518518 0.0340729166666667 0.04284259259259258
0 0.6816197916666666 0.8896712962962964 0.03334374999999999 0.049175925925926046
0 0.7292708333333332 0.8526666666666667 0.039447916666666555 0.051666666666666625
0 0.7284140625 0.7799814814814815 0.0383385416666665 0.03855555555555565
0 0.6880677083333334 0.7741944444444444 0.03681250000000015 0.040018518518518544
0 0.680515625 0.7356388888888888 0.026552083333333344 0.029296296296296178
0 0.6563125 0.7034907407407407 0.03357291666666669 0.037425925925925994
0 0.6149479166666666 0.6486064814814815 0.028739583333333485 0.03095370370370376
0 0.5666223958333333 0.6543472222222222 0.02861979166666657 0.02047222222222234
0 0.5649427083333334 0.6169629629629629 0.024093750000000115 0.026685185185185336
0 0.5966770833333332 0.6037824074074074 0.02503125000000021 0.0312314814814815
0 0.6649322916666667 0.6381435185185185 0.03518749999999997 0.03028703703703707
0 0.6903072916666666 0.6522268518518518 0.02798958333333322 0.02736111111111107
0 0.6873880208333333 0.6878981481481482 0.01610937500000015 0.024166666666666583
0 0.7063203125 0.6980324074074075 0.020067708333333437 0.02943518518518515
0 0.7555494791666667 0.7008888888888889 0.038098958333333384 0.04274074074074061
0 0.7241614583333332 0.6312777777777777 0.03132291666666684 0.03455555555555571
0 0.7475104166666667 0.6616018518518518 0.027541666666666725 0.02079629629629633
0 0.7699557291666667 0.6344166666666667 0.029786458333333363 0.031833333333333436
0 0.7843385416666666 0.7311481481481481 0.038677083333333445 0.04255555555555559
0 0.8137161458333334 0.7490231481481481 0.020713541666666658 0.02487962962962953
0 0.8528697916666667 0.7397685185185185 0.04720833333333327 0.04594444444444434
0 0.8298541666666667 0.6831805555555556 0.02939583333333336 0.03893518518518535
0 0.8158281249999999 0.6493518518518518 0.03602083333333326 0.026870370370370354
0 0.8842239583333333 0.7078055555555556 0.025197916666666723 0.02887037037037022
0 0.84184375 0.6348148148148147 0.020343749999999973 0.02090740740740734
0 0.8333645833333333 0.6098842592592593 0.022208333333333503 0.029861111111111113
0 0.7804791666666666 0.5800046296296296 0.025010416666666656 0.015916666666666718
0 0.7022552083333333 0.5586527777777778 0.022770833333333466 0.028194444444444487
0 0.6199817708333334 0.5435601851851852 0.03172395833333326 0.022564814814814715
0 0.7070677083333333 0.5077824074074074 0.02687499999999995 0.026546296296296363
0 0.6650833333333334 0.5630092592592593 0.02145833333333324 0.031185185185185035
0 0.7793958333333334 0.5131342592592593 0.022770833333333466 0.01691666666666665
0 0.8383802083333334 0.4964166666666667 0.019968750000000077 0.01592592592592597
0 0.8781510416666667 0.5608703703703704 0.024447916666666694 0.02388888888888885
0 0.8969140625 0.6658194444444445 0.03424479166666667 0.035750000000000115
0 0.8747135416666666 0.6298981481481482 0.01548958333333322 0.02090740740740734
0 0.7887239583333333 0.9829768518518519 0.033687500000000155 0.03219444444444443
0 0.8197500000000001 0.9247685185185185 0.046104166666666654 0.06046296296296313
0 0.8485911458333334 0.8831666666666667 0.053984374999999814 0.06337037037037042
0 0.8499244791666667 0.9801944444444446 0.028276041666666647 0.03775925925925902
0 0.8638645833333333 0.9471666666666667 0.044416666666666535 0.07492592592592599
0 0.8752552083333334 0.8193981481481482 0.039729166666666774 0.036296296296296125
0 0.9083932291666666 0.8597268518518518 0.051015624999999905 0.0489166666666666
0 0.9161588541666668 0.9184675925925926 0.025494791666666572 0.0385462962962964
0 0.9523072916666666 0.9525370370370371 0.037124999999999866 0.04492592592592591
0 0.9182317708333334 0.7416342592592592 0.021494791666666895 0.020546296296296347
0 0.5247760416666666 0.798587962962963 0.015333333333333362 0.025879629629629673
0 0.9522317708333332 0.7338425925925925 0.03752604166666676 0.028851851851851715
0 0.9227552083333334 0.696625 0.026135416666666817 0.017361111111111112
0 0.9316432291666668 0.6522685185185185 0.021046874999999923 0.021518518518518527
0 0.9866510416666666 0.7166435185185185 0.02457291666666682 0.029842592592592608
0 0.9834765625 0.659425925925926 0.023755208333333163 0.0234814814814816
0 0.9442291666666667 0.5702916666666666 0.02063541666666661 0.018787037037037005
0 0.7572500000000001 0.5896296296296296 0.018489583333333334 0.021722222222222257
0 0.7722421875 0.5431435185185185 0.024036458333333142 0.021027777777777812
0 0.5655234375 0.5081759259259259 0.026411458333333353 0.024944444444444495
0 0.5934947916666666 0.4887824074074074 0.020468750000000095 0.021416666666666768
0 0.5369088541666667 0.5354490740740742 0.030703124999999904 0.02465740740740751
0 0.5489921875 0.4684722222222223 0.011223958333333428 0.013203703703703695
0 0.12251041666666666 0.6088055555555556 0.01952083333333334 0.019981481481481413
0 0.2858072916666667 0.4475555555555556 0.03453124999999998 0.016629629629629664
0 0.23428385416666667 0.5058194444444444 0.02421354166666667 0.013212962962962945
0 0.3199427083333333 0.48454629629629625 0.016916666666666677 0.01174074074074059
0 0.2979192708333333 0.5335416666666667 0.017171875000000014 0.019675925925925927
0 0.3749322916666667 0.4975601851851852 0.022562499999999968 0.022138888888888965
0 0.45225520833333327 0.45479166666666665 0.021187499999999915 0.01612037037037034
0 0.4024140625 0.583324074074074 0.03143229166666662 0.03179629629629622
0 0.41560156249999997 0.536949074074074 0.015703125000000047 0.024046296296296323
0 0.39214583333333336 0.4673009259259259 0.029781249999999915 0.016509259259259296
0 0.6730963541666667 0.4637824074074074 0.02201562499999999 0.0150833333333333
0 0.085546875 0.5160740740740741 0.02453125000000001 0.014203703703703628
0 0.0272109375 0.7343564814814815 0.05244270833333333 0.04519444444444439
0 0.028291666666666666 0.6991944444444445 0.04447916666666666 0.02724074074074081
0 0.050666666666666665 0.7432268518518518 0.027812500000000004 0.023564814814814646
0 0.0516484375 0.6468472222222222 0.020244791666666668 0.02013888888888889
0 0.10250260416666666 0.603212962962963 0.023380208333333326 0.022277777777777726
0 0.23422916666666668 0.8310138888888889 0.040177083333333384 0.04354629629629627
0 0.25562239583333335 0.5214907407407408 0.027515625000000023 0.016777777777777676
0 0.3333828125 0.6151296296296296 0.014255208333333276 0.019999999999999917
0 0.32673437499999997 0.6404027777777778 0.012854166666666582 0.017490740740740623
0 0.9542786458333334 0.8220694444444445 0.026015624999999907 0.037120370370370505
0 0.4281119791666666 0.5147407407407407 0.018171874999999935 0.022203703703703722
0 0.604125 0.4564259259259259 0.021114583333333315 0.020092592592592634
0 0.7159270833333333 0.5432824074074074 0.01885416666666657 0.025472222222222212
0 0.6024296875 0.5734583333333334 0.029411458333333466 0.030861111111111044
0 0.5648645833333333 0.49011574074074077 0.023885416666666732 0.025694444444444443
0 0.23060677083333334 0.5467685185185185 0.014463541666666658 0.01659259259259266
0 0.30220833333333336 0.5545277777777777 0.026374999999999933 0.027537037037037044
0 0.2539401041666667 0.5665879629629629 0.03432812499999998 0.03349074074074081