0 0.044494791666666665 0.6602962962962963 0.039635416666666666 0.034722222222222224
0 0.07395052083333334 0.8700555555555556 0.05908854166666666 0.0823518518518519
0 0.14603125 0.6058055555555555 0.02172916666666668 0.023055555555555638
0 0.17354687500000002 0.7641574074074073 0.03176041666666667 0.03798148148148146
0 0.11813541666666666 0.9142268518518518 0.03782291666666667 0.07823148148148128
0 0.12621875000000002 0.9793240740740742 0.044864583333333326 0.03949999999999987
0 0.21483333333333335 0.8054398148148149 0.03559374999999996 0.06024999999999994
0 0.06281770833333333 0.9591111111111112 0.06792708333333333 0.06498148148148164
0 0.28388020833333333 0.8991851851851852 0.05806250000000001 0.06112962962962961
0 0.26454947916666666 0.7119861111111111 0.04603645833333333 0.04169444444444463
0 0.23707031250000002 0.6895 0.03594270833333333 0.04350000000000002
0 0.164078125 0.8911944444444444 0.05416666666666667 0.06461111111111109
0 0.15264583333333331 0.8586435185185185 0.03008333333333333 0.045379629629629624
0 0.18365885416666666 0.8103657407407406 0.01984895833333334 0.033675925925925825
0 0.1824088541666667 0.7262175925925927 0.03184895833333338 0.034416666666666734
0 0.23594791666666665 0.8772500000000001 0.04539583333333338 0.06942592592592595
0 0.19161197916666667 0.9652314814814815 0.069796875 0.0676851851851851
0 0.28513020833333336 0.9608796296296296 0.0454166666666666 0.07416666666666659
0 0.3602187499999999 0.8965740740740741 0.04603125000000006 0.06011111111111118
0 0.4658697916666667 0.9802685185185186 0.053364583333333354 0.03761111111111101
0 0.3814427083333333 0.844662037037037 0.036062500000000004 0.05454629629629637
0 0.3975807291666667 0.8204953703703703 0.03404687499999994 0.03456481481481475
0 0.44052343750000006 0.8453935185185186 0.03215104166666668 0.04267592592592606
0 0.44325260416666673 0.9179166666666666 0.02872395833333338 0.03461111111111121
0 0.4930833333333334 0.7772361111111111 0.025625000000000023 0.03793518518518521
0 0.2958411458333333 0.7507546296296297 0.036744791666666644 0.03789814814814799
0 0.3102213541666667 0.6837175925925926 0.03560937499999994 0.039675925925925844
0 0.36400520833333333 0.6586805555555556 0.038364583333333376 0.04252777777777784
0 0.4104114583333333 0.6334074074074073 0.03845833333333329 0.03618518518518512
0 0.3779791666666667 0.7611712962962963 0.023416666666666686 0.02306481481481468
0 0.5015026041666667 0.6802824074074073 0.034296874999999956 0.0459166666666668
0 0.5352786458333334 0.6868194444444445 0.030734375000000053 0.033694444444444326
0 0.4840625 0.6481527777777778 0.026145833333333358 0.035694444444444404
0 0.4932942708333333 0.5578703703703703 0.02667187500000002 0.02388888888888885
0 0.592328125 0.9143842592592593 0.03086458333333345 0.040749999999999995
0 0.564875 0.7851759259259259 0.04463541666666657 0.06455555555555557
0 0.6067552083333332 0.7813564814814815 0.02826041666666678 0.04117592592592595
0 0.657546875 0.8643564814814815 0.06730208333333323 0.06776851851851858
0 0.6637916666666667 0.9589398148148148 0.037729166666666696 0.06782407407407408
0 0.7115416666666666 0.9198796296296297 0.02587500000000015 0.05120370370370366
0 0.8550989583333333 0.972162037037037 0.047968749999999956 0.05382407407407418
0 0.80971875 0.9694768518518517 0.04792708333333332 0.052898148148148146
0 0.7979921875 0.9223194444444445 0.03477604166666666 0.041342592592592674
0 0.7624921875 0.8687731481481481 0.0517968749999999 0.07221296296296296
0 0.7050911458333334 0.7798842592592592 0.037786458333333425 0.04610185185185182
0 0.6448880208333333 0.7923333333333333 0.03913020833333339 0.033018518518518385
0 0.6375859375 0.7344861111111111 0.029171875000000114 0.036379629629629595
0 0.6788593749999999 0.7123981481481482 0.03342708333333348 0.05949999999999999
0 0.76525 0.7743842592592592 0.04861458333333341 0.05076851851851845
0 0.7988229166666667 0.7932962962962963 0.04381249999999994 0.05229629629629631
0 0.7976406249999999 0.8396898148148149 0.0271979166666668 0.0452499999999999
0 0.8254114583333333 0.8543287037037036 0.032895833333333256 0.043138888888889025
0 0.8902864583333333 0.8669444444444444 0.06431250000000001 0.06509259259259276
0 0.8414114583333333 0.7567592592592592 0.04615624999999994 0.05074074074074091
0 0.8744739583333333 0.8046064814814815 0.035395833333333356 0.03454629629629625
0 0.8970182291666667 0.7653287037037036 0.04653645833333352 0.06482407407407406
0 0.9408776041666668 0.921138888888889 0.06348437500000018 0.07155555555555553
0 0.9823229166666666 0.9521157407407408 0.02965625000000003 0.03910185185185187
0 0.9892473958333333 0.8470324074074075 0.020463541666666647 0.03226851851851843
0 0.9650677083333332 0.7918472222222221 0.06267708333333341 0.04697222222222224
0 0.9908203125 0.7737037037037037 0.017317708333333334 0.041518518518518656
0 0.9752578125 0.7330740740740741 0.048442708333333445 0.04698148148148149
0 0.9038776041666666 0.6858657407407407 0.03082812500000003 0.022805555555555655
0 0.8056666666666668 0.6521759259259259 0.042114583333333164 0.0396666666666668
0 0.7047239583333333 0.6307870370370371 0.04317708333333338 0.03544444444444442
0 0.8041223958333333 0.5863842592592593 0.031119791666666667 0.030675925925926027
0 0.7584713541666667 0.6588935185185185 0.03423437500000001 0.03591666666666663
0 0.8937968749999999 0.5906342592592593 0.03126041666666666 0.02060185185185185
0 0.9581822916666667 0.5667962962962962 0.032791666666666684 0.025944444444444426
0 0.8795390625 0.7001574074074075 0.019588541666666497 0.025055555555555505
0 0.8901328125 0.6335324074074075 0.03634895833333331 0.03797222222222221
0 0.6371197916666667 0.5824814814814814 0.027406249999999945 0.02812962962962973
0 0.6659635416666667 0.5561712962962962 0.023614583333333408 0.023953703703703602
0 0.6024895833333334 0.6205138888888888 0.03219791666666675 0.02660185185185187
0 0.6113958333333334 0.5299398148148149 0.03226041666666646 0.024453703703703568
0 0.11755208333333332 0.7069305555555556 0.026437499999999996 0.022009259259259242
0 0.30870052083333327 0.49563888888888885 0.03513020833333324 0.027518518518518543
0 0.25242187499999996 0.5733981481481482 0.024208333333333342 0.02388888888888885
0 0.34750520833333337 0.5530925925925925 0.03207291666666663 0.024925925925925994
0 0.318765625 0.6104583333333333 0.031406249999999976 0.030342592592592577
0 0.409515625 0.5648703703703704 0.03596874999999997 0.02824074074074074
0 0.4991848958333333 0.5144120370370371 0.021786458333333297 0.02486111111111103
0 0.44215104166666663 0.6821296296296296 0.04010416666666667 0.046351851851851804
0 0.45710677083333334 0.6153796296296297 0.02301562500000003 0.03292592592592587
0 0.4296744791666666 0.5252314814814815 0.03324479166666663 0.02533333333333324
0 0.7592656249999999 0.5261435185185185 0.024781249999999963 0.02295370370370367
0 0.009114583333333334 0.9041666666666667 0.018229166666666668 0.03518518518518519
0 0.021708333333333333 0.7591712962962963 0.037302083333333326 0.04128703703703717
0 0.08996093749999999 0.696050925925926 0.028817708333333324 0.03373148148148154
0 0.2719713541666666 0.5930416666666667 0.02751562499999999 0.022472222222222206
0 0.3553854166666666 0.7246296296296296 0.016999999999999935 0.024833333333333273
0 0.3510833333333333 0.759388888888889 0.01846875000000002 0.026481481481481398
0 0.4726927083333333 0.596013888888889 0.018177083333333382 0.022212962962962973
0 0.6765625 0.5156388888888889 0.02613541666666658 0.027925925925926003
0 0.8196197916666667 0.6344398148148147 0.024885416666666535 0.0348796296296297
0 0.6855755208333333 0.6820601851851852 0.029411458333333466 0.030861111111111044
0 0.016229166666666666 0.6249305555555555 0.02865625 0.03619444444444458
0 0.6342031250000001 0.5565046296296297 0.023885416666666496 0.025694444444444443
0 0.15154687500000003 0.5591296296296295 0.017593749999999984 0.016074074074074192
0 0.16933333333333334 0.5438194444444445 0.0207395833333333 0.01899074074074073
0 0.22350781249999999 0.5416944444444444 0.034567708333333336 0.026814814814814847
0 0.22979166666666667 0.5646018518518519 0.023249999999999993 0.021222222222222288
0 0.1920833333333333 0.5316435185185184 0.0207395833333333 0.022342592592592695
0 0.29701041666666667 0.5644305555555555 0.04896874999999999 0.04882407407407409
0 0.40710416666666666 0.728300925925926 0.03242708333333333 0.03217592592592593
0 0.2416588541666667 0.6245185185185186 0.017307291666666676 0.03133333333333347
0 0.07870572916666667 0.5807037037037038 0.033994791666666656 0.033222222222222327
0 0.1289765625 0.5173101851851851 0.026869791666666684 0.03112037037037049
0 0.3208020833333334 0.6269722222222223 0.027218750000000114 0.030888888888888796
0 0.2654140625 0.6560509259259258 0.03550520833333331 0.03823148148148145