0 0.0287578125 0.6845601851851852 0.04241145833333334 0.034731481481481474
0 0.0534609375 0.9200277777777777 0.064609375 0.09346296296296301
0 0.1340546875 0.6270972222222223 0.033526041666666666 0.039694444444444345
0 0.16314322916666668 0.8005462962962964 0.033859375 0.04788888888888891
0 0.09957552083333333 0.959763888888889 0.045473958333333335 0.07862037037037023
0 0.20632552083333333 0.8464722222222223 0.041484375000000046 0.0749814814814815
0 0.277109375 0.9476296296296297 0.06062500000000002 0.06685185185185169
0 0.2593489583333333 0.7459166666666667 0.048802083333333295 0.041685185185185165
0 0.23134635416666666 0.7194259259259259 0.039046875000000016 0.05022222222222223
0 0.15239062499999997 0.9391111111111111 0.05254166666666667 0.07037037037037037
0 0.13332291666666668 0.9018333333333334 0.034249999999999996 0.04537037037037037
0 0.1689140625 0.8586851851851852 0.03165104166666666 0.05281481481481478
0 0.1678203125 0.7672731481481482 0.04779687499999999 0.04862037037037036
0 0.22484374999999998 0.9311296296296296 0.04702083333333332 0.07188888888888899
0 0.35765364583333337 0.9438564814814815 0.051432291666666664 0.06637962962962968
0 0.3790260416666667 0.8968564814814814 0.04157291666666663 0.05454629629629616
0 0.3941328125 0.8617592592592593 0.04610937499999999 0.04870370370370362
0 0.4439453125 0.8947129629629629 0.035890625000000044 0.04740740740740724
0 0.44596874999999997 0.9690324074074075 0.031520833333333324 0.034101851851851786
0 0.5013020833333334 0.8156990740740742 0.03114583333333331 0.03793518518518521
0 0.2905286458333334 0.777787037037037 0.03974479166666664 0.03790740740740746
0 0.3090677083333333 0.7136666666666667 0.03998958333333332 0.04333333333333329
0 0.36445052083333335 0.6849305555555555 0.039265625000000054 0.04482407407407394
0 0.41190885416666667 0.658425925925926 0.040755208333333334 0.04057407407407401
0 0.3810546875 0.7894907407407408 0.03143229166666662 0.036388888888888846
0 0.5078880208333333 0.709175925925926 0.034296874999999956 0.04592592592592584
0 0.5449505208333334 0.7132083333333333 0.03615104166666659 0.040712962962962986
0 0.49281250000000004 0.6725740740740741 0.02614583333333324 0.03568518518518515
0 0.5017760416666667 0.5776388888888889 0.030281249999999933 0.0294074074074074
0 0.6046901041666667 0.9693287037037037 0.03406770833333326 0.04236111111111111
0 0.5782135416666667 0.8226944444444444 0.04910416666666653 0.06861111111111103
0 0.6192239583333332 0.8226388888888889 0.02826041666666678 0.0411666666666667
0 0.6759244791666668 0.9132870370370371 0.07138020833333343 0.07237037037037045
0 0.7331432291666666 0.971810185185185 0.027588541666666563 0.04758333333333353
0 0.8253619791666666 0.9727361111111111 0.03814062500000001 0.042805555555555576
0 0.7854583333333333 0.9177037037037038 0.05623958333333334 0.08292592592592588
0 0.721234375 0.8157175925925925 0.04201041666666659 0.05356481481481473
0 0.6607187499999999 0.8351898148148148 0.04264583333333339 0.03428703703703701
0 0.6508828125000001 0.7700231481481481 0.02997395833333343 0.038657407407407404
0 0.6959244791666667 0.7464768518518518 0.035546875 0.06699074074074066
0 0.7858385416666667 0.8126898148148148 0.05073958333333337 0.056694444444444464
0 0.8237578125 0.8364907407407408 0.04810937499999994 0.05842592592592584
0 0.8273125 0.8874768518518518 0.0271979166666668 0.04756481481481471
0 0.8537942708333333 0.8988518518518518 0.03376562499999996 0.050388888888888955
0 0.9293125 0.9224861111111112 0.06947916666666672 0.07947222222222215
0 0.8700052083333334 0.7963148148148148 0.05002083333333331 0.05416666666666667
0 0.9080677083333334 0.8458009259259258 0.037229166666666674 0.046620370370370284
0 0.9299114583333332 0.8066064814814815 0.046541666666666495 0.06482407407407406
0 0.9743229166666667 0.9680879629629631 0.04996875000000003 0.05806481481481485
0 0.9844765625 0.8290324074074075 0.03000520833333316 0.026546296296296363
0 0.9326119791666667 0.7165462962962963 0.03082812500000003 0.022814814814814906
0 0.8263958333333333 0.6800277777777778 0.044822916666666636 0.04087037037037025
0 0.7184140625000001 0.6554675925925926 0.043942708333333275 0.03715740740740751
0 0.8225911458333334 0.6061851851851853 0.03701562500000009 0.03894444444444439
0 0.7784739583333333 0.6858842592592592 0.035489583333333505 0.036768518518518555
0 0.9150468749999999 0.617462962962963 0.03405208333333339 0.020444444444444376
0 0.9832604166666667 0.581625 0.03243749999999987 0.026138888888888906
0 0.90440625 0.7311203703703704 0.019583333333333286 0.025055555555555505
0 0.914 0.6550416666666666 0.04104166666666676 0.04187962962962965
0 0.6503593750000001 0.6026527777777778 0.029885416666666723 0.03610185185185186
0 0.68071875 0.5733564814814814 0.031718750000000046 0.030879629629629545
0 0.6156848958333333 0.6459074074074074 0.036421874999999916 0.032370370370370403
0 0.6274557291666667 0.5476574074074074 0.03250520833333326 0.02412962962962958
0 0.10663281250000001 0.7405694444444445 0.028890625000000014 0.02382407407407409
0 0.3066015625 0.5094861111111111 0.03693229166666659 0.03180555555555547
0 0.24874218750000002 0.5941296296296296 0.0257447916666667 0.02844444444444447
0 0.3587265625 0.5794953703703704 0.04294270833333336 0.030805555555555537
0 0.31918489583333337 0.6370648148148148 0.037588541666666704 0.03555555555555564
0 0.4124375 0.5832870370370371 0.038697916666666644 0.03446296296296278
0 0.5050911458333334 0.5296620370370371 0.023286458333333353 0.028398148148148214
0 0.4473463541666666 0.7111851851851853 0.03931770833333334 0.05251851851851854
0 0.4630885416666667 0.6391990740740741 0.025 0.03647222222222211
0 0.4341953125 0.5427175925925926 0.03522395833333339 0.03060185185185181
0 0.7770026041666667 0.5412268518518519 0.025744791666666583 0.023990740740740608
0 0.01015625 0.7893518518518519 0.0203125 0.041666666666666664
0 0.08051562500000001 0.7198009259259259 0.043937500000000004 0.04484259259259265
0 0.2725234375 0.6129444444444445 0.02993229166666668 0.024333333333333308
0 0.3558463541666666 0.7529722222222223 0.01700520833333338 0.024833333333333485
0 0.3519192708333333 0.7943888888888889 0.021682291666666725 0.034518518518518705
0 0.47791927083333335 0.6167638888888889 0.018515624999999977 0.022509259259259208
0 0.6902317708333333 0.5323981481481481 0.02613020833333337 0.027925925925926003
0 0.8418671875 0.6610925925925926 0.026015624999999907 0.03588888888888888
0 0.6963125 0.7082083333333333 0.032791666666666684 0.03287962962962962
0 0.6464583333333334 0.5757731481481482 0.023885416666666732 0.025694444444444443
0 0.146828125 0.5735509259259258 0.019468749999999996 0.016731481481481632
0 0.16443229166666667 0.5578981481481481 0.0207395833333333 0.018999999999999982
0 0.2179765625 0.558236111111111 0.034567708333333336 0.028157407407407273
0 0.2220625 0.5778935185185186 0.023635416666666666 0.022805555555555655
0 0.18586197916666666 0.5478333333333334 0.024380208333333306 0.02792592592592579
0 0.2901302083333333 0.5802361111111111 0.04463541666666657 0.050287037037036984
0 0.4105 0.7591342592592593 0.03242708333333333 0.03217592592592593
0 0.2362864583333333 0.6497175925925925 0.019489583333333373 0.03302777777777784
0 0.0656015625 0.6019861111111111 0.03475520833333333 0.03352777777777781
0 0.12010156250000001 0.5321203703703704 0.026369791666666663 0.03275925925925936
0 0.3214166666666667 0.6648472222222223 0.028437499999999952 0.0348981481481482
0 0.26190364583333337 0.6812916666666667 0.036526041666666606 0.041342592592592674
0 0.8129479166666668 0.4803148148148148 0.021416666666666608 0.016444444444444435
0 0.8494921875 0.4773518518518518 0.03278645833333324 0.02350000000000005
0 0.9044609375 0.48642592592592593 0.03701562499999985 0.029148148148148166
0 0.8595911458333333 0.5266157407407407 0.04203645833333335 0.02632407407407413
0 0.8938854166666667 0.5207824074074073 0.029875000000000065 0.026324074074073923