0 0.8082161458333333 0.8670787037037037 0.05025520833333322 0.0532870370370372
0 0.06299218749999999 0.5944907407407407 0.027473958333333333 0.026222222222222372
0 0.020302083333333328 0.6015462962962963 0.035843749999999994 0.03862962962962965
0 0.026549479166666667 0.6922638888888889 0.033546875000000004 0.019583333333333418
0 0.10510677083333334 0.7451527777777779 0.04453645833333333 0.03737962962962953
0 0.1502265625 0.5494027777777778 0.02058854166666665 0.01678703703703714
0 0.18288802083333333 0.6697037037037037 0.025161458333333307 0.027759259259259275
0 0.14192708333333334 0.7720277777777778 0.02712500000000002 0.03638888888888906
0 0.15171614583333332 0.828287037037037 0.03799479166666667 0.03907407407407391
0 0.22245052083333333 0.6976064814814814 0.039171875000000016 0.04395370370370373
0 0.04247135416666667 0.8260879629629629 0.029026041666666662 0.043953703703703516
0 0.10235677083333333 0.8041944444444444 0.04866145833333334 0.048444444444444595
0 0.28250260416666667 0.762699074074074 0.04450520833333336 0.045731481481481366
0 0.25922395833333334 0.632337962962963 0.034791666666666644 0.03036111111111108
0 0.23633333333333334 0.6111111111111112 0.032572916666666646 0.029814814814814856
0 0.18214583333333334 0.7593935185185186 0.038187499999999965 0.037453703703703746
0 0.16917968750000004 0.7367083333333333 0.025942708333333304 0.022990740740740673
0 0.19426041666666669 0.7025879629629629 0.016770833333333356 0.024083333333333325
0 0.183984375 0.6430972222222223 0.025802083333333316 0.01949074074074091
0 0.23951041666666667 0.7506527777777777 0.0392916666666667 0.047361111111111194
0 0.20581770833333335 0.8167222222222221 0.04772916666666666 0.04751851851851867
0 0.16004427083333334 0.8736018518518519 0.041276041666666666 0.04472222222222218
0 0.032197916666666666 0.9058981481481482 0.06160416666666666 0.06664814814814816
0 0.0109375 0.8550925925925926 0.021875 0.027777777777777776
0 0.11026822916666669 0.9191342592592593 0.05274479166666666 0.07125000000000004
0 0.21369270833333331 0.9242777777777778 0.03907291666666666 0.0647222222222223
0 0.2677942708333333 0.9696342592592592 0.03805729166666672 0.03267592592592589
0 0.29757552083333333 0.9388518518518519 0.04630729166666659 0.05205555555555537
0 0.304890625 0.8776805555555556 0.03963541666666662 0.06413888888888887
0 0.284953125 0.8113240740740741 0.03612500000000007 0.04990740740740749
0 0.33755989583333335 0.881875 0.03436979166666667 0.049305555555555554
0 0.3417890625 0.759300925925926 0.02982812499999999 0.04345370370370355
0 0.394015625 0.9022083333333333 0.03307291666666667 0.041972222222222154
0 0.4424661458333334 0.9127777777777777 0.018057291666666704 0.02737037037037032
0 0.44260937499999997 0.8696944444444444 0.03842708333333344 0.03762962962962951
0 0.43005468750000003 0.8243472222222223 0.04321354166666668 0.03439814814814823
0 0.36008072916666667 0.7307916666666666 0.03183854166666673 0.04649074074074078
0 0.3721614583333333 0.7057777777777778 0.03160416666666658 0.024074074074074074
0 0.4142369791666667 0.7223657407407407 0.021317708333333248 0.01982407407407394
0 0.4135390625 0.7730972222222222 0.022671874999999987 0.02154629629629628
0 0.4543359375 0.6707546296296296 0.021567708333333258 0.0260833333333334
0 0.2890963541666667 0.6552037037037037 0.027036458333333256 0.032074074074074164
0 0.29898437499999997 0.6031527777777778 0.02939583333333336 0.025990740740740894
0 0.3466380208333334 0.5819212962962962 0.02907812499999996 0.030694444444444528
0 0.3862994791666666 0.5635324074074074 0.0329739583333333 0.03317592592592586
0 0.36014843750000003 0.6600324074074074 0.023484374999999957 0.02100925925925931
0 0.46433593749999996 0.6017129629629628 0.023671875000000023 0.03414814814814825
0 0.48953125 0.6011944444444444 0.026333333333333306 0.026814814814814847
0 0.44967708333333334 0.5726481481481481 0.02177083333333331 0.020092592592592422
0 0.4587864583333333 0.5029814814814815 0.01975000000000004 0.025074074074074006
0 0.5261171875 0.9635092592592592 0.0334322916666667 0.04951851851851854
0 0.5047526041666667 0.8839537037037037 0.043401041666666626 0.05342592592592576
0 0.5351874999999999 0.7694027777777777 0.027572916666666693 0.026787037037036887
0 0.5143072916666667 0.6772592592592593 0.034166666666666616 0.04411111111111099
0 0.5499322916666666 0.6752685185185184 0.022583333333333164 0.026870370370370354
0 0.5899739583333333 0.7334351851851852 0.04605208333333337 0.04055555555555551
0 0.591421875 0.79375 0.030291666666666592 0.054759259259259355
0 0.6306692708333334 0.7688564814814814 0.026515624999999925 0.032694444444444394
0 0.6532942708333334 0.92425 0.042546875000000026 0.03103703703703702
0 0.565203125 0.9768240740740741 0.03179166666666665 0.04449999999999995
0 0.7595208333333333 0.974361111111111 0.02965625000000003 0.036481481481481566
0 0.7030911458333333 0.9306712962962963 0.03797395833333326 0.05054629629629643
0 0.7548645833333334 0.8941666666666667 0.040510416666666535 0.05488888888888908
0 0.7510729166666666 0.8128148148148149 0.04487499999999992 0.05414814814814817
0 0.7111250000000001 0.8109120370370371 0.0395104166666665 0.04547222222222234
0 0.7010911458333332 0.7694629629629629 0.026557291666666552 0.029296296296296178
0 0.6736510416666666 0.7326018518518519 0.035489583333333505 0.04153703703703716
0 0.6327734374999999 0.6711712962962963 0.028734375000000038 0.03095370370370376
0 0.5833307291666666 0.6792314814814814 0.02861979166666657 0.020481481481481382
0 0.5799401041666667 0.6391018518518519 0.025057291666666495 0.028740740740740706
0 0.6141588541666666 0.6250462962962963 0.02593229166666665 0.03501851851851867
0 0.6789921875 0.6652546296296297 0.035192708333333184 0.033379629629629586
0 0.7070781250000001 0.6796342592592592 0.02798958333333322 0.02736111111111107
0 0.7078984375 0.7166805555555555 0.01610937500000015 0.024157407407407332
0 0.7273463541666667 0.7225694444444445 0.0200677083333332 0.02943518518518515
0 0.7777239583333333 0.7290277777777777 0.03941666666666658 0.04316666666666657
0 0.7439765625 0.6537731481481482 0.03224479166666659 0.0349722222222222
0 0.7714374999999999 0.6862546296296296 0.027541666666666725 0.02080555555555558
0 0.7934583333333334 0.659550925925926 0.02979166666666657 0.03184259259259248
0 0.8101458333333333 0.7634444444444445 0.038677083333333445 0.04255555555555559
0 0.8398229166666666 0.7830740740740741 0.02379166666666682 0.029703703703703635
0 0.8824062500000001 0.7742777777777778 0.05340624999999998 0.05488888888888886
0 0.8554635416666667 0.7140231481481482 0.02939583333333336 0.03893518518518514
0 0.8403854166666667 0.6733379629629629 0.03825000000000003 0.027861111111111246
0 0.9131328125000001 0.7402083333333332 0.025192708333333275 0.028861111111111178
0 0.8683697916666666 0.6650185185185186 0.020343749999999973 0.02090740740740734
0 0.8576770833333334 0.6344953703703704 0.022208333333333267 0.029861111111111113
0 0.8023046875000001 0.6013981481481482 0.02500520833333345 0.01592592592592597
0 0.7222395833333334 0.5776666666666668 0.026750000000000065 0.034370370370370266
0 0.6380520833333333 0.5619814814814815 0.031729166666666704 0.022555555555555672
0 0.7246770833333334 0.5253287037037038 0.02687500000000019 0.026546296296296363
0 0.6817239583333332 0.5843425925925925 0.02145833333333324 0.031185185185185035
0 0.8039140625 0.5308009259259259 0.02276562500000002 0.01691666666666665
0 0.8606093749999999 0.5106666666666666 0.019968750000000077 0.01592592592592597
0 0.9034427083333334 0.5828518518518518 0.024447916666666458 0.025388888888888957
0 0.9261744791666667 0.693087962962963 0.03424479166666667 0.035750000000000115
0 0.9024739583333333 0.653962962962963 0.01548958333333322 0.02090740740740734
0 0.849859375 0.9703935185185186 0.04609375 0.05700925925925909
0 0.8766796874999999 0.9269166666666667 0.057421875 0.06500000000000004
0 0.8910859375 0.981162037037037 0.03475520833333334 0.035824074074074126
0 0.9076692708333333 0.8641342592592594 0.043973958333333486 0.04387962962962951
0 0.9429114583333332 0.905125 0.05762500000000017 0.04837962962962963
0 0.9577109374999999 0.9710324074074074 0.030015625000000056 0.032694444444444394
0 0.9539817708333334 0.7793749999999999 0.025359375000000028 0.023972222222222103
0 0.5377395833333334 0.8336666666666667 0.01648958333333326 0.029333333333333392
0 0.9862578125 0.7714212962962963 0.026442708333333325 0.028861111111111178
0 0.95678125 0.7281157407407407 0.02613541666666658 0.017361111111111112
0 0.9603880208333334 0.6765694444444444 0.021046874999999923 0.021527777777777778
0 0.975703125 0.594550925925926 0.02063541666666661 0.018787037037037005
0 0.779828125 0.6104027777777777 0.018489583333333334 0.021712962962963007
0 0.7959296874999999 0.5640416666666667 0.024036458333333382 0.021027777777777812
0 0.5801953125 0.5216481481481482 0.026411458333333353 0.024944444444444495
0 0.6085234375 0.5019120370370371 0.020473958333333306 0.021416666666666768
0 0.5506796875 0.553050925925926 0.030703124999999904 0.02465740740740751
0 0.5627630208333334 0.4818148148148148 0.011223958333333428 0.01598148148148147
0 0.130828125 0.6278333333333332 0.01952083333333334 0.019981481481481413
0 0.29441666666666666 0.4583888888888889 0.03453124999999998 0.016629629629629664
0 0.24434635416666667 0.5216759259259259 0.02421354166666667 0.013203703703703695
0 0.32632812499999997 0.4976157407407407 0.016916666666666677 0.01173148148148155
0 0.30813541666666666 0.5504629629629629 0.017177083333333343 0.019666666666666676
0 0.3839270833333333 0.5113796296296296 0.022562499999999968 0.024537037037037038
0 0.4603177083333333 0.46883796296296293 0.021187499999999915 0.01612037037037034
0 0.411921875 0.6018518518518519 0.03142708333333329 0.03179629629629622
0 0.4263385416666666 0.5534583333333334 0.015708333333333258 0.024046296296296323
0 0.400015625 0.4821527777777777 0.029781249999999915 0.016509259259259244
0 0.6900260416666666 0.4796064814814815 0.02201041666666678 0.0150833333333333
0 0.089125 0.5284537037037037 0.02453125000000001 0.01625925925925921
0 0.0258671875 0.7565092592592593 0.051182291666666664 0.04520370370370386
0 0.028822916666666663 0.7193055555555555 0.04572916666666667 0.030833333333333292
0 0.0523125 0.7679907407407408 0.027812499999999987 0.023555555555555607
0 0.05177864583333333 0.6645046296296296 0.020244791666666668 0.02013888888888889
0 0.1099921875 0.6177870370370371 0.027265625000000012 0.025703703703703694
0 0.23732291666666666 0.8649537037037037 0.040177083333333384 0.04353703703703702
0 0.26504947916666666 0.536875 0.027515624999999964 0.01678703703703714
0 0.3407708333333333 0.6350185185185184 0.014260416666666723 0.019999999999999917
0 0.33475520833333333 0.6617916666666666 0.0128541666666667 0.017490740740740623
0 0.9909661458333333 0.8615324074074073 0.017026041666666696 0.03050925925925909
0 0.4400390625 0.532912037037037 0.018171875000000053 0.022212962962962973
0 0.6196822916666667 0.47318518518518515 0.021114583333333315 0.020092592592592634
0 0.7366666666666667 0.5640601851851851 0.01885416666666657 0.025472222222222424
0 0.6209062500000001 0.5975925925925926 0.029416666666666678 0.030851851851851794
0 0.5825130208333333 0.5042685185185185 0.023880208333333285 0.025703703703703694
0 0.23710677083333334 0.5649305555555556 0.014463541666666658 0.016583333333333408
0 0.30924218749999993 0.5688148148148149 0.026369791666666722 0.027537037037037044
0 0.2612265625 0.583550925925926 0.03432812499999998 0.03349074074074081