0 0.017708333333333333 0.7027777777777777 0.035416666666666666 0.03888888888888889
0 0.04063020833333333 0.9540601851851852 0.050749999999999997 0.09002777777777779
0 0.12485677083333334 0.6443749999999999 0.033526041666666666 0.039694444444444345
0 0.15030208333333334 0.8320092592592592 0.033854166666666664 0.0478888888888887
0 0.19695572916666665 0.8776296296296296 0.041484375000000046 0.0749814814814815
0 0.2753307291666667 0.9737731481481481 0.05027604166666665 0.05060185185185194
0 0.2485911458333333 0.7730648148148148 0.04880729166666668 0.041685185185185165
0 0.22301822916666666 0.7441018518518518 0.039046875000000016 0.05022222222222223
0 0.14248697916666667 0.9678518518518519 0.04870312499999999 0.0624444444444445
0 0.11701302083333334 0.9419351851851852 0.03425520833333332 0.04537037037037037
0 0.15607812499999998 0.8876759259259259 0.03409375000000002 0.05590740740740751
0 0.15653124999999998 0.7931944444444445 0.050895833333333335 0.05477777777777764
0 0.21773437499999998 0.9595324074074075 0.05015624999999998 0.07554629629629632
0 0.3545026041666667 0.9712962962962963 0.05556770833333336 0.05555555555555555
0 0.3809427083333334 0.9301805555555556 0.049572916666666585 0.05454629629629616
0 0.3941328125 0.896925925925926 0.04610937499999999 0.04870370370370362
0 0.44622395833333334 0.9275972222222222 0.03838541666666669 0.05056481481481472
0 0.5032421875 0.8452268518518519 0.03438020833333333 0.03965740740740734
0 0.28531249999999997 0.8071111111111112 0.04249999999999998 0.04718518518518522
0 0.30415885416666666 0.7361527777777778 0.04151562500000002 0.04721296296296297
0 0.36301822916666665 0.703375 0.041171874999999976 0.0459722222222223
0 0.411703125 0.6790694444444444 0.04340625000000008 0.0488981481481481
0 0.3796666666666667 0.8209537037037037 0.03142708333333341 0.036388888888888846
0 0.511484375 0.73 0.03558333333333342 0.04720370370370372
0 0.5501901041666667 0.7356851851851851 0.038859375000000064 0.04027777777777778
0 0.49555208333333334 0.6921574074074074 0.02614583333333324 0.03568518518518515
0 0.50278125 0.5891203703703703 0.03211458333333326 0.03262962962962964
0 0.5815260416666668 0.852736111111111 0.046739583333333216 0.07045370370370384
0 0.6294817708333333 0.8510092592592593 0.03114062499999998 0.046314814814814795
0 0.6873776041666666 0.9492361111111111 0.07472395833333347 0.07930555555555564
0 0.8043125 0.9556203703703703 0.05890624999999995 0.08690740740740753
0 0.7362421875 0.8495416666666666 0.04751562500000001 0.06387962962962963
0 0.6734635416666668 0.8629166666666667 0.045677083333333236 0.04064814814814823
0 0.6597473958333334 0.7937083333333332 0.030505208333333183 0.04017592592592581
0 0.7060703125 0.76925 0.03660937499999998 0.07074074074074083
0 0.8 0.8392916666666667 0.05180208333333335 0.059657407407407256
0 0.8370442708333333 0.8686805555555556 0.06005729166666664 0.06815740740740753
0 0.8420364583333334 0.9192037037037037 0.0271979166666668 0.04757407407407418
0 0.8733671875 0.9381342592592593 0.03722395833333323 0.05595370370370376
0 0.9523098958333333 0.9550648148148149 0.07871354166666672 0.08690740740740753
0 0.8858854166666668 0.8252499999999999 0.05999999999999991 0.06274074074074074
0 0.92903125 0.8796064814814815 0.041104166666666705 0.05115740740740741
0 0.94975 0.8352731481481481 0.05977083333333345 0.06482407407407406
0 0.9527291666666666 0.7403148148148148 0.03775000000000001 0.0228333333333332
0 0.8422369791666667 0.7012638888888889 0.05290104166666675 0.04960185185185179
0 0.7315807291666666 0.6757870370370369 0.045692708333333346 0.039740740740740806
0 0.8350234375 0.6208888888888888 0.03735937499999977 0.04038888888888879
0 0.7897578125 0.7079814814814814 0.038098958333333384 0.042407407407407366
0 0.936609375 0.6347037037037038 0.03928125000000004 0.026129629629629655
0 0.9222447916666667 0.7516851851851852 0.023916666666666704 0.029166666666666667
0 0.9319348958333333 0.6753472222222222 0.043359375 0.04752777777777771
0 0.6596875 0.6180555555555556 0.029885416666666723 0.03609259259259261
0 0.6898776041666667 0.5917314814814815 0.03271354166666664 0.033222222222222327
0 0.6223567708333333 0.6654583333333333 0.038432291666666646 0.03591666666666663
0 0.6330078125 0.5592268518518518 0.035244791666666705 0.029861111111111113
0 0.08459635416666668 0.7640138888888889 0.02091145833333332 0.02382407407407409
0 0.305203125 0.5187222222222222 0.03813541666666668 0.03466666666666672
0 0.2429192708333333 0.6069444444444444 0.02780729166666672 0.02962962962962963
0 0.3594947916666667 0.5952592592592593 0.03256249999999999 0.028518518518518478
0 0.31418229166666667 0.653074074074074 0.03391666666666661 0.03257407407407392
0 0.4127161458333333 0.5978379629629629 0.03870312499999997 0.03987962962962978
0 0.5080442708333333 0.539537037037037 0.023286458333333353 0.028388888888888755
0 0.4483723958333333 0.7328981481481481 0.03976562499999995 0.05251851851851854
0 0.46420052083333335 0.6604212962962963 0.025005208333333327 0.036472222222222316
0 0.4332395833333333 0.5562916666666667 0.035218749999999945 0.03060185185185202
0 0.7862578125 0.5566527777777778 0.025744791666666583 0.023990740740740608
0 0.06767708333333333 0.7426157407407408 0.04670833333333334 0.046064814814814815
0 0.26841145833333335 0.6275648148148149 0.02992708333333335 0.024333333333333308
0 0.35341666666666666 0.7776527777777777 0.016999999999999935 0.024824074074074023
0 0.35018489583333334 0.8203055555555556 0.021682291666666725 0.034518518518518705
0 0.47950781249999996 0.633125 0.01988020833333337 0.023731481481481582
0 0.6991848958333333 0.5474814814814815 0.02613020833333337 0.02792592592592579
0 0.85525 0.6793703703703704 0.02939583333333336 0.03892592592592589
0 0.7072447916666665 0.7308425925925925 0.03731250000000017 0.03659259259259257
0 0.6543151041666666 0.5900185185185185 0.023880208333333524 0.025703703703703694
0 0.13564062500000001 0.5889722222222222 0.020718749999999987 0.01898148148148148
0 0.15475520833333334 0.5728703703703704 0.023500000000000004 0.022111111111111213
0 0.2106875 0.5711990740740741 0.03456250000000001 0.030842592592592543
0 0.2141458333333333 0.5910694444444444 0.024385416666666635 0.025935185185185176
0 0.17781770833333332 0.5601203703703704 0.02538541666666667 0.0301666666666666
0 0.28435156250000004 0.590962962962963 0.040109374999999996 0.050277777777777734
0 0.40898958333333335 0.7859490740740741 0.03242708333333333 0.03217592592592593
0 0.4893072916666667 0.5104351851851852 0.033937499999999926 0.030833333333333292
0 0.4459453125 0.5151296296296296 0.03318229166666668 0.026814814814814847
0 0.1643203125 0.49666203703703704 0.0258177083333333 0.02480555555555552
0 0.22903385416666666 0.43433333333333335 0.03593229166666667 0.02294444444444442
0 0.2797916666666667 0.4179027777777778 0.02371874999999998 0.029768518518518604
0 0.2996770833333333 0.48364351851851856 0.032791666666666684 0.029768518518518552
0 0.34450520833333337 0.5766712962962963 0.035239583333333255 0.029768518518518604
0 0.33944531249999993 0.5425601851851852 0.020234374999999954 0.031009259259259268
0 0.35322656249999995 0.5205416666666666 0.04011979166666677 0.02791666666666675
0 0.22865885416666665 0.6668611111111111 0.022401041666666663 0.035296296296296194
0 0.05488802083333333 0.6177638888888889 0.03475520833333334 0.03352777777777781
0 0.1123984375 0.5431296296296295 0.026369791666666663 0.03275925925925936
0 0.317171875 0.6861203703703703 0.029947916666666668 0.0375
0 0.25671875 0.7010925925925926 0.03854166666666667 0.04311111111111106
0 0.7387317708333333 0.6396157407407408 0.03913020833333339 0.03900925925925936
0 0.7744270833333334 0.6603009259259259 0.03648958333333354 0.03243518518518516
0 0.8226822916666666 0.4902824074074074 0.021416666666666608 0.016453703703703686
0 0.8599609375 0.4876944444444445 0.03278645833333324 0.0235000000000001
0 0.9169401041666667 0.4973287037037037 0.03701562499999985 0.029138888888888916
0 0.8729166666666667 0.5384583333333334 0.04204166666666656 0.026324074074073923
0 0.9079505208333333 0.5337638888888888 0.029880208333333276 0.026324074074073923