0 0.3174322916666667 0.6827824074074074 0.0344479166666666 0.025287037037036986
0 0.35672916666666665 0.6472453703703704 0.03556249999999998 0.029009259259259193
0 0.34288802083333336 0.5995138888888889 0.02649479166666661 0.02380555555555559
0 0.27438541666666666 0.7044861111111111 0.028604166666666674 0.03471296296296297
0 0.25660677083333333 0.7226342592592592 0.020640625 0.021824074074074225
0 0.29385937500000003 0.8422129629629629 0.056437500000000036 0.060703703703703656
0 0.3710572916666667 0.7810925925925927 0.023010416666666582 0.04446296296296295
0 0.3704296875 0.8641111111111112 0.04036979166666666 0.06462962962962959
0 0.3341953125 0.7148009259259259 0.03639062499999994 0.03869444444444441
0 0.37161458333333336 0.6816851851851852 0.028218750000000032 0.04161111111111116
0 0.402484375 0.6455833333333334 0.0394895833333333 0.04251851851851859
0 0.3963515625 0.690300925925926 0.02244270833333329 0.03784259259259249
0 0.4165442708333334 0.7163518518518519 0.03444270833333339 0.033018518518518385
0 0.43469270833333334 0.7708287037037037 0.03831249999999997 0.04610185185185182
0 0.41872395833333337 0.8084166666666666 0.0646666666666666 0.06283333333333345
0 0.0465078125 0.783125 0.05729687500000001 0.06413888888888887
0 0.058080729166666664 0.8237129629629629 0.05810937500000001 0.06724074074074064
0 0.08521614583333334 0.9158842592592592 0.03851562499999999 0.04458333333333342
0 0.08948697916666666 0.9541944444444445 0.036421875000000006 0.04105555555555569
0 0.16544270833333333 0.9303194444444444 0.044489583333333374 0.06315740740740744
0 0.18531249999999996 0.8671018518518518 0.04404166666666664 0.062537037037037
0 0.13391406250000001 0.8387592592592592 0.055234374999999974 0.0514814814814814
0 0.12662760416666666 0.7087685185185185 0.04896354166666666 0.05096296296296293
0 0.19329947916666665 0.6541018518518519 0.041796875 0.037685185185185016
0 0.2116875 0.7603148148148148 0.05540625 0.03640740740740735
0 0.0846171875 0.5672870370370371 0.045463541666666676 0.03722222222222205
0 0.07028385416666666 0.6079120370370371 0.030890625 0.020435185185185337
0 0.12448958333333332 0.6419861111111111 0.03194791666666668 0.038749999999999916
0 0.11432031250000001 0.618087962962963 0.04186979166666666 0.030972222222222266
0 0.120703125 0.5742824074074074 0.030520833333333344 0.031287037037037
0 0.15028906250000001 0.5896990740740741 0.031776041666666664 0.028731481481481455
0 0.1384765625 0.5464490740740741 0.031776041666666664 0.03160185185185195
0 0.12787239583333332 0.5216851851851851 0.03319270833333334 0.025666666666666692
0 0.11122135416666667 0.4779259259259259 0.036265624999999996 0.03351851851851856
0 0.17235156249999997 0.5076481481481482 0.038953124999999984 0.030018518518518587
0 0.16519791666666667 0.4762083333333333 0.03071875000000001 0.03512037037037043
0 0.17802864583333336 0.44613425925925926 0.02333854166666664 0.018194444444444423
0 0.19151041666666668 0.4606203703703704 0.023197916666666648 0.021999999999999992
0 0.21267447916666665 0.5532175925925925 0.034109375000000004 0.030009259259259125
0 0.22991145833333335 0.5236944444444444 0.030520833333333344 0.02553703703703697
0 0.25614062499999996 0.544087962962963 0.03213541666666669 0.030638888888888813
0 0.2676119791666667 0.5717638888888888 0.04110937499999994 0.03447222222222224
0 0.3071276041666666 0.5490370370370371 0.027463541666666678 0.02457407407407404
0 0.3585286458333333 0.49133333333333334 0.031776041666666664 0.022981481481481422
0 0.36903125 0.5318657407407407 0.028364583333333353 0.023305555555555624
0 0.39115104166666664 0.5572731481481482 0.0348020833333333 0.037027777777777784
0 0.4004114583333333 0.6018287037037037 0.03464583333333333 0.03447222222222224
0 0.23604166666666665 0.4764074074074074 0.02297916666666667 0.030000000000000086
0 0.261140625 0.4159305555555555 0.02872916666666671 0.022342592592592588
0 0.28461458333333334 0.47567592592592595 0.03915624999999994 0.02522222222222223
0 0.30859895833333334 0.45636574074074077 0.022781250000000006 0.022027777777777743
0 0.4198203125 0.9560092592592593 0.082671875 0.06814814814814807
0 0.540265625 0.8506018518518518 0.04935416666666678 0.061277777777777834
0 0.5007890625000001 0.8063333333333332 0.03534895833333328 0.04531481481481486
0 0.5527526041666667 0.7751481481481481 0.021723958333333352 0.03287037037037037
0 0.5349869791666666 0.6871805555555556 0.04029687499999994 0.05310185185185177
0 0.5734505208333334 0.6635694444444444 0.039744791666666876 0.0488981481481481
0 0.45016927083333336 0.6224305555555556 0.037880208333333346 0.037027777777777784
0 0.44869791666666664 0.5782222222222222 0.03572916666666662 0.036388888888888846
0 0.4282578125 0.5203935185185186 0.028921874999999986 0.020749999999999866
0 0.48597656250000004 0.5532962962962963 0.025151041666666648 0.030962962962963015
0 0.5105364583333334 0.5752592592592592 0.0339479166666667 0.029685185185185134
0 0.4244505208333333 0.4972824074074075 0.036640624999999954 0.021379629629629766
0 0.47541927083333335 0.4976018518518519 0.02195312500000005 0.029685185185185134
0 0.5378697916666667 0.46329166666666666 0.01975000000000004 0.01787962962962958
0 0.5614791666666666 0.49444444444444446 0.022260416666666553 0.019148148148148206
0 0.5681484374999999 0.47631481481481486 0.019015625000000112 0.016277777777777763
0 0.5585703125 0.568300925925926 0.02279687499999999 0.028083333333333266
0 0.5446380208333333 0.6277916666666667 0.028890625000000072 0.0452499999999999
0 0.5751328125 0.6173101851851851 0.03530729166666665 0.046472222222222276
0 0.6083098958333333 0.5825833333333333 0.02820312499999981 0.03587037037037017
0 0.6142734375000001 0.6616203703703704 0.03622395833333343 0.030981481481481516
0 0.6091822916666667 0.49547222222222226 0.03439583333333331 0.02446296296296303
0 0.5993229166666666 0.43872685185185184 0.025677083333333427 0.020379629629629623
0 0.6535052083333334 0.5403518518518519 0.027510416666666752 0.030574074074074056
0 0.61778125 0.47105555555555556 0.023614583333333408 0.022018518518518493
0 0.6357369791666667 0.4556064814814815 0.02797395833333335 0.022009259259259242
0 0.6463723958333334 0.4779861111111111 0.02614062500000003 0.023231481481481405
0 0.6801822916666667 0.9595185185185185 0.0311770833333334 0.05829629629629633
0 0.6499739583333334 0.8953194444444443 0.018802083333333285 0.02282407407407416
0 0.6409166666666667 0.7721111111111111 0.04012499999999998 0.0448333333333334
0 0.7411171875 0.7642638888888889 0.030380208333333294 0.049324074074074055
0 0.7209374999999999 0.7745555555555556 0.018343750000000134 0.023648148148148116
0 0.7372786458333332 0.8197037037037037 0.02889062500000013 0.03912962962962962
0 0.7584296875 0.8885925925925926 0.05365104166666678 0.06848148148148152
0 0.6740494791666667 0.6787453703703703 0.029807291666666676 0.025675925925925942
0 0.7142239583333333 0.6822083333333334 0.038979166666666745 0.041990740740740655
0 0.7399479166666667 0.6869583333333333 0.02269791666666663 0.037138888888889006
0 0.72146875 0.6571388888888889 0.0323333333333333 0.026907407407407356
0 0.6975755208333333 0.6637407407407406 0.02247395833333338 0.026907407407407356
0 0.6873046875 0.5746759259259259 0.025453124999999945 0.03261111111111114
0 0.6475911458333333 0.6155185185185185 0.025682291666666638 0.03912962962962962
0 0.7531484375 0.5914074074074074 0.02447395833333322 0.02294444444444442
0 0.7633125 0.6703425925925927 0.02384374999999987 0.03464814814814821
0 0.7639557291666667 0.5423518518518519 0.026598958333333183 0.03424074074074076
0 0.6908333333333334 0.5505925925925926 0.021822916666666477 0.02162962962962975
0 0.7374739583333334 0.5518888888888889 0.018802083333333285 0.021611111111111247
0 0.7475625000000001 0.5745509259259259 0.02201041666666678 0.020379629629629623
0 0.7160104166666666 0.5362361111111111 0.02659374999999997 0.023638888888888862
0 0.6945182291666666 0.5084212962962963 0.010848958333333296 0.013990740740740859
0 0.7244479166666667 0.5114907407407407 0.018343750000000134 0.022018518518518493
0 0.8310911458333334 0.8801342592592594 0.061203125000000115 0.06280555555555549
0 0.8517421875 0.7890185185185185 0.05125520833333326 0.07342592592592588
0 0.8101927083333335 0.7155925925925927 0.04080208333333341 0.03981481481481482
0 0.8023541666666667 0.790787037037037 0.03060416666666678 0.035388888888888706
0 0.8881927083333333 0.8573564814814815 0.04055208333333316 0.06324999999999995
0 0.9150651041666668 0.8489305555555556 0.05498437499999985 0.06860185185185198
0 0.9339739583333333 0.9367546296296296 0.04553125000000004 0.05219444444444456
0 0.9501458333333334 0.8239583333333333 0.0430416666666666 0.06015740740740743
0 0.9493984375 0.7788425925925927 0.03607812499999999 0.042462962962963084
0 0.8356692708333334 0.7007731481481482 0.03507812500000019 0.03450925925925924
0 0.8921250000000001 0.7494305555555556 0.047770833333333464 0.043787037037037006
0 0.9552708333333333 0.7017916666666666 0.03956250000000002 0.030083333333333132
0 0.9631848958333333 0.7314027777777777 0.02910937500000017 0.02304629629629618
0 0.9375312499999999 0.6577824074074073 0.03931250000000001 0.032731481481481396
0 0.878390625 0.6165555555555556 0.0405520833333334 0.04201851851851862
0 0.8600286458333334 0.6445092592592593 0.01891145833333354 0.01990740740740741
0 0.7808020833333332 0.5588981481481482 0.01741666666666646 0.014592592592592584
0 0.7938333333333334 0.6559907407407408 0.022145833333333323 0.023444444444444597
0 0.781734375 0.5752083333333333 0.02911458333333338 0.023879629629629594
0 0.7836927083333334 0.5963055555555555 0.025624999999999905 0.028796296296296212
0 0.8416406249999999 0.48889814814814814 0.029604166666666744 0.026537037037037112
0 0.8422369791666667 0.5154398148148148 0.021151041666666735 0.02034259259259241
0 0.8153671875 0.5322499999999999 0.020901041666666724 0.023000000000000135
0 0.8381822916666667 0.558787037037037 0.020895833333333277 0.01990740740740741
0 0.8831927083333333 0.521675925925926 0.0365729166666668 0.026981481481481363
0 0.8763255208333334 0.5534351851851852 0.018161458333333276 0.023000000000000135
0 0.8609010416666666 0.5528194444444445 0.012937500000000076 0.02123148148148133
0 0.8788880208333334 0.5746435185185186 0.022390624999999886 0.01862037037037049
0 0.7789661458333333 0.5205277777777778 0.029859374999999962 0.031407407407407474
0 0.7232864583333334 0.46634259259259264 0.023270833333333484 0.025333333333333347
0 0.7511614583333334 0.47736111111111107 0.023010416666666582 0.021611111111111192
0 0.7571380208333333 0.4992083333333333 0.025494791666666572 0.018601851851851987