0 0.3138541666666666 0.6970601851851852 0.03718750000000005 0.02771296296296281
0 0.35306510416666664 0.6606898148148149 0.036453125 0.03026851851851857
0 0.34454947916666673 0.6118888888888888 0.03069270833333325 0.025814814814814915
0 0.27595572916666666 0.7313194444444445 0.03090104166666663 0.03471296296296297
0 0.25640364583333336 0.7490046296296295 0.020640625 0.021824074074074225
0 0.2870546875 0.8701342592592592 0.057432291666666656 0.062398148148148244
0 0.3667994791666667 0.8067546296296296 0.024546875000000058 0.04747222222222221
0 0.36826041666666665 0.8928842592592593 0.04042708333333327 0.06697222222222216
0 0.33214843749999995 0.7371805555555555 0.037692708333333276 0.04073148148148149
0 0.37109375 0.7015138888888889 0.033093749999999984 0.04193518518518515
0 0.4008307291666667 0.664773148148148 0.04019270833333337 0.04499074074074087
0 0.3935 0.7070277777777777 0.02244791666666662 0.03783333333333345
0 0.41070052083333336 0.7320648148148148 0.03444270833333339 0.03301851851851859
0 0.43055729166666673 0.7908518518518518 0.03831249999999997 0.04609259259259257
0 0.41344531250000005 0.8318703703703705 0.06836979166666665 0.06816666666666657
0 0.042854166666666665 0.8143194444444445 0.060020833333333336 0.0738240740740741
0 0.05495052083333333 0.8573425925925926 0.058536458333333326 0.07801851851851851
0 0.07957552083333333 0.9515509259259259 0.03851562499999999 0.04458333333333342
0 0.08509895833333332 0.9851296296296297 0.03642708333333336 0.02788888888888879
0 0.1595911458333333 0.9656157407407407 0.04448437500000004 0.06315740740740744
0 0.18437760416666665 0.8997962962962963 0.04509895833333335 0.06848148148148152
0 0.12973177083333334 0.872199074074074 0.05523437500000001 0.05149074074074086
0 0.12600260416666667 0.7355231481481481 0.04896354166666666 0.05095370370370368
0 0.19288020833333333 0.6789907407407407 0.04180208333333333 0.037685185185185016
0 0.21063541666666666 0.7896805555555556 0.05581250000000004 0.04454629629629642
0 0.08663020833333332 0.5896296296296296 0.04496875000000001 0.0448148148148149
0 0.06915625 0.632162037037037 0.03189583333333334 0.025990740740740682
0 0.12549479166666666 0.6683518518518518 0.03194791666666668 0.038740740740740874
0 0.11248958333333334 0.6413194444444444 0.042729166666666644 0.03634259259259259
0 0.12158333333333333 0.595287037037037 0.030520833333333344 0.03127777777777775
0 0.15380989583333332 0.6109259259259259 0.031776041666666664 0.028722222222222205
0 0.139984375 0.5676759259259259 0.03178124999999999 0.03159259259259249
0 0.13019791666666666 0.5402222222222223 0.03231249999999998 0.029703703703703635
0 0.11386197916666667 0.49713888888888885 0.036265624999999996 0.03351851851851856
0 0.17624739583333332 0.525074074074074 0.038953124999999984 0.030018518518518587
0 0.16538802083333334 0.49252777777777784 0.034109375000000004 0.03512962962962968
0 0.17903125 0.4604398148148148 0.023343749999999965 0.01819444444444453
0 0.192328125 0.47670370370370374 0.02659374999999997 0.021999999999999992
0 0.2136796875 0.5742222222222223 0.034109375000000004 0.030000000000000086
0 0.2334296875 0.5458148148148149 0.030515625000000015 0.02553703703703697
0 0.25865625 0.562412037037037 0.03213541666666669 0.030638888888889024
0 0.2654765625 0.5898564814814814 0.041109374999999976 0.03447222222222224
0 0.309640625 0.5673564814814814 0.027468750000000004 0.02458333333333329
0 0.3611666666666667 0.509425925925926 0.03178124999999999 0.022981481481481634
0 0.37166927083333334 0.5510787037037037 0.028369791666666682 0.023305555555555624
0 0.3949270833333333 0.5780555555555555 0.03431250000000006 0.04148148148148165
0 0.40317447916666665 0.6230509259259259 0.03465104166666665 0.03447222222222224
0 0.23893229166666666 0.4895925925925926 0.02297916666666667 0.030000000000000086
0 0.26478385416666667 0.43022685185185183 0.02872395833333338 0.022342592592592588
0 0.2902708333333333 0.4919861111111111 0.03915624999999991 0.02521296296296298
0 0.31136458333333333 0.4715555555555555 0.022781250000000006 0.022018518518518493
0 0.41184375 0.9758148148148149 0.0707395833333333 0.04251851851851859
0 0.5427812499999999 0.8856759259259259 0.04935416666666672 0.061277777777777626
0 0.5016692708333333 0.8371620370370371 0.03534895833333328 0.045324074074074114
0 0.5558958333333334 0.807324074074074 0.021718749999999905 0.03287037037037037
0 0.5366744791666667 0.7133101851851852 0.04217187500000013 0.05486111111111111
0 0.5760833333333333 0.6897175925925926 0.044500000000000026 0.05426851851851864
0 0.45029427083333334 0.6429814814814815 0.037880208333333346 0.037018518518518534
0 0.449828125 0.5954259259259259 0.03572916666666662 0.03638888888888906
0 0.4308984375 0.5360324074074073 0.028921875000000104 0.020749999999999866
0 0.48987239583333336 0.5691620370370369 0.025151041666666648 0.030953703703703553
0 0.50978125 0.590675925925926 0.033947916666666585 0.029685185185185134
0 0.42746614583333326 0.5120277777777777 0.036640624999999954 0.021388888888888805
0 0.4807526041666667 0.5101157407407407 0.024828125000000038 0.029675925925926095
0 0.541765625 0.47580555555555554 0.01975000000000004 0.017870370370370328
0 0.5661302083333333 0.5082962962962964 0.022260416666666553 0.019148148148147998
0 0.5716666666666667 0.4872592592592593 0.019010416666666665 0.01627777777777771
0 0.5622135416666666 0.5875138888888889 0.022802083333333202 0.028083333333333266
0 0.5441536458333334 0.6503287037037038 0.028890625000000072 0.0452499999999999
0 0.5810729166666666 0.6415694444444444 0.035312500000000094 0.046472222222222276
0 0.6148932291666667 0.6028425925925927 0.028203125000000048 0.03587037037037038
0 0.6184479166666667 0.6855925925925926 0.03622916666666664 0.030981481481481516
0 0.6159244791666666 0.513162037037037 0.03439062499999987 0.024453703703703568
0 0.6060651041666667 0.45242592592592595 0.025682291666666638 0.020388888888888873
0 0.6604088541666667 0.5614675925925926 0.027515624999999964 0.030564814814814805
0 0.6245234375000001 0.48788888888888887 0.02361979166666662 0.022018518518518493
0 0.6434401041666666 0.4715833333333334 0.02797395833333335 0.022018518518518493
0 0.6537578125 0.4962453703703703 0.02614062500000003 0.023231481481481617
0 0.650546875 0.9234027777777779 0.018802083333333285 0.02282407407407416
0 0.643875 0.7945092592592592 0.04012499999999998 0.0448333333333334
0 0.7449739583333332 0.7878240740740741 0.034677083333333296 0.052018518518518575
0 0.7240104166666667 0.7965509259259259 0.018343750000000134 0.023638888888888862
0 0.7417135416666667 0.8453796296296296 0.031635416666666555 0.038648148148148154
0 0.7624427083333334 0.9183518518518518 0.05365624999999999 0.06848148148148152
0 0.6796692708333333 0.7041388888888889 0.029807291666666676 0.025685185185185193
0 0.7204817708333333 0.7090324074074074 0.03898437499999995 0.041990740740740655
0 0.7476536458333333 0.7134953703703704 0.022703125000000077 0.037138888888889006
0 0.7304557291666666 0.683962962962963 0.03232812499999985 0.026907407407407356
0 0.7051197916666666 0.6888518518518519 0.02246875000000017 0.026907407407407356
0 0.6930807291666667 0.5926481481481481 0.025453124999999945 0.032611111111110924
0 0.6535286458333334 0.6374907407407407 0.025682291666666874 0.03912962962962962
0 0.7614192708333334 0.6146527777777778 0.029140624999999906 0.026064814814814898
0 0.77390625 0.6951759259259259 0.02384374999999987 0.03464814814814821
0 0.7739088541666667 0.5600370370370371 0.02659895833333342 0.03424074074074076
0 0.6970859375000001 0.5694537037037037 0.019244791666666573 0.024537037037037038
0 0.7466197916666667 0.5704351851851851 0.018802083333333285 0.021611111111111247
0 0.7583151041666666 0.5950972222222223 0.02201562499999999 0.020379629629629623
0 0.7232317708333333 0.5539259259259259 0.02659895833333342 0.023648148148148116
0 0.7013437499999999 0.5254074074074074 0.012624999999999886 0.01714814814814813
0 0.7342395833333334 0.5294675925925927 0.018343749999999895 0.022009259259259242
0 0.8396328125 0.9088148148148149 0.06211979166666666 0.0647222222222223
0 0.863875 0.8128333333333333 0.05362500000000002 0.07342592592592588
0 0.8185234375 0.7413611111111111 0.04204687500000001 0.040333333333333284
0 0.8103671875 0.8188564814814815 0.02440104166666662 0.046416666666666766
0 0.9018385416666667 0.8871898148148147 0.05215624999999993 0.07008333333333339
0 0.925265625 0.8772037037037037 0.05639583333333344 0.07222222222222222
0 0.9465364583333333 0.9684861111111113 0.04553125000000004 0.04724999999999987
0 0.9575677083333333 0.8491712962962963 0.0430416666666666 0.06015740740740743
0 0.9589557291666666 0.8024212962962963 0.04126562500000001 0.04926851851851855
0 0.8449010416666667 0.7270925925925926 0.0350833333333334 0.03449999999999999
0 0.90275 0.7803935185185186 0.047770833333333464 0.043787037037037006
0 0.9678125000000001 0.7315138888888889 0.03956250000000002 0.03008333333333334
0 0.9785104166666667 0.7580324074074074 0.02911458333333338 0.02304629629629618
0 0.9525104166666666 0.6828564814814814 0.03931250000000001 0.032731481481481396
0 0.8944140625 0.6419444444444444 0.04055729166666661 0.04201851851851862
0 0.8706510416666667 0.6680416666666666 0.018906250000000093 0.019898148148148158
0 0.7885729166666666 0.5745555555555555 0.017416666666666695 0.014592592592592584
0 0.8022369791666667 0.6697314814814814 0.022140625000000115 0.023444444444444597
0 0.7880989583333334 0.5912962962962963 0.029114583333333145 0.02388888888888885
0 0.7907786458333333 0.6141111111111112 0.025630208333333352 0.028796296296296212
0 0.8508723958333333 0.5059305555555556 0.02960937499999995 0.026546296296296363
0 0.8511223958333333 0.5324675925925927 0.021151041666666735 0.02034259259259241
0 0.8251197916666667 0.5554722222222223 0.020895833333333277 0.023000000000000135
0 0.8495026041666667 0.580462962962963 0.020901041666666724 0.01990740740740741
0 0.8941640625 0.5424259259259259 0.03657812500000001 0.026981481481481363
0 0.8886901041666666 0.5744907407407408 0.018161458333333276 0.023000000000000135
0 0.8723958333333334 0.5713935185185185 0.012937500000000076 0.021231481481481542
0 0.8905572916666666 0.5956990740740741 0.022395833333333334 0.01862037037037049
0 0.7868046875 0.5406527777777778 0.029859374999999962 0.031398148148148015
0 0.7323489583333334 0.4832638888888888 0.023270833333333484 0.025342592592592545
0 0.7596718750000001 0.49395370370370373 0.023010416666666818 0.021611111111111247
0 0.7651015624999999 0.5182453703703703 0.025494791666666572 0.018601851851851987