0 0.05932291666666666 0.7604768518518519 0.047937499999999994 0.06524999999999981
0 0.212859375 0.9516203703703704 0.07079166666666664 0.07118518518518528
0 0.17540104166666665 0.9006944444444445 0.04630208333333338 0.07159259259259253
0 0.09445052083333333 0.9708379629629631 0.051307291666666664 0.056472222222222125
0 0.28104427083333333 0.8918055555555556 0.051296875000000006 0.0691296296296295
0 0.3575859375 0.838037037037037 0.055432291666666585 0.0668888888888889
0 0.4193880208333333 0.8035324074074075 0.060276041666666676 0.06008333333333322
0 0.5451432291666667 0.8836018518518518 0.041067708333333286 0.06479629629629631
0 0.5909609375 0.8837083333333333 0.046244791666666646 0.06826851851851853
0 0.5208463541666666 0.8275277777777778 0.03707812500000003 0.04620370370370379
0 0.5262838541666667 0.6859259259259259 0.0432864583333334 0.04537037037037037
0 0.7391015625 0.9711574074074073 0.04575520833333328 0.05537037037037043
0 0.7956901041666666 0.9418749999999999 0.05322395833333313 0.09967592592592601
0 0.9657760416666666 0.8470925925925926 0.06290624999999987 0.062333333333333275
0 0.8132265625 0.8008703703703705 0.05322395833333336 0.059888888888888735
0 0.9345911458333334 0.7230509259259259 0.04928645833333339 0.0577685185185184
0 0.8946822916666667 0.8508611111111112 0.056552083333333295 0.06561111111111123
0 0.7159166666666666 0.7159027777777778 0.03590625000000003 0.04517592592592589
0 0.7445260416666667 0.6811296296296296 0.04223958333333329 0.039629629629629584
0 0.6737057291666666 0.7814583333333333 0.03980729166666682 0.047361111111111194
0 0.678125 0.6406435185185185 0.038270833333333344 0.04219444444444439
0 0.2929791666666667 0.5895277777777779 0.05313541666666666 0.04527777777777786
0 0.21094531249999998 0.7050231481481481 0.03298437499999996 0.03817592592592594
0 0.3508385416666666 0.6873657407407407 0.033531250000000054 0.0386203703703704
0 0.29388020833333334 0.7654444444444445 0.05068749999999997 0.05627777777777796
0 0.4164296875 0.693800925925926 0.044026041666666654 0.05017592592592598
0 0.5311692708333333 0.613662037037037 0.027942708333333382 0.030824074074074042
0 0.4622369791666667 0.8882592592592592 0.062401041666666636 0.06635185185185172
0 0.4812317708333333 0.7807777777777778 0.027276041666666608 0.043703703703703745
0 0.44142968750000006 0.6441296296296296 0.04208854166666664 0.052092592592592586
0 0.8628098958333333 0.6334259259259258 0.03263020833333338 0.032777777777777864
0 0.23447656249999999 0.7337175925925925 0.05093229166666665 0.046824074074074226
0 0.3424453125 0.9578194444444446 0.021463541666666686 0.037490740740740644
0 0.501828125 0.7432500000000001 0.026125000000000044 0.037425925925925994
0 0.7540052083333334 0.619824074074074 0.039989583333333203 0.039092592592592616
0 0.9695026041666668 0.8074351851851852 0.045630208333333165 0.05505555555555559
0 0.7890755208333334 0.8865740740740741 0.05127604166666657 0.05907407407407403
0 0.7064765625 0.6791064814814814 0.02891145833333345 0.0313055555555555
0 0.10363541666666667 0.809837962962963 0.03303124999999998 0.04245370370370362
0 0.08177864583333333 0.6799675925925927 0.030140625 0.03300925925925934
0 0.10676822916666667 0.6595833333333333 0.030484374999999987 0.03125925925925925
0 0.17023958333333333 0.6566203703703705 0.039385416666666666 0.038999999999999896
0 0.17773958333333334 0.685287037037037 0.04119791666666668 0.03459259259259271
0 0.1363046875 0.6421203703703704 0.028588541666666658 0.032407407407407406
0 0.10459895833333334 0.6995601851851853 0.026010416666666664 0.028398148148148214
0 0.12201302083333333 0.7206805555555555 0.027651041666666685 0.024583333333333502
0 0.14136979166666666 0.6651527777777778 0.01885416666666663 0.027935185185185254
0 0.26637760416666667 0.6897361111111111 0.04715104166666665 0.05026851851851848
0 0.41553124999999996 0.9662499999999999 0.04223958333333329 0.044222222222222426
0 0.5076796875 0.574912037037037 0.04428645833333332 0.038324074074073955
0 0.4552578125 0.5826342592592593 0.033859375 0.027750000000000025
0 0.12111718750000001 0.5559953703703704 0.030338541666666666 0.02480555555555552
0 0.2021692708333333 0.46848611111111116 0.034536458333333304 0.031212962962962998
0 0.2615807291666667 0.4531851851851852 0.024046875000000037 0.03279629629629626
0 0.282875 0.542037037037037 0.03326041666666661 0.031425925925925975
0 0.3314401041666667 0.6671203703703704 0.03701562499999997 0.04411111111111099
0 0.3294921875 0.6177083333333333 0.021255208333333307 0.03658333333333332
0 0.3438098958333333 0.5914490740740742 0.040119791666666654 0.02791666666666675
0 0.18847916666666667 0.7919398148148149 0.03523958333333332 0.055731481481481535
0 0.20253125 0.5378518518518518 0.03181249999999996 0.029037037037036945
0 0.2364453125 0.5706157407407407 0.026796875000000022 0.0304907407407408
0 0.24440625 0.5307962962962963 0.027645833333333297 0.02974074074074064
0 0.14650260416666666 0.5420879629629629 0.02650520833333337 0.022601851851851717
0 0.1669921875 0.49372222222222223 0.026796875000000022 0.0197962962962964
0 0.0181328125 0.6650972222222222 0.034755208333333336 0.03352777777777781
0 0.057606770833333334 0.6176296296296296 0.033578125 0.03559259259259264
0 0.298859375 0.8125787037037038 0.03792708333333342 0.06286111111111099
0 0.22047916666666667 0.8388148148148149 0.051218750000000014 0.057925925925925874
0 0.31361197916666667 0.4681388888888889 0.025119791666666676 0.023074074074074035
0 0.33956770833333333 0.5333564814814815 0.03063541666666675 0.02737962962962957
0 0.37268749999999995 0.4988564814814815 0.028468749999999925 0.023064814814814892
0 0.41680208333333335 0.47780555555555554 0.020052083333333335 0.024185185185185136
0 0.4028307291666666 0.5372268518518518 0.028401041666666772 0.03352777777777781
0 0.4338671875 0.5412407407407407 0.026015625000000025 0.0382222222222222
0 0.45798177083333336 0.5310694444444445 0.02410937499999998 0.024620370370370504
0 0.4680078125 0.4703981481481481 0.023151041666666573 0.02542592592592596
0 0.4892578125 0.5416805555555555 0.01885937500000002 0.017824074074074076
0 0.5090677083333334 0.5516527777777778 0.02077083333333339 0.023342592592592627
0 0.49044010416666667 0.6424768518518519 0.028390624999999996 0.036064814814814855
0 0.5929817708333334 0.5234305555555555 0.021484375 0.022916666666666665
0 0.5742630208333334 0.5622268518518518 0.028453125000000058 0.024268518518518554
0 0.6075625 0.6450277777777778 0.033937499999999926 0.02672222222222213
0 0.6414557291666667 0.5915462962962963 0.039171875000000016 0.038648148148148154
0 0.5376458333333333 0.4605787037037037 0.014802083333333372 0.023342592592592627
0 0.5703489583333333 0.48320833333333335 0.02166666666666662 0.023120370370370395
0 0.5947187500000001 0.4820972222222222 0.022093750000000037 0.023768518518518585
0 0.6566328125 0.5449398148148149 0.03209895833333339 0.03899074074074086
0 0.6822005208333334 0.5314583333333334 0.03500520833333335 0.029138888888888916
0 0.7037552083333334 0.49220833333333336 0.03516666666666666 0.0441388888888889
0 0.7708515625 0.5702824074074074 0.02989062500000017 0.03289814814814812
0 0.7956119791666667 0.6356203703703704 0.02954687500000001 0.04137037037037022
0 0.8154921875 0.6139953703703703 0.044984374999999945 0.04558333333333335
0 0.8093098958333333 0.7464722222222223 0.0434322916666666 0.04364814814814803
0 0.8630494791666666 0.7755092592592592 0.04658854166666657 0.04822222222222215
0 0.8615755208333333 0.5793935185185185 0.032255208333333486 0.02912037037037041
0 0.8451510416666667 0.5986296296296296 0.030614583333333202 0.03470370370370372
0 0.9002395833333333 0.6299166666666666 0.03512500000000003 0.027759259259259275
0 0.9061276041666666 0.6548009259259259 0.02300520833333337 0.023509259259259143
0 0.8931432291666667 0.5492546296296296 0.03436979166666655 0.026768518518518383
0 0.9384869791666667 0.5436435185185186 0.04150520833333336 0.03150925925925924
0 0.9616432291666667 0.6051944444444445 0.05608854166666669 0.043685185185185244
0 0.7654635416666667 0.4836296296296297 0.020333333333333314 0.02198148148148149
0 0.8137760416666666 0.537875 0.0373541666666668 0.03804629629629643
0 0.8359401041666668 0.5032453703703704 0.02645312499999998 0.020953703703703804