0 0.8041536458333333 0.8606851851851851 0.050026041666666764 0.051777777777777846
0 0.06279947916666666 0.5929444444444444 0.027473958333333333 0.026222222222222164
0 0.020203125 0.5994814814814815 0.03584375 0.038629629629629444
0 0.026648437500000004 0.6896805555555555 0.033546875 0.019583333333333418
0 0.10472135416666667 0.7389629629629629 0.04453645833333333 0.03738888888888899
0 0.15041927083333334 0.5470833333333334 0.02058854166666665 0.015240740740740775
0 0.18215364583333335 0.6664027777777778 0.025161458333333307 0.027768518518518526
0 0.14202604166666666 0.767212962962963 0.02712500000000002 0.036388888888888846
0 0.15171614583333332 0.8232962962962963 0.03799479166666667 0.039074074074074115
0 0.22175260416666667 0.6939583333333333 0.039171875000000016 0.04395370370370373
0 0.04276302083333334 0.8217916666666666 0.029026041666666662 0.04395370370370373
0 0.10235677083333333 0.800412037037037 0.04866145833333334 0.04845370370370364
0 0.28146354166666665 0.7577592592592592 0.04383333333333338 0.04472222222222218
0 0.25790625 0.6289999999999999 0.0347916666666667 0.03029629629629611
0 0.2350546875 0.6081574074074073 0.03256770833333332 0.029814814814814645
0 0.18162760416666668 0.7550324074074074 0.03818229166666664 0.03745370370370354
0 0.16866406250000002 0.7333425925925926 0.025942708333333304 0.022999999999999923
0 0.19335677083333333 0.6986898148148148 0.016765625000000027 0.024083333333333325
0 0.1828619791666667 0.6400046296296296 0.025796874999999986 0.01949074074074091
0 0.23848177083333333 0.7465231481481481 0.03920312499999999 0.04584259259259259
0 0.20513020833333334 0.8115972222222222 0.04772916666666672 0.04750925925925921
0 0.16004427083333334 0.8680972222222223 0.041276041666666666 0.04471296296296293
0 0.032486979166666666 0.9000462962962963 0.061598958333333335 0.06664814814814816
0 0.011979166666666667 0.8495370370370371 0.023958333333333335 0.027777777777777776
0 0.10913020833333334 0.9893703703703703 0.046843749999999997 0.019407407407407443
0 0.1110390625 0.9133749999999999 0.05216145833333332 0.06865740740740749
0 0.17324479166666668 0.990074074074074 0.032052083333333314 0.01800000000000005
0 0.21335416666666665 0.9182870370370371 0.039749999999999966 0.06335185185185192
0 0.26750520833333336 0.9632222222222222 0.038052083333333306 0.03268518518518535
0 0.2972994791666667 0.9314814814814815 0.04630729166666659 0.05205555555555537
0 0.30382552083333336 0.8723472222222222 0.03964062500000007 0.06413888888888887
0 0.28371875 0.8055648148148148 0.03612499999999995 0.04990740740740749
0 0.33628906249999996 0.8754861111111111 0.03436979166666667 0.049305555555555554
0 0.3411822916666667 0.7548796296296296 0.030864583333333327 0.043462962962963016
0 0.39301562500000004 0.8963009259259259 0.03253125000000002 0.04025000000000002
0 0.3948098958333333 0.9852083333333335 0.01756770833333334 0.027731481481481312
0 0.42628906250000004 0.989824074074074 0.02276562500000002 0.018500000000000016
0 0.4422734375 0.9072731481481482 0.018057291666666704 0.02736111111111107
0 0.44125781249999996 0.8645231481481481 0.036119791666666616 0.03554629629629618
0 0.42734635416666666 0.8198749999999999 0.04321354166666668 0.03439814814814823
0 0.35905468749999997 0.7252453703703705 0.031338541666666705 0.04247222222222212
0 0.3707265625 0.7016527777777778 0.03159895833333337 0.024083333333333325
0 0.4123828125 0.7179907407407408 0.02059895833333331 0.01972222222222239
0 0.4125729166666667 0.7666759259259259 0.020999999999999967 0.018796296296296255
0 0.45201302083333333 0.6668703703703704 0.02123437499999999 0.025777777777777913
0 0.287703125 0.6514861111111111 0.027041666666666703 0.032064814814814914
0 0.29763020833333337 0.6002638888888889 0.02939583333333336 0.025990740740740894
0 0.34508854166666664 0.5790694444444444 0.02908333333333341 0.030694444444444528
0 0.38508333333333333 0.5609768518518519 0.03296874999999998 0.03317592592592586
0 0.3584609375 0.6565925925925926 0.023484374999999957 0.02101851851851856
0 0.46267708333333335 0.5987638888888889 0.023677083333333352 0.03413888888888879
0 0.48754166666666665 0.5984444444444443 0.026333333333333306 0.026814814814814847
0 0.44803125 0.5709305555555556 0.02177083333333331 0.020101851851851885
0 0.4568489583333334 0.5 0.01975000000000004 0.025074074074074006
0 0.524375 0.9566296296296297 0.03343750000000002 0.04951851851851854
0 0.502625 0.8756944444444444 0.04339583333333342 0.05342592592592597
0 0.5332526041666666 0.7638935185185185 0.02756770833333325 0.026787037037037095
0 0.512046875 0.6737175925925926 0.03455208333333329 0.04367592592592599
0 0.5481250000000001 0.671138888888889 0.022583333333333164 0.026870370370370354
0 0.5876510416666666 0.7290740740740741 0.04605208333333337 0.04055555555555551
0 0.5874244791666666 0.7884814814814814 0.03028645833333338 0.05475925925925914
0 0.6277057291666668 0.763351851851852 0.026515624999999925 0.03270370370370385
0 0.6492317708333334 0.9177175925925926 0.04254687499999979 0.03102777777777777
0 0.5646223958333333 0.9738981481481481 0.03179687500000009 0.05035185185185195
0 0.7567760416666667 0.9695601851851852 0.0340729166666667 0.04284259259259258
0 0.6996067708333332 0.9226898148148148 0.03797395833333326 0.05054629629629622
0 0.7509947916666666 0.886712962962963 0.040510416666666535 0.05374074074074071
0 0.7483229166666666 0.8071805555555556 0.04293750000000003 0.053046296296296265
0 0.707796875 0.8051296296296296 0.039510416666666735 0.04548148148148138
0 0.6977369791666668 0.7655648148148148 0.026557291666666552 0.029296296296296178
0 0.6704270833333333 0.7289305555555555 0.03548958333333327 0.04152777777777769
0 0.629421875 0.6670462962962964 0.02873958333333325 0.030962962962963015
0 0.5815234375 0.6753333333333332 0.02861979166666657 0.020481481481481382
0 0.5772317708333332 0.6358935185185185 0.025057291666666495 0.028731481481481455
0 0.6111927083333334 0.6211435185185186 0.02541666666666676 0.03365740740740732
0 0.6761536458333334 0.6606666666666666 0.035192708333333184 0.033370370370370335
0 0.7034635416666667 0.6759629629629629 0.02798958333333322 0.027351851851851818
0 0.7050963541666666 0.7122083333333333 0.01610937500000015 0.02415740740740754
0 0.7235729166666667 0.7187870370370371 0.02007291666666665 0.029444444444444613
0 0.7741223958333333 0.7235925925925926 0.038098958333333384 0.04274074074074061
0 0.7404166666666666 0.6498564814814815 0.03132291666666684 0.03456481481481475
0 0.7676979166666666 0.6820138888888889 0.027541666666666725 0.02080555555555537
0 0.7898229166666667 0.6545972222222222 0.02979166666666657 0.03184259259259248
0 0.8044609375 0.7569444444444444 0.038671875 0.04255555555555559
0 0.8351848958333333 0.7779212962962962 0.02379687500000003 0.029712962962963097
0 0.8772526041666666 0.7686666666666666 0.053411458333333425 0.05488888888888886
0 0.8508854166666667 0.7084027777777778 0.02939583333333336 0.03893518518518535
0 0.8359505208333334 0.6682685185185185 0.03601562499999981 0.026870370370370354
0 0.9080234375 0.7349814814814815 0.025192708333333275 0.02887037037037022
0 0.8631692708333333 0.6587453703703703 0.02033854166666676 0.0208981481481483
0 0.8537760416666667 0.6298657407407408 0.022208333333333267 0.029861111111111113
0 0.7967317708333332 0.598925925925926 0.02500520833333345 0.01592592592592597
0 0.7181119791666667 0.5754907407407407 0.02468229166666684 0.03092592592592601
0 0.6354609375 0.5593842592592593 0.03172395833333326 0.022564814814814715
0 0.7221614583333333 0.5227499999999999 0.02687499999999995 0.0265370370370369
0 0.6774661458333334 0.5808981481481481 0.021463541666666686 0.031185185185185243
0 0.8009427083333333 0.528162037037037 0.022770833333333466 0.01691666666666665
0 0.8565260416666667 0.5083518518518518 0.019968750000000077 0.01592592592592597
0 0.8981510416666667 0.5801296296296296 0.024447916666666694 0.023888888888889057
0 0.9203255208333334 0.6871435185185185 0.03424479166666667 0.035750000000000115
0 0.8977343750000001 0.6495046296296295 0.01548958333333322 0.0208981481481483
0 0.844125 0.9654814814814815 0.04609375 0.06650000000000016
0 0.8708411458333333 0.9186018518518517 0.053984374999999814 0.06337037037037042
0 0.8907604166666666 0.975712962962963 0.04441666666666677 0.046722222222222255
0 0.9009817708333333 0.8562083333333332 0.04397395833333325 0.04387962962962951
0 0.9372291666666667 0.8972129629629629 0.05876041666666675 0.04751851851851846
0 0.9513828125 0.9638657407407406 0.03170312499999994 0.039231481481481485
0 0.9476354166666667 0.7743101851851851 0.02535416666666682 0.023972222222222315
0 0.5356093749999999 0.8264444444444444 0.016489583333333318 0.02933333333333318
0 0.9826640625 0.7668657407407407 0.03363020833333318 0.028861111111111178
0 0.9500364583333334 0.7227638888888889 0.026135416666666817 0.017361111111111112
0 0.9537005208333333 0.6735972222222222 0.021046874999999923 0.021527777777777778
0 0.9695729166666667 0.590587962962963 0.02063541666666661 0.018787037037037005
0 0.7736979166666667 0.6054490740740741 0.018489583333333334 0.021712962962963007
0 0.7923671875 0.5620601851851852 0.024036458333333382 0.021027777777777812
0 0.5776171875 0.5172962962962964 0.026411458333333353 0.024944444444444495
0 0.6060729166666666 0.4989305555555556 0.020468750000000095 0.021416666666666768
0 0.5486145833333332 0.5500694444444445 0.03070833333333335 0.02465740740740751
0 0.5610859374999999 0.4806666666666667 0.011223958333333428 0.01598148148148147
0 0.13063541666666667 0.6257731481481482 0.01952083333333334 0.019972222222222374
0 0.2943203125 0.4566666666666667 0.034536458333333304 0.016629629629629664
0 0.24317447916666665 0.5193981481481482 0.02421354166666667 0.013203703703703695
0 0.32497395833333337 0.49572222222222223 0.016916666666666677 0.0117407407407408
0 0.3064322916666667 0.5476435185185186 0.017177083333333343 0.019675925925925927
0 0.38276562500000005 0.5090833333333333 0.022562500000000086 0.024537037037037038
0 0.4582526041666667 0.4663148148148148 0.021182291666666703 0.016111111111111194
0 0.410484375 0.5988981481481481 0.03142708333333329 0.031796296296296434
0 0.42459635416666663 0.5513935185185185 0.015703125000000047 0.024046296296296323
0 0.3975625 0.4805509259259259 0.029781249999999915 0.016509259259259192
0 0.6873177083333334 0.4771944444444444 0.02201041666666678 0.015074074074074049
0 0.08815885416666666 0.5262222222222221 0.02453645833333334 0.01625925925925921
0 0.026591145833333333 0.7530694444444445 0.05244270833333334 0.04519444444444439
0 0.028341145833333335 0.7163842592592593 0.045734374999999994 0.030324074074074073
0 0.053375 0.763175925925926 0.027812500000000004 0.023555555555555607
0 0.05177864583333333 0.6610694444444445 0.020244791666666668 0.02013888888888889
0 0.11038020833333334 0.6157222222222223 0.027260416666666683 0.025703703703703694
0 0.23680729166666667 0.8592962962962962 0.04017708333333333 0.04353703703703702
0 0.26398177083333335 0.5343148148148148 0.027515624999999964 0.016777777777777676
0 0.3395390625 0.6317037037037038 0.014255208333333276 0.019999999999999917
0 0.33341927083333334 0.6582268518518518 0.012848958333333372 0.017490740740740623
0 0.9870156250000001 0.8585324074074073 0.024927083333333162 0.037120370370370505
0 0.4380494791666667 0.5298842592592592 0.018171874999999935 0.022212962962962973
0 0.6173229166666666 0.4712314814814814 0.021114583333333315 0.020092592592592634
0 0.7334635416666667 0.5610509259259259 0.01885416666666657 0.025472222222222424
0 0.6192109375 0.5955833333333334 0.02941145833333323 0.030851851851851794
0 0.5795286458333333 0.5009166666666667 0.023880208333333285 0.025703703703703694
0 0.2360234375 0.5619074074074074 0.014463541666666658 0.01659259259259266
0 0.30807031249999994 0.5664351851851852 0.026369791666666722 0.027537037037037044
0 0.26001302083333333 0.5807268518518518 0.03432812499999998 0.03349074074074081