0 0.3172447916666667 0.6885231481481482 0.03490624999999999 0.025694444444444443
0 0.35603385416666666 0.6529953703703704 0.03571354166666675 0.02921296296296292
0 0.34269791666666666 0.6046712962962963 0.02719791666666668 0.02413888888888904
0 0.2748333333333333 0.7121527777777777 0.0292604166666667 0.03471296296296297
0 0.25654947916666665 0.7301712962962963 0.020640625 0.021824074074074225
0 0.2934583333333334 0.8525138888888889 0.056437500000000036 0.060694444444444405
0 0.3716432291666667 0.7912222222222222 0.0237552083333334 0.04577777777777783
0 0.3704635416666667 0.8741342592592594 0.040364583333333336 0.06462037037037034
0 0.3336119791666667 0.7211944444444445 0.03676562500000007 0.03927777777777784
0 0.3714661458333333 0.6873518518518519 0.02960937499999995 0.04170370370370367
0 0.40201302083333335 0.6510648148148148 0.039692708333333354 0.04322222222222228
0 0.39553645833333334 0.6950787037037036 0.02244791666666662 0.03784259259259249
0 0.4148776041666667 0.7208425925925925 0.03444270833333339 0.03301851851851859
0 0.4335104166666666 0.7765462962962962 0.03831249999999997 0.04609259259259257
0 0.4172161458333334 0.8151203703703704 0.06572395833333336 0.06435185185185185
0 0.04546614583333333 0.792037037037037 0.05807812500000001 0.0669074074074074
0 0.057187499999999995 0.8333194444444445 0.05822916666666666 0.07032407407407412
0 0.08360677083333333 0.9260740740740742 0.03851562499999999 0.044592592592592455
0 0.088234375 0.963037037037037 0.03642708333333333 0.03729629629629617
0 0.16377083333333334 0.9404027777777778 0.04448958333333331 0.06315740740740744
0 0.185046875 0.8764398148148149 0.044343749999999994 0.06423148148148138
0 0.13272135416666667 0.8483148148148149 0.05523437500000001 0.0514814814814814
0 0.12645052083333336 0.716412037037037 0.04896354166666666 0.05095370370370368
0 0.19317968749999997 0.661212962962963 0.041796875 0.037685185185185224
0 0.21138802083333333 0.7687037037037038 0.05552604166666667 0.03872222222222237
0 0.08519270833333333 0.5736666666666667 0.045322916666666664 0.039388888888888855
0 0.0699609375 0.6148425925925926 0.031171875000000005 0.022018518518518493
0 0.12477864583333333 0.649523148148148 0.031942708333333354 0.038749999999999916
0 0.113796875 0.6247222222222223 0.04211458333333334 0.03249999999999992
0 0.120953125 0.5802824074074073 0.030520833333333316 0.031287037037037
0 0.15129427083333333 0.5957592592592592 0.031776041666666664 0.028722222222222205
0 0.13890885416666665 0.5525138888888889 0.031776041666666664 0.03160185185185195
0 0.1285390625 0.5269768518518518 0.032942708333333334 0.0268240740740741
0 0.1119765625 0.4834166666666667 0.036265624999999996 0.03351851851851856
0 0.17346354166666667 0.512625 0.03894791666666665 0.030009259259259336
0 0.16525520833333332 0.4808657407407408 0.03168749999999996 0.035120370370370274
0 0.17831510416666668 0.45022222222222225 0.02333854166666664 0.018185185185185172
0 0.19174479166666666 0.46521296296296294 0.024166666666666715 0.021999999999999992
0 0.21296354166666667 0.5592175925925925 0.03411458333333333 0.030009259259259125
0 0.2309166666666667 0.5300138888888889 0.030520833333333344 0.02552777777777793
0 0.256859375 0.5493194444444445 0.03213541666666669 0.030638888888888813
0 0.26700260416666666 0.5769305555555556 0.04110937500000003 0.03447222222222224
0 0.30784374999999997 0.5542685185185185 0.027468749999999886 0.02457407407407404
0 0.35928124999999994 0.49650000000000005 0.03178124999999999 0.022981481481481634
0 0.36978385416666665 0.5373564814814815 0.028369791666666682 0.023305555555555624
0 0.3922317708333333 0.563212962962963 0.03466145833333343 0.03829629629629641
0 0.40120052083333335 0.6078935185185185 0.03465104166666677 0.03447222222222224
0 0.2368697916666667 0.48017592592592584 0.02297916666666667 0.03000000000000003
0 0.2621822916666667 0.4200138888888889 0.02872916666666671 0.022342592592592588
0 0.28622916666666665 0.48033796296296294 0.03915624999999994 0.02521296296296298
0 0.309390625 0.46070833333333333 0.022781250000000006 0.022027777777777743
0 0.4175390625 0.9616712962962963 0.07926562500000003 0.06082407407407413
0 0.5409843750000001 0.860625 0.04935416666666672 0.061287037037037084
0 0.5010390625 0.8151435185185185 0.03534895833333328 0.045324074074074114
0 0.5536536458333333 0.7843425925925926 0.021723958333333352 0.03287037037037037
0 0.5354687499999999 0.6946435185185185 0.04083333333333338 0.053601851851851734
0 0.574203125 0.6710416666666666 0.041104166666666705 0.05043518518518521
0 0.4502057291666667 0.628300925925926 0.037880208333333346 0.037027777777777576
0 0.4490208333333333 0.5831388888888889 0.03572916666666662 0.03638888888888906
0 0.42901302083333337 0.524861111111111 0.028921874999999986 0.020740740740740823
0 0.48709114583333335 0.5578333333333334 0.025151041666666648 0.030962962962963015
0 0.5103229166666666 0.579662037037037 0.033947916666666585 0.029675925925925883
0 0.4253124999999999 0.5014953703703704 0.0366458333333334 0.021379629629629554
0 0.4769453125 0.5011759259259259 0.022776041666666677 0.029685185185185134
0 0.538984375 0.4668657407407408 0.01975000000000004 0.01787962962962958
0 0.5628072916666668 0.49839814814814815 0.022260416666666553 0.019148148148148206
0 0.5691536458333334 0.4794444444444444 0.019015625000000112 0.016277777777777763
0 0.5596119791666666 0.573787037037037 0.02279687499999999 0.028092592592592728
0 0.5444973958333333 0.6342268518518518 0.028890625000000072 0.0452499999999999
0 0.576828125 0.6242453703703703 0.035312500000000094 0.046472222222222276
0 0.6101901041666667 0.5883703703703704 0.028203125000000048 0.03587037037037017
0 0.6154635416666667 0.6684722222222222 0.03622916666666664 0.030981481481481516
0 0.611109375 0.5005277777777777 0.03439583333333331 0.02446296296296303
0 0.6012500000000001 0.4426435185185185 0.025677083333333427 0.020379629629629623
0 0.6554765625 0.5463888888888889 0.027515624999999964 0.030574074074074056
0 0.6197083333333334 0.4758657407407408 0.023614583333333408 0.022009259259259242
0 0.6379348958333334 0.46017129629629633 0.02797395833333335 0.022009259259259242
0 0.6484843750000001 0.4832037037037037 0.026135416666666817 0.023240740740740656
0 0.650546875 0.9052638888888889 0.018802083333333285 0.02282407407407416
0 0.6411250000000001 0.7808564814814816 0.04012499999999998 0.04484259259259244
0 0.7434791666666667 0.7724398148148148 0.033291666666666705 0.04976851851851852
0 0.72240625 0.7828935185185185 0.018343750000000134 0.023638888888888862
0 0.7387317708333333 0.8290787037037036 0.029348958333333286 0.039046296296296364
0 0.7601510416666667 0.9000092592592592 0.05365624999999999 0.06848148148148152
0 0.6756536458333334 0.6859999999999999 0.02980729166666644 0.025685185185185193
0 0.7160104166666666 0.6898703703703704 0.038979166666666745 0.04198148148148162
0 0.7421510416666667 0.6945416666666667 0.02269791666666663 0.037138888888889006
0 0.7240364583333334 0.664800925925926 0.0323333333333333 0.026898148148148105
0 0.6997317708333334 0.6709166666666666 0.022473958333333145 0.026907407407407356
0 0.6889557291666667 0.5798148148148149 0.025453124999999945 0.032611111111110924
0 0.6492864583333334 0.6217962962962963 0.025677083333333427 0.03912962962962962
0 0.7555104166666666 0.5980462962962962 0.025802083333333316 0.023833333333333342
0 0.7663411458333333 0.6774351851851852 0.023848958333333316 0.03464814814814821
0 0.7667994791666667 0.5474074074074075 0.026598958333333183 0.03424074074074076
0 0.6926171874999999 0.5559861111111112 0.021088541666666554 0.022453703703703705
0 0.7400885416666667 0.5571898148148148 0.018802083333333285 0.021601851851851785
0 0.7506354166666666 0.5804212962962964 0.02201041666666678 0.020379629629629623
0 0.7180755208333333 0.5412916666666667 0.026598958333333183 0.023638888888888862
0 0.6964661458333333 0.5132731481481482 0.011359374999999972 0.014898148148148284
0 0.7272447916666667 0.516625 0.018343750000000134 0.022009259259259242
0 0.8347734374999999 0.8898657407407408 0.061203125000000115 0.06280555555555549
0 0.8566197916666667 0.7971574074074075 0.051250000000000046 0.07342592592592609
0 0.8136744791666667 0.7249675925925926 0.040807291666666856 0.039805555555555566
0 0.805890625 0.800425925925926 0.028125 0.039796296296296316
0 0.8933697916666666 0.8673564814814815 0.04453125 0.06554629629629627
0 0.9191432291666667 0.8583101851851851 0.05498437499999985 0.06860185185185198
0 0.93925 0.9479027777777778 0.04553125000000004 0.05219444444444456
0 0.952734375 0.8320972222222222 0.0430416666666666 0.06015740740740743
0 0.95303125 0.7868148148148149 0.037968750000000044 0.044574074074073954
0 0.8383072916666666 0.7082962962962963 0.0350833333333334 0.03449999999999999
0 0.8951614583333334 0.7582731481481481 0.047770833333333464 0.043787037037037006
0 0.9588541666666667 0.7102824074074074 0.03956250000000002 0.03008333333333334
0 0.9675625 0.7390138888888889 0.02911458333333338 0.02304629629629618
0 0.9418124999999999 0.6649490740740741 0.03931250000000001 0.032731481481481396
0 0.88296875 0.6238101851851852 0.0405520833333334 0.04202777777777766
0 0.8630625 0.6512314814814815 0.018906250000000093 0.01990740740740741
0 0.7840989583333333 0.5648703703703704 0.017416666666666695 0.014592592592592794
0 0.7974401041666667 0.6606296296296297 0.022140625000000115 0.023444444444444386
0 0.7844088541666667 0.5812916666666668 0.02910937500000017 0.023879629629629594
0 0.7866796875 0.6030555555555556 0.025630208333333352 0.028796296296296212
0 0.8442786458333332 0.4937685185185185 0.02960937500000019 0.0265370370370369
0 0.8447760416666666 0.5203055555555556 0.021145833333333287 0.020351851851851867
0 0.8181536458333334 0.5388796296296297 0.020901041666666724 0.022999999999999923
0 0.8414166666666667 0.5649814814814814 0.020895833333333277 0.01990740740740741
0 0.886328125 0.5276018518518518 0.03657291666666656 0.026981481481481363
0 0.8798567708333334 0.5594537037037037 0.018161458333333276 0.023000000000000135
0 0.8641822916666667 0.558125 0.012937500000000076 0.021231481481481542
0 0.8822213541666666 0.580662037037037 0.022390624999999886 0.01862037037037049
0 0.7812057291666666 0.5262777777777777 0.029859374999999962 0.031407407407407474
0 0.7258749999999999 0.47117592592592594 0.023270833333333484 0.02533333333333324
0 0.7535937500000001 0.4821018518518519 0.023010416666666818 0.021611111111111192
0 0.7594140624999999 0.5046481481481482 0.025494791666666572 0.018592592592592525