0 0.013802083333333333 0.7027777777777777 0.027604166666666666 0.03888888888888889
0 0.03750520833333334 0.9596111111111112 0.047281250000000004 0.07892592592592583
0 0.1218359375 0.6482916666666666 0.033994791666666656 0.04252777777777762
0 0.14683333333333334 0.839412037037037 0.033854166666666664 0.04787962962962966
0 0.19365885416666667 0.8856481481481482 0.04252604166666665 0.0749814814814815
0 0.2754140625 0.9779398148148147 0.04453645833333333 0.0422685185185186
0 0.2477734375 0.7797268518518519 0.051192708333333316 0.04243518518518512
0 0.22162760416666666 0.7508888888888889 0.039046875000000016 0.05022222222222223
0 0.13867447916666667 0.9730972222222222 0.04663020833333332 0.05195370370370382
0 0.11320833333333334 0.9564444444444444 0.03631250000000001 0.05711111111111096
0 0.15434895833333334 0.8965879629629631 0.029604166666666622 0.046675925925925794
0 0.15271354166666665 0.7993611111111111 0.05089583333333335 0.05477777777777764
0 0.21652083333333336 0.965523148148148 0.05015624999999998 0.06532407407407413
0 0.35561979166666663 0.9783703703703702 0.053125 0.04140740740740764
0 0.38031770833333334 0.9404583333333334 0.049572916666666585 0.05636111111111122
0 0.3931979166666667 0.9056342592592593 0.047145833333333324 0.04982407407407402
0 0.44720052083333334 0.9358657407407408 0.03792187499999997 0.047675925925925934
0 0.5044479166666667 0.8528287037037038 0.03469791666666661 0.041398148148148184
0 0.28424479166666666 0.8141990740740741 0.04161458333333338 0.05000925925925925
0 0.3029322916666667 0.7417731481481482 0.04189583333333336 0.0481759259259259
0 0.36266406250000005 0.7084398148148148 0.042640624999999946 0.0459722222222223
0 0.41170052083333336 0.6836944444444445 0.04490104166666668 0.048018518518518634
0 0.37873958333333335 0.8281759259259259 0.03212499999999992 0.0375
0 0.5118854166666666 0.7363842592592593 0.036875000000000095 0.04849074074074064
0 0.5505963541666666 0.7411342592592592 0.038859375000000064 0.04400925925925944
0 0.496234375 0.6970555555555555 0.026145833333333358 0.03568518518518515
0 0.5036458333333333 0.5915879629629629 0.03211458333333338 0.03262037037037039
0 0.58371875 0.8609444444444444 0.04802083333333324 0.07142592592592581
0 0.6316875000000001 0.8583703703703703 0.031906250000000115 0.04881481481481484
0 0.6894687500000001 0.9564861111111113 0.07772916666666656 0.07871296296296305
0 0.808671875 0.960300925925926 0.05730208333333332 0.0775462962962963
0 0.7401666666666666 0.8576574074074074 0.04869791666666667 0.06635185185185172
0 0.6763645833333333 0.87075 0.045677083333333236 0.04064814814814823
0 0.6621145833333333 0.8000185185185185 0.03136458333333323 0.04094444444444447
0 0.7103802083333333 0.7799675925925926 0.03819791666666674 0.07308333333333339
0 0.8042994791666668 0.8468425925925926 0.05222395833333356 0.060629629629629644
0 0.8451067708333333 0.8778518518518518 0.06005729166666664 0.06814814814814807
0 0.847515625 0.9301898148148149 0.02762499999999998 0.04928703703703705
0 0.8793307291666667 0.9480231481481481 0.03925520833333328 0.05815740740740736
0 0.957265625 0.9611759259259258 0.07401041666666662 0.0750555555555555
0 0.8911484375000001 0.833 0.06128645833333337 0.06409259259259262
0 0.9351588541666668 0.8885879629629629 0.041098958333333255 0.05115740740740741
0 0.9565494791666665 0.8433009259259259 0.05940104166666676 0.06482407407407406
0 0.9584010416666667 0.746587962962963 0.03774999999999977 0.02284259259259266
0 0.8460520833333334 0.7059907407407408 0.0528958333333333 0.04961111111111104
0 0.7340390625000001 0.680412037037037 0.045692708333333346 0.03974999999999985
0 0.8387838541666668 0.625726851851852 0.03770312500000017 0.041842592592592646
0 0.7942395833333333 0.7123518518518519 0.03809375000000017 0.042407407407407366
0 0.9405104166666667 0.6383009259259259 0.03928125000000004 0.026120370370370405
0 0.9283776041666667 0.758888888888889 0.023911458333333257 0.029166666666666667
0 0.9394505208333332 0.684087962962963 0.043359375 0.04752777777777771
0 0.6620208333333333 0.6219027777777778 0.029885416666666723 0.03610185185185186
0 0.6921692708333332 0.5963240740740741 0.032963541666666644 0.0338148148148148
0 0.6240234375 0.6703425925925927 0.03893229166666667 0.036796296296296306
0 0.6343958333333333 0.5621203703703704 0.035927083333333346 0.03129629629629625
0 0.08084895833333335 0.7704351851851852 0.021885416666666657 0.025055555555555505
0 0.30433854166666663 0.5204027777777778 0.0391354166666666 0.035379629629629664
0 0.24147135416666668 0.6114444444444445 0.02780729166666666 0.02962962962962963
0 0.3573020833333333 0.6058148148148148 0.031229166666666686 0.02638888888888889
0 0.3125 0.6571435185185185 0.037541666666666626 0.03813888888888894
0 0.4127161458333333 0.6027731481481482 0.03870312499999997 0.03987962962962957
0 0.5089088541666666 0.542 0.023286458333333353 0.028388888888888963
0 0.448671875 0.7395555555555556 0.040218749999999893 0.05251851851851854
0 0.46420052083333335 0.6639212962962964 0.025005208333333327 0.03647222222222211
0 0.43358593749999996 0.5596898148148148 0.03522395833333339 0.03060185185185181
0 0.7888619791666667 0.5607638888888888 0.025744791666666583 0.023990740740740816
0 0.063234375 0.7502685185185185 0.04670833333333334 0.046055555555555565
0 0.26623697916666667 0.6338935185185185 0.031369791666666674 0.027101851851851835
0 0.3523723958333333 0.7848472222222223 0.017703125000000004 0.02563888888888894
0 0.34910677083333336 0.8289351851851852 0.022859374999999935 0.03451851851851849
0 0.47990625000000003 0.637212962962963 0.020218750000000084 0.024037037037037072
0 0.7012291666666667 0.5516666666666666 0.026135416666666817 0.02792592592592579
0 0.8607161458333332 0.6860740740740741 0.029401041666666572 0.03892592592592589
0 0.7102604166666666 0.7363796296296296 0.0384375000000001 0.03761111111111101
0 0.6562005208333334 0.5936527777777778 0.023880208333333285 0.025694444444444443
0 0.13284375 0.5928287037037037 0.021031249999999998 0.019546296296296204
0 0.15233593750000002 0.5766203703703704 0.024192708333333358 0.022888888888888913
0 0.20886458333333333 0.5744398148148148 0.03456250000000001 0.03150925925925924
0 0.21216927083333334 0.5943611111111112 0.024578125000000027 0.02672222222222234
0 0.1758046875 0.5631944444444444 0.02564062500000001 0.030722222222222283
0 0.28290625 0.5936435185185185 0.03897916666666671 0.050287037037036984
0 0.40861458333333334 0.7926527777777779 0.03242708333333333 0.03217592592592593
0 0.49009895833333333 0.5131203703703704 0.034916666666666644 0.0308333333333335
0 0.44586718750000004 0.5183425925925925 0.03318229166666668 0.026814814814814847
0 0.16212239583333332 0.4992083333333333 0.02602604166666668 0.02480555555555552
0 0.22753385416666666 0.4357592592592593 0.03593229166666667 0.02294444444444442
0 0.27877864583333334 0.41932870370370373 0.02372395833333331 0.029768518518518496
0 0.298875 0.48655092592592586 0.032791666666666684 0.029768518518518552
0 0.3430390625 0.5810416666666667 0.03530729166666665 0.029583333333333375
0 0.3386432291666666 0.5460972222222222 0.020234374999999954 0.031009259259259268
0 0.3527369791666667 0.5236388888888889 0.040119791666666654 0.02790740740740729
0 0.22675260416666668 0.6711481481481482 0.023130208333333315 0.03585185185185188
0 0.2305807291666667 0.4853888888888889 0.02344270833333333 0.02381481481481484
0 0.2575807291666667 0.5114351851851852 0.018838541666666646 0.020833333333333332
0 0.26281770833333334 0.48129166666666673 0.024281249999999942 0.021583333333333336
0 0.052205729166666666 0.6217083333333333 0.03475520833333333 0.03352777777777781
0 0.11047395833333334 0.5458842592592593 0.026364583333333337 0.0327685185185184
0 0.316109375 0.6914398148148148 0.030322916666666564 0.03815740740740744
0 0.2547109375 0.7067870370370369 0.03938020833333334 0.04348148148148152
0 0.32435416666666667 0.42994444444444446 0.025114583333333346 0.023074074074074143
0 0.3452864583333334 0.47943518518518513 0.026791666666666696 0.028277777777777745
0 0.3779401041666667 0.45599074074074075 0.028463541666666713 0.023074074074074143
0 0.41417708333333336 0.43451851851851847 0.020052083333333335 0.024185185185185084
0 0.40343229166666666 0.4833240740740741 0.022916666666666665 0.024185185185185084
0 0.4273046875 0.48799537037037033 0.02386979166666663 0.02843518518518522
0 0.44843229166666665 0.47929166666666667 0.02411458333333331 0.024620370370370296
0 0.45822135416666665 0.4328194444444444 0.01885937500000002 0.022490740740740707
0 0.47732031249999995 0.4865046296296296 0.01885937500000002 0.017824074074074076
0 0.49164322916666664 0.4913842592592592 0.020765624999999944 0.023342592592592627
0 0.47624479166666667 0.5645972222222222 0.020052083333333335 0.031398148148148224
0 0.5643359375 0.4737731481481481 0.021484375 0.022916666666666665
0 0.5494166666666668 0.5036944444444444 0.020291666666666687 0.01994444444444441
0 0.5717369791666668 0.5665046296296297 0.028171875000000075 0.024194444444444546
0 0.6062317708333332 0.5257685185185185 0.03270312499999998 0.03438888888888877
0 0.6185572916666667 0.4906111111111111 0.028291666666666514 0.033370370370370335
0 0.6403723958333333 0.47862037037037036 0.029088541666666856 0.029148148148148166
0 0.6644348958333334 0.4499490740740741 0.02855729166666663 0.037601851851851865
0 0.7185026041666667 0.5119953703703705 0.020359375000000075 0.03289814814814812
0 0.7333125 0.5620601851851853 0.028291666666666514 0.03995370370370379
0 0.754859375 0.5453703703703704 0.031729166666666704 0.0338518518518518
0 0.7410234374999999 0.644787037037037 0.03913020833333339 0.03901851851851861
0 0.7773333333333333 0.6645324074074074 0.036489583333333304 0.03243518518518537
0 0.7924062500000001 0.5191851851851852 0.027500000000000094 0.02585185185185192
0 0.7761432291666667 0.5302314814814816 0.02247395833333338 0.035722222222222155
0 0.8200364583333334 0.5558518518518518 0.022479166666666592 0.017388888888889075
0 0.8208307291666667 0.5734814814814814 0.02300520833333337 0.0235000000000001
0 0.8251145833333333 0.4927731481481481 0.021416666666666608 0.016453703703703686
0 0.8625807291666667 0.49027777777777776 0.03278645833333324 0.0235000000000001
0 0.9200598958333333 0.5000555555555555 0.03701562499999985 0.029148148148148166
0 0.8762500000000001 0.5414212962962963 0.042041666666666797 0.02632407407407413
0 0.9114687499999999 0.5370046296296296 0.029875000000000065 0.026324074074073923