0 0.31588802083333334 0.6919398148148149 0.03581770833333332 0.02650925925925936
0 0.35484374999999996 0.6560787037037038 0.0360104166666666 0.02963888888888909
0 0.34344010416666665 0.6075601851851852 0.028598958333333258 0.02480555555555552
0 0.2752838541666666 0.7198194444444445 0.029911458333333366 0.03471296296296297
0 0.25649218749999997 0.7377037037037038 0.020640625 0.021814814814814763
0 0.29305468749999997 0.8628194444444445 0.05643229166666665 0.060694444444444405
0 0.3722291666666667 0.8013611111111112 0.02449999999999998 0.047092592592592714
0 0.37049739583333335 0.884162037037037 0.04036979166666666 0.06462037037037034
0 0.33302604166666666 0.727587962962963 0.03713541666666664 0.03986111111111128
0 0.37131510416666663 0.6930185185185186 0.031005208333333437 0.04179629629629618
0 0.4015390625 0.656550925925926 0.039890625000000075 0.043935185185185015
0 0.39472135416666665 0.699861111111111 0.02244270833333329 0.03783333333333345
0 0.4132057291666667 0.7253333333333334 0.03444270833333339 0.03301851851851859
0 0.4323307291666667 0.7822685185185185 0.038307291666666764 0.04609259259259257
0 0.4157083333333333 0.8218194444444445 0.06678125000000001 0.06587962962962972
0 0.04442187499999999 0.800949074074074 0.058854166666666666 0.06967592592592593
0 0.05629166666666666 0.8429305555555555 0.058354166666666665 0.07339814814814813
0 0.08199218750000001 0.9362638888888889 0.03851562499999999 0.04458333333333342
0 0.08697916666666666 0.971875 0.03642708333333333 0.03352777777777781
0 0.16209895833333335 0.9504907407407407 0.044489583333333374 0.0631666666666669
0 0.18478124999999998 0.8857824074074074 0.04464583333333335 0.06593518518518522
0 0.1315234375 0.8578657407407407 0.05523437500000001 0.05149074074074065
0 0.12627083333333333 0.7240555555555556 0.04896874999999999 0.05096296296296293
0 0.19305989583333333 0.668324074074074 0.041796875 0.037685185185185016
0 0.2110859375 0.7770925925925926 0.055640624999999964 0.04105555555555548
0 0.08576822916666667 0.5800509259259259 0.045182291666666666 0.0415648148148147
0 0.06963802083333333 0.6217685185185186 0.03146354166666666 0.02361111111111111
0 0.12506510416666666 0.657050925925926 0.031942708333333354 0.038749999999999916
0 0.11327343749999999 0.6313611111111112 0.04235937499999999 0.034037037037037025
0 0.121203125 0.5862870370370371 0.030520833333333344 0.03127777777777796
0 0.15229947916666667 0.6018240740740741 0.031776041666666664 0.028722222222222205
0 0.13933593749999998 0.5585787037037038 0.031776041666666664 0.03160185185185195
0 0.129203125 0.5322731481481482 0.032687499999999994 0.027972222222222256
0 0.11273177083333333 0.48890277777777774 0.036265624999999996 0.03350925925925931
0 0.17457552083333333 0.5176064814814815 0.038953124999999984 0.030009259259259336
0 0.16530729166666666 0.4855324074074074 0.032656250000000026 0.03512037037037043
0 0.17860156249999998 0.4543101851851852 0.02333854166666664 0.01819444444444453
0 0.19197916666666667 0.46980555555555553 0.025135416666666664 0.021999999999999992
0 0.21325 0.5652175925925925 0.03411458333333333 0.030009259259259125
0 0.23192187499999997 0.5363333333333333 0.030520833333333285 0.02553703703703697
0 0.257578125 0.5545601851851851 0.03213541666666669 0.030638888888889024
0 0.266390625 0.5821018518518518 0.041114583333333364 0.03446296296296299
0 0.3085625 0.5595046296296297 0.027468749999999886 0.02458333333333329
0 0.36003385416666667 0.5016759259259259 0.031776041666666664 0.022981481481481634
0 0.3705364583333334 0.5428425925925926 0.028364583333333353 0.023296296296296162
0 0.39330729166666667 0.5691481481481481 0.03452083333333332 0.03957407407407408
0 0.40199218750000004 0.6139537037037036 0.03465104166666677 0.03446296296296278
0 0.23769270833333334 0.4839444444444444 0.02297916666666667 0.030000000000000086
0 0.26322395833333334 0.4240972222222222 0.02872916666666671 0.022342592592592588
0 0.28784375000000006 0.4849953703703703 0.03915624999999991 0.02521296296296298
0 0.31017968749999997 0.4650462962962963 0.022786458333333332 0.022018518518518493
0 0.41526041666666663 0.9673287037037036 0.0758541666666666 0.05350925925925923
0 0.5417031250000001 0.8706481481481481 0.04935416666666672 0.061277777777777626
0 0.5012916666666667 0.823949074074074 0.03535416666666672 0.045324074074074114
0 0.5545494791666667 0.793537037037037 0.021723958333333352 0.03287037037037037
0 0.5359505208333334 0.7021111111111111 0.04136979166666676 0.05411111111111116
0 0.5749557291666666 0.678513888888889 0.042463541666666535 0.05197222222222232
0 0.4502421875 0.6341759259259259 0.037880208333333346 0.037018518518518534
0 0.44934375 0.5880555555555556 0.03572916666666662 0.036388888888888846
0 0.429765625 0.5293287037037037 0.028927083333333315 0.020749999999999866
0 0.488203125 0.5623611111111111 0.025156249999999977 0.030962962962963015
0 0.5101067708333333 0.5840648148148148 0.03395312500000003 0.029685185185185134
0 0.4261744791666667 0.5057083333333333 0.036640624999999954 0.021379629629629766
0 0.4784661458333333 0.50475 0.023598958333333305 0.029685185185185134
0 0.5400963541666667 0.47043981481481484 0.01974479166666665 0.01787962962962958
0 0.5641354166666666 0.502361111111111 0.022260416666666553 0.019148148148147998
0 0.5701588541666667 0.48257407407407416 0.019015625000000112 0.01627777777777771
0 0.5606536458333333 0.5792777777777778 0.02279687499999999 0.028092592592592516
0 0.5443619791666667 0.6406712962962963 0.028890625000000072 0.0452499999999999
0 0.5785260416666667 0.6311712962962963 0.035312500000000094 0.046472222222222276
0 0.6120703125 0.5941574074074074 0.028203125000000048 0.03587037037037017
0 0.61665625 0.6753194444444445 0.03622916666666664 0.030972222222222266
0 0.6130364583333333 0.5055787037037038 0.03439583333333331 0.024453703703703568
0 0.6031744791666667 0.44655555555555554 0.025682291666666638 0.020388888888888873
0 0.6574505208333333 0.5524166666666667 0.027515624999999964 0.030574074074074056
0 0.6216328124999999 0.4806712962962963 0.023619791666666855 0.022009259259259242
0 0.6401380208333334 0.46473611111111107 0.02797395833333335 0.022009259259259242
0 0.65059375 0.4884212962962963 0.026135416666666817 0.023231481481481405
0 0.650546875 0.9125185185185185 0.018802083333333285 0.0228333333333332
0 0.6422239583333333 0.7863194444444445 0.04012499999999998 0.04484259259259265
0 0.744078125 0.7785925925925926 0.03384374999999977 0.05066666666666669
0 0.723046875 0.7883564814814814 0.018343749999999895 0.023638888888889074
0 0.7399244791666667 0.8356018518518519 0.030265625000000067 0.03888888888888889
0 0.7610677083333334 0.9073425925925926 0.05365624999999999 0.06848148148148152
0 0.6772578125000001 0.6932546296296297 0.029807291666666676 0.025675925925925942
0 0.717796875 0.697537037037037 0.038979166666666745 0.04198148148148162
0 0.7443515625 0.7021203703703703 0.022703125000000077 0.03712962962962955
0 0.7266041666666666 0.6724675925925926 0.0323333333333333 0.026898148148148105
0 0.7018854166666666 0.6780925925925925 0.02246875000000017 0.026907407407407356
0 0.6906067708333334 0.5849444444444445 0.025453124999999945 0.03261111111111114
0 0.6509817708333333 0.6280740740740741 0.025682291666666638 0.03912962962962962
0 0.757875 0.6046898148148149 0.027135416666666856 0.024731481481481514
0 0.7693671875 0.6845324074074075 0.023848958333333316 0.034657407407407255
0 0.7696432291666667 0.5524629629629629 0.026598958333333183 0.03424074074074076
0 0.69440625 0.5613750000000001 0.020354166666666628 0.02328703703703712
0 0.7426979166666666 0.5624861111111111 0.018802083333333285 0.021601851851851785
0 0.7537057291666667 0.5862916666666668 0.02201562499999999 0.020379629629629623
0 0.7201380208333333 0.5463472222222223 0.026598958333333183 0.023638888888889074
0 0.6984166666666667 0.5181296296296296 0.011864583333333201 0.015796296296296246
0 0.7300416666666666 0.5217638888888889 0.018343750000000134 0.022009259259259242
0 0.8384557291666667 0.8995972222222223 0.061203125000000115 0.06280555555555549
0 0.8614973958333333 0.8052962962962963 0.05125520833333326 0.07342592592592588
0 0.8171588541666667 0.7343472222222223 0.04080729166666662 0.039805555555555566
0 0.8094270833333332 0.8100601851851852 0.02564583333333322 0.04421296296296296
0 0.898546875 0.877361111111111 0.0485104166666666 0.06783333333333333
0 0.9232239583333334 0.8676851851851851 0.05498958333333329 0.06861111111111103
0 0.9445234375000001 0.959050925925926 0.04553645833333349 0.05219444444444434
0 0.9553203125 0.8402361111111112 0.04304687499999981 0.06015740740740743
0 0.9566614583333333 0.7947824074074075 0.039864583333333314 0.046675925925926
0 0.8409427083333334 0.7158148148148149 0.03508333333333316 0.03449999999999999
0 0.8981953125000001 0.7671250000000001 0.04777604166666668 0.043787037037037006
0 0.9624375000000001 0.7187777777777777 0.03956250000000002 0.03007407407407409
0 0.9719401041666667 0.7466203703703703 0.029109374999999934 0.023037037037037137
0 0.9460885416666667 0.6721064814814814 0.03931250000000001 0.032731481481481396
0 0.8875442708333333 0.6310648148148148 0.04055729166666661 0.04201851851851862
0 0.8660989583333333 0.6579583333333333 0.018906250000000093 0.019898148148148158
0 0.7873958333333333 0.5708425925925926 0.017416666666666695 0.014592592592592584
0 0.801046875 0.6652777777777777 0.022145833333333323 0.023444444444444386
0 0.7870833333333334 0.5873703703703704 0.02911458333333338 0.02388888888888885
0 0.7896666666666666 0.6097962962962963 0.025624999999999905 0.028796296296296212
0 0.8469140625 0.4986296296296296 0.02960937499999995 0.0265370370370369
0 0.8473151041666667 0.5251712962962962 0.021151041666666735 0.02034259259259241
0 0.8209401041666666 0.5455185185185186 0.020901041666666724 0.023000000000000135
0 0.8446510416666667 0.5711759259259259 0.020895833333333277 0.01990740740740741
0 0.8894635416666666 0.5335277777777778 0.0365729166666668 0.026981481481481363
0 0.8833906250000001 0.5654629629629631 0.018166666666666723 0.023000000000000135
0 0.86746875 0.5634305555555555 0.012937500000000076 0.021231481481481542
0 0.8855546874999999 0.5866759259259259 0.022390624999999886 0.018629629629629527
0 0.7834453125 0.5320277777777777 0.029859374999999962 0.031407407407407474
0 0.7284661458333334 0.4760092592592593 0.023276041666666695 0.02533333333333324
0 0.7560260416666668 0.48684259259259255 0.023010416666666818 0.021611111111111247
0 0.7616875000000001 0.5100833333333333 0.02550000000000002 0.018592592592592525