0 0.37150781250000003 0.9663148148148147 0.05190104166666672 0.06551851851851861
0 0.41962239583333333 0.9477546296296296 0.08418229166666673 0.07436111111111106
0 0.4496145833333333 0.6145462962962963 0.037520833333333316 0.03925925925925934
0 0.4463802083333333 0.5698657407407407 0.03213541666666657 0.03606481481481465
0 0.4274401041666666 0.5157592592592593 0.03016145833333326 0.020425925925925875
0 0.42600260416666663 0.49389814814814814 0.03159895833333337 0.022018518518518493
0 0.47528645833333333 0.4903888888888889 0.02315625000000002 0.02329629629629637
0 0.48516145833333335 0.5476805555555556 0.02603125000000001 0.029361111111111143
0 0.5065963541666666 0.5660324074074075 0.020109375000000065 0.027768518518518318
0 0.3164583333333333 0.6747268518518518 0.0344479166666666 0.025287037037036986
0 0.3569401041666667 0.6388101851851852 0.035567708333333316 0.029009259259259193
0 0.3440052083333333 0.5920740740740741 0.026500000000000058 0.023796296296296128
0 0.2739348958333333 0.6968194444444445 0.02794270833333335 0.03471296296296276
0 0.25666666666666665 0.7151018518518518 0.020645833333333325 0.021814814814814763
0 0.2942604166666667 0.8319120370370371 0.056437499999999946 0.060694444444444405
0 0.37047135416666666 0.7709537037037038 0.022265625 0.04314814814814806
0 0.37039322916666667 0.8540833333333333 0.04036979166666666 0.06462962962962959
0 0.33478125 0.7084074074074074 0.03602083333333326 0.03811111111111098
0 0.371765625 0.6760185185185185 0.026822916666666665 0.041518518518518656
0 0.40295833333333336 0.6400972222222223 0.0392916666666667 0.04182407407407414
0 0.3971666666666666 0.6855231481481482 0.02244791666666662 0.03784259259259249
0 0.4182161458333333 0.7118611111111111 0.03444270833333339 0.033018518518518385
0 0.435875 0.7651111111111111 0.03831249999999997 0.046092592592592775
0 0.42023177083333335 0.8017175925925926 0.06360937500000005 0.06130555555555559
0 0.047552083333333335 0.7742129629629629 0.05652083333333334 0.061370370370370346
0 0.058973958333333326 0.8141018518518519 0.057979166666666665 0.06416666666666662
0 0.08683072916666666 0.9056898148148148 0.03851562499999999 0.04458333333333342
0 0.09073958333333333 0.9453564814814815 0.03642708333333333 0.04482407407407415
0 0.16711458333333334 0.9202314814814815 0.044489583333333374 0.06316666666666669
0 0.18558072916666665 0.8577592592592592 0.04374479166666667 0.06083333333333338
0 0.1351067708333333 0.8292037037037037 0.05523437499999999 0.0514814814814814
0 0.12680729166666668 0.701125 0.04896874999999999 0.05095370370370368
0 0.19341927083333335 0.6469861111111112 0.041796875 0.037694444444444475
0 0.21198958333333331 0.7519259259259259 0.05529166666666671 0.03407407407407424
0 0.08404427083333334 0.5608981481481481 0.045609374999999994 0.03505555555555567
0 0.07060677083333333 0.6009814814814814 0.030598958333333332 0.01883333333333347
0 0.124203125 0.6344583333333332 0.03194791666666665 0.038749999999999916
0 0.11484375 0.6114490740740741 0.04162499999999998 0.02943518518518515
0 0.120453125 0.5682777777777778 0.030520833333333344 0.03127777777777775
0 0.14928385416666667 0.5836342592592593 0.031776041666666664 0.028731481481481667
0 0.13804427083333334 0.5403888888888888 0.031776041666666664 0.03159259259259249
0 0.1272109375 0.5163842592592592 0.033442708333333356 0.024509259259259075
0 0.11047135416666666 0.4724351851851852 0.036265624999999996 0.03351851851851856
0 0.17123697916666666 0.5026666666666667 0.038953124999999984 0.030018518518518587
0 0.16514583333333333 0.4715462962962963 0.029750000000000002 0.035111111111111176
0 0.17773958333333334 0.4420509259259259 0.023343749999999965 0.01819444444444453
0 0.19127604166666667 0.45601851851851855 0.02222916666666664 0.021999999999999992
0 0.21238802083333333 0.5472175925925926 0.034109375000000004 0.030009259259259336
0 0.22890625 0.517375 0.030520833333333344 0.02552777777777772
0 0.25542187499999996 0.5388564814814814 0.03213541666666669 0.030638888888889024
0 0.26822395833333335 0.5665879629629629 0.041114583333333364 0.03447222222222224
0 0.30641145833333333 0.5438055555555555 0.027468749999999886 0.02457407407407404
0 0.35777343749999996 0.48615740740740737 0.031776041666666664 0.022981481481481634
0 0.36827604166666666 0.526375 0.028364583333333353 0.023305555555555624
0 0.3900729166666667 0.5513333333333333 0.03493749999999996 0.035740740740740656
0 0.3996223958333333 0.5957638888888889 0.03465104166666665 0.03447222222222224
0 0.23521614583333333 0.4726435185185185 0.022984374999999998 0.03000925925925923
0 0.26009895833333335 0.4118425925925926 0.02872916666666671 0.022333333333333337
0 0.28300000000000003 0.47101388888888884 0.03915625000000003 0.02521296296296298
0 0.30780989583333335 0.45202777777777775 0.022786458333333332 0.022018518518518493
0 0.5395494791666666 0.8405833333333332 0.04934895833333333 0.061277777777777626
0 0.5005390625 0.7975231481481482 0.03534895833333328 0.045324074074073906
0 0.5518567708333334 0.7659583333333333 0.021723958333333352 0.03287962962962962
0 0.5345026041666667 0.6797175925925926 0.03976562499999995 0.0526018518518518
0 0.5727005208333333 0.6561018518518518 0.03838020833333336 0.047370370370370236
0 0.5447734375000001 0.6213472222222223 0.028890625000000072 0.0452499999999999
0 0.5734375 0.6103842592592592 0.035312500000000094 0.046472222222222276
0 0.557453125 0.5598333333333333 0.021552083333333392 0.030574074074074056
0 0.6064296875 0.5767962962962964 0.028203125000000048 0.03587037037037017
0 0.6130807291666667 0.6547777777777778 0.03622395833333343 0.030981481481481516
0 0.6072578125 0.4904166666666668 0.03439062499999987 0.02446296296296303
0 0.5973984375000001 0.4348194444444445 0.025682291666666874 0.020379629629629623
0 0.6515338541666666 0.5343194444444445 0.027515624999999964 0.030564814814815017
0 0.6158541666666667 0.46624537037037034 0.023614583333333408 0.022009259259259242
0 0.6335338541666666 0.4510416666666667 0.02797395833333335 0.022009259259259242
0 0.6442630208333334 0.47276851851851853 0.026140624999999792 0.023240740740740656
0 0.6800677083333333 0.9493287037037038 0.044479166666666715 0.05828703703703697
0 0.648828125 0.8826805555555556 0.018802083333333285 0.02282407407407416
0 0.6416041666666668 0.760087962962963 0.04012499999999998 0.04484259259259265
0 0.7369895833333333 0.7540694444444445 0.025104166666666573 0.049324074074074055
0 0.7186458333333334 0.7633472222222222 0.018343750000000134 0.023638888888888862
0 0.7355598958333334 0.8074722222222223 0.02889062500000013 0.03912962962962962
0 0.75590625 0.8731018518518519 0.05365624999999999 0.06848148148148152
0 0.6724453125000001 0.6714861111111111 0.029807291666666676 0.025675925925925942
0 0.7124322916666667 0.6745462962962963 0.038979166666666745 0.041981481481481404
0 0.7377473958333333 0.679375 0.022703125000000077 0.037138888888889006
0 0.7188984374999999 0.6494768518518518 0.03232812499999985 0.026898148148148317
0 0.6954192708333333 0.6565694444444444 0.022473958333333145 0.026898148148148105
0 0.6856536458333333 0.5695370370370371 0.025453124999999945 0.03261111111111114
0 0.6458932291666667 0.6092407407407407 0.025682291666666638 0.03912962962962962
0 0.7507838541666667 0.584763888888889 0.02314062500000015 0.022046296296296244
0 0.7602864583333333 0.6632499999999999 0.023843750000000104 0.03464814814814821
0 0.7611119791666667 0.5372962962962963 0.026598958333333183 0.03424074074074076
0 0.6890442708333333 0.5452037037037036 0.02255729166666664 0.02079629629629633
0 0.734859375 0.546587962962963 0.018802083333333285 0.021601851851851785
0 0.7444895833333334 0.5686805555555555 0.02201041666666678 0.020379629629629623
0 0.7139453125 0.5311805555555555 0.026598958333333183 0.023638888888889074
0 0.6925677083333334 0.5035648148148147 0.010343750000000066 0.013092592592592475
0 0.7216510416666667 0.5063564814814815 0.018343750000000134 0.022009259259259242
0 0.8274427083333333 0.8650972222222223 0.06120833333333332 0.06280555555555549
0 0.8484244791666666 0.7781111111111111 0.05125520833333326 0.07342592592592588
0 0.8073723958333333 0.7073333333333333 0.04080729166666662 0.03981481481481482
0 0.7973776041666666 0.7804629629629629 0.030598958333333332 0.035388888888888914
0 0.884875 0.8446759259259259 0.0405520833333334 0.0632592592592592
0 0.9087604166666666 0.835662037037037 0.05498958333333329 0.06860185185185178
0 0.9233255208333333 0.9784583333333334 0.051609375000000075 0.041231481481481244
0 0.9283333333333333 0.9181805555555556 0.04553125000000004 0.05219444444444434
0 0.9421848958333333 0.8095138888888889 0.04304687499999981 0.06015740740740743
0 0.9422682291666666 0.7646851851851851 0.03607812499999999 0.042462962962963084
0 0.83303125 0.6932546296296297 0.03508333333333316 0.03450925925925924
0 0.8890885416666667 0.7405833333333333 0.047770833333333464 0.043796296296296465
0 0.9516875 0.6932962962962963 0.03956250000000002 0.03007407407407409
0 0.9588046875 0.7237962962962964 0.029109374999999934 0.023037037037037137
0 0.9332499999999999 0.6506157407407407 0.03931250000000001 0.032731481481481396
0 0.8738125 0.609300925925926 0.0405520833333334 0.04202777777777766
0 0.8569921875 0.637787037037037 0.018911458333333304 0.01990740740740741
0 0.7775052083333333 0.5529259259259259 0.017416666666666695 0.014592592592592584
0 0.7902239583333334 0.6513425925925926 0.022145833333333323 0.023444444444444597
0 0.7790598958333333 0.569125 0.02910937500000017 0.023879629629629594
0 0.7807083333333333 0.5895648148148148 0.025624999999999905 0.028796296296296212
0 0.8390026041666666 0.48403703703703704 0.02960937499999995 0.026537037037037112
0 0.8397005208333332 0.5105740740740741 0.021151041666666495 0.020351851851851867
0 0.8125807291666667 0.5256111111111111 0.020901041666666724 0.023000000000000135
0 0.8349479166666666 0.5525925925925925 0.020895833333333277 0.01990740740740741
0 0.8800572916666667 0.51575 0.0365729166666668 0.026981481481481363
0 0.8727916666666666 0.5474166666666667 0.018166666666666723 0.023000000000000135
0 0.8576145833333333 0.5475046296296296 0.012937500000000076 0.02123148148148133
0 0.8755546875 0.5686296296296295 0.022390624999999886 0.018629629629629527
0 0.7767265625 0.5147777777777778 0.029859374999999962 0.031407407407407474
0 0.7206979166666667 0.4615092592592593 0.023270833333333248 0.025333333333333347
0 0.7487291666666667 0.47261574074074075 0.023010416666666818 0.02162037037037039
0 0.7548619791666666 0.4937685185185185 0.025494791666666572 0.018592592592592525