0 0.2865364583333333 0.7700833333333333 0.04304166666666672 0.03364814814814828
0 0.32910677083333334 0.7246851851851852 0.03552604166666669 0.03587037037037038
0 0.31964843749999994 0.6669907407407407 0.030411458333333266 0.028499999999999973
0 0.23326822916666667 0.7954398148148148 0.03096354166666669 0.0452314814814814
0 0.21333072916666668 0.8214259259259259 0.02094270833333335 0.02825925925925924
0 0.2434427083333333 0.9676712962962963 0.06414583333333337 0.06280555555555549
0 0.3353932291666667 0.8961250000000001 0.027619791666666654 0.056083333333333485
0 0.3263541666666666 0.9865648148148148 0.04082291666666672 0.02188888888888877
0 0.30029687499999996 0.8209398148148148 0.0389895833333334 0.047009259259259244
0 0.34556770833333333 0.7830925925925926 0.036583333333333336 0.04216666666666663
0 0.3816484375 0.7328287037037038 0.04957812500000003 0.04675000000000001
0 0.37156770833333336 0.7886666666666666 0.02244791666666662 0.03783333333333345
0 0.38932812499999997 0.8200972222222223 0.043416666666666735 0.03521296296296294
0 0.4087552083333333 0.8918611111111111 0.03831249999999997 0.04609259259259257
0 0.3881640625000001 0.9491666666666666 0.07313020833333325 0.08585185185185198
0 0.066234375 0.9728287037037037 0.053635416666666665 0.05249074074074079
0 0.07159895833333334 0.8049351851851853 0.05759374999999999 0.06785185185185183
0 0.1513828125 0.7359861111111111 0.044192708333333344 0.04719444444444447
0 0.15690625 0.8740787037037037 0.06061458333333333 0.0445462962962962
0 0.04271354166666667 0.6248564814814815 0.04496875 0.04480555555555544
0 0.021377604166666668 0.6800555555555556 0.03913020833333333 0.03185185185185194
0 0.07351302083333335 0.7227916666666667 0.03448437499999999 0.04356481481481477
0 0.067671875 0.6891944444444444 0.04272916666666666 0.03633333333333334
0 0.07613802083333333 0.6385277777777778 0.030515624999999987 0.03127777777777775
0 0.11000260416666666 0.655087962962963 0.031776041666666664 0.028731481481481455
0 0.1014609375 0.5986712962962963 0.030848958333333343 0.03997222222222229
0 0.09092708333333333 0.5701018518518519 0.03231249999999998 0.029703703703703635
0 0.083609375 0.5131157407407407 0.038458333333333324 0.037694444444444475
0 0.14271354166666667 0.5518842592592593 0.03894791666666665 0.030009259259259125
0 0.1386171875 0.5151018518518518 0.03890104166666668 0.036444444444444564
0 0.1558671875 0.4793148148148148 0.02919270833333331 0.025185185185185227
0 0.1675859375 0.495587962962963 0.025859374999999987 0.03295370370370363
0 0.1828619791666667 0.6111712962962963 0.034109375000000004 0.030009259259259125
0 0.20370833333333332 0.5750694444444445 0.030520833333333344 0.02552777777777793
0 0.229890625 0.5998935185185185 0.03213541666666669 0.030638888888888813
0 0.23548958333333334 0.6347361111111112 0.03934374999999998 0.04408333333333345
0 0.2845651041666667 0.6041249999999999 0.03659895833333333 0.03324999999999986
0 0.34113802083333333 0.5368425925925926 0.031776041666666664 0.022981481481481634
0 0.35199739583333334 0.5838564814814815 0.030911458333333287 0.025583333333333434
0 0.37221354166666665 0.6183379629629631 0.037729166666666696 0.042398148148148115
0 0.37959895833333335 0.6763287037037037 0.039958333333333346 0.040805555555555706
0 0.211875 0.5114212962962963 0.02408333333333334 0.036990740740740574
0 0.24798958333333332 0.4431851851851852 0.030802083333333327 0.02742592592592593
0 0.26670833333333327 0.5170231481481481 0.03915624999999994 0.02521296296296298
0 0.2920546875 0.4905648148148148 0.022786458333333332 0.022018518518518704
0 0.5248776041666666 0.9768935185185186 0.026151041666666687 0.038305555555555454
0 0.481140625 0.9381296296296296 0.047999999999999925 0.06348148148148143
0 0.5407239583333333 0.8990092592592593 0.026052083333333323 0.043685185185185035
0 0.5253828125 0.7839675925925925 0.047390625000000006 0.05680555555555547
0 0.5663203125 0.7539907407407407 0.04934895833333333 0.0552222222222221
0 0.4317890625 0.7004814814814815 0.039578125000000006 0.0419629629629629
0 0.43400520833333334 0.6370925925925925 0.03771875000000004 0.04531481481481486
0 0.41701562500000006 0.5694999999999999 0.030135416666666734 0.025944444444444426
0 0.47860156249999997 0.6140416666666666 0.027671875000000058 0.03323148148148136
0 0.5048489583333333 0.6383472222222222 0.033947916666666585 0.029675925925926095
0 0.41676302083333333 0.5428703703703703 0.036640624999999954 0.021388888888888805
0 0.46981249999999997 0.5393148148148148 0.025656249999999995 0.029685185185185134
0 0.5394427083333333 0.5018564814814814 0.01975000000000004 0.01787962962962958
0 0.5636822916666666 0.538513888888889 0.021177083333333256 0.019157407407407456
0 0.5750572916666666 0.5130925925925925 0.019010416666666665 0.01627777777777771
0 0.5584869791666667 0.6312083333333333 0.02279687499999999 0.028083333333333266
0 0.5399036458333334 0.7057546296296296 0.03415104166666675 0.0525648148148148
0 0.5746510416666666 0.6978194444444444 0.035312500000000094 0.046472222222222276
0 0.6123723958333334 0.6497222222222223 0.02820312499999981 0.03587037037037038
0 0.6134010416666666 0.7528518518518518 0.03622916666666664 0.030981481481481516
0 0.6149322916666667 0.5371944444444445 0.03347916666666653 0.03094444444444451
0 0.6090625000000001 0.47034722222222225 0.028874999999999793 0.02487962962962953
0 0.6625052083333334 0.5953981481481482 0.03379166666666673 0.04064814814814823
0 0.6297291666666667 0.5088379629629629 0.023229166666666856 0.02821296296296299
0 0.6482630208333333 0.4936435185185185 0.028807291666666637 0.027083333333333334
0 0.6581875 0.5175833333333334 0.027145833333333275 0.0286666666666667
0 0.6396614583333334 0.8872777777777777 0.049333333333333465 0.06333333333333342
0 0.7546197916666666 0.880925925925926 0.04239583333333315 0.07259259259259268
0 0.7304192708333334 0.891263888888889 0.02223437500000003 0.02899074074074069
0 0.75109375 0.961662037037037 0.0401770833333335 0.05869444444444433
0 0.6810286458333332 0.7696805555555556 0.03359895833333345 0.03384259259259255
0 0.7288125000000001 0.7739398148148149 0.044656249999999884 0.06628703703703717
0 0.7563411458333335 0.7853749999999999 0.026828125000000112 0.037138888888889006
0 0.7370130208333333 0.746837962962963 0.032348958333333164 0.03217592592592593
0 0.707703125 0.7519351851851851 0.02454166666666661 0.03987037037037032
0 0.6997760416666666 0.6419722222222223 0.02890625 0.03261111111111114
0 0.6563984374999999 0.6931157407407408 0.02611979166666648 0.04684259259259273
0 0.7714479166666667 0.6638425925925926 0.03384375000000001 0.02824074074074074
0 0.7843385416666667 0.7620972222222223 0.02703125000000005 0.038324074074073955
0 0.7869765624999999 0.5972222222222222 0.026598958333333183 0.03424074074074076
0 0.688375 0.5768101851851851 0.021999999999999888 0.03026851851851857
0 0.7556380208333333 0.6093333333333333 0.02180729166666661 0.02974074074074064
0 0.7693723958333334 0.6359814814814815 0.025838541666666496 0.040462962962963006
0 0.7330364583333332 0.587625 0.029343750000000075 0.03387962962962955
0 0.7086432291666666 0.5544444444444444 0.015359374999999887 0.023685185185185118
0 0.7431041666666667 0.5611712962962964 0.018343749999999895 0.022009259259259242
0 0.888921875 0.9124583333333334 0.07367708333333335 0.09493518518518516
0 0.8354817708333333 0.8221944444444444 0.04825520833333338 0.05488888888888886
0 0.82396875 0.9220694444444445 0.024406250000000067 0.046416666666666766
0 0.9459036458333333 0.9750416666666667 0.055130208333333285 0.04806481481481468
0 0.9879375 0.9466157407407407 0.02308333333333318 0.04980555555555552
0 0.9884322916666667 0.8931898148148149 0.022093750000000037 0.041990740740740655
0 0.8642994791666666 0.8062453703703704 0.04153645833333333 0.04419444444444446
0 0.9335911458333332 0.8677546296296296 0.059692708333333164 0.055731481481481535
0 0.9825885416666668 0.7423703703703703 0.03378124999999983 0.04374074074074075
0 0.918046875 0.6990000000000001 0.046020833333333164 0.04820370370370365
0 0.89553125 0.7286388888888888 0.018906250000000093 0.01990740740740741
0 0.8046666666666666 0.6190324074074075 0.017416666666666695 0.014601851851851835
0 0.8155911458333333 0.7369537037037038 0.022140625000000115 0.023444444444444597
0 0.8041458333333333 0.6388935185185185 0.02911458333333338 0.023879629629629594
0 0.8059869791666666 0.6638611111111111 0.025630208333333352 0.028796296296296212
0 0.8730156250000001 0.5365972222222222 0.029604166666666744 0.030972222222222266
0 0.8723697916666667 0.561861111111111 0.033114583333333295 0.020351851851851867
0 0.8410703125 0.5882499999999999 0.020901041666666724 0.023000000000000135
0 0.8699869791666667 0.6211944444444445 0.020901041666666724 0.02188888888888877
0 0.9173020833333332 0.5696944444444444 0.0365729166666668 0.026981481481481363
0 0.9139583333333333 0.612925925925926 0.018166666666666723 0.023000000000000135
0 0.896859375 0.6123842592592592 0.012937500000000076 0.021231481481481542
0 0.915953125 0.6371990740740741 0.023364583333333164 0.02573148148148145
0 0.8021744791666666 0.5727962962962962 0.029859374999999962 0.031407407407407474
0 0.7460625000000001 0.5037175925925926 0.023270833333333484 0.025342592592592493
0 0.7724583333333332 0.5190324074074074 0.023010416666666818 0.021620370370370286
0 0.7797005208333334 0.5454166666666667 0.025494791666666572 0.018592592592592525