0 0.2979713541666667 0.7187824074074075 0.040848958333333366 0.030953703703703553
0 0.3387864583333334 0.679 0.037635416666666664 0.03194444444444444
0 0.3257526041666666 0.621462962962963 0.033671875000000046 0.034370370370370266
0 0.24971614583333335 0.7418888888888889 0.02763020833333331 0.03681481481481481
0 0.2303515625 0.7632824074074074 0.020640625 0.021824074074074225
0 0.26105989583333333 0.9018472222222222 0.0617552083333333 0.06974999999999994
0 0.34328125000000004 0.8301203703703703 0.024739583333333332 0.04911111111111108
0 0.33964322916666667 0.9270555555555556 0.04070312500000005 0.07712962962962938
0 0.3123697916666667 0.7637175925925926 0.03862500000000004 0.042175925925926096
0 0.35395052083333334 0.723013888888889 0.03657812500000001 0.04217592592592588
0 0.38610156250000005 0.6853611111111112 0.04661979166666678 0.046740740740740756
0 0.38446614583333333 0.7382592592592592 0.022442708333333408 0.03783333333333345
0 0.39812760416666665 0.7634629629629629 0.03444270833333339 0.033018518518518385
0 0.4197734375 0.8281574074074074 0.038307291666666646 0.04609259259259257
0 0.4013984375 0.8774259259259259 0.07313020833333325 0.0786851851851852
0 0.016666666666666666 0.8166666666666667 0.03333333333333333 0.05277777777777778
0 0.021875 0.8768518518518519 0.04375 0.07777777777777778
0 0.032841145833333335 0.9806111111111111 0.04596354166666667 0.03692592592592603
0 0.13122395833333333 0.9808842592592593 0.027760416666666673 0.036379629629629595
0 0.1449661458333333 0.9316435185185186 0.04509895833333335 0.06847222222222227
0 0.09434114583333333 0.8955370370370371 0.05969270833333334 0.058944444444444306
0 0.0956875 0.7431944444444445 0.05521874999999999 0.05472222222222214
0 0.16899739583333334 0.685912037037037 0.04419270833333329 0.04719444444444447
0 0.18256770833333333 0.8061342592592593 0.05581250000000004 0.0445462962962962
0 0.06160416666666667 0.5894351851851851 0.04496874999999999 0.0448148148148149
0 0.041578125 0.6382268518518519 0.03189583333333334 0.025990740740740894
0 0.09412760416666668 0.6780046296296296 0.03448437500000002 0.04356481481481477
0 0.0875703125 0.6443842592592592 0.042734374999999984 0.03634259259259259
0 0.09763020833333333 0.5966851851851851 0.030520833333333344 0.03127777777777775
0 0.12759635416666668 0.6171759259259259 0.031776041666666664 0.028722222222222205
0 0.1165390625 0.5684398148148148 0.031776041666666664 0.03160185185185195
0 0.10775520833333332 0.5381157407407408 0.03231249999999998 0.029694444444444596
0 0.09504947916666667 0.48896759259259265 0.036265624999999996 0.03350925925925926
0 0.1548619791666667 0.524787037037037 0.038953124999999984 0.030018518518518587
0 0.14940364583333335 0.48976851851851855 0.039234374999999974 0.035981481481481545
0 0.16259375 0.4581574074074074 0.02518750000000001 0.024981481481481497
0 0.17466927083333333 0.47325462962962966 0.026755208333333336 0.023342592592592627
0 0.19466927083333332 0.5780462962962962 0.034109375000000004 0.030000000000000086
0 0.21641145833333333 0.5435462962962962 0.030520833333333344 0.02553703703703697
0 0.24034375000000002 0.5692731481481482 0.03213541666666669 0.030638888888889024
0 0.24826302083333332 0.5978055555555556 0.04057812500000004 0.037351851851851775
0 0.29397135416666664 0.5682638888888889 0.03659895833333333 0.02941666666666665
0 0.34522395833333336 0.5101296296296297 0.03178124999999999 0.022981481481481634
0 0.3580078125 0.5521018518518518 0.028369791666666682 0.023296296296296162
0 0.3785989583333334 0.5818981481481482 0.03533333333333341 0.04175925925925918
0 0.38678385416666666 0.6302222222222222 0.03551562500000003 0.03611111111111111
0 0.220515625 0.4867268518518518 0.023312499999999996 0.032101851851851916
0 0.2513489583333333 0.42490277777777774 0.029104166666666664 0.023101851851851894
0 0.2714010416666666 0.4902916666666667 0.03915624999999994 0.02521296296296298
0 0.2974322916666667 0.46811111111111114 0.022781250000000006 0.022018518518518493
0 0.5250520833333333 0.912962962962963 0.050416666666666644 0.07085185185185183
0 0.4856796875 0.8614907407407407 0.03842187499999999 0.045333333333333364
0 0.5413645833333334 0.8258148148148148 0.026052083333333323 0.043685185185185244
0 0.5261848958333333 0.7286666666666667 0.04373437500000001 0.055444444444444546
0 0.5634166666666668 0.7042499999999999 0.04595833333333322 0.05455555555555562
0 0.4363828125 0.6525277777777778 0.037880208333333346 0.037018518518518534
0 0.4373958333333333 0.6027037037037036 0.035531249999999896 0.03727777777777777
0 0.41682031249999996 0.5394444444444444 0.028921874999999986 0.020740740740740823
0 0.4781666666666667 0.5777037037037037 0.025406249999999984 0.031185185185185035
0 0.5011458333333334 0.5971203703703704 0.033947916666666585 0.029685185185185134
0 0.4157083333333334 0.5135277777777777 0.0366458333333334 0.021388888888888805
0 0.4696197916666666 0.5119027777777778 0.025656249999999995 0.029675925925925883
0 0.5354635416666667 0.4773981481481482 0.01975000000000004 0.017870370370370328
0 0.5582942708333333 0.5097592592592592 0.02117187500000005 0.019148148148147998
0 0.5673411458333334 0.48608333333333337 0.019015625000000112 0.01627777777777771
0 0.555015625 0.5956157407407408 0.022802083333333202 0.028083333333333266
0 0.5328932291666667 0.659162037037037 0.02889062500000013 0.0452499999999999
0 0.56815625 0.6509861111111112 0.035312500000000094 0.046472222222222276
0 0.6032994791666667 0.6093148148148148 0.028203125000000048 0.03587037037037017
0 0.60503125 0.6994259259259259 0.03622916666666664 0.030981481481481516
0 0.6077265625 0.511824074074074 0.033796874999999935 0.0286666666666667
0 0.5986067708333334 0.45018055555555553 0.027755208333333316 0.023305555555555517
0 0.6522968749999999 0.5636064814814814 0.030666666666666724 0.03219444444444443
0 0.619890625 0.48328240740740747 0.023614583333333408 0.022009259259259242
0 0.6397473958333334 0.46803703703703703 0.02797395833333335 0.022018518518518493
0 0.6472213541666666 0.49249537037037033 0.02614062500000003 0.023231481481481617
0 0.6391979166666667 0.9568703703703705 0.018802083333333285 0.0228333333333332
0 0.6355859375 0.81675 0.04494270833333332 0.049740740740740766
0 0.7401510416666668 0.8138935185185185 0.0357812499999999 0.05380555555555546
0 0.7188437499999999 0.820787037037037 0.021260416666666514 0.027648148148148265
0 0.7367890625 0.8798194444444444 0.03364062500000008 0.053601851851851734
0 0.7500026041666668 0.9464768518518519 0.05365104166666678 0.06849074074074077
0 0.6715416666666667 0.7120787037037036 0.03235416666666661 0.030546296296296304
0 0.7135052083333334 0.7202453703703704 0.04378124999999997 0.0481944444444444
0 0.743984375 0.7288194444444445 0.023937500000000018 0.0371388888888888
0 0.7230598958333334 0.6927083333333334 0.032348958333333164 0.03217592592592593
0 0.6965651041666666 0.7 0.0245364583333334 0.02972222222222214
0 0.6862812500000001 0.6001111111111112 0.02890625 0.03261111111111114
0 0.646625 0.6467222222222223 0.02581249999999997 0.04144444444444444
0 0.7571536458333334 0.6210138888888889 0.029140624999999906 0.026064814814814898
0 0.7687213541666668 0.707625 0.024807291666666724 0.035750000000000115
0 0.7709713541666666 0.5658703703703704 0.026598958333333183 0.03424074074074076
0 0.6919062500000001 0.5719444444444445 0.02007291666666665 0.026259259259259378
0 0.7411328125 0.5744675925925925 0.019703124999999964 0.02404629629629611
0 0.7518489583333334 0.5972824074074075 0.023520833333333258 0.02369444444444458
0 0.7179817708333334 0.5529305555555555 0.02742187499999981 0.02671296296296288
0 0.6992994791666667 0.5259398148148149 0.013442708333333305 0.019101851851851953
0 0.730546875 0.5295092592592593 0.018343750000000134 0.022018518518518493
0 0.8358645833333334 0.9400509259259259 0.06668749999999998 0.07413888888888882
0 0.8631979166666668 0.8381203703703705 0.06545833333333348 0.07342592592592609
0 0.8161328124999999 0.7596157407407408 0.04825520833333315 0.04293518518518508
0 0.8050234374999999 0.8456620370370371 0.02440104166666662 0.046416666666666766
0 0.9057291666666667 0.9230231481481481 0.060437499999999984 0.07563888888888894
0 0.9257083333333334 0.9098379629629629 0.06343750000000009 0.09026851851851832
0 0.9631588541666666 0.8825231481481481 0.04304687499999981 0.06015740740740743
0 0.9631380208333333 0.8287546296296296 0.04355729166666673 0.05700925925925941
0 0.8442994791666666 0.741638888888889 0.03701562499999985 0.03740740740740749
0 0.902671875 0.7974907407407407 0.05134374999999996 0.047370370370370236
0 0.9737343749999999 0.7461574074074074 0.03956250000000002 0.03007407407407409
0 0.9784088541666667 0.7797083333333333 0.02910937500000017 0.02304629629629618
0 0.9563046875 0.6939814814814815 0.03933854166666653 0.03888888888888889
0 0.8907265624999999 0.6492824074074074 0.046015624999999956 0.0481944444444444
0 0.8714973958333334 0.6791435185185185 0.01891145833333354 0.019898148148148158
0 0.78553125 0.5792916666666666 0.017416666666666695 0.014601851851851835
0 0.7982421875 0.6836018518518518 0.022140625000000115 0.023444444444444597
0 0.7860078125 0.5970462962962962 0.029109374999999934 0.023888888888889057
0 0.7883046875 0.6201944444444444 0.025630208333333352 0.028796296296296212
0 0.8510338541666668 0.5082268518518518 0.02960937500000019 0.02941666666666665
0 0.8499817708333334 0.5341944444444445 0.028921874999999868 0.020351851851851867
0 0.8201067708333334 0.5563333333333332 0.020901041666666724 0.023000000000000135
0 0.8477239583333334 0.5853518518518518 0.020895833333333277 0.01990740740740741
0 0.8936796875 0.5409814814814815 0.03657812500000001 0.026981481481481363
0 0.8890130208333333 0.5785185185185184 0.018161458333333276 0.023000000000000135
0 0.8732031250000001 0.5765694444444444 0.012937500000000076 0.02123148148148133
0 0.8903880208333333 0.5991574074074073 0.023026041666666684 0.023240740740740656
0 0.7835703125 0.5400787037037038 0.029859374999999962 0.031398148148148015
0 0.7296302083333333 0.4832638888888888 0.023270833333333484 0.025342592592592545
0 0.7562760416666667 0.49319907407407404 0.023010416666666818 0.021620370370370286
0 0.7634869791666666 0.5188518518518519 0.025494791666666572 0.018592592592592525