0 0.28511197916666664 0.7521712962962963 0.04172395833333337 0.03202777777777791
0 0.3267421875 0.7090000000000001 0.03679687500000005 0.03351851851851856
0 0.31685677083333336 0.6540925925925926 0.030411458333333266 0.028499999999999973
0 0.23439843749999997 0.781300925925926 0.03029687500000004 0.04417592592592596
0 0.21479427083333333 0.8038333333333333 0.02084895833333332 0.026333333333333382
0 0.24511979166666667 0.9551712962962964 0.06476041666666663 0.0746574074074075
0 0.3344036458333333 0.8777175925925925 0.026692708333333332 0.054009259259259194
0 0.32585156249999997 0.9718842592592593 0.04082812499999993 0.04186111111111115
0 0.30109114583333335 0.8067731481481482 0.03889062500000004 0.04569444444444436
0 0.34556770833333333 0.7677083333333333 0.036583333333333336 0.04217592592592588
0 0.37840364583333336 0.715662037037037 0.04957812500000003 0.04675000000000001
0 0.3701744791666667 0.7709166666666666 0.02244270833333329 0.03783333333333345
0 0.38550000000000006 0.8007037037037037 0.036687500000000026 0.03357407407407407
0 0.4057395833333333 0.8679166666666667 0.03831249999999997 0.04609259259259257
0 0.387234375 0.9271342592592592 0.07312500000000005 0.08802777777777772
0 0.12391927083333334 0.9760370370370369 0.04509895833333335 0.046074074074074274
0 0.057171875 0.9578888888888889 0.06954166666666667 0.06551851851851873
0 0.07090104166666666 0.7867638888888889 0.05759374999999999 0.062027777777777786
0 0.14944010416666667 0.71975 0.044192708333333344 0.04720370370370372
0 0.156828125 0.8552361111111111 0.059416666666666645 0.04454629629629642
0 0.042375 0.6137222222222222 0.04496875 0.0448148148148149
0 0.021848958333333335 0.6681435185185185 0.03603125 0.029342592592592642
0 0.07317447916666667 0.7095092592592592 0.03448437499999999 0.04357407407407402
0 0.0673359375 0.675787037037037 0.042734375000000005 0.03633333333333334
0 0.07660937500000001 0.6246481481481482 0.030520833333333316 0.03127777777777775
0 0.11108072916666667 0.643 0.031776041666666664 0.028722222222222205
0 0.10004166666666667 0.5892175925925927 0.03125 0.036379629629629595
0 0.08890624999999999 0.5582546296296296 0.03231249999999998 0.029694444444444596
0 0.0811875 0.5040833333333333 0.037520833333333344 0.03590740740740738
0 0.14175520833333335 0.5423101851851851 0.03894791666666665 0.030009259259259125
0 0.13802343749999998 0.5062685185185185 0.040213541666666686 0.036444444444444564
0 0.1532083333333333 0.47176388888888887 0.028541666666666642 0.025194444444444478
0 0.1657864583333333 0.48755092592592586 0.026333333333333306 0.030509259259259302
0 0.18196354166666667 0.6004259259259259 0.03411458333333333 0.030000000000000086
0 0.20394791666666665 0.5651759259259259 0.030520833333333344 0.02553703703703697
0 0.22815364583333334 0.5888287037037037 0.03214062500000002 0.030638888888889024
0 0.23542708333333331 0.6228194444444445 0.03934374999999998 0.04408333333333345
0 0.28342447916666663 0.5923194444444444 0.03659895833333333 0.03324999999999986
0 0.3381458333333333 0.5271574074074074 0.03178124999999999 0.022981481481481634
0 0.350625 0.5739583333333333 0.029958333333333323 0.024731481481481514
0 0.3700572916666667 0.6066342592592592 0.037729166666666696 0.042398148148148115
0 0.37753125 0.6608425925925926 0.03905208333333334 0.04048148148148151
0 0.20984114583333333 0.5021620370370371 0.02407812500000001 0.036990740740740574
0 0.24550260416666667 0.43557407407407406 0.030494791666666642 0.026462962962962897
0 0.26389583333333333 0.506912037037037 0.03915625000000003 0.02521296296296298
0 0.29067708333333336 0.4824814814814815 0.022781250000000006 0.022018518518518493
0 0.52075 0.9617175925925926 0.03525000000000003 0.05050925925925943
0 0.4785078125 0.9164305555555555 0.04440104166666667 0.05667592592592596
0 0.5371927083333333 0.8782685185185185 0.026052083333333323 0.043685185185185035
0 0.5213723958333333 0.7680092592592593 0.047390625000000006 0.056814814814814936
0 0.5615312499999999 0.738564814814815 0.04935416666666678 0.0552222222222221
0 0.428671875 0.6858425925925926 0.03872916666666673 0.03949999999999987
0 0.42999999999999994 0.624787037037037 0.03572916666666662 0.04531481481481486
0 0.4123932291666667 0.5583472222222222 0.029526041666666693 0.023342592592592627
0 0.47483072916666663 0.6024166666666666 0.027671875000000058 0.03324074074074083
0 0.49984895833333337 0.6254907407407407 0.033947916666666585 0.029685185185185134
0 0.4127604166666667 0.5317916666666667 0.03664583333333328 0.021379629629629766
0 0.4652734375 0.5290555555555555 0.025651041666666666 0.029685185185185134
0 0.5339791666666667 0.49077777777777776 0.01975000000000004 0.01787037037037054
0 0.5577578125 0.5272962962962963 0.02117187500000005 0.019148148148148206
0 0.5682109375000001 0.5017407407407407 0.019015625000000112 0.01627777777777771
0 0.5527916666666667 0.6194444444444445 0.022802083333333202 0.028092592592592516
0 0.5365026041666667 0.6927962962962964 0.0325677083333332 0.050370370370370454
0 0.5712135416666667 0.6848564814814815 0.035312500000000094 0.046472222222222276
0 0.6083151041666668 0.6383425925925925 0.02820312499999981 0.03587037037037038
0 0.6093437500000001 0.7384212962962963 0.03622916666666664 0.030972222222222266
0 0.6105729166666668 0.5274120370370371 0.03347916666666653 0.030935185185185052
0 0.6036354166666666 0.4623287037037037 0.02887500000000003 0.024879629629629633
0 0.6570390624999999 0.5839074074074074 0.03325520833333352 0.03781481481481474
0 0.6239921875000001 0.5002175925925926 0.023369791666666608 0.025879629629629673
0 0.6434453125 0.48521759259259256 0.028494791666666686 0.025175925925925977
0 0.6525729166666667 0.5088148148148148 0.02677083333333338 0.02662962962962962
0 0.6342109375 0.8667499999999999 0.048057291666666654 0.061407407407407556
0 0.7470104166666667 0.8610046296296296 0.04034375000000002 0.06910185185185196
0 0.7227552083333334 0.871699074074074 0.02223958333333324 0.02899074074074069
0 0.7424921875 0.9375555555555555 0.03693229166666659 0.058685185185185285
0 0.6750624999999999 0.7528981481481481 0.03313541666666661 0.03261111111111114
0 0.7217786458333334 0.757013888888889 0.044515625000000135 0.06100925925925914
0 0.7486979166666666 0.7686620370370371 0.026833333333333324 0.037138888888889006
0 0.7305156250000001 0.7318935185185186 0.03234375000000019 0.03217592592592593
0 0.7013593750000001 0.7363101851851852 0.02454166666666661 0.036064814814814855
0 0.6926692708333334 0.6285277777777777 0.02891145833333345 0.032611111111110924
0 0.6499036458333334 0.6784398148148147 0.026119791666666715 0.04684259259259273
0 0.7647630208333334 0.6512037037037036 0.032078125000000075 0.027425925925925826
0 0.7771562499999999 0.7457916666666666 0.02703124999999981 0.038324074074073955
0 0.7794088541666667 0.5877129629629629 0.026598958333333183 0.03424074074074076
0 0.688375 0.5768101851851851 0.021999999999999888 0.03026851851851857
0 0.7486067708333334 0.5976481481481482 0.02180729166666661 0.02974074074074064
0 0.7619583333333334 0.6240925925925925 0.026291666666666675 0.03707407407407404
0 0.7260052083333333 0.5755324074074074 0.029343750000000075 0.033879629629629766
0 0.7037526041666666 0.5449351851851851 0.015359374999999887 0.023685185185185118
0 0.7373723958333334 0.5511157407407408 0.018338541666666687 0.022009259259259242
0 0.8366848958333333 0.9793148148148146 0.04388020833333333 0.039518518518518786
0 0.87715625 0.8902546296296295 0.0681458333333334 0.08665740740740754
0 0.8281796875 0.803287037037037 0.04825520833333338 0.05288888888888879
0 0.8175807291666667 0.8982546296296297 0.024401041666666855 0.046416666666666766
0 0.9129192708333332 0.971986111111111 0.0361718749999999 0.05050925925925932
0 0.9452083333333334 0.9576481481481481 0.06343750000000009 0.07475925925925948
0 0.9797734375 0.931962962962963 0.035119791666666816 0.06014814814814818
0 0.9807682291666667 0.8800787037037037 0.03396354166666669 0.0570092592592592
0 0.8531015624999999 0.7830231481481481 0.04153645833333333 0.04419444444444446
0 0.9164244791666666 0.8455231481481481 0.059692708333333164 0.055731481481481535
0 0.9864140625 0.7815 0.02613020833333337 0.03007407407407409
0 0.9735572916666667 0.7281111111111112 0.041843750000000075 0.04374074074074075
0 0.9049843750000001 0.6807546296296296 0.046020833333333164 0.0481944444444444
0 0.8834010416666668 0.7120555555555556 0.018906250000000093 0.01990740740740741
0 0.7963072916666667 0.6046990740740741 0.017416666666666695 0.014601851851851835
0 0.8090208333333333 0.7167870370370371 0.022145833333333323 0.023444444444444386
0 0.7960859375000001 0.6250925925925926 0.02910937500000017 0.02388888888888885
0 0.795984375 0.6487314814814815 0.025624999999999905 0.028796296296296212
0 0.8648046875 0.5264212962962963 0.02960937499999995 0.030972222222222266
0 0.8637447916666666 0.5518333333333334 0.033114583333333295 0.020351851851851867
0 0.8321979166666668 0.5764537037037036 0.020895833333333277 0.023000000000000135
0 0.8612786458333334 0.6087407407407408 0.020901041666666724 0.021148148148148284
0 0.9083463541666668 0.5586388888888888 0.03657812500000001 0.026981481481481363
0 0.9046692708333334 0.6008333333333334 0.018161458333333276 0.023000000000000135
0 0.8881510416666667 0.5999953703703704 0.012937500000000076 0.021231481481481542
0 0.9063333333333332 0.6236342592592592 0.023364583333333164 0.02573148148148145
0 0.7945442708333333 0.5604074074074075 0.029859374999999962 0.031407407407407474
0 0.7393515625 0.4960462962962963 0.023276041666666695 0.02533333333333345
0 0.765703125 0.5091944444444445 0.023010416666666818 0.021611111111111247
0 0.7732942708333332 0.5355740740740741 0.025494791666666572 0.018592592592592525