0 0.31521093749999995 0.6936481481481481 0.03627604166666672 0.026907407407407356
0 0.35425000000000006 0.6576157407407408 0.036156250000000036 0.029842592592592608
0 0.3438098958333333 0.6090046296296295 0.029296875 0.025138888888888974
0 0.2755078125 0.7236527777777777 0.030244791666666635 0.03471296296296297
0 0.2564609375 0.7414722222222222 0.020640625000000058 0.021814814814814763
0 0.2910546875 0.8652592592592593 0.05676562500000001 0.061259259259259125
0 0.3704192708333333 0.8031574074074074 0.024515625000000086 0.04722222222222222
0 0.36975260416666667 0.8870648148148148 0.0403906250000001 0.06540740740740729
0 0.33273437499999997 0.7307870370370371 0.03732291666666659 0.04014814814814806
0 0.37124218750000004 0.6958472222222222 0.03170312499999994 0.041842592592592646
0 0.4013046875 0.6592916666666667 0.03999479166666665 0.04428703703703697
0 0.3943151041666667 0.70225 0.022442708333333408 0.03783333333333345
0 0.4123723958333334 0.7275787037037038 0.03444270833333339 0.03302777777777784
0 0.43173958333333334 0.7851296296296297 0.03831249999999997 0.046092592592592775
0 0.4149557291666667 0.8251712962962963 0.06730729166666667 0.0666388888888887
0 0.0438984375 0.8054074074074075 0.059244791666666664 0.07105555555555557
0 0.055846354166666674 0.8477314814814815 0.05841145833333334 0.0749444444444445
0 0.08118489583333334 0.9413611111111112 0.03851562499999999 0.044592592592592455
0 0.0863515625 0.9762962962962963 0.03642187499999997 0.03164814814814842
0 0.16126302083333333 0.9555324074074073 0.044484374999999986 0.06315740740740744
0 0.18464583333333331 0.8904537037037038 0.04479166666666667 0.06677777777777767
0 0.1309296875 0.8626435185185185 0.05523437500000001 0.05149074074074086
0 0.1261796875 0.727875 0.04896354166666666 0.05095370370370368
0 0.193 0.6718796296296297 0.04180208333333333 0.037685185185185224
0 0.2109375 0.7812916666666667 0.055697916666666694 0.0422129629629631
0 0.08605468749999999 0.5832453703703704 0.04510937500000001 0.042638888888888844
0 0.0694765625 0.6252314814814814 0.031609375 0.024407407407407315
0 0.1252083333333333 0.6608194444444444 0.03194791666666668 0.038749999999999916
0 0.11301302083333332 0.6346805555555555 0.042484375 0.034805555555555694
0 0.12133072916666666 0.5892870370370371 0.030515625000000015 0.03127777777777796
0 0.1528046875 0.6048611111111111 0.031776041666666664 0.028722222222222205
0 0.1395546875 0.5616111111111111 0.031776041666666664 0.03159259259259249
0 0.12953385416666668 0.5349212962962963 0.03256770833333335 0.02854629629629623
0 0.11310677083333333 0.49164814814814817 0.036265624999999996 0.03351851851851856
0 0.17513281249999998 0.5200925925925927 0.038953124999999984 0.030018518518518587
0 0.1653359375 0.4878611111111111 0.033140625 0.03512962962962968
0 0.17874218749999998 0.45635185185185184 0.02333854166666664 0.018185185185185172
0 0.19209375000000004 0.4721018518518519 0.025625000000000023 0.021999999999999992
0 0.21339322916666667 0.5682175925925925 0.034109375000000004 0.030009259259259125
0 0.23242447916666667 0.5394907407407408 0.030515625000000015 0.02553703703703697
0 0.2579375 0.5571712962962962 0.03213541666666669 0.030638888888888813
0 0.2660859375 0.5846898148148149 0.04110937500000003 0.03447222222222224
0 0.308921875 0.5621203703703704 0.027468750000000004 0.02457407407407404
0 0.3604140625 0.5042592592592593 0.031776041666666664 0.022981481481481422
0 0.3709166666666667 0.5455925925925926 0.028364583333333353 0.02329629629629637
0 0.3938489583333334 0.5721203703703703 0.0344479166666666 0.04020370370370377
0 0.40238802083333336 0.6169861111111111 0.03465104166666665 0.03447222222222224
0 0.23810677083333334 0.48582407407407413 0.022984374999999998 0.03000000000000003
0 0.26374479166666664 0.4261435185185185 0.02872916666666671 0.022342592592592588
0 0.2886536458333333 0.48732870370370374 0.039151041666666705 0.02521296296296298
0 0.31057291666666664 0.4672175925925926 0.022781250000000006 0.022027777777777743
0 0.4141223958333333 0.9701574074074074 0.07415104166666661 0.04985185185185199
0 0.5420625 0.8756574074074075 0.04935416666666678 0.061277777777777626
0 0.5014166666666667 0.8283564814814814 0.03535416666666672 0.045324074074074114
0 0.5549973958333333 0.7981296296296296 0.021723958333333352 0.03287037037037037
0 0.5361927083333333 0.7058472222222223 0.041635416666666696 0.054361111111111145
0 0.5753307291666666 0.6822453703703704 0.04314062499999996 0.05273148148148131
0 0.4502578125 0.6371111111111112 0.037880208333333346 0.037018518518518534
0 0.4495052083333333 0.5905138888888889 0.03572916666666662 0.036379629629629595
0 0.43014322916666664 0.5315601851851852 0.028921874999999986 0.020749999999999866
0 0.4887604166666667 0.5646296296296296 0.025156250000000095 0.030962962962963015
0 0.51 0.5862685185185186 0.033947916666666585 0.029685185185185134
0 0.42660677083333337 0.5078148148148148 0.036640624999999954 0.021388888888888805
0 0.47922916666666665 0.506537037037037 0.02401041666666662 0.029685185185185134
0 0.5406536458333334 0.4722314814814815 0.01974479166666659 0.017870370370370328
0 0.5648020833333334 0.5043333333333334 0.022260416666666553 0.019148148148147998
0 0.5706614583333334 0.48412962962962963 0.019010416666666665 0.01627777777777771
0 0.5611744791666666 0.5820231481481482 0.02279687499999999 0.028083333333333266
0 0.5442942708333334 0.6438935185185185 0.028890625000000072 0.0452499999999999
0 0.5793750000000001 0.6346342592592592 0.035312500000000094 0.046472222222222276
0 0.6130130208333334 0.5970555555555556 0.02820312499999981 0.03587037037037038
0 0.6172552083333334 0.6787407407407408 0.036229166666666875 0.030981481481481516
0 0.6139973958333333 0.5081064814814815 0.034390625000000105 0.02445370370370378
0 0.6041380208333333 0.4485138888888889 0.025682291666666638 0.020379629629629623
0 0.6584348958333333 0.5554351851851852 0.027515624999999964 0.030574074074074056
0 0.6225963541666667 0.4830787037037037 0.02361979166666662 0.022009259259259242
0 0.6412369791666667 0.4670185185185185 0.02797395833333335 0.022018518518518493
0 0.6516484375 0.49102777777777773 0.02614062500000003 0.023240740740740656
0 0.650546875 0.9161481481481482 0.018802083333333285 0.0228333333333332
0 0.6427760416666667 0.7890509259259259 0.04012499999999998 0.04484259259259244
0 0.744375 0.7816712962962963 0.03412499999999999 0.051120370370370406
0 0.7233697916666666 0.7910879629629629 0.018343750000000134 0.023638888888888862
0 0.7405234374999999 0.8388611111111112 0.03072395833333322 0.038814814814814885
0 0.7615260416666667 0.9110092592592592 0.053656250000000225 0.06848148148148152
0 0.6780625 0.6968842592592592 0.029812499999999888 0.025675925925925942
0 0.7186927083333333 0.7013657407407407 0.038979166666666745 0.041990740740740655
0 0.7454505208333333 0.705912037037037 0.022703125000000077 0.037138888888889006
0 0.7278880208333334 0.6762962962962963 0.03232812499999985 0.026907407407407356
0 0.7029635416666667 0.681675925925926 0.02246875000000017 0.026907407407407356
0 0.6914296875 0.5875185185185186 0.025453124999999945 0.03261111111111114
0 0.6518307291666666 0.631212962962963 0.025682291666666874 0.03912962962962962
0 0.7590546875 0.6080092592592592 0.027807291666666602 0.025166666666666726
0 0.7708802083333334 0.6880787037037037 0.02384374999999987 0.03465740740740746
0 0.7710651041666667 0.5549814814814815 0.026598958333333183 0.03424074074074076
0 0.6952994791666666 0.5640648148148149 0.019984374999999943 0.02370370370370362
0 0.7440052083333334 0.5651342592592593 0.018802083333333285 0.021601851851851785
0 0.7552421875 0.5892268518518519 0.02201562499999999 0.020379629629629623
0 0.7211692708333334 0.5488703703703703 0.02659895833333342 0.023648148148148116
0 0.6993932291666667 0.5205509259259259 0.012119791666666657 0.016250000000000167
0 0.7314427083333332 0.5243333333333333 0.018343750000000134 0.022018518518518493
0 0.8402968749999999 0.9044629629629629 0.06120833333333356 0.06281481481481495
0 0.8639348958333334 0.8093611111111111 0.05125520833333326 0.07342592592592588
0 0.8189010416666667 0.739037037037037 0.04080208333333341 0.03981481481481482
0 0.8111953125 0.814875 0.024401041666666855 0.046416666666666766
0 0.9011354166666667 0.8823611111111112 0.05050000000000002 0.06898148148148148
0 0.925265625 0.872375 0.05498958333333329 0.06860185185185198
0 0.9471614583333333 0.9646157407407409 0.04553125000000004 0.05219444444444434
0 0.9566145833333334 0.8443101851851852 0.0430416666666666 0.06015740740740743
0 0.9584791666666667 0.7987731481481481 0.040812500000000064 0.04773148148148165
0 0.8422630208333334 0.719574074074074 0.03507812499999995 0.03449999999999999
0 0.8997135416666666 0.7715462962962962 0.047770833333333464 0.04379629629629626
0 0.9642291666666666 0.7230231481481482 0.03956250000000002 0.03008333333333334
0 0.9741328125000001 0.7504212962962963 0.029109374999999934 0.02304629629629618
0 0.9482291666666666 0.6756898148148148 0.03931250000000001 0.032731481481481396
0 0.8898359375000001 0.6346898148148148 0.04055729166666661 0.04202777777777766
0 0.8676171875 0.6613194444444445 0.018911458333333304 0.019898148148148158
0 0.7890416666666666 0.5738287037037038 0.017416666666666695 0.014601851851851835
0 0.8028515625 0.6676018518518518 0.022140625000000115 0.023444444444444386
0 0.7884192708333333 0.590412037037037 0.02910937500000017 0.023879629629629594
0 0.7911588541666668 0.6131712962962962 0.025630208333333352 0.028787037037037173
0 0.8482343750000001 0.5010648148148149 0.029604166666666744 0.0265370370370369
0 0.8485833333333334 0.5276018518518518 0.021145833333333287 0.020351851851851867
0 0.8223333333333334 0.5488333333333334 0.020895833333333277 0.022999999999999923
0 0.8462682291666667 0.5742685185185186 0.020901041666666724 0.01990740740740741
0 0.89103125 0.5364907407407408 0.0365729166666668 0.026981481481481363
0 0.8851588541666667 0.5684722222222223 0.018161458333333276 0.023000000000000135
0 0.8691093750000001 0.5660879629629629 0.012937500000000076 0.021231481481481542
0 0.8872213541666667 0.5896805555555555 0.022390624999999886 0.01862037037037049
0 0.7845651041666667 0.5349027777777777 0.029859374999999962 0.031398148148148015
0 0.7297604166666666 0.478425925925926 0.023270833333333484 0.0253333333333334
0 0.7572421874999999 0.4892129629629629 0.02301562500000003 0.021611111111111247
0 0.7628255208333333 0.5128055555555555 0.025494791666666572 0.018592592592592525