0 0.8669479166666666 0.9480416666666667 0.06277083333333332 0.06687962962962965
0 0.05801302083333333 0.6190370370370369 0.027473958333333333 0.026222222222222372
0 0.017708333333333333 0.6314814814814815 0.035416666666666666 0.03888888888888889
0 0.016666666666666666 0.7319444444444444 0.03333333333333333 0.019444444444444445
0 0.09748697916666667 0.7959351851851851 0.04641145833333334 0.05244444444444433
0 0.15002343749999997 0.5748703703703704 0.02058854166666665 0.02144444444444452
0 0.18131510416666666 0.7097407407407407 0.025161458333333307 0.027759259259259275
0 0.13573958333333333 0.8250231481481481 0.028177083333333346 0.05026851851851848
0 0.14718229166666666 0.8952037037037036 0.044979166666666674 0.059314814814814765
0 0.2246796875 0.7412222222222222 0.039171875000000016 0.05785185185185187
0 0.0232265625 0.893375 0.030640625000000008 0.053694444444444454
0 0.09460416666666666 0.8622777777777778 0.05720833333333334 0.05692592592592594
0 0.28569791666666666 0.8149814814814815 0.04584374999999999 0.05459259259259262
0 0.26310416666666664 0.6663101851851851 0.034791666666666644 0.038731481481481415
0 0.24027864583333336 0.6401018518518518 0.03256770833333332 0.029814814814814645
0 0.17742447916666665 0.8124398148148148 0.0451510416666667 0.045064814814814884
0 0.16379166666666667 0.7852777777777779 0.03008333333333333 0.04537037037037037
0 0.19153645833333333 0.7473935185185184 0.01984375000000001 0.033675925925925825
0 0.18683593750000002 0.6777546296296296 0.02656770833333333 0.02360185185185186
0 0.24221875 0.8006944444444445 0.03945833333333333 0.055333333333333325
0 0.20228645833333334 0.8790092592592593 0.05741666666666667 0.061351851851851845
0 0.15250260416666667 0.9455462962962963 0.051765624999999996 0.06459259259259259
0 0.025989583333333337 0.9709537037037038 0.020104166666666663 0.05624074074074065
0 0.22027864583333334 0.9855833333333331 0.026213541666666687 0.026981481481481783
0 0.3098177083333333 0.9480972222222221 0.04383333333333326 0.07845370370370372
0 0.2875 0.8723703703703705 0.03999999999999997 0.07094444444444434
0 0.3466432291666667 0.9543333333333334 0.03761979166666667 0.05790740740740737
0 0.3524973958333334 0.8177546296296296 0.03927604166666659 0.05763888888888889
0 0.4050208333333334 0.9759444444444444 0.035218749999999945 0.04625925925925929
0 0.45820833333333333 0.9805 0.02227083333333333 0.03714814814814805
0 0.46127604166666664 0.9427824074074074 0.039958333333333346 0.045416666666666834
0 0.4447526041666666 0.8932824074074074 0.04993229166666661 0.04989814814814824
0 0.37277604166666667 0.7768472222222222 0.03283333333333331 0.05454629629629637
0 0.3865364583333334 0.7518148148148148 0.031062499999999934 0.03170370370370371
0 0.4240859375 0.7695787037037037 0.028807291666666637 0.036398148148148096
0 0.42751302083333337 0.8304814814814816 0.02872395833333338 0.03707407407407404
0 0.4734010416666667 0.7136898148148147 0.023781249999999924 0.03219444444444443
0 0.29543489583333327 0.6916388888888889 0.031057291666666723 0.03355555555555556
0 0.3068489583333333 0.6352222222222222 0.033854166666666664 0.0382222222222222
0 0.35591666666666666 0.61175 0.030635416666666634 0.03470370370370372
0 0.3984244791666666 0.5920601851851851 0.037692708333333276 0.034731481481481474
0 0.36640364583333335 0.7015601851851851 0.023484374999999957 0.02100925925925931
0 0.48056510416666665 0.6325370370370371 0.023671874999999905 0.03414814814814825
0 0.5106822916666667 0.6366388888888889 0.026333333333333306 0.03201851851851845
0 0.4679270833333334 0.602337962962963 0.022749999999999916 0.02415740740740754
0 0.4768697916666666 0.5273564814814815 0.01975000000000004 0.025064814814814967
0 0.5306510416666667 0.9656527777777778 0.04953125000000007 0.062027777777777994
0 0.5591822916666668 0.8251342592592592 0.027572916666666458 0.031342592592592505
0 0.5382291666666668 0.7192083333333333 0.04135416666666654 0.05084259259259267
0 0.5766249999999999 0.7203148148148149 0.02582291666666663 0.0301666666666666
0 0.6158125000000001 0.7873148148148148 0.05544791666666669 0.04679629629629626
0 0.6264427083333334 0.862074074074074 0.03771875000000004 0.06385185185185188
0 0.6681432291666667 0.8316712962962962 0.023286458333333353 0.04147222222222219
0 0.8081510416666667 0.971574074074074 0.04697916666666657 0.055000000000000084
0 0.7954609374999999 0.8810462962962963 0.05520312499999989 0.06050000000000014
0 0.7529765625000001 0.8742546296296295 0.04704687499999996 0.05293518518518525
0 0.7415 0.825662037037037 0.03333333333333333 0.038490740740740895
0 0.7147916666666667 0.7829907407407407 0.04191666666666668 0.04668518518518525
0 0.6657734375 0.7179166666666666 0.03614062500000017 0.03501851851851846
0 0.6098203125 0.7247083333333333 0.03265104166666669 0.027657407407407308
0 0.6066432291666667 0.6777222222222222 0.02891145833333345 0.03562962962962964
0 0.6453932291666666 0.6607361111111112 0.028484375000000027 0.04260185185185184
0 0.7141432291666666 0.7106018518518519 0.03519270833333342 0.03853703703703694
0 0.747453125 0.7278935185185185 0.034677083333333296 0.03976851851851856
0 0.746859375 0.7663148148148148 0.023093750000000076 0.03244444444444441
0 0.7687265624999999 0.7760138888888889 0.024609375 0.03519444444444444
0 0.8251067708333333 0.7865740740740741 0.04740104166666678 0.04759259259259268
0 0.7865963541666666 0.6964675925925925 0.044859375000000055 0.04349074074074055
0 0.8147135416666667 0.7336157407407408 0.03173958333333336 0.029972222222222122
0 0.8393463541666667 0.7073425925925926 0.034526041666666646 0.04838888888888888
0 0.8646354166666667 0.823787037037037 0.042197916666666654 0.04946296296296303
0 0.9005286458333333 0.8513888888888889 0.03039062500000019 0.03244444444444441
0 0.9506041666666666 0.853837962962963 0.058239583333333185 0.06406481481481487
0 0.9185234375 0.7686759259259259 0.04806770833333331 0.05857407407407406
0 0.8950078124999999 0.7209537037037037 0.048442708333333445 0.03466666666666672
0 0.9775677083333333 0.8005648148148148 0.043822916666666836 0.04775925925925919
0 0.9181197916666667 0.7071435185185184 0.03229166666666667 0.03297222222222234
0 0.9085755208333334 0.6699259259259259 0.03889062500000004 0.03477777777777773
0 0.8470703125 0.6365879629629629 0.03082812500000003 0.01991666666666666
0 0.7615963541666666 0.6077731481481481 0.036703125000000135 0.03725000000000002
0 0.6694947916666667 0.5902962962962963 0.031729166666666704 0.027722222222222273
0 0.7621354166666666 0.55025 0.02687499999999995 0.0265370370370369
0 0.7175624999999999 0.6148564814814815 0.02145833333333324 0.031194444444444493
0 0.8431770833333334 0.5575925925925926 0.02568749999999985 0.02092592592592584
0 0.9043463541666666 0.5385416666666667 0.02347395833333342 0.0202499999999999
0 0.9567421875000001 0.6147916666666666 0.04244270833333322 0.03921296296296288
0 0.9839296875 0.7391759259259258 0.031098958333333353 0.03294444444444438
0 0.9646692708333333 0.7061388888888889 0.019651041666666678 0.027851851851851784
0 0.97815625 0.9543842592592594 0.04264583333333339 0.06282407407407431
0 0.5644296875 0.9009675925925925 0.018348958333333342 0.03262037037037039
0 0.821140625 0.651074074074074 0.018489583333333334 0.021722222222222257
0 0.8382057291666667 0.5916157407407406 0.026963541666666656 0.03017592592592606
0 0.6077786458333333 0.550212962962963 0.026411458333333353 0.024944444444444495
0 0.6362708333333332 0.5247962962962963 0.020468750000000095 0.021425925925925807
0 0.5725026041666667 0.5823703703703704 0.030703124999999904 0.024648148148148048
0 0.5854140624999999 0.5016574074074074 0.02028645833333324 0.023351851851851877
0 0.12473958333333333 0.6581759259259259 0.01952083333333334 0.019981481481481413
0 0.3019322916666667 0.47390277777777773 0.0345312500000001 0.020361111111111118
0 0.2516640625 0.5413148148148148 0.02421354166666667 0.016981481481481406
0 0.3355182291666666 0.5187037037037038 0.02354687500000002 0.020203703703703856
0 0.3159791666666667 0.5718148148148148 0.029739583333333285 0.02887037037037022
0 0.39860416666666665 0.5329953703703704 0.028031250000000084 0.026287037037036918
0 0.47795052083333334 0.4842638888888889 0.021182291666666703 0.016120370370370445
0 0.4264921875 0.6330787037037037 0.037703124999999935 0.04560185185185185
0 0.44229687500000003 0.581412037037037 0.020354166666666628 0.02404629629629611
0 0.41676562500000003 0.49986574074074075 0.029781249999999915 0.022287037037036977
0 0.7215598958333334 0.4996157407407408 0.02201562499999999 0.0150833333333333
0 0.09109895833333334 0.5475462962962964 0.02453125000000001 0.01625925925925921
0 0.023177083333333334 0.8055555555555556 0.04635416666666667 0.04537037037037037
0 0.021614583333333333 0.7662037037037037 0.043229166666666666 0.032407407407407406
0 0.033856770833333334 0.8267546296296296 0.029119791666666665 0.027527777777777793
0 0.046390625 0.7031435185185185 0.020562500000000008 0.026453703703703646
0 0.10509114583333332 0.6506759259259259 0.027265625000000012 0.025703703703703694
0 0.23709895833333333 0.9382546296296296 0.048093749999999956 0.05880555555555555
0 0.27085156250000003 0.5599861111111111 0.02751562499999999 0.022472222222222206
0 0.3486432291666667 0.6713287037037038 0.014255208333333276 0.019990740740740875
0 0.34402604166666667 0.6993101851851852 0.012854166666666582 0.017490740740740834
0 0.45917708333333335 0.5620879629629629 0.018177083333333382 0.022212962962962973
0 0.6473333333333334 0.4938518518518519 0.021114583333333315 0.020092592592592634
0 0.7739947916666667 0.5938935185185185 0.01885416666666657 0.025472222222222212
0 0.6480546875 0.6324490740740741 0.029411458333333466 0.030861111111111044
0 0.6073359375 0.5254953703703703 0.023880208333333285 0.025694444444444443
0 0.3958697916666667 0.6752083333333333 0.03242708333333333 0.03217592592592593
0 0.24215104166666668 0.5911527777777777 0.015583333333333312 0.02574999999999995
0 0.3157317708333333 0.585037037037037 0.026369791666666722 0.027537037037037044
0 0.26624739583333334 0.6136944444444444 0.034994791666666636 0.034537037037037206