0 0.7670052083333334 0.8008287037037037 0.04615624999999994 0.04626851851851854
0 0.0571328125 0.5706712962962963 0.027473958333333333 0.026212962962962914
0 0.014583333333333334 0.5763888888888888 0.029166666666666667 0.03425925925925926
0 0.023164062500000002 0.6559722222222223 0.033546875000000004 0.019574074074073956
0 0.10549479166666667 0.7045648148148149 0.04454166666666666 0.03738888888888899
0 0.14306510416666668 0.5288472222222222 0.02058854166666665 0.01593518518518522
0 0.17595052083333335 0.6396296296296295 0.025161458333333307 0.027759259259259275
0 0.13994270833333333 0.7336111111111111 0.02712500000000002 0.03638888888888906
0 0.14912760416666665 0.7839814814814815 0.03799479166666669 0.03907407407407391
0 0.2151171875 0.6629953703703704 0.037171875 0.04395370370370373
0 0.04547135416666667 0.7818935185185184 0.029026041666666672 0.043953703703703516
0 0.09949479166666667 0.7595462962962962 0.048666666666666664 0.048444444444444595
0 0.2731536458333333 0.7182453703703703 0.03847395833333331 0.03669444444444454
0 0.24804166666666666 0.6014444444444444 0.033187500000000016 0.029814814814814645
0 0.22536197916666667 0.5832499999999999 0.03256770833333332 0.029814814814814856
0 0.17629947916666666 0.7169537037037037 0.03444270833333333 0.0338888888888888
0 0.16248958333333335 0.7024444444444444 0.025947916666666633 0.02014814814814814
0 0.18746875 0.666675925925926 0.016770833333333356 0.024074074074074074
0 0.17430468749999997 0.6145833333333334 0.025796874999999986 0.019499999999999948
0 0.23052604166666668 0.7094583333333333 0.038697916666666644 0.03669444444444454
0 0.19952864583333335 0.7673009259259259 0.04772395833333339 0.04750925925925921
0 0.15911197916666667 0.8184629629629631 0.041276041666666666 0.04472222222222239
0 0.035971354166666664 0.8529212962962963 0.06159895833333332 0.06182407407407406
0 0.013541666666666667 0.8069444444444445 0.027083333333333334 0.027777777777777776
0 0.03438802083333333 0.9774722222222223 0.03458854166666667 0.04320370370370357
0 0.10997395833333332 0.9481851851851851 0.05683333333333333 0.061277777777777945
0 0.11091666666666665 0.8649166666666667 0.051687500000000004 0.06775925925925932
0 0.17111979166666666 0.9415740740740741 0.043281250000000014 0.040703703703703735
0 0.18442708333333335 0.9868703703703705 0.03208333333333328 0.024407407407407104
0 0.3827734375 0.9860787037037039 0.02393229166666657 0.02599074074074047
0 0.20877864583333333 0.8667175925925926 0.036015625000000044 0.05174999999999988
0 0.26239583333333333 0.9046435185185185 0.03805208333333336 0.03267592592592589
0 0.29038802083333337 0.8689722222222223 0.04630729166666659 0.052055555555555584
0 0.29764583333333333 0.8190462962962962 0.03192708333333331 0.04966666666666655
0 0.27386979166666664 0.759537037037037 0.03612500000000004 0.04990740740740749
0 0.32790364583333337 0.8241342592592593 0.030869791666666656 0.03899074074074086
0 0.3281614583333333 0.7142916666666667 0.029906250000000037 0.034249999999999794
0 0.37521354166666665 0.8440138888888888 0.03253125000000002 0.04025000000000002
0 0.3843802083333333 0.9407824074074075 0.045468749999999974 0.047583333333333214
0 0.41351822916666664 0.9295462962962963 0.02276562500000002 0.0286666666666667
0 0.4267942708333333 0.8529398148148147 0.018057291666666704 0.02465740740740751
0 0.4273255208333333 0.8149861111111111 0.036119791666666616 0.03554629629629618
0 0.4145755208333333 0.7710277777777778 0.04321354166666668 0.034407407407407276
0 0.3481171875 0.6912777777777777 0.029348958333333286 0.042444444444444576
0 0.35902604166666663 0.6683472222222223 0.03160416666666658 0.024083333333333536
0 0.399171875 0.6832870370370371 0.017729166666666647 0.019351851851851936
0 0.398578125 0.728537037037037 0.022322916666666734 0.020111111111110927
0 0.4368489583333333 0.6334537037037037 0.019906250000000014 0.024611111111111045
0 0.27659635416666667 0.622 0.027036458333333287 0.032074074074073956
0 0.286140625 0.5768194444444443 0.02939583333333336 0.025990740740740894
0 0.33541666666666664 0.5552870370370371 0.02908333333333329 0.03068518518518507
0 0.37015625 0.5369953703703703 0.032968750000000095 0.03317592592592586
0 0.3449505208333334 0.629074074074074 0.023484375000000075 0.02101851851851856
0 0.4479166666666667 0.5690833333333333 0.023677083333333352 0.03414814814814825
0 0.47029166666666666 0.570925925925926 0.026333333333333306 0.026814814814814847
0 0.43477604166666667 0.5444444444444444 0.02177083333333331 0.020092592592592634
0 0.4413697916666667 0.48142129629629626 0.01975000000000004 0.025064814814814915
0 0.49194531250000006 0.9560925925925925 0.04743229166666675 0.053037037037036903
0 0.5001848958333334 0.8967638888888889 0.03149479166666668 0.04262037037037034
0 0.4828854166666667 0.8247916666666667 0.03486458333333336 0.049305555555555554
0 0.5127395833333334 0.7205416666666666 0.024468750000000008 0.019879629629629445
0 0.49019010416666664 0.6382314814814815 0.031078125000000036 0.03814814814814798
0 0.5256822916666667 0.6339907407407408 0.0225833333333334 0.026870370370370354
0 0.5657916666666668 0.6877916666666667 0.04180208333333345 0.03782407407407399
0 0.5663385416666666 0.7416898148148149 0.02215624999999998 0.03550925925925918
0 0.6021588541666667 0.7200185185185184 0.021088541666666554 0.027203703703703806
0 0.6250494791666665 0.8558009259259259 0.039057291666666556 0.03102777777777777
0 0.5441197916666667 0.9229027777777777 0.0418229166666667 0.07078703703703708
0 0.5483697916666667 0.9703935185185186 0.03321874999999993 0.05606481481481488
0 0.5723697916666666 0.958861111111111 0.029302083333333447 0.06668518518518517
0 0.611625 0.9729305555555554 0.021645833333333305 0.052287037037037166
0 0.6803567708333333 0.9903425925925927 0.018098958333333335 0.01746296296296266
0 0.7094739583333334 0.9582592592592594 0.0384270833333332 0.0470370370370371
0 0.7207864583333332 0.8993842592592592 0.0340729166666667 0.04284259259259258
0 0.6692421875 0.866638888888889 0.032942708333333334 0.037444444444444495
0 0.718671875 0.828949074074074 0.0362708333333335 0.04543518518518513
0 0.7150625 0.7579675925925926 0.038333333333333525 0.0385648148148149
0 0.6780052083333333 0.7542407407407408 0.036812499999999915 0.040018518518518544
0 0.6687109375 0.7182777777777778 0.023848958333333316 0.024814814814814772
0 0.6454765625000001 0.6862870370370371 0.03356770833333324 0.037425925925925994
0 0.6069765625 0.6326435185185185 0.028734375000000038 0.03095370370370376
0 0.5583046875000001 0.6395555555555555 0.02861979166666657 0.020481481481481382
0 0.5565234375 0.6035416666666668 0.023130208333333256 0.024638888888889005
0 0.5900963541666667 0.5915833333333335 0.02465104166666663 0.028796296296296212
0 0.6486796875 0.6252453703703704 0.035192708333333184 0.027194444444444344
0 0.6802447916666667 0.6388101851851852 0.02798958333333322 0.02736111111111128
0 0.6775234375 0.6717314814814815 0.016109374999999915 0.024166666666666583
0 0.6949036458333334 0.6801435185185186 0.0200677083333332 0.02943518518518515
0 0.7414505208333334 0.6823935185185185 0.035661458333333465 0.03536111111111116
0 0.7156484375000001 0.6166018518518519 0.03131770833333339 0.03455555555555571
0 0.7359635416666667 0.6477314814814814 0.027541666666666725 0.02079629629629633
0 0.7612916666666666 0.621449074074074 0.02979166666666657 0.03184259259259248
0 0.7714817708333332 0.7130925925925926 0.03218229166666665 0.03196296296296294
0 0.8027604166666668 0.7311296296296296 0.020718749999999866 0.02488888888888899
0 0.8385989583333333 0.7222777777777777 0.042177083333333344 0.0404814814814813
0 0.8183385416666666 0.6675509259259259 0.023989583333333304 0.03413888888888879
0 0.8038541666666668 0.6327453703703704 0.03602083333333326 0.026879629629629604
0 0.8686041666666667 0.6907407407407408 0.025197916666666723 0.028870370370370428
0 0.829796875 0.6195185185185185 0.020343749999999973 0.02090740740740734
0 0.8221354166666667 0.5996342592592593 0.022208333333333267 0.029861111111111113
0 0.7691276041666666 0.565675925925926 0.02500520833333345 0.015925925925925757
0 0.6936770833333334 0.5475277777777777 0.022770833333333466 0.028203703703703738
0 0.613015625 0.5318657407407407 0.031729166666666704 0.022564814814814715
0 0.6992656250000001 0.49746296296296294 0.02687500000000019 0.026537037037037112
0 0.6569557291666667 0.552462962962963 0.021463541666666686 0.031185185185185035
0 0.7710104166666667 0.503962962962963 0.022770833333333466 0.0169259259259259
0 0.8269270833333332 0.4855694444444444 0.019968750000000077 0.015916666666666718
0 0.8664687499999999 0.5492407407407408 0.024447916666666458 0.023888888888889057
0 0.8813046875 0.6476435185185184 0.03191145833333332 0.02952777777777766
0 0.862109375 0.6157222222222223 0.01548958333333322 0.02090740740740734
0 0.7877109375 0.9646574074074074 0.06474479166666663 0.06883333333333347
0 0.8011744791666667 0.8942916666666667 0.04609895833333345 0.05895370370370377
0 0.8336927083333333 0.8576944444444444 0.05320833333333326 0.05575925925925907
0 0.8441171875 0.9643657407407407 0.05186979166666674 0.0694166666666668
0 0.8472109375 0.9168842592592593 0.042463541666666535 0.06115740740740737
0 0.8591536458333332 0.8003055555555556 0.030421874999999925 0.03287037037037037
0 0.8859739583333334 0.8319861111111112 0.046760416666666534 0.04204629629629616
0 0.8992526041666667 0.8916898148148148 0.024723958333333466 0.02962037037037038
0 0.9823177083333333 0.8902546296296296 0.03432291666666672 0.05828703703703708
0 0.9309895833333334 0.922050925925926 0.028218749999999914 0.03391666666666677
0 0.9006666666666667 0.7216666666666667 0.021499999999999866 0.020537037037037097
0 0.9885364583333334 0.8208472222222222 0.021885416666666657 0.03917592592592588
0 0.5172317708333334 0.7813842592592593 0.013786458333333347 0.024509259259259286
0 0.934625 0.7134259259259259 0.037520833333333316 0.028851851851851927
0 0.9044739583333334 0.6783981481481481 0.026135416666666817 0.017370370370370362
0 0.9134296875 0.6369907407407408 0.021046874999999923 0.021518518518518527
0 0.9716015625 0.6999814814814815 0.032369791666666474 0.03625925925925912
0 0.96478125 0.646375 0.03149999999999977 0.023472222222222137
0 0.9758697916666667 0.7641805555555556 0.03652083333333327 0.04300925925925909
0 0.9846901041666667 0.743212962962963 0.027286458333333267 0.033018518518518385
0 0.9277135416666666 0.5582407407407407 0.02063541666666661 0.01877777777777775
0 0.7489322916666666 0.5774722222222223 0.018489583333333334 0.021722222222222257
0 0.7632109375 0.5320231481481482 0.024036458333333382 0.021027777777777812
0 0.5571067708333334 0.4973425925925926 0.026411458333333353 0.024944444444444495
0 0.5847890625000001 0.48104166666666665 0.020473958333333306 0.021416666666666768
0 0.5296536458333334 0.5266805555555556 0.030703125000000022 0.02465740740740751
0 0.5417369791666666 0.4607314814814815 0.011223958333333428 0.013203703703703695
0 0.12093229166666666 0.5997037037037037 0.01952083333333334 0.019981481481481413
0 0.28348437499999996 0.43877777777777777 0.03453125000000006 0.016629629629629664
0 0.22849739583333334 0.4973518518518518 0.02421354166666667 0.013203703703703695
0 0.3141380208333333 0.4757731481481482 0.016921875000000006 0.011731481481481495
0 0.29366145833333335 0.5238796296296296 0.017177083333333343 0.019666666666666676
0 0.3676744791666666 0.4898194444444444 0.02255729166666664 0.014916666666666575
0 0.44702864583333335 0.44498611111111114 0.021182291666666703 0.016120370370370445
0 0.3954479166666667 0.5719722222222222 0.03142708333333329 0.031796296296296434
0 0.41124739583333336 0.5286898148148148 0.015703125000000047 0.024046296296296323
0 0.3851822916666666 0.4605972222222222 0.029781249999999915 0.016509259259259296
0 0.6640989583333334 0.4555231481481482 0.02201041666666678 0.0150833333333333
0 0.08119270833333332 0.5073009259259259 0.02453125000000001 0.014194444444444378
0 0.026747395833333337 0.7194953703703705 0.05244270833333333 0.04519444444444439
0 0.033953125 0.6826944444444444 0.04070833333333333 0.024111111111111076
0 0.04834375 0.7329074074074073 0.027812499999999987 0.023555555555555607
0 0.05011197916666667 0.6333472222222222 0.020244791666666668 0.02013888888888889
0 0.09996354166666667 0.5979351851851852 0.023374999999999996 0.022277777777777726
0 0.23194270833333336 0.8124074074074075 0.039406250000000045 0.042703703703703605
0 0.2501484375 0.5137962962962964 0.027515624999999964 0.016777777777777676
0 0.3296875 0.605185185185185 0.014260416666666723 0.019999999999999917
0 0.32272395833333334 0.6297037037037037 0.0128541666666667 0.017500000000000085
0 0.9364765624999999 0.7966157407407408 0.026015624999999907 0.037120370370370505
0 0.42226302083333334 0.5048472222222222 0.018171875000000053 0.022212962962962973
0 0.5977786458333334 0.4492222222222222 0.021119791666666762 0.020092592592592634
0 0.7049947916666668 0.531550925925926 0.01885416666666657 0.025472222222222212
0 0.5964921874999999 0.5674212962962963 0.020932291666666457 0.02480555555555552
0 0.22785156250000002 0.5399629629629631 0.014463541666666658 0.01659259259259266
0 0.2983177083333333 0.5454444444444445 0.026374999999999933 0.027537037037037044
0 0.2504661458333333 0.5566898148148147 0.03432812500000004 0.03349074074074081