0 0.8610156250000001 0.9421898148148148 0.05890625000000019 0.0643611111111111
0 0.05917447916666667 0.6176666666666666 0.027473958333333333 0.026222222222222372
0 0.017708333333333333 0.6287037037037037 0.035416666666666666 0.03888888888888889
0 0.017033854166666664 0.728111111111111 0.033546875 0.019574074074073956
0 0.09800260416666667 0.7920370370370371 0.04641145833333334 0.05244444444444433
0 0.15040885416666666 0.5718888888888889 0.02058854166666665 0.02144444444444452
0 0.18131510416666666 0.7072175925925925 0.025161458333333307 0.027768518518518526
0 0.13677083333333334 0.8213518518518518 0.0281770833333333 0.05025925925925945
0 0.14666666666666664 0.8899351851851852 0.044979166666666674 0.059314814814814765
0 0.2245546875 0.7389305555555555 0.039171875000000016 0.05784259259259262
0 0.025294270833333334 0.8876435185185185 0.030640625000000008 0.053694444444444454
0 0.09485677083333334 0.8574629629629629 0.05565104166666668 0.05692592592592594
0 0.285953125 0.8110787037037037 0.04584374999999999 0.05230555555555556
0 0.26310416666666664 0.6637824074074073 0.034791666666666644 0.03599074074074064
0 0.24015104166666668 0.6384907407407406 0.032572916666666646 0.029814814814814645
0 0.17832552083333333 0.8079722222222222 0.04282812500000001 0.04251851851851859
0 0.16430468750000002 0.7816111111111111 0.028265624999999992 0.043074074074074056
0 0.19205468750000002 0.7434861111111111 0.018817708333333332 0.030472222222222088
0 0.1872213541666667 0.6754629629629629 0.02656770833333333 0.02361111111111111
0 0.24221875 0.7981712962962962 0.03945833333333333 0.055324074074074074
0 0.20344791666666667 0.8744351851851851 0.05741666666666667 0.057666666666666644
0 0.15398697916666665 0.9391250000000001 0.05008854166666669 0.06273148148148149
0 0.027984375000000002 0.9663611111111112 0.023583333333333335 0.059888888888888735
0 0.11565625 0.9766712962962961 0.026291666666666675 0.04480555555555586
0 0.21989583333333335 0.9812268518518518 0.028281249999999977 0.03569444444444461
0 0.3151432291666667 0.9865509259259259 0.030963541666666573 0.025046296296296466
0 0.30968749999999995 0.9414490740740742 0.04383333333333326 0.07845370370370372
0 0.28711197916666664 0.8673240740740741 0.040005208333333306 0.07094444444444434
0 0.3459973958333334 0.9483703703703704 0.03761979166666667 0.05790740740740737
0 0.34972395833333336 0.8128240740740741 0.03708333333333336 0.05557407407407406
0 0.4050208333333334 0.9699537037037037 0.035218749999999945 0.047129629629629716
0 0.45653125 0.9798148148148148 0.02227083333333333 0.03851851851851843
0 0.4597291666666667 0.9386527777777778 0.03995833333333323 0.045416666666666626
0 0.44385156249999996 0.8876712962962963 0.04993229166666661 0.04828703703703712
0 0.372 0.7734120370370371 0.03283333333333331 0.05454629629629616
0 0.38601822916666667 0.7479166666666667 0.031057291666666723 0.03170370370370371
0 0.4235703125 0.7667175925925926 0.02777604166666663 0.03204629629629641
0 0.4266744791666666 0.8273796296296295 0.027828124999999915 0.035907407407407596
0 0.47262760416666666 0.7107083333333334 0.023265625000000036 0.030342592592592577
0 0.29530468749999994 0.6884305555555555 0.031057291666666723 0.03354629629629631
0 0.3063333333333333 0.6336203703703703 0.033854166666666664 0.035462962962963133
0 0.35591666666666666 0.6101435185185186 0.030635416666666634 0.03471296296296297
0 0.3982942708333333 0.5902222222222223 0.037692708333333276 0.034740740740740725
0 0.3661484375 0.6981203703703704 0.023484374999999957 0.02101851851851856
0 0.48017968749999995 0.6307037037037038 0.023671874999999905 0.03414814814814825
0 0.508875 0.6334351851851852 0.026333333333333306 0.03201851851851845
0 0.46611979166666667 0.6009583333333334 0.022749999999999916 0.02415740740740754
0 0.47570833333333334 0.524148148148148 0.01975000000000004 0.025074074074074006
0 0.5282682291666667 0.9580925925925926 0.048890624999999945 0.059740740740740726
0 0.5577604166666668 0.8214629629629631 0.027572916666666458 0.03133333333333347
0 0.5366197916666666 0.7154305555555556 0.03941666666666676 0.05017592592592598
0 0.5744322916666665 0.7168703703703704 0.02582291666666663 0.0301666666666666
0 0.6149114583333334 0.7834166666666667 0.05544791666666669 0.04679629629629626
0 0.6214114583333334 0.8561111111111112 0.03771875000000004 0.06385185185185188
0 0.6649192708333334 0.8266249999999999 0.023286458333333353 0.03917592592592588
0 0.681265625 0.9859537037037036 0.0375729166666666 0.026240740740740877
0 0.8035052083333334 0.9680740740740741 0.04697916666666657 0.059462962962963196
0 0.7910755208333332 0.8767962962962963 0.05520312499999989 0.0588888888888888
0 0.7514296874999999 0.8703564814814815 0.04704687499999996 0.05293518518518525
0 0.7382760416666667 0.8213055555555555 0.03333333333333333 0.03849999999999993
0 0.7107916666666667 0.7804675925925926 0.04191666666666668 0.046694444444444295
0 0.6631927083333333 0.7142499999999999 0.03614583333333314 0.03501851851851846
0 0.6086588541666667 0.7203518518518519 0.03265104166666669 0.027648148148148265
0 0.6040572916666667 0.6742870370370371 0.02762499999999998 0.03333333333333333
0 0.6434010416666667 0.6586018518518518 0.029135416666666695 0.04200000000000012
0 0.7109192708333334 0.707162037037037 0.035192708333333184 0.0385462962962964
0 0.7439713541666667 0.7235324074074073 0.034671874999999845 0.03976851851851835
0 0.7440234375 0.7626481481481482 0.020765624999999944 0.029685185185185134
0 0.7652421875000001 0.7707407407407407 0.024609375 0.03520370370370369
0 0.8216927083333334 0.7835925925925926 0.046489583333333445 0.04666666666666675
0 0.782921875 0.69325 0.04189583333333336 0.0412037037037037
0 0.8095520833333333 0.7308611111111111 0.03173958333333336 0.02998148148148158
0 0.8350260416666667 0.7031064814814815 0.03413541666666665 0.04632407407407405
0 0.8602500000000001 0.8201203703703703 0.042197916666666654 0.04946296296296303
0 0.8948515625 0.8454259259259259 0.030390624999999952 0.03244444444444441
0 0.9449270833333333 0.8448935185185186 0.05823958333333342 0.06406481481481487
0 0.9122031249999999 0.7638611111111111 0.04806249999999987 0.05857407407407406
0 0.8893333333333333 0.7177453703703703 0.04844791666666666 0.034675925925925756
0 0.9741510416666667 0.7973564814814814 0.04008333333333335 0.04547222222222234
0 0.9156692708333334 0.7041666666666667 0.032296875000000114 0.03298148148148138
0 0.9037994791666667 0.6671759259259259 0.03889062500000004 0.03477777777777773
0 0.8429453124999999 0.6333749999999999 0.03082812500000003 0.01991666666666666
0 0.7581145833333333 0.605712962962963 0.036697916666666684 0.03724074074074077
0 0.666140625 0.588 0.031729166666666704 0.027722222222222273
0 0.7586510416666667 0.5493333333333333 0.02687500000000019 0.0265370370370369
0 0.7145963541666667 0.6130185185185185 0.021463541666666686 0.031185185185185035
0 0.8403385416666665 0.5557592592592593 0.02568749999999985 0.02092592592592584
0 0.9006041666666665 0.5364768518518518 0.023479166666666627 0.0202499999999999
0 0.9537109375 0.6127222222222223 0.041276041666666666 0.03738888888888899
0 0.9807916666666666 0.7366527777777778 0.03617708333333335 0.03662037037037054
0 0.9597682291666667 0.7010925925925926 0.01965104166666644 0.027851851851851784
0 0.9768020833333334 0.9518611111111112 0.045354166666666626 0.06281481481481495
0 0.5628802083333333 0.8963842592592592 0.018343750000000134 0.03262037037037039
0 0.8189479166666668 0.6460324074074074 0.018489583333333334 0.021712962962963007
0 0.8342447916666667 0.589412037037037 0.02695833333333345 0.03017592592592606
0 0.6059713541666666 0.5456296296296296 0.026411458333333353 0.024944444444444495
0 0.6340781249999999 0.5231898148148149 0.020468750000000095 0.021416666666666768
0 0.5723723958333333 0.5800787037037036 0.030703124999999904 0.02465740740740751
0 0.5838671875 0.5002824074074075 0.02028645833333324 0.023342592592592627
0 0.12654687499999998 0.6563425925925925 0.01952083333333334 0.019981481481481413
0 0.30167187500000003 0.4727592592592593 0.0345312500000001 0.020370370370370372
0 0.25140885416666664 0.5403981481481481 0.02421354166666667 0.016981481481481406
0 0.3355182291666666 0.5166388888888889 0.02354687500000002 0.020203703703703856
0 0.32003385416666663 0.5952268518518519 0.029734375000000077 0.028861111111111178
0 0.39770312499999994 0.5323101851851851 0.028031250000000084 0.026287037037036918
0 0.47795052083333334 0.48288888888888887 0.021182291666666703 0.016111111111111194
0 0.42571614583333334 0.6319305555555556 0.03770312500000005 0.04193518518518515
0 0.44113541666666667 0.5793472222222221 0.020354166666666628 0.02404629629629611
0 0.41547395833333334 0.4991759259259259 0.029781249999999915 0.022277777777777726
0 0.7200104166666667 0.4986990740740741 0.02201041666666678 0.0150833333333333
0 0.09109895833333334 0.5475462962962964 0.02453125000000001 0.01625925925925921
0 0.0234375 0.8023148148148148 0.046875 0.04537037037037037
0 0.021875 0.7620370370370371 0.04375 0.032407407407407406
0 0.03617708333333334 0.8210231481481481 0.029125000000000005 0.027527777777777793
0 0.04716666666666667 0.6987824074074074 0.020562500000000008 0.026453703703703854
0 0.10560677083333332 0.6488379629629629 0.027265625000000012 0.025694444444444443
0 0.2375546875 0.932064814814815 0.046421874999999994 0.05559259259259256
0 0.2704661458333334 0.5588055555555556 0.02751562499999999 0.022462962962962955
0 0.3482552083333334 0.6694907407407407 0.014260416666666723 0.019999999999999917
0 0.34351041666666665 0.6970138888888889 0.012854166666666582 0.017490740740740623
0 0.4582109375 0.5601712962962964 0.018171874999999935 0.022212962962962973
0 0.6456041666666666 0.49245833333333333 0.021114583333333315 0.020083333333333384
0 0.7706041666666666 0.5922175925925927 0.01885416666666657 0.025472222222222212
0 0.6454166666666666 0.6297685185185184 0.029416666666666678 0.030851851851851794
0 0.605609375 0.5243796296296297 0.023885416666666732 0.025703703703703694
0 0.39503906250000004 0.6719907407407407 0.032432291666666654 0.03218518518518518
0 0.24163541666666666 0.5895462962962963 0.015583333333333312 0.025740740740740908
0 0.31535416666666666 0.5840000000000001 0.026374999999999933 0.027537037037037044
0 0.26574739583333334 0.6115324074074073 0.03432812500000004 0.03349074074074081