0 0.035744791666666664 0.8141574074074074 0.05276041666666667 0.07800000000000001
0 0.16405989583333333 0.9697222222222222 0.048026041666666686 0.058703703703703786
0 0.27940625 0.9616342592592593 0.059260416666666656 0.06856481481481488
0 0.2972317708333333 0.8724259259259259 0.03893229166666667 0.06585185185185174
0 0.36104687500000004 0.9024675925925926 0.058541666666666714 0.07749074074074079
0 0.4288854166666667 0.8636759259259259 0.06838541666666677 0.07277777777777769
0 0.5655963541666666 0.9568009259259259 0.053828124999999956 0.06800925925925909
0 0.6148125 0.9569490740740741 0.0462395833333332 0.06558333333333327
0 0.5376276041666667 0.8891574074074073 0.039921875000000044 0.05455555555555562
0 0.5455572916666667 0.7273981481481481 0.06027083333333323 0.056814814814814936
0 0.8572500000000001 0.8664999999999999 0.06154166666666659 0.07051851851851838
0 0.9810130208333334 0.7752824074074075 0.03693229166666659 0.06380555555555542
0 0.9460651041666667 0.9189166666666666 0.07383854166666666 0.07707407407407409
0 0.7459010416666667 0.7608703703703704 0.04705208333333341 0.06118518518518512
0 0.7781718750000001 0.7197499999999999 0.042239583333333525 0.0396296296296298
0 0.705890625 0.8376342592592593 0.050124999999999885 0.05565740740740752
0 0.701234375 0.674949074074074 0.03827083333333311 0.0421944444444446
0 0.29015104166666666 0.6190694444444444 0.05313541666666666 0.053638888888888736
0 0.20461458333333335 0.7508611111111112 0.03391666666666667 0.04820370370370365
0 0.35523958333333333 0.7371574074074074 0.041843750000000075 0.05066666666666669
0 0.29429427083333337 0.8263333333333334 0.05969270833333337 0.05948148148148128
0 0.423796875 0.7358472222222221 0.05060416666666659 0.06817592592592603
0 0.545015625 0.6504861111111111 0.03203125 0.038398148148148174
0 0.4767708333333333 0.9565648148148147 0.06690625000000001 0.06572222222222224
0 0.49512500000000004 0.836462962962963 0.03483333333333339 0.04790740740740741
0 0.45136197916666665 0.6770277777777778 0.04208854166666664 0.052092592592592794
0 0.8985859374999999 0.6712916666666666 0.03263020833333315 0.03886111111111114
0 0.232671875 0.7876851851851853 0.05719791666666663 0.05074074074074091
0 0.5164557291666667 0.7907731481481483 0.028328124999999933 0.044101851851851955
0 0.7816588541666667 0.6522222222222221 0.03999479166666665 0.039092592592592616
0 0.8303020833333333 0.9607777777777776 0.05127083333333336 0.060444444444444315
0 0.7349114583333333 0.7198657407407407 0.036458333333333336 0.04476851851851844
0 0.08487760416666666 0.8711203703703703 0.038890625000000005 0.04862962962962961
0 0.06269791666666666 0.7216944444444445 0.033145833333333326 0.0360000000000001
0 0.09209375 0.699675925925926 0.03398958333333333 0.037851851851851956
0 0.1622213541666667 0.6973425925925926 0.04145312499999996 0.04133333333333342
0 0.16828645833333333 0.7296990740740741 0.04428124999999999 0.041842592592592646
0 0.12404687500000001 0.6788425925925926 0.030802083333333327 0.03422222222222226
0 0.08900781249999999 0.7457592592592592 0.030526041666666674 0.028944444444444436
0 0.10787239583333334 0.7696157407407407 0.027651041666666685 0.024583333333333502
0 0.12936979166666665 0.7074444444444444 0.01998958333333333 0.029611111111111126
0 0.26241145833333335 0.7307453703703704 0.048270833333333305 0.05226851851851835
0 0.5174401041666666 0.6086944444444444 0.0479739583333334 0.04396296296296298
0 0.4623932291666667 0.614087962962963 0.038630208333333374 0.03428703703703701
0 0.11065624999999998 0.5841157407407408 0.03337500000000002 0.02728703703703706
0 0.19624218749999997 0.48896759259259265 0.034536458333333304 0.027935185185185254
0 0.2600703125 0.4711712962962963 0.024046874999999978 0.032787037037037114
0 0.2815442708333334 0.569837962962963 0.03559895833333331 0.039712962962962846
0 0.33248958333333334 0.7082175925925925 0.03841666666666666 0.04660185185185178
0 0.33007291666666666 0.6545092592592593 0.021260416666666632 0.03659259259259257
0 0.3466067708333333 0.624925925925926 0.04082812499999993 0.03579629629629616
0 0.17697135416666668 0.8438518518518519 0.044078124999999996 0.06118518518518512
0 0.1955 0.5664999999999999 0.03181249999999996 0.029037037037037156
0 0.23175781250000002 0.6039583333333333 0.026796875000000022 0.0304907407407408
0 0.23913020833333334 0.5599722222222222 0.027645833333333356 0.02974074074074064
0 0.1381484375 0.5691759259259259 0.030307291666666635 0.02470370370370355
0 0.15850260416666667 0.5155879629629629 0.02680729166666668 0.02295370370370367
0 0.05496875 0.6215740740740741 0.03391666666666667 0.035740740740740656
0 0.2119765625 0.9036620370370371 0.05823437499999997 0.06991666666666665
0 0.3133229166666666 0.4879537037037037 0.025593749999999933 0.03029629629629632
0 0.33983854166666666 0.562625 0.03280208333333334 0.030805555555555537
0 0.3784791666666667 0.5233935185185185 0.030125000000000075 0.027731481481481524
0 0.4217161458333333 0.4971990740740741 0.023057291666666656 0.024953703703703745
0 0.407796875 0.565574074074074 0.028395833333333325 0.03351851851851835
0 0.4399505208333333 0.5701296296296297 0.029109374999999934 0.042500000000000086
0 0.4675078125 0.5587175925925926 0.026734374999999963 0.027972222222222256
0 0.4759322916666667 0.4947592592592593 0.02315625000000002 0.02542592592592596
0 0.5000911458333334 0.5665046296296297 0.026734374999999963 0.02206481481481475
0 0.5185104166666666 0.5764351851851851 0.023135416666666703 0.03396296296296281
0 0.5012239583333333 0.6825972222222222 0.029572916666666654 0.04021296296296281
0 0.608859375 0.5503009259259259 0.02550000000000002 0.02674999999999988
0 0.5902291666666667 0.5925324074074073 0.031302083333333286 0.02962037037037017
0 0.6255182291666667 0.6843842592592593 0.037765625000000115 0.03297222222222234
0 0.6627578125 0.6240833333333333 0.04534895833333318 0.047277777777777724
0 0.548171875 0.4790787037037037 0.014802083333333372 0.023342592592592627
0 0.5833098958333333 0.5047175925925926 0.023286458333333353 0.025805555555555453
0 0.6082708333333334 0.5029351851851852 0.02403125000000017 0.0264999999999999
0 0.6750911458333333 0.5745509259259259 0.034723958333333374 0.04254629629629634
0 0.7011145833333333 0.5577083333333334 0.03648958333333354 0.03450925925925924
0 0.7232552083333333 0.515287037037037 0.03724999999999999 0.04518518518518514
0 0.7971614583333333 0.6003518518518518 0.029093750000000067 0.03944444444444436
0 0.8266093750000001 0.6701712962962962 0.035093750000000055 0.04747222222222221
0 0.8464296875 0.6467638888888889 0.05185937500000008 0.04462037037037042
0 0.8493098958333334 0.8005601851851852 0.060713541666666516 0.05517592592592606
0 0.9095598958333333 0.8354675925925926 0.05610937500000001 0.05862037037037032
0 0.8924270833333333 0.6091481481481481 0.03558333333333318 0.03561111111111114
0 0.8756354166666667 0.6306342592592593 0.035208333333333286 0.038731481481481415
0 0.9381302083333334 0.6644351851851851 0.041427083333333316 0.03640740740740756
0 0.9466848958333334 0.6934814814814815 0.028713541666666724 0.0294259259259259
0 0.9253125 0.5704120370370371 0.034364583333333344 0.026768518518518383
0 0.9751145833333333 0.5713750000000001 0.03984375 0.03150925925925924
0 0.7899010416666667 0.503550925925926 0.020333333333333314 0.02197222222222224
0 0.8406874999999999 0.5642870370370371 0.03987500000000021 0.03827777777777791
0 0.8644765625 0.5241944444444445 0.02645312499999998 0.020944444444444342