0 0.3091067708333333 0.7090185185185185 0.04039062499999998 0.030555555555555555
0 0.3489114583333333 0.6714675925925926 0.03748958333333334 0.031731481481481465
0 0.3379739583333333 0.622638888888889 0.030447916666666686 0.028166666666666736
0 0.26251302083333333 0.7365277777777778 0.027619791666666654 0.03501851851851867
0 0.24516406249999997 0.7565833333333334 0.020640625 0.021814814814814763
0 0.27305729166666665 0.887212962962963 0.05976041666666667 0.06635185185185172
0 0.3541354166666667 0.8193333333333334 0.024656250000000077 0.048351851851851875
0 0.3544375 0.9115879629629631 0.040572916666666715 0.0724351851851852
0 0.32610677083333334 0.7558055555555555 0.038630208333333374 0.04218518518518514
0 0.36652864583333333 0.7175092592592592 0.03657812500000001 0.04216666666666663
0 0.396265625 0.6801990740740741 0.042177083333333344 0.04675000000000001
0 0.39064843750000006 0.7237592592592593 0.022442708333333408 0.03783333333333345
0 0.4048567708333334 0.7477824074074074 0.03444270833333339 0.03302777777777784
0 0.42642447916666665 0.8108796296296297 0.038307291666666646 0.04609259259259257
0 0.408171875 0.8553240740740741 0.07207291666666672 0.0735000000000001
0 0.0315546875 0.8169120370370371 0.05350520833333334 0.06863888888888899
0 0.03741927083333333 0.870212962962963 0.05493229166666667 0.07801851851851851
0 0.05613020833333334 0.9685648148148149 0.045968749999999996 0.04785185185185201
0 0.147125 0.9747175925925927 0.04030208333333333 0.04871296296296266
0 0.16937500000000003 0.919699074074074 0.04509374999999996 0.06847222222222227
0 0.11225520833333331 0.8843888888888889 0.05968750000000001 0.05894444444444452
0 0.11180989583333334 0.7410138888888889 0.055213541666666664 0.04952777777777779
0 0.18131250000000002 0.6823194444444444 0.04239583333333332 0.040064814814814796
0 0.19757291666666668 0.797375 0.05581250000000004 0.04454629629629642
0 0.07383333333333333 0.5880046296296297 0.04496875000000001 0.04480555555555544
0 0.054645833333333324 0.6337870370370371 0.03189583333333334 0.025999999999999933
0 0.10893749999999999 0.6723055555555555 0.0335625 0.04181481481481468
0 0.09992187500000001 0.6411157407407407 0.042729166666666644 0.03634259259259259
0 0.1095859375 0.5946759259259259 0.030515624999999987 0.03127777777777775
0 0.13952864583333333 0.6133611111111111 0.031776041666666664 0.028722222222222205
0 0.12798697916666668 0.5668657407407407 0.031776041666666664 0.03160185185185195
0 0.11934375000000001 0.5381898148148149 0.03231250000000001 0.029694444444444384
0 0.10460677083333333 0.49145370370370367 0.036265624999999996 0.03351851851851856
0 0.16569010416666666 0.5244027777777778 0.038953124999999984 0.030009259259259125
0 0.15791145833333337 0.4900648148148148 0.03674999999999997 0.03559259259259264
0 0.171671875 0.4585370370370371 0.023947916666666676 0.022888888888888913
0 0.18353125 0.47401851851851856 0.02659374999999997 0.021999999999999992
0 0.20463281249999998 0.5755555555555555 0.034109375000000004 0.030000000000000086
0 0.22513541666666667 0.542685185185185 0.030520833333333344 0.02553703703703697
0 0.250359375 0.5668749999999999 0.03213541666666669 0.030638888888889024
0 0.25730729166666666 0.5938796296296296 0.041114583333333364 0.03446296296296299
0 0.30240364583333335 0.5666805555555555 0.033859375 0.0268240740740741
0 0.35362760416666666 0.5096481481481482 0.031776041666666664 0.022981481481481634
0 0.3650104166666666 0.5501851851851852 0.028364583333333353 0.023296296296296162
0 0.3871354166666666 0.5791759259259259 0.03431250000000006 0.04148148148148144
0 0.39551041666666664 0.626625 0.03464583333333333 0.03447222222222224
0 0.2302604166666667 0.48758333333333326 0.02297916666666667 0.03000000000000003
0 0.25837760416666666 0.4270972222222222 0.02872395833333332 0.022342592592592588
0 0.28071875 0.49086574074074074 0.03915625000000003 0.02521296296296298
0 0.30432812499999995 0.4688796296296296 0.022781249999999885 0.022018518518518493
0 0.5337265625 0.8977407407407407 0.05009895833333336 0.06798148148148155
0 0.4939453125 0.8485601851851852 0.03749479166666667 0.045324074074073906
0 0.5487395833333333 0.8149074074074074 0.02474999999999999 0.040444444444444505
0 0.5327786458333333 0.7202361111111111 0.04217187500000001 0.05486111111111111
0 0.5701770833333334 0.6973101851851852 0.044500000000000026 0.05426851851851864
0 0.44395833333333334 0.6496527777777777 0.03788541666666667 0.037027777777777784
0 0.44440625 0.6009814814814814 0.03572916666666662 0.03638888888888906
0 0.4247369791666667 0.5395416666666666 0.028921874999999986 0.020749999999999866
0 0.48497135416666665 0.5749722222222222 0.025151041666666648 0.030962962962963015
0 0.5057083333333333 0.5952361111111111 0.033947916666666585 0.029675925925925883
0 0.4224036458333334 0.5144861111111111 0.036640624999999954 0.021379629629629766
0 0.4764427083333333 0.512412037037037 0.025656249999999995 0.029675925925925883
0 0.5395572916666667 0.4782592592592592 0.01975000000000004 0.017870370370370328
0 0.563234375 0.5106574074074074 0.021718749999999905 0.019148148148148206
0 0.5703385416666666 0.488 0.019010416666666665 0.01627777777777771
0 0.5595755208333333 0.5936388888888889 0.02279687499999999 0.028092592592592516
0 0.5380911458333333 0.6550879629629629 0.028890624999999896 0.0452499999999999
0 0.5741145833333334 0.6466435185185185 0.035312500000000094 0.046472222222222276
0 0.6086484375 0.6063287037037037 0.028203125000000048 0.03587962962962963
0 0.6112239583333333 0.6930462962962963 0.03622916666666664 0.030981481481481516
0 0.6115104166666666 0.5124444444444445 0.0340729166666667 0.02672222222222234
0 0.6020494791666666 0.4512175925925926 0.026796874999999904 0.021953703703703736
0 0.6560390625 0.5626203703703704 0.029213541666666742 0.031444444444444476
0 0.6229166666666667 0.48389351851851853 0.023614583333333408 0.022009259259259242
0 0.6421536458333333 0.46816203703703707 0.02797395833333335 0.022009259259259242
0 0.6503880208333332 0.49310648148148156 0.026140624999999792 0.023231481481481617
0 0.646765625 0.944236111111111 0.018802083333333285 0.022824074074073948
0 0.6425807291666668 0.8092083333333333 0.04173437500000006 0.046472222222222276
0 0.7441640625 0.8047175925925926 0.035786458333333354 0.053805555555555676
0 0.7231458333333334 0.8119120370370371 0.01931249999999996 0.024972222222222246
0 0.7416614583333333 0.865550925925926 0.033531250000000054 0.04341666666666655
0 0.7595182291666667 0.9375092592592592 0.05365104166666678 0.06848148148148152
0 0.6759036458333334 0.7058425925925925 0.03158854166666648 0.02909259259259266
0 0.7166328125 0.7143148148148148 0.04219270833333345 0.04512962962962964
0 0.7474921875 0.7206250000000001 0.022703125000000077 0.037138888888889006
0 0.7262890624999999 0.6858055555555557 0.03233854166666674 0.03059259259259256
0 0.7008645833333332 0.693574074074074 0.023916666666666704 0.02887037037037022
0 0.6899583333333333 0.5960740740740741 0.02787499999999999 0.03261111111111114
0 0.6509609375000001 0.6417685185185186 0.025682291666666638 0.03912962962962962
0 0.7594921874999999 0.6163657407407407 0.029140624999999906 0.026064814814814898
0 0.7713385416666666 0.7005925925925925 0.02384374999999987 0.03464814814814821
0 0.7731067708333333 0.562324074074074 0.02659895833333342 0.03424074074074076
0 0.6945182291666666 0.5697407407407408 0.019244791666666573 0.024537037037037038
0 0.7440520833333333 0.5721435185185185 0.01880208333333352 0.021601851851851785
0 0.7544635416666667 0.5945277777777778 0.02201041666666678 0.020388888888888873
0 0.7206640625000001 0.5525 0.026598958333333183 0.023648148148148116
0 0.7010208333333333 0.5248333333333333 0.012624999999999886 0.01714814814814813
0 0.7324739583333333 0.5280416666666666 0.018343750000000134 0.022009259259259242
0 0.8373098958333334 0.9240462962962963 0.06531770833333325 0.07142592592592581
0 0.8636614583333333 0.8249537037037038 0.061906250000000065 0.07342592592592609
0 0.8172161458333332 0.7494907407407407 0.046390624999999845 0.04214814814814813
0 0.8074635416666667 0.8327916666666666 0.02440624999999983 0.046416666666666766
0 0.9043020833333334 0.9040972222222222 0.05794791666666678 0.0739722222222221
0 0.9252604166666667 0.8941018518518519 0.06132291666666655 0.08485185185185194
0 0.9443619791666668 0.9820185185185184 0.04553645833333349 0.029925925925925658
0 0.9609062500000001 0.8662037037037037 0.04304166666666684 0.06014814814814818
0 0.9606276041666667 0.8151898148148148 0.042869791666666636 0.054694444444444594
0 0.845421875 0.7332870370370371 0.0350833333333334 0.03449999999999999
0 0.9037916666666668 0.7881342592592592 0.047770833333333464 0.043787037037037006
0 0.9716432291666666 0.7383287037037037 0.03955729166666657 0.03008333333333334
0 0.9778151041666666 0.7685601851851852 0.029109374999999934 0.02304629629629618
0 0.9551119791666667 0.6872037037037036 0.039328125000000116 0.037037037037037035
0 0.8916223958333334 0.6450370370370371 0.04438020833333335 0.046351851851851804
0 0.8713489583333334 0.6733055555555555 0.018906250000000093 0.01990740740740741
0 0.7869375000000001 0.5771064814814815 0.017416666666666695 0.014601851851851835
0 0.8000859375 0.6772037037037038 0.022140625000000115 0.023444444444444386
0 0.7869713541666667 0.5943935185185184 0.02910937500000017 0.023879629629629594
0 0.7894453125 0.6173888888888889 0.025630208333333352 0.028796296296296212
0 0.8509583333333334 0.5071666666666667 0.029604166666666744 0.028092592592592516
0 0.8505078125 0.5333981481481481 0.025338541666666478 0.020351851851851867
0 0.8224192708333333 0.5559351851851853 0.020901041666666724 0.023000000000000135
0 0.8485442708333333 0.5830925925925926 0.020901041666666724 0.01990740740740741
0 0.8939036458333334 0.5416481481481482 0.03657812500000001 0.026981481481481363
0 0.8888645833333333 0.5766574074074073 0.018166666666666723 0.023000000000000135
0 0.872828125 0.5741805555555556 0.012937500000000076 0.021231481481481542
0 0.8904661458333333 0.5975648148148148 0.022734375000000046 0.02111111111111107
0 0.7850625000000001 0.5403425925925925 0.029854166666666515 0.031407407407407474
0 0.7308854166666667 0.4832638888888888 0.023270833333333484 0.025342592592592545
0 0.7578437499999999 0.493550925925926 0.023010416666666818 0.021620370370370286
0 0.7642317708333333 0.5185694444444445 0.025494791666666572 0.018601851851851987