0 0.4831666666666667 0.40650925925925924 0.023395833333333373 0.025037037037037004
0 0.47385937499999997 0.38082870370370364 0.017666666666666705 0.016972222222222156
0 0.5110989583333333 0.3899537037037037 0.02482291666666659 0.02927777777777778
0 0.10949218749999999 0.6679861111111111 0.03534895833333333 0.04578703703703687
0 0.1339921875 0.8724259259259259 0.03941145833333336 0.054666666666666634
0 0.18011718750000003 0.9223518518518519 0.04945312500000002 0.07805555555555552
0 0.24130729166666667 0.8063796296296296 0.054364583333333334 0.045388888888888874
0 0.20983072916666667 0.7737222222222222 0.039046875000000016 0.05022222222222223
0 0.10453124999999999 0.9856898148148149 0.03631250000000001 0.026768518518518383
0 0.1382005208333333 0.9336388888888888 0.03651562500000001 0.06024074074074069
0 0.14265104166666667 0.8252731481481482 0.05089583333333335 0.054787037037037106
0 0.3778203125 0.974435185185185 0.04956770833333337 0.04927777777777801
0 0.38944791666666667 0.9404444444444445 0.05131249999999999 0.054296296296296176
0 0.44790104166666667 0.972287037037037 0.03836458333333326 0.042648148148148095
0 0.5085833333333334 0.8863796296296296 0.03533333333333341 0.0448518518518519
0 0.2794010416666667 0.8487407407407407 0.03692708333333335 0.049000000000000064
0 0.29802083333333335 0.7642592592592592 0.043416666666666735 0.052055555555555584
0 0.3624140625 0.7286944444444444 0.04616145833333339 0.045962962962962844
0 0.41170052083333336 0.7021944444444445 0.050890625000000016 0.04451851851851845
0 0.377921875 0.8570648148148148 0.034885416666666676 0.041981481481481404
0 0.5154895833333334 0.7609907407407407 0.039447916666666555 0.051055555555555646
0 0.5561328125 0.765787037037037 0.03885937499999983 0.0514629629629629
0 0.4967447916666667 0.7183148148148147 0.026145833333333358 0.03568518518518515
0 0.5062447916666667 0.6107453703703704 0.036562500000000026 0.03789814814814821
0 0.5924817708333333 0.8937777777777778 0.05316145833333318 0.07533333333333345
0 0.6415729166666667 0.8917546296296297 0.0340416666666665 0.0555648148148148
0 0.6970677083333333 0.9797083333333334 0.041520833333333465 0.038731481481481415
0 0.8172005208333334 0.9811342592592592 0.04081770833333328 0.03587962962962963
0 0.7544583333333333 0.8916574074074074 0.05106249999999998 0.0712962962962963
0 0.6879765624999999 0.9070601851851852 0.047182291666666744 0.0429537037037038
0 0.6739348958333333 0.8306898148148149 0.03629687500000003 0.04991666666666653
0 0.7205755208333334 0.8048101851851851 0.039171875000000016 0.0776388888888888
0 0.8177291666666666 0.8745694444444445 0.05307291666666671 0.06256481481481496
0 0.8657447916666666 0.9070925925925927 0.06006250000000009 0.06814814814814807
0 0.8707395833333335 0.9730925925925926 0.0271979166666668 0.04757407407407418
0 0.9017578125 0.9781157407407407 0.03271354166666664 0.038472222222222394
0 0.9762500000000001 0.9830046296296296 0.04645833333333324 0.032138888888888925
0 0.9158697916666667 0.8622500000000001 0.06385416666666661 0.06679629629629617
0 0.9628802083333333 0.9231712962962962 0.04559374999999998 0.06032407407407395
0 0.974828125 0.8702546296296296 0.04930208333333326 0.053379629629629714
0 0.9797421875 0.7723472222222222 0.031671874999999974 0.02284259259259266
0 0.8630338541666667 0.7302037037037037 0.05307812499999993 0.05114814814814816
0 0.7440364583333333 0.7014027777777778 0.04792708333333332 0.04323148148148153
0 0.8549401041666668 0.6449537037037036 0.03988020833333318 0.046962962962962776
0 0.8094973958333334 0.7382361111111112 0.04026562500000021 0.04317592592592603
0 0.962 0.6558842592592593 0.03928125000000004 0.026120370370370405
0 0.9531015625 0.7875740740740741 0.024776041666666516 0.03194444444444444
0 0.9556432291666667 0.7043240740740742 0.04390104166666665 0.049388888888889024
0 0.6690781250000001 0.6390740740740741 0.029885416666666723 0.03609259259259261
0 0.6973697916666666 0.6088703703703704 0.0329583333333332 0.0338148148148148
0 0.6303776041666667 0.6881481481481482 0.03893229166666667 0.036796296296296306
0 0.6414557291666666 0.5753333333333334 0.03593229166666655 0.03129629629629625
0 0.065859375 0.7961018518518518 0.02578125 0.02998148148148158
0 0.30087500000000006 0.5298425925925926 0.04313541666666675 0.0382037037037037
0 0.23315624999999998 0.6300694444444445 0.030374999999999968 0.031083333333333275
0 0.357453125 0.6218796296296296 0.030343750000000114 0.02585185185185192
0 0.3072213541666667 0.6755972222222222 0.043234375 0.045101851851851886
0 0.4118046875 0.6178101851851852 0.039494791666666626 0.04128703703703696
0 0.5103984375 0.555212962962963 0.023286458333333353 0.028388888888888963
0 0.4498697916666667 0.7662129629629629 0.04202083333333337 0.05251851851851854
0 0.46499479166666663 0.6822361111111112 0.025 0.03647222222222211
0 0.43488020833333335 0.5748518518518517 0.04041666666666662 0.03157407407407399
0 0.8004062500000001 0.575050925925926 0.027500000000000094 0.02767592592592581
0 0.045468749999999995 0.7808703703703704 0.046708333333333324 0.046055555555555565
0 0.25649479166666667 0.6507916666666667 0.036531249999999994 0.032712962962962895
0 0.3495963541666667 0.8119953703703703 0.017703125000000004 0.02563888888888894
0 0.34480208333333334 0.8634907407407407 0.027583333333333352 0.034518518518518705
0 0.48149739583333334 0.6535740740740741 0.02158854166666669 0.025259259259259235
0 0.7078255208333334 0.5617407407407408 0.03179687500000009 0.03459259259259271
0 0.8791901041666667 0.7092037037037038 0.032421875 0.04227777777777764
0 0.7215677083333333 0.7632175925925926 0.0384270833333332 0.0430092592592593
0 0.6637421875 0.6104120370370371 0.023880208333333285 0.025694444444444443
0 0.12165364583333332 0.60825 0.022286458333333314 0.02179629629629626
0 0.14265624999999998 0.5915972222222222 0.026958333333333327 0.026009259259259395
0 0.20107291666666666 0.5878472222222222 0.03456250000000001 0.03352777777777781
0 0.20450260416666666 0.6087129629629631 0.026088541666666624 0.02909259259259266
0 0.16763541666666668 0.5760925925925926 0.026395833333333365 0.032407407407407406
0 0.2793515625 0.6107777777777778 0.0410885416666666 0.050277777777777734
0 0.40710416666666666 0.8194675925925926 0.03242708333333333 0.03217592592592593
0 0.49327083333333327 0.5238425925925926 0.03884374999999996 0.030833333333333292
0 0.44556510416666667 0.5312129629629629 0.03318229166666668 0.026814814814814847
0 0.15333333333333332 0.509375 0.026864583333333296 0.02480555555555552
0 0.22153385416666668 0.44146759259259255 0.03593229166666667 0.02295370370370367
0 0.27473437500000003 0.4250324074074074 0.02371874999999998 0.029768518518518604
0 0.2956666666666667 0.49821759259259263 0.032791666666666684 0.029768518518518604
0 0.3404427083333334 0.5982222222222221 0.03559375000000008 0.028851851851851715
0 0.33543489583333336 0.560236111111111 0.020234374999999954 0.031009259259259268
0 0.3507838541666667 0.5360462962962964 0.040119791666666654 0.02790740740740729
0 0.21808333333333335 0.6908333333333333 0.029145833333333353 0.03427777777777776
0 0.22421614583333332 0.49550925925925926 0.02344270833333333 0.02381481481481484
0 0.2530598958333333 0.5230462962962963 0.018838541666666646 0.020833333333333332
0 0.2596354166666667 0.4911157407407407 0.024281249999999942 0.021583333333333284
0 0.04010677083333333 0.6374861111111111 0.03475520833333334 0.03352777777777781
0 0.10038541666666667 0.5586851851851852 0.02762499999999998 0.03320370370370361
0 0.31186458333333333 0.7127129629629629 0.031833333333333276 0.040759259259259245
0 0.24667708333333332 0.7295648148148148 0.0427395833333333 0.04496296296296291
0 0.3215859375 0.43639351851851854 0.025119791666666676 0.023064814814814785
0 0.34385677083333327 0.4901388888888888 0.028328124999999933 0.02792592592592579
0 0.3767942708333333 0.4634629629629629 0.028463541666666713 0.023074074074074143
0 0.41389062499999996 0.44283796296296296 0.020052083333333335 0.02419444444444444
0 0.402859375 0.49350925925925926 0.022916666666666665 0.024185185185185084
0 0.4281640625 0.49800462962962966 0.02386979166666663 0.02843518518518522
0 0.44967447916666664 0.4898194444444444 0.02410937499999998 0.024620370370370296
0 0.45879427083333335 0.44062962962962965 0.01885937500000002 0.022499999999999958
0 0.47798697916666666 0.4966898148148148 0.01885937500000002 0.017824074074074076
0 0.4942213541666666 0.5022546296296296 0.020765624999999944 0.023342592592592627
0 0.4776770833333333 0.5786851851851852 0.020052083333333335 0.031407407407407474
0 0.5689192708333334 0.48328240740740747 0.021484375 0.022916666666666665
0 0.5525677083333332 0.514212962962963 0.022208333333333503 0.01996296296296291
0 0.5760781250000001 0.581625 0.02979166666666657 0.024175925925926045
0 0.6112916666666666 0.5373148148148148 0.03270833333333343 0.03438888888888877
0 0.521125 0.43069907407407404 0.014802083333333372 0.023342592592592627
0 0.5495364583333334 0.4455555555555556 0.02053125000000004 0.02079629629629633
0 0.5723333333333334 0.4495787037037037 0.01981249999999998 0.021212962962963038
0 0.6230520833333333 0.5018888888888888 0.028291666666666753 0.033370370370370335
0 0.6440729166666667 0.4894351851851852 0.02908333333333341 0.029148148148148166
0 0.6707786458333334 0.45746759259259256 0.02855729166666663 0.037601851851851865
0 0.7264348958333334 0.5383194444444445 0.020359375000000075 0.03289814814814812
0 0.7428281250000001 0.5808564814814815 0.028291666666666753 0.03995370370370379
0 0.7606770833333333 0.557125 0.031729166666666704 0.033842592592592764
0 0.7524817708333332 0.662962962962963 0.03913020833333339 0.03901851851851861
0 0.7904661458333334 0.6820787037037037 0.03807812499999983 0.03243518518518516
0 0.8037239583333334 0.5293425925925926 0.027500000000000094 0.02585185185185192
0 0.7879895833333334 0.5419861111111112 0.02458333333333324 0.034416666666666734
0 0.8327864583333333 0.5693981481481482 0.024708333333333363 0.018500000000000016
0 0.8364817708333334 0.5892731481481481 0.02300520833333337 0.023509259259259143
0 0.83484375 0.5027361111111112 0.021416666666666608 0.016453703703703686
0 0.8730494791666668 0.5006203703703704 0.03278645833333324 0.0235000000000001
0 0.9325390625 0.510962962962963 0.03701562499999985 0.029148148148148166
0 0.8895729166666667 0.5532638888888889 0.042041666666666797 0.02632407407407413
0 0.9255338541666667 0.5499768518518519 0.029880208333333276 0.02632407407407413
0 0.7233541666666666 0.4505601851851852 0.020333333333333314 0.02197222222222224
0 0.7638463541666667 0.49667129629629625 0.027151041666666723 0.029990740740740623
0 0.7868385416666667 0.46894444444444444 0.026458333333333427 0.02094444444444445