0 0.8417239583333334 0.9167407407407406 0.05117708333333345 0.059314814814814765
0 0.0618046875 0.6105092592592593 0.027473958333333333 0.026222222222222164
0 0.018346354166666665 0.620875 0.03583854166666667 0.0386388888888889
0 0.022039062499999998 0.7152685185185186 0.033546875 0.019574074074073956
0 0.10150781249999999 0.7748796296296296 0.045161458333333356 0.052444444444444537
0 0.15102864583333334 0.5628981481481482 0.02058854166666665 0.02144444444444431
0 0.1828619791666667 0.6955694444444445 0.025161458333333307 0.027768518518518526
0 0.139765625 0.8057546296296296 0.0281770833333333 0.05026851851851848
0 0.14903906249999999 0.8705833333333334 0.04497395833333335 0.059314814814814765
0 0.22429427083333334 0.7255370370370371 0.039171875000000016 0.05785185185185187
0 0.033132812500000004 0.867375 0.030640624999999998 0.053694444444444454
0 0.0969140625 0.8393055555555556 0.05254687499999999 0.059685185185185216
0 0.284921875 0.7944629629629629 0.04584374999999999 0.04774074074074069
0 0.262640625 0.6546018518518518 0.034791666666666644 0.03050000000000005
0 0.23896354166666667 0.6314305555555555 0.032572916666666646 0.029805555555555606
0 0.18044270833333337 0.788587962962963 0.038187499999999965 0.03745370370370354
0 0.16470833333333335 0.7676712962962964 0.024635416666666642 0.038490740740740895
0 0.19371354166666663 0.7290740740740741 0.016770833333333356 0.024074074074074074
0 0.18861458333333334 0.665375 0.0265625 0.02360185185185186
0 0.24221875 0.7837592592592593 0.03945833333333333 0.052055555555555584
0 0.206078125 0.8537268518518518 0.05741666666666667 0.05026851851851848
0 0.15757291666666667 0.9147314814814814 0.04673958333333334 0.059018518518518526
0 0.03197395833333334 0.9467222222222222 0.03920833333333333 0.06720370370370364
0 0.10456510416666666 0.9610787037037036 0.05493229166666668 0.07599074074074089
0 0.21505468749999998 0.9669398148148148 0.03884895833333329 0.06426851851851838
0 0.302953125 0.975175925925926 0.05013541666666666 0.0477962962962962
0 0.3088098958333333 0.9193425925925925 0.043828125000000044 0.07846296296296297
0 0.28540885416666667 0.8503472222222223 0.040005208333333306 0.06489814814814807
0 0.34284895833333334 0.9254351851851852 0.03761458333333335 0.05790740740740737
0 0.3441744791666667 0.7941527777777777 0.03269270833333333 0.051435185185185354
0 0.4009947916666667 0.9491712962962963 0.035218749999999945 0.04886111111111109
0 0.4510104166666667 0.9652083333333333 0.022270833333333448 0.04234259259259261
0 0.4538463541666667 0.9171898148148149 0.03995312500000002 0.045416666666666834
0 0.4392578125 0.8626898148148148 0.04993229166666661 0.04504629629629638
0 0.36952083333333335 0.7632268518518519 0.03283333333333331 0.05454629629629616
0 0.3818932291666666 0.7357222222222223 0.031057291666666723 0.03170370370370371
0 0.42037239583333336 0.7549537037037037 0.02571354166666661 0.023333333333333376
0 0.4224479166666667 0.8116944444444444 0.02603125000000001 0.030314814814814822
0 0.46705729166666665 0.6997962962962962 0.0222291666666667 0.026666666666666623
0 0.2928802083333333 0.6759537037037037 0.031062499999999934 0.03355555555555556
0 0.30468229166666666 0.624912037037037 0.033854166666666664 0.029935185185185117
0 0.3549895833333333 0.6025324074074074 0.03063541666666675 0.03471296296296297
0 0.3949401041666667 0.5821527777777779 0.037692708333333276 0.034731481481481474
0 0.36408072916666673 0.6846342592592592 0.023484375000000075 0.02100925925925931
0 0.47600000000000003 0.6231805555555556 0.023677083333333352 0.03413888888888879
0 0.501859375 0.6220555555555555 0.026333333333333306 0.03201851851851845
0 0.46034375 0.5949027777777778 0.022750000000000034 0.024157407407407332
0 0.4705989583333333 0.5164861111111112 0.01975000000000004 0.025064814814814967
0 0.5173072916666667 0.9308518518518518 0.04761458333333337 0.0551666666666666
0 0.5502812499999999 0.8053194444444445 0.027572916666666693 0.031342592592592505
0 0.5299192708333333 0.7041620370370371 0.03552604166666669 0.04882407407407409
0 0.5650520833333333 0.7021481481481481 0.024197916666666687 0.028518518518518686
0 0.604125 0.7662685185185184 0.05544791666666669 0.04679629629629626
0 0.6113515625 0.8351018518518519 0.03276562499999992 0.057796296296296366
0 0.6522760416666666 0.809375 0.0232916666666668 0.03458333333333325
0 0.6770807291666666 0.974949074074074 0.04282812499999977 0.031749999999999966
0 0.7292109375 0.9804768518518518 0.0310052083333332 0.03719444444444451
0 0.785390625 0.9495231481481483 0.044802083333333326 0.0651018518518518
0 0.7758046875000001 0.8556388888888888 0.05520312499999989 0.055648148148148065
0 0.7396640624999999 0.8526527777777778 0.04704687499999996 0.05293518518518525
0 0.7246015625000001 0.8052546296296296 0.03332812499999989 0.038490740740740895
0 0.6968593750000001 0.7671666666666667 0.04191666666666668 0.04668518518518525
0 0.6515338541666668 0.6986574074074073 0.03614062500000017 0.03501851851851867
0 0.6007630208333333 0.7070972222222222 0.03265104166666669 0.027657407407407308
0 0.5942473958333333 0.6628703703703703 0.025057291666666495 0.028740740740740706
0 0.6339140624999999 0.650013888888889 0.028119791666666553 0.03876851851851842
0 0.6982760416666667 0.6947777777777777 0.03518749999999997 0.03853703703703694
0 0.7305026041666667 0.7071157407407407 0.034671874999999845 0.03976851851851835
0 0.7287578125 0.7470648148148148 0.01610937500000015 0.024166666666666583
0 0.7514661458333334 0.7546898148148149 0.024609375 0.035194444444444646
0 0.8072031249999999 0.7664861111111112 0.04466666666666678 0.04484259259259244
0 0.769375 0.6802222222222222 0.035958333333333314 0.03662962962962958
0 0.7955208333333333 0.7171018518518518 0.03173958333333313 0.02998148148148158
0 0.8183359375 0.6863703703703703 0.033359375000000094 0.04218518518518514
0 0.8421901041666667 0.8006712962962963 0.04220312499999987 0.04947222222222228
0 0.8732005208333333 0.8224027777777777 0.02599479166666659 0.030620370370370523
0 0.9221197916666667 0.8159953703703704 0.05823958333333342 0.06406481481481487
0 0.89246875 0.7487175925925926 0.04162500000000004 0.05121296296296291
0 0.8705520833333333 0.7058194444444444 0.04844791666666666 0.03467592592592597
0 0.9552421875 0.7815787037037037 0.03260937499999983 0.04087962962962972
0 0.8986927083333334 0.6893981481481481 0.03229166666666667 0.03298148148148138
0 0.8871380208333334 0.6605694444444444 0.03889062500000004 0.034768518518518685
0 0.8272578125 0.6247546296296297 0.03082812500000003 0.01991666666666666
0 0.7452682291666667 0.5966296296296296 0.036703125000000135 0.03724074074074077
0 0.6550989583333333 0.581212962962963 0.031729166666666704 0.027722222222222273
0 0.7470416666666666 0.5452962962962964 0.02687499999999995 0.0265370370370369
0 0.7024713541666666 0.6043981481481482 0.021463541666666686 0.031185185185185243
0 0.8267708333333333 0.5500277777777778 0.02568749999999985 0.02092592592592584
0 0.8856927083333334 0.5284953703703704 0.023479166666666627 0.0202499999999999
0 0.9355807291666667 0.6041805555555555 0.038942708333333326 0.03373148148148154
0 0.96384375 0.7237685185185185 0.0402916666666665 0.03987037037037032
0 0.9392916666666667 0.6832962962962963 0.016875000000000046 0.027851851851851784
0 0.9115130208333333 0.9764768518518518 0.04638020833333343 0.04519444444444439
0 0.9554817708333334 0.9258101851851852 0.04729687500000021 0.05015740740740748
0 0.9802421875 0.9651851851851853 0.03847395833333327 0.04975925925925916
0 0.9874921875000001 0.8138472222222222 0.0239739583333332 0.023972222222222103
0 0.5545234375 0.8762037037037037 0.01710937499999995 0.030425925925926044
0 0.9856979166666666 0.7574907407407406 0.02756250000000004 0.02424074074074059
0 0.9831171875 0.7365601851851852 0.0197760416666668 0.017361111111111112
0 0.806203125 0.632087962962963 0.018489583333333334 0.021712962962963007
0 0.8210625 0.5828009259259259 0.02695833333333345 0.03017592592592606
0 0.5983359375 0.5359074074074074 0.026411458333333353 0.024944444444444495
0 0.6234999999999999 0.5172268518518519 0.020468750000000095 0.021416666666666768
0 0.5662838541666666 0.5714583333333333 0.030703124999999904 0.02465740740740751
0 0.5755078124999999 0.4936759259259259 0.02028645833333324 0.023351851851851877
0 0.13077604166666665 0.6482685185185185 0.01952083333333334 0.019981481481481413
0 0.30115625 0.46872685185185187 0.03453124999999998 0.018490740740740766
0 0.25042708333333336 0.5365000000000001 0.024208333333333342 0.016981481481481615
0 0.33351562500000004 0.5107731481481481 0.021354166666666667 0.018842592592592508
0 0.31125520833333326 0.565625 0.029739583333333285 0.028861111111111178
0 0.393421875 0.525976851851852 0.028031249999999966 0.026287037037036918
0 0.4744661458333333 0.48013425925925923 0.021182291666666703 0.016120370370370445
0 0.42045572916666674 0.622476851851852 0.037703124999999935 0.03460185185185175
0 0.4360234375 0.5691620370370369 0.01725520833333339 0.02404629629629611
0 0.41010937500000005 0.4957361111111111 0.029781249999999915 0.022287037037036977
0 0.7101822916666668 0.49356018518518524 0.02201041666666678 0.0150833333333333
0 0.09136458333333335 0.5440092592592592 0.02453125000000001 0.01625925925925921
0 0.0258046875 0.7887638888888889 0.047098958333333336 0.04519444444444439
0 0.024729166666666667 0.7482268518518519 0.04544791666666667 0.032379629629629654
0 0.04205989583333333 0.8018472222222223 0.029119791666666665 0.027527777777777793
0 0.048713541666666665 0.6862175925925926 0.020562499999999994 0.026453703703703646
0 0.1081875 0.6424166666666666 0.027260416666666655 0.025703703703703906
0 0.23846093750000003 0.9081388888888888 0.043078125000000016 0.046944444444444275
0 0.26891927083333333 0.5540879629629629 0.027515624999999964 0.022472222222222206
0 0.3453125 0.6575694444444444 0.014260416666666723 0.019990740740740875
0 0.3412395833333334 0.6863750000000001 0.012854166666666582 0.017490740740740623
0 0.4525338541666667 0.5516898148148148 0.018171874999999935 0.022212962962962973
0 0.63775 0.48631481481481487 0.021114583333333315 0.020092592592592634
0 0.7592916666666667 0.5814953703703704 0.01885416666666657 0.025472222222222212
0 0.6356119791666667 0.6197175925925926 0.02941145833333323 0.030861111111111044
0 0.5974401041666667 0.519912037037037 0.023880208333333285 0.025694444444444443
0 0.24060416666666667 0.5801481481481481 0.015583333333333371 0.025740740740740908
0 0.3138489583333333 0.5798333333333333 0.026374999999999933 0.027537037037037044
0 0.26490885416666665 0.6026064814814815 0.03432812500000004 0.03349074074074081