0 0.3125 0.7004768518518518 0.03810416666666671 0.02852777777777773
0 0.3518776041666667 0.6637731481481481 0.036744791666666644 0.030694444444444528
0 0.342671875 0.6149583333333333 0.030625000000000093 0.02649074074074086
0 0.2721875 0.7327546296296297 0.029802083333333347 0.03471296296296297
0 0.25348177083333334 0.7511574074074074 0.020640625 0.021814814814814763
0 0.28305729166666665 0.875013888888889 0.05809374999999998 0.06352777777777789
0 0.36318229166666666 0.8103518518518519 0.02457291666666658 0.04772222222222219
0 0.36676562500000004 0.8986990740740741 0.04046874999999991 0.06852777777777777
0 0.3315651041666667 0.7435787037037037 0.03806770833333341 0.04130555555555567
0 0.37094270833333337 0.7071805555555556 0.034489583333333344 0.04202777777777787
0 0.400359375 0.6702546296296297 0.040395833333333304 0.04569444444444436
0 0.39268489583333327 0.7118101851851852 0.022442708333333408 0.03784259259259249
0 0.40902864583333337 0.7365555555555555 0.03444270833333339 0.033018518518518385
0 0.42937760416666665 0.796574074074074 0.038307291666666646 0.046092592592592775
0 0.41194010416666665 0.8385694444444444 0.06943229166666663 0.06969444444444443
0 0.04034635416666667 0.8153842592592593 0.06001562500000001 0.0738240740740741
0 0.0500546875 0.8615879629629629 0.05853645833333334 0.07800925925925926
0 0.07329947916666667 0.95675 0.041494791666666656 0.047351851851851735
0 0.08163541666666667 0.9878935185185185 0.03642708333333333 0.022361111111111196
0 0.15672395833333333 0.9684305555555556 0.044489583333333374 0.059027777777777776
0 0.18163281250000002 0.9061666666666667 0.04509895833333329 0.06848148148148152
0 0.12513020833333333 0.8755879629629629 0.05702083333333334 0.05447222222222216
0 0.1224765625 0.737425925925926 0.05146354166666667 0.04968518518518505
0 0.18989583333333335 0.6798425925925926 0.04180208333333333 0.037685185185185224
0 0.20741145833333335 0.7915925925925926 0.05581250000000004 0.04455555555555545
0 0.08297395833333333 0.5891666666666666 0.04496874999999999 0.0448148148148149
0 0.06501041666666667 0.632625 0.03189583333333334 0.025990740740740682
0 0.120765625 0.6694814814814815 0.03240625000000001 0.0396296296296298
0 0.1088984375 0.6412592592592592 0.042734375000000005 0.036333333333333134
0 0.11815625 0.5951111111111111 0.030520833333333344 0.03127777777777775
0 0.14972656250000002 0.6116203703703703 0.031776041666666664 0.028722222222222205
0 0.1365546875 0.5674444444444444 0.031776041666666664 0.03159259259259249
0 0.12709895833333335 0.5396388888888889 0.03231250000000001 0.029703703703703635
0 0.11121874999999999 0.49551388888888886 0.03626041666666667 0.03350925925925931
0 0.17322916666666668 0.5248842592592593 0.03894791666666665 0.030009259259259336
0 0.16325000000000003 0.4918194444444444 0.03486458333333336 0.03526851851851865
0 0.1769296875 0.4598935185185185 0.023515624999999988 0.019527777777777807
0 0.1898151041666667 0.4759351851851852 0.026588541666666642 0.021999999999999992
0 0.21109635416666667 0.5746018518518518 0.034109375000000004 0.030000000000000086
0 0.23105989583333333 0.5449166666666666 0.030515625000000015 0.02553703703703697
0 0.25628645833333336 0.5636851851851852 0.03213541666666663 0.030648148148148063
0 0.26314322916666666 0.5910046296296296 0.04110937500000003 0.03447222222222224
0 0.30757291666666664 0.567162037037037 0.02929166666666667 0.02521296296296298
0 0.3590130208333333 0.5094907407407407 0.031776041666666664 0.022981481481481422
0 0.36976562500000004 0.5508240740740741 0.028364583333333353 0.02329629629629637
0 0.392703125 0.5783703703703703 0.03431250000000006 0.04148148148148144
0 0.40098697916666665 0.6240694444444445 0.03465104166666665 0.03447222222222224
0 0.23645312500000001 0.48901851851851863 0.02297916666666667 0.03000000000000003
0 0.26295572916666665 0.42933333333333334 0.02872395833333338 0.022333333333333337
0 0.28754166666666664 0.49166666666666664 0.03915624999999991 0.02522222222222223
0 0.3093541666666667 0.4707916666666667 0.022781250000000006 0.022027777777777743
0 0.5401953125 0.8891249999999999 0.04956770833333337 0.06319444444444444
0 0.49946093750000004 0.8404212962962962 0.03596354166666664 0.045324074074074114
0 0.5538515625 0.8094907407407408 0.02258854166666661 0.035037037037036964
0 0.5355624999999999 0.7152916666666667 0.042166666666666686 0.05486111111111111
0 0.5743958333333333 0.6918842592592591 0.044500000000000026 0.05426851851851864
0 0.45033072916666667 0.6488564814814815 0.037880208333333346 0.037027777777777784
0 0.45015104166666664 0.6003425925925926 0.03572916666666662 0.036388888888888846
0 0.4316484375 0.5405 0.028921874999999986 0.020740740740740823
0 0.4909869791666666 0.5736944444444444 0.025151041666666648 0.030962962962963015
0 0.5095677083333333 0.5950787037037036 0.0339479166666667 0.029675925925926095
0 0.42832812500000006 0.5162407407407407 0.0366458333333334 0.021388888888888805
0 0.48227864583333335 0.5136898148148148 0.025651041666666666 0.029675925925925883
0 0.5428802083333333 0.47937962962962966 0.01975000000000004 0.017870370370370328
0 0.5674583333333333 0.51225 0.022260416666666553 0.019148148148148206
0 0.5726718749999999 0.4903888888888889 0.019010416666666665 0.01627777777777771
0 0.5632552083333332 0.5930000000000001 0.022802083333333202 0.028092592592592728
0 0.5424244791666666 0.6516898148148148 0.028890625000000072 0.0452499999999999
0 0.5790833333333334 0.6430138888888888 0.035312500000000094 0.046472222222222276
0 0.6131067708333333 0.603837962962963 0.028203125000000048 0.03587962962962963
0 0.6163828124999999 0.6877222222222222 0.03622395833333343 0.030981481481481516
0 0.6146614583333334 0.5129583333333333 0.034302083333333164 0.02510185185185176
0 0.6049166666666667 0.45207870370370373 0.026000000000000037 0.02082407407407408
0 0.6591614583333334 0.5617962962962963 0.028000000000000115 0.030814814814814788
0 0.6240624999999999 0.4867453703703703 0.023614583333333408 0.022009259259259242
0 0.6430703125 0.4706064814814815 0.02797395833333335 0.022009259259259242
0 0.6527942708333333 0.49534722222222216 0.02614062500000003 0.023231481481481617
0 0.650546875 0.9306620370370371 0.018802083333333285 0.02282407407407416
0 0.6449739583333333 0.7999722222222222 0.04012499999999998 0.0448333333333334
0 0.7455729166666667 0.7939814814814815 0.0352291666666666 0.0529074074074075
0 0.7246536458333334 0.8020092592592594 0.018338541666666687 0.023648148148148116
0 0.7429036458333333 0.8519027777777778 0.03255729166666678 0.038490740740740895
0 0.7633593750000001 0.9256851851851852 0.05365624999999999 0.06848148148148152
0 0.6785911458333334 0.7046250000000001 0.030317708333333353 0.026657407407407373
0 0.7193828125 0.7105370370370371 0.0399010416666665 0.04288888888888883
0 0.7476067708333333 0.7155324074074075 0.022703125000000077 0.037138888888889006
0 0.729265625 0.6844907407407408 0.0323333333333333 0.027962962962963005
0 0.7039036458333333 0.6902037037037038 0.022880208333333485 0.027462962962962828
0 0.6921901041666667 0.5936296296296296 0.026140624999999792 0.03261111111111114
0 0.6527942708333333 0.6387129629629629 0.025682291666666638 0.039129629629629833
0 0.7608671875 0.6151435185185186 0.029140624999999906 0.026064814814814898
0 0.7731744791666666 0.6967222222222222 0.023848958333333316 0.03464814814814821
0 0.7736796875 0.5606944444444444 0.026598958333333183 0.03424074074074076
0 0.6963515625 0.5695370370370371 0.019244791666666573 0.024537037037037038
0 0.7458854166666666 0.5709212962962963 0.01880208333333352 0.021601851851851785
0 0.7572135416666667 0.5949351851851852 0.02201041666666678 0.020388888888888873
0 0.7224973958333334 0.5535185185185185 0.026598958333333183 0.023648148148148116
0 0.70125 0.5252407407407408 0.012624999999999886 0.01714814814814813
0 0.7337343749999999 0.5290601851851852 0.018343750000000134 0.022009259259259242
0 0.8389687499999999 0.9131666666666667 0.06303125 0.06662962962962966
0 0.8638125 0.8162962962962963 0.055989583333333336 0.07342592592592588
0 0.8181510416666666 0.7436851851851852 0.04329166666666661 0.04085185185185175
0 0.8095364583333333 0.822837962962963 0.02440624999999983 0.046416666666666766
0 0.9025416666666667 0.8920231481481481 0.05381249999999985 0.07119444444444432
0 0.9252630208333333 0.8820324074074074 0.05780729166666655 0.07582407407407396
0 0.9459166666666666 0.9723518518518517 0.04553125000000004 0.04229629629629657
0 0.9585208333333334 0.8540416666666667 0.04304166666666684 0.06015740740740743
0 0.9594348958333333 0.8060694444444445 0.0417239583333334 0.05082407407407396
0 0.8450494791666666 0.7288611111111111 0.03507812500000019 0.03449999999999999
0 0.9030468749999999 0.7826064814814815 0.047770833333333464 0.043787037037037006
0 0.96890625 0.733462962962963 0.03956250000000002 0.03007407407407409
0 0.9783098958333334 0.7610416666666666 0.029109374999999934 0.02304629629629618
0 0.9532526041666666 0.6841018518518518 0.03931770833333322 0.03396296296296281
0 0.8936171875 0.6428287037037037 0.0416510416666668 0.04325000000000003
0 0.8708515625000001 0.6695462962962964 0.018911458333333304 0.01990740740740741
0 0.7881041666666667 0.5752824074074074 0.017416666666666695 0.014601851851851835
0 0.8016223958333332 0.6718657407407408 0.022140625000000115 0.023435185185185135
0 0.7877786458333332 0.5921851851851851 0.02910937500000017 0.023888888888889057
0 0.7903958333333333 0.6150462962962963 0.025624999999999905 0.028796296296296212
0 0.8508984374999999 0.506287037037037 0.02960937500000019 0.026981481481481363
0 0.8509453125 0.5327361111111111 0.02234895833333326 0.020342592592592617
0 0.8243489583333333 0.5556018518518518 0.020895833333333277 0.023000000000000135
0 0.8492291666666667 0.581212962962963 0.020895833333333277 0.01990740740740741
0 0.8940885416666667 0.5422037037037036 0.0365729166666668 0.026981481481481363
0 0.8887421875 0.5751111111111111 0.018161458333333276 0.022999999999999923
0 0.8725208333333333 0.5721898148148148 0.012937500000000076 0.02123148148148133
0 0.8905312500000001 0.5962314814814815 0.022489583333333486 0.019333333333333435
0 0.7863072916666667 0.5405648148148148 0.029854166666666515 0.031407407407407474
0 0.7319296875 0.4832638888888888 0.023276041666666695 0.025342592592592545
0 0.7591510416666668 0.493837962962963 0.023010416666666818 0.021620370370370286
0 0.7648515625 0.518337962962963 0.025494791666666572 0.018601851851851987