0 0.8803984375 0.968111111111111 0.05899479166666666 0.06192592592592603
0 0.0549453125 0.6302592592592593 0.031671875 0.026222222222222372
0 0.01328125 0.6365740740740741 0.0265625 0.03148148148148148
0 0.016145833333333335 0.7425925925925926 0.03229166666666667 0.022222222222222223
0 0.0948203125 0.8042962962962963 0.05455729166666667 0.07033333333333337
0 0.14857812499999998 0.5795185185185185 0.02172916666666668 0.023055555555555638
0 0.18054427083333333 0.7192685185185185 0.028994791666666703 0.03492592592592574
0 0.1334921875 0.8460462962962964 0.031661458333333316 0.060685185185185155
0 0.1397395833333333 0.9116898148148148 0.04854166666666668 0.0577314814814814
0 0.22131770833333334 0.7495046296296296 0.035593750000000014 0.06025000000000015
0 0.016533854166666664 0.911449074074074 0.03130729166666667 0.06006481481481472
0 0.08563802083333334 0.8803518518518518 0.05606770833333333 0.05692592592592594
0 0.28569791666666666 0.8288518518518518 0.04584374999999999 0.05459259259259262
0 0.2632760416666667 0.6767037037037036 0.03907291666666666 0.038740740740740874
0 0.23891927083333334 0.6522777777777778 0.03594270833333333 0.033777777777777795
0 0.17772135416666668 0.8258564814814814 0.0451510416666667 0.045064814814814884
0 0.16187760416666666 0.7977685185185186 0.030078125 0.04537037037037037
0 0.19265625 0.756550925925926 0.01984374999999995 0.033675925925925825
0 0.18269531249999998 0.6858888888888889 0.02769270833333337 0.02951851851851862
0 0.24256250000000001 0.815337962962963 0.039249999999999945 0.06012037037037022
0 0.20172135416666667 0.893925925925926 0.06166145833333333 0.0625185185185185
0 0.14785677083333332 0.9637777777777776 0.051765624999999996 0.06940740740740745
0 0.31059114583333336 0.9656666666666668 0.043828125000000044 0.06681481481481467
0 0.2881432291666667 0.8916851851851851 0.04267187500000003 0.07094444444444434
0 0.3458671875 0.9728888888888889 0.03761979166666667 0.05237037037037032
0 0.3536953125 0.828763888888889 0.041671875 0.05763888888888889
0 0.4025911458333333 0.9859768518518519 0.022838541666666618 0.02619444444444441
0 0.4659088541666667 0.9655231481481482 0.04589062500000007 0.05450925925925916
0 0.44630468749999996 0.9111712962962963 0.04993229166666661 0.04989814814814803
0 0.37432291666666667 0.784412037037037 0.03283333333333331 0.05454629629629616
0 0.38847135416666667 0.762824074074074 0.031057291666666723 0.03170370370370371
0 0.4267942708333333 0.7853981481481481 0.028807291666666637 0.03640740740740735
0 0.4306067708333334 0.8469953703703703 0.02872395833333338 0.037083333333333295
0 0.47655989583333336 0.7246944444444444 0.023776041666666713 0.03218518518518518
0 0.29498697916666666 0.7053055555555555 0.035546875 0.03790740740740746
0 0.30874479166666663 0.647638888888889 0.033854166666666664 0.03822222222222241
0 0.35707812499999997 0.6186296296296296 0.03063541666666675 0.03470370370370372
0 0.4014036458333333 0.6022268518518519 0.037692708333333276 0.034731481481481474
0 0.3719375 0.7118379629629631 0.023479166666666627 0.02100925925925931
0 0.4853645833333333 0.6415 0.027708333333333356 0.03792592592592596
0 0.518625 0.6462777777777778 0.029833333333333437 0.03201851851851845
0 0.4720651041666667 0.6113750000000001 0.022744791666666705 0.02415740740740754
0 0.48169791666666667 0.5307962962962963 0.01975000000000004 0.025074074074074006
0 0.5341354166666666 0.9754583333333332 0.04953124999999995 0.04723148148148169
0 0.5645989583333333 0.8388935185185186 0.027572916666666693 0.031342592592592505
0 0.542875 0.7309675925925926 0.04135416666666671 0.055101851851851846
0 0.5812708333333333 0.7292546296296296 0.02582291666666663 0.03017592592592606
0 0.6258750000000001 0.8031388888888888 0.05544791666666669 0.04679629629629626
0 0.628140625 0.8756203703703704 0.03771875000000004 0.06385185185185188
0 0.675109375 0.8481851851851852 0.0232916666666668 0.04146296296296294
0 0.8142239583333333 0.9828009259259259 0.029885416666666723 0.03254629629629638
0 0.8109609375000001 0.9 0.06292187499999997 0.06527777777777778
0 0.7681354166666666 0.8948935185185185 0.05133333333333331 0.05293518518518525
0 0.7519479166666667 0.8463009259259259 0.03333333333333333 0.03849074074074068
0 0.720984375 0.8032638888888889 0.04191666666666668 0.05421296296296292
0 0.6715546875 0.7260694444444444 0.03616145833333325 0.04267592592592606
0 0.6190989583333334 0.7367592592592593 0.03263541666666659 0.031111111111111027
0 0.6143828124999999 0.6887314814814816 0.02891145833333345 0.03562962962962964
0 0.6515963541666667 0.6715416666666667 0.03159895833333337 0.045064814814814884
0 0.7222057291666667 0.7230277777777777 0.03519270833333342 0.03853703703703694
0 0.7551927083333333 0.7375231481481481 0.034677083333333296 0.03976851851851856
0 0.7588541666666667 0.7807592592592593 0.023093750000000076 0.03244444444444441
0 0.7834296875 0.7897731481481481 0.024609375 0.03519444444444444
0 0.8390807291666665 0.8028148148148148 0.04740104166666678 0.04759259259259268
0 0.7966588541666667 0.7074722222222222 0.044859375000000055 0.04348148148148152
0 0.8243854166666666 0.7466851851851852 0.03173958333333336 0.02998148148148158
0 0.8509557291666667 0.7153518518518519 0.034526041666666646 0.04838888888888888
0 0.8772526041666667 0.8425 0.051953125 0.051111111111111156
0 0.9125260416666666 0.867898148148148 0.0303958333333334 0.03244444444444441
0 0.9625989583333333 0.8614027777777779 0.058239583333333185 0.06406481481481487
0 0.93090625 0.783125 0.04806249999999987 0.058583333333333314
0 0.9093281249999999 0.7360787037037037 0.05386458333333337 0.03882407407407392
0 0.9901432291666666 0.8133055555555556 0.018671874999999952 0.027833333333333283
0 0.9355364583333333 0.7133379629629629 0.03229166666666667 0.03297222222222234
0 0.9259869791666666 0.684375 0.03889062500000004 0.034768518518518476
0 0.85984375 0.6448425925925927 0.030833333333333237 0.01992592592592591
0 0.7701953125000001 0.618287037037037 0.036703125000000135 0.03724074074074077
0 0.6760625 0.5982546296296296 0.0357916666666668 0.0320092592592592
0 0.7701979166666667 0.5564629629629629 0.02687499999999995 0.0265370370370369
0 0.7226692708333334 0.6205879629629629 0.021463541666666686 0.031194444444444493
0 0.8551718749999999 0.5644722222222223 0.02568749999999985 0.02092592592592584
0 0.9145833333333333 0.5429768518518518 0.024270833333333287 0.022620370370370218
0 0.9706718750000001 0.6237361111111112 0.04243750000000001 0.03921296296296288
0 0.9786015625 0.7130185185185185 0.019651041666666678 0.027851851851851784
0 0.573328125 0.9208518518518518 0.018343750000000134 0.036888888888889027
0 0.8337526041666666 0.6568796296296296 0.019588541666666497 0.025055555555555505
0 0.8500833333333333 0.5982268518518519 0.02695833333333345 0.03017592592592606
0 0.6155182291666667 0.5543425925925927 0.026411458333333353 0.024944444444444495
0 0.6416875 0.5316759259259259 0.020468750000000095 0.021425925925925807
0 0.5786927083333333 0.5906296296296297 0.03070833333333335 0.024648148148148048
0 0.5930156249999999 0.507162037037037 0.020291666666666687 0.023342592592592627
0 0.12516666666666668 0.668625 0.026437499999999996 0.022009259259259242
0 0.3080598958333333 0.4767685185185185 0.034536458333333304 0.02609259259259265
0 0.25273958333333335 0.5499027777777777 0.024208333333333342 0.020287037037036902
0 0.3355182291666666 0.5235185185185185 0.02354687500000002 0.020203703703703644
0 0.3182994791666667 0.5793842592592593 0.02973437499999996 0.028861111111111178
0 0.40272395833333335 0.5406203703703704 0.028031249999999966 0.02629629629629638
0 0.4856901041666667 0.4904583333333333 0.021182291666666703 0.016120370370370236
0 0.4311328125000001 0.6420231481481481 0.037703124999999935 0.04560185185185185
0 0.4442317708333333 0.5882916666666667 0.020359375000000075 0.024046296296296323
0 0.42090625 0.5051481481481481 0.0324583333333333 0.023222222222222155
0 0.7290833333333334 0.5029583333333333 0.02201041666666678 0.0150833333333333
0 0.020052083333333335 0.8157407407407408 0.04010416666666667 0.04537037037037037
0 0.021614583333333333 0.7777777777777778 0.043229166666666666 0.032407407407407406
0 0.026104166666666664 0.8399351851851852 0.031125000000000003 0.03227777777777768
0 0.04290885416666667 0.7100231481481482 0.020557291666666665 0.026453703703703854
0 0.102109375 0.6583842592592594 0.027250000000000028 0.031287037037037
0 0.2369635416666667 0.9549537037037036 0.045239583333333284 0.05453703703703712
0 0.2730625 0.5643888888888888 0.02751041666666672 0.022462962962962955
0 0.34954687500000003 0.6797638888888888 0.014260416666666723 0.019990740740740875
0 0.3479921875 0.7117592592592593 0.015786458333333305 0.017407407407407576
0 0.4620729166666667 0.5678472222222222 0.018177083333333382 0.022212962962962973
0 0.6528333333333334 0.4966435185185185 0.02362499999999983 0.024009259259259317
0 0.7841770833333332 0.5989212962962963 0.01885416666666657 0.025472222222222212
0 0.6548411458333334 0.6411666666666667 0.029411458333333466 0.030851851851852
0 0.6125234375 0.5305231481481482 0.023880208333333524 0.025694444444444443
0 0.3983567708333334 0.6848657407407407 0.032432291666666654 0.03217592592592593
0 0.2424375 0.5950462962962962 0.015583333333333371 0.0257407407407407
0 0.31686197916666664 0.5881666666666667 0.026369791666666722 0.027537037037037044
0 0.26775000000000004 0.620162037037037 0.036999999999999984 0.037675925925925974