0 0.10638541666666666 0.6732407407407407 0.035645833333333335 0.04592592592592584
0 0.12982812500000002 0.8779768518518519 0.03940625000000001 0.054657407407407384
0 0.1780338541666667 0.9316018518518518 0.04945312500000002 0.07805555555555552
0 0.23904166666666665 0.81225 0.056083333333333305 0.045981481481481346
0 0.20966666666666667 0.782375 0.03733333333333331 0.05882407407407405
0 0.13403645833333336 0.9484444444444444 0.036510416666666635 0.06024074074074069
0 0.13588541666666665 0.837300925925926 0.05750000000000003 0.06404629629629637
0 0.376921875 0.9789629629629629 0.049572916666666585 0.04022222222222227
0 0.38825000000000004 0.950574074074074 0.05131249999999999 0.054296296296296495
0 0.44624739583333334 0.9798888888888888 0.03699479166666665 0.03837037037037042
0 0.5094427083333334 0.8955509259259259 0.03533333333333329 0.04486111111111094
0 0.2752369791666666 0.8539814814814815 0.04108854166666663 0.049629629629629544
0 0.2967942708333334 0.7698842592592593 0.043796875000000075 0.053027777777777764
0 0.36244791666666665 0.7337592592592593 0.04684375000000003 0.045962962962962844
0 0.4117005208333333 0.7068194444444444 0.05239062500000007 0.04363888888888899
0 0.3770546875 0.8647777777777778 0.03488020833333323 0.04198148148148162
0 0.5168854166666667 0.7669120370370371 0.03944791666666667 0.051064814814814896
0 0.5584973958333334 0.7726666666666667 0.03885937499999983 0.0514629629629629
0 0.49631250000000005 0.7240462962962964 0.02614583333333324 0.03568518518518515
0 0.5068932291666667 0.6155324074074074 0.03767187499999996 0.03921296296296288
0 0.5952265625000001 0.9026712962962963 0.05543229166666682 0.07878703703703696
0 0.6441510416666667 0.9029305555555556 0.034041666666666734 0.0555648148148148
0 0.6975546874999999 0.9861712962962963 0.02474479166666678 0.025805555555555453
0 0.8372005208333334 0.9865787037037038 0.009869791666666572 0.02499074074074054
0 0.7594583333333333 0.898537037037037 0.05106249999999998 0.0712962962962963
0 0.6905520833333333 0.9145185185185186 0.04868750000000001 0.04524074074074086
0 0.6785234374999999 0.8384305555555556 0.03967187500000004 0.04991666666666674
0 0.7247604166666667 0.812675925925926 0.04141666666666666 0.08075925925925907
0 0.82353125 0.885175925925926 0.05307291666666671 0.062574074074074
0 0.8731067708333333 0.9184722222222222 0.061348958333333314 0.07140740740740731
0 0.8732083333333333 0.9812361111111112 0.0271979166666668 0.03347222222222188
0 0.9047682291666667 0.9839444444444443 0.03271354166666664 0.027962962962962794
0 0.9829010416666667 0.9863009259259259 0.03315624999999992 0.02554629629629643
0 0.9215651041666667 0.8716203703703703 0.06600520833333334 0.069111111111111
0 0.9693177083333333 0.9334907407407407 0.04191666666666668 0.05764814814814814
0 0.9823802083333334 0.8794814814814815 0.03419791666666659 0.04048148148148151
0 0.9840807291666667 0.7792870370370371 0.02559895833333338 0.02283333333333341
0 0.8672864583333334 0.7359120370370371 0.05326041666666678 0.05267592592592581
0 0.7465390625 0.7066527777777777 0.04848437500000007 0.044101851851851955
0 0.8598229166666668 0.6496666666666666 0.041020833333333444 0.04775925925925919
0 0.8131848958333333 0.7435601851851852 0.04244270833333322 0.04395370370370373
0 0.9672916666666667 0.6611296296296296 0.03928125000000004 0.026129629629629655
0 0.9594348958333333 0.7946620370370371 0.02564062500000001 0.03471296296296297
0 0.9608411458333334 0.7106805555555556 0.044442708333333296 0.05123148148148141
0 0.67084375 0.6433657407407408 0.029885416666666723 0.03610185185185186
0 0.6986718749999999 0.6120092592592593 0.0329583333333332 0.0338148148148148
0 0.6319661458333333 0.6926018518518519 0.03893229166666667 0.036796296296296306
0 0.6432213541666667 0.5786342592592593 0.03593229166666655 0.031287037037037
0 0.06295052083333334 0.8019490740740741 0.029630208333333328 0.03562037037037039
0 0.30000781249999997 0.5328796296296296 0.044130208333333344 0.03890740740740739
0 0.23163541666666668 0.6347824074074074 0.03024999999999996 0.03060185185185202
0 0.35717187499999997 0.6207222222222222 0.03232291666666664 0.028703703703703703
0 0.30602343750000005 0.6803888888888888 0.043921874999999964 0.04557407407407389
0 0.41186979166666665 0.6219351851851852 0.03988541666666663 0.04198148148148162
0 0.5107682291666666 0.5585092592592593 0.023286458333333353 0.028388888888888755
0 0.45017187499999994 0.7728750000000001 0.04246874999999998 0.05252777777777779
0 0.46539322916666664 0.6878935185185184 0.025005208333333327 0.03647222222222211
0 0.4349140625 0.577800925925926 0.040755208333333334 0.03204629629629641
0 0.80365625 0.5797314814814813 0.027500000000000094 0.02768518518518527
0 0.03974479166666667 0.7864120370370371 0.04959375 0.049712962962963014
0 0.2554427083333333 0.6561435185185185 0.0378645833333333 0.03389814814814827
0 0.3492552083333333 0.8183750000000001 0.016999999999999935 0.024824074074074023
0 0.34410937500000005 0.8712037037037037 0.027583333333333352 0.03451851851851849
0 0.48240625000000004 0.6587268518518518 0.02204166666666675 0.02647222222222236
0 0.7101640625 0.5646388888888888 0.03179687500000009 0.03459259259259271
0 0.8829583333333333 0.7140601851851851 0.03392708333333327 0.043953703703703516
0 0.7249635416666665 0.7700879629629629 0.04069791666666684 0.044694444444444426
0 0.6653125000000001 0.6138935185185185 0.02513541666666678 0.027101851851851835
0 0.14526562499999998 0.7098472222222222 0.02639583333333335 0.025694444444444443
0 0.11885677083333332 0.6121064814814815 0.022598958333333325 0.022361111111111196
0 0.14023697916666666 0.5953379629629629 0.027651041666666685 0.026787037037036887
0 0.19874739583333334 0.5915324074074074 0.03456770833333327 0.03352777777777781
0 0.2027734375 0.613175925925926 0.027036458333333315 0.02909259259259266
0 0.16549739583333334 0.5797777777777777 0.02639062499999998 0.032407407407407406
0 0.27846354166666665 0.6150601851851851 0.04161458333333338 0.050287037037036984
0 0.4074817708333333 0.8277824074074074 0.032432291666666654 0.03217592592592593
0 0.49406510416666666 0.5265231481481482 0.03982812500000001 0.030842592592592543
0 0.4454921875 0.5344351851851853 0.03318229166666668 0.026814814814814847
0 0.15113541666666666 0.5119212962962963 0.027072916666666676 0.02480555555555552
0 0.22003385416666668 0.44289351851851855 0.03593229166666667 0.02295370370370367
0 0.2737213541666667 0.42645833333333333 0.0237239583333334 0.029768518518518496
0 0.2948645833333333 0.5011249999999999 0.032791666666666684 0.029768518518518604
0 0.34223437500000004 0.6022777777777778 0.03566666666666667 0.0286666666666667
0 0.3346328125 0.5637731481481482 0.020234374999999954 0.031009259259259268
0 0.35029687499999995 0.5391481481481482 0.04011458333333332 0.02790740740740729
0 0.21669791666666666 0.6958333333333333 0.028322916666666663 0.032796296296296365
0 0.22262760416666666 0.49803703703703706 0.02344270833333333 0.02381481481481484
0 0.2519296875 0.5259490740740741 0.018838541666666705 0.020842592592592583
0 0.2588385416666667 0.49357870370370377 0.024281249999999942 0.021583333333333284
0 0.036971354166666665 0.6414305555555556 0.03475520833333333 0.03352777777777781
0 0.0976640625 0.5620324074074075 0.028046875000000013 0.033361111111111084
0 0.3108020833333333 0.7180324074074075 0.03220833333333329 0.041398148148148184
0 0.2446692708333333 0.7352592592592592 0.04357812500000004 0.045333333333333364
0 0.3208932291666667 0.4380046296296296 0.025119791666666676 0.023064814814814892
0 0.34349999999999997 0.4928148148148148 0.028708333333333277 0.027833333333333283
0 0.3765078125 0.4653287037037037 0.028463541666666713 0.023064814814814785
0 0.4138177083333333 0.4449166666666667 0.020052083333333335 0.024185185185185188
0 0.40271614583333337 0.4960555555555556 0.022921874999999994 0.024185185185185084
0 0.42838020833333335 0.5005138888888889 0.02387499999999996 0.02843518518518522
0 0.449984375 0.4924490740740741 0.02411458333333331 0.024620370370370504
0 0.4589348958333333 0.4425787037037037 0.01885937500000002 0.022490740740740707
0 0.47815364583333336 0.49923611111111105 0.01885937500000002 0.017824074074074076
0 0.4948645833333334 0.5049675925925926 0.02077083333333339 0.023342592592592627
0 0.47803645833333336 0.5822129629629629 0.020052083333333335 0.031407407407407474
0 0.5700651041666667 0.48566203703703703 0.021484375 0.022916666666666665
0 0.553359375 0.5168425925925927 0.02268749999999997 0.01996296296296291
0 0.5771640625000001 0.5854027777777777 0.030192708333333467 0.024175925925926045
0 0.6125572916666667 0.5401990740740741 0.03270833333333343 0.03437962962962973
0 0.5219609374999999 0.4324398148148148 0.014796874999999925 0.023342592592592627
0 0.5505833333333333 0.44780555555555557 0.02053125000000004 0.02079629629629633
0 0.5735260416666667 0.45140277777777776 0.01981249999999998 0.021212962962963038
0 0.6243750000000001 0.5037685185185184 0.028291666666666514 0.033370370370370335
0 0.646125 0.49249074074074073 0.02908333333333341 0.029148148148148166
0 0.6722994791666667 0.46005555555555555 0.02855729166666663 0.03761111111111101
0 0.7288828125 0.5413749999999999 0.020359375000000075 0.032898148148148336
0 0.7464010416666668 0.5845046296296297 0.028291666666666514 0.03995370370370379
0 0.7634557291666667 0.5602314814814814 0.0330572916666668 0.035370370370370205
0 0.7559166666666667 0.6668796296296297 0.03913541666666684 0.039018518518518404
0 0.7941223958333334 0.686625 0.03886979166666672 0.03243518518518537
0 0.8065520833333333 0.5318796296296296 0.027500000000000094 0.02585185185185192
0 0.7909505208333333 0.5449212962962963 0.025119791666666676 0.034083333333333285
0 0.8359739583333333 0.5727824074074074 0.025260416666666667 0.018787037037037005
0 0.8403958333333333 0.5932222222222223 0.022999999999999923 0.0235000000000001
0 0.8381614583333333 0.5052222222222224 0.022708333333333285 0.017481481481481584
0 0.8768177083333334 0.5029537037037037 0.033500000000000085 0.023648148148148116
0 0.9370078125 0.5131944444444444 0.03765104166666665 0.029759259259259353
0 0.8934635416666666 0.5562777777777778 0.042729166666666644 0.02725925925925931
0 0.930453125 0.553125 0.029875000000000065 0.02632407407407413
0 0.726125 0.45306944444444447 0.020333333333333314 0.02197222222222224
0 0.7664609375 0.49936111111111103 0.028119791666666553 0.02987037037037057
0 0.7895651041666666 0.47070833333333334 0.02645312499999998 0.020953703703703593