0 0.31694791666666666 0.6787546296296297 0.0344479166666666 0.025287037037036986
0 0.3568359375 0.6430231481481481 0.035567708333333316 0.029009259259259193
0 0.3434479166666667 0.5957916666666666 0.026500000000000058 0.02380555555555559
0 0.27416145833333333 0.7006527777777778 0.028270833333333318 0.03471296296296297
0 0.2566380208333333 0.7188703703703704 0.020640624999999937 0.021814814814814763
0 0.29405989583333336 0.8370601851851852 0.05643229166666662 0.060694444444444405
0 0.37076302083333335 0.7760231481481482 0.022640625000000015 0.04380555555555551
0 0.3704114583333334 0.8590972222222223 0.040364583333333336 0.06462037037037034
0 0.33448958333333334 0.7116018518518519 0.03620833333333332 0.038407407407407425
0 0.37169010416666665 0.6788564814814815 0.02752604166666662 0.0415648148148147
0 0.4027213541666666 0.6428379629629629 0.039390625000000054 0.04217592592592588
0 0.39675781250000003 0.687912037037037 0.022442708333333408 0.03784259259259249
0 0.4173828125 0.7141064814814815 0.03444270833333339 0.03302777777777784
0 0.43528385416666665 0.7679722222222222 0.038307291666666646 0.04609259259259257
0 0.41947916666666674 0.8050694444444445 0.0641354166666666 0.06206481481481479
0 0.047031250000000004 0.7786712962962963 0.05690625 0.06274999999999999
0 0.05852864583333333 0.8189074074074075 0.05804687499999999 0.06570370370370374
0 0.0860234375 0.9107870370370371 0.03851562499999999 0.044592592592592455
0 0.09011458333333335 0.9497777777777777 0.03642708333333333 0.04294444444444455
0 0.16627864583333332 0.9252777777777779 0.044484374999999986 0.06316666666666669
0 0.18544791666666666 0.8624305555555555 0.04389583333333332 0.061675925925926044
0 0.13451302083333333 0.8339814814814815 0.05523437499999999 0.0514814814814814
0 0.12671875000000002 0.7049490740740741 0.04896874999999999 0.05095370370370368
0 0.193359375 0.6505462962962963 0.04180208333333333 0.037685185185185224
0 0.21183593750000002 0.7561203703703704 0.05534895833333332 0.03524074074074069
0 0.08433072916666666 0.564087962962963 0.045536458333333335 0.036138888888888866
0 0.0704453125 0.6044490740740741 0.03074479166666668 0.01963888888888892
0 0.12434895833333333 0.6382222222222222 0.03194791666666668 0.038740740740740874
0 0.11458072916666667 0.6147685185185185 0.041744791666666656 0.030203703703703604
0 0.120578125 0.5712824074074074 0.030520833333333344 0.031287037037037
0 0.14978645833333334 0.5866666666666667 0.03178124999999999 0.028722222222222205
0 0.1382604166666667 0.5434212962962963 0.031781250000000004 0.03160185185185195
0 0.12754166666666666 0.5190324074074074 0.033322916666666674 0.025083333333333468
0 0.11084635416666666 0.4751805555555555 0.036265624999999996 0.03350925925925926
0 0.17179427083333335 0.5051574074074073 0.038953124999999984 0.030018518518518587
0 0.165171875 0.473875 0.030229166666666647 0.03512037037037043
0 0.1778828125 0.4440972222222222 0.02333854166666664 0.018194444444444423
0 0.19139322916666668 0.45831481481481484 0.022713541666666615 0.021999999999999992
0 0.21253385416666667 0.5502175925925926 0.034109375000000004 0.030009259259259336
0 0.22940625 0.5205370370370371 0.030520833333333285 0.02553703703703697
0 0.25578125 0.5414722222222222 0.03213541666666669 0.030648148148148063
0 0.26791666666666664 0.5691759259259259 0.041114583333333364 0.03446296296296299
0 0.3067682291666667 0.5464166666666667 0.027463541666666678 0.02457407407407404
0 0.35814843749999997 0.4887453703703704 0.031776041666666664 0.02297222222222217
0 0.3686510416666666 0.5291203703703704 0.028364583333333353 0.023296296296296162
0 0.3906119791666667 0.554300925925926 0.03486979166666669 0.036379629629629595
0 0.40001822916666663 0.5987916666666666 0.03465104166666665 0.03447222222222224
0 0.23563020833333334 0.47452777777777777 0.02297916666666667 0.030000000000000086
0 0.26061979166666666 0.41388425925925926 0.02872916666666671 0.022342592592592588
0 0.28380729166666663 0.47334722222222225 0.03915625000000003 0.02521296296296298
0 0.308203125 0.4541944444444444 0.022781250000000006 0.022018518518518493
0 0.4209609375 0.9531851851851852 0.08438020833333333 0.07181481481481476
0 0.5399088541666667 0.8455925925925926 0.04934895833333333 0.061277777777777834
0 0.5006640625000001 0.8019305555555556 0.03534895833333328 0.045324074074073906
0 0.5523046875 0.7705555555555555 0.021723958333333352 0.03287037037037037
0 0.5347447916666667 0.6834490740740741 0.04003125000000007 0.05284259259259253
0 0.5730729166666666 0.6598379629629629 0.0390625 0.0481388888888889
0 0.45015104166666664 0.6194907407407407 0.03788541666666667 0.037018518518518534
0 0.4485364583333334 0.5757685185185184 0.03572916666666662 0.03638888888888906
0 0.4278828125 0.5181574074074073 0.028921874999999986 0.020740740740740823
0 0.4854192708333333 0.5510324074074074 0.025151041666666648 0.03095370370370376
0 0.5106458333333334 0.5730555555555555 0.033947916666666585 0.029685185185185134
0 0.42402083333333335 0.4951759259259259 0.03664583333333328 0.021388888888888805
0 0.47465624999999995 0.4958148148148148 0.021541666666666733 0.029685185185185134
0 0.5373125 0.46150462962962957 0.01975000000000004 0.01787962962962958
0 0.5608151041666667 0.492462962962963 0.022265625 0.019148148148148206
0 0.5676458333333334 0.47475 0.019010416666666665 0.01627777777777771
0 0.5580494791666666 0.565550925925926 0.02279687499999999 0.028083333333333266
0 0.5447057291666667 0.6245694444444445 0.028890624999999896 0.0452499999999999
0 0.5742864583333334 0.6138472222222221 0.035312500000000094 0.046472222222222276
0 0.6073723958333334 0.5796851851851851 0.028203125000000048 0.03587037037037017
0 0.6136770833333334 0.6581990740740741 0.03622916666666664 0.030972222222222266
0 0.60821875 0.49294444444444446 0.03439583333333331 0.02446296296296303
0 0.5983619791666667 0.43677314814814816 0.025682291666666638 0.020379629629629623
0 0.6525182291666667 0.5373333333333333 0.027515624999999964 0.030574074074074056
0 0.6168177083333333 0.46864814814814815 0.023614583333333408 0.022018518518518493
0 0.6346328124999999 0.4533240740740741 0.02797395833333335 0.022018518518518493
0 0.6453203124999999 0.475375 0.026140624999999792 0.023231481481481565
0 0.6801223958333333 0.9544259259259259 0.03782812500000006 0.05829629629629633
0 0.6494010416666666 0.889 0.01880208333333352 0.02283333333333341
0 0.6412604166666667 0.7660972222222222 0.04012499999999998 0.04484259259259265
0 0.7390546874999999 0.7591712962962963 0.027744791666666657 0.049324074074074055
0 0.7197916666666667 0.7689537037037038 0.018343749999999895 0.023648148148148116
0 0.7364192708333335 0.8135879629629629 0.02889062500000013 0.03913888888888887
0 0.7571692708333333 0.8808472222222222 0.05365104166666678 0.06849074074074056
0 0.6732473958333334 0.6751157407407408 0.029807291666666676 0.025675925925925942
0 0.7133281250000001 0.678375 0.038979166666666745 0.041990740740740655
0 0.7388489583333334 0.6831666666666666 0.02269791666666663 0.03712962962962955
0 0.7201848958333333 0.6533055555555555 0.03232812499999985 0.026907407407407356
0 0.6964973958333334 0.6601574074074075 0.022473958333333145 0.026907407407407356
0 0.6864765624999999 0.5721111111111111 0.025453124999999945 0.03261111111111114
0 0.6467421874999999 0.6123796296296297 0.025682291666666874 0.03912962962962962
0 0.7519661458333334 0.5880833333333333 0.023807291666666685 0.022499999999999958
0 0.7617994791666667 0.6667962962962963 0.023848958333333316 0.03464814814814821
0 0.7625338541666667 0.5398240740740741 0.026598958333333183 0.03424074074074076
0 0.6899401041666666 0.5479027777777777 0.02219270833333316 0.021212962962963038
0 0.7361666666666667 0.549236111111111 0.018802083333333285 0.021601851851851785
0 0.7460260416666666 0.5716157407407407 0.02201041666666678 0.020379629629629623
0 0.7149791666666666 0.5337083333333333 0.02659374999999997 0.023638888888888862
0 0.6935416666666666 0.5059907407407408 0.010593750000000075 0.013537037037036936
0 0.7230520833333334 0.5089212962962962 0.018343749999999895 0.022009259259259242
0 0.829265625 0.8726157407407407 0.06120833333333332 0.06280555555555549
0 0.8500859374999999 0.7835648148148148 0.05125520833333326 0.07342592592592588
0 0.8087812500000001 0.711462962962963 0.04080208333333341 0.03981481481481482
0 0.7998645833333332 0.785625 0.03060416666666678 0.035379629629629664
0 0.8865338541666666 0.851013888888889 0.04055729166666661 0.06324999999999995
0 0.9119114583333333 0.8422962962962963 0.05498958333333329 0.06861111111111103
0 0.9282213541666666 0.9841342592592592 0.042484374999999845 0.029879629629629614
0 0.9311536458333334 0.9274675925925926 0.04553645833333349 0.05219444444444434
0 0.9461640625 0.8167361111111111 0.04304687500000005 0.06015740740740722
0 0.9458333333333333 0.7717685185185185 0.03607291666666678 0.042462962962963084
0 0.8343515625 0.6970138888888888 0.03507812500000019 0.03450925925925924
0 0.8906041666666666 0.7450046296296297 0.047770833333333464 0.043787037037037006
0 0.9534791666666667 0.6975462962962963 0.03956250000000002 0.03007407407407409
0 0.9609921875 0.7275972222222222 0.029109374999999934 0.02304629629629618
0 0.935390625 0.6541990740740742 0.03931250000000001 0.032731481481481396
0 0.8761015625 0.612925925925926 0.04055729166666661 0.04201851851851862
0 0.8585104166666667 0.6411481481481482 0.018906250000000093 0.01990740740740741
0 0.7791510416666667 0.5559120370370371 0.017416666666666695 0.014601851851851835
0 0.7920286458333334 0.6536666666666667 0.022140625000000115 0.023444444444444597
0 0.7803984375 0.5721666666666667 0.029109374999999934 0.023888888888889057
0 0.7822005208333334 0.5929351851851852 0.025630208333333352 0.028796296296296212
0 0.8403203124999999 0.4864675925925926 0.02960937499999995 0.026546296296296363
0 0.8409687499999999 0.5130046296296296 0.021145833333333523 0.020342592592592617
0 0.8139739583333333 0.5289305555555556 0.020895833333333277 0.023009259259259174
0 0.8365651041666666 0.5556898148148148 0.020901041666666724 0.019898148148148158
0 0.8816249999999999 0.518712962962963 0.0365729166666668 0.026981481481481363
0 0.8745598958333333 0.550425925925926 0.018161458333333276 0.023000000000000135
0 0.8592552083333334 0.550162037037037 0.012937500000000076 0.02123148148148133
0 0.8772213541666666 0.5716342592592593 0.022390624999999886 0.01862037037037049
0 0.7778463541666667 0.5176481481481481 0.029859374999999962 0.031407407407407474
0 0.7219947916666667 0.46392592592592596 0.023270833333333248 0.025333333333333347
0 0.7499479166666667 0.47499074074074077 0.023010416666666818 0.021611111111111036
0 0.756 0.4964907407407408 0.02550000000000002 0.018592592592592525