0 0.0824140625 0.7105416666666666 0.04055729166666667 0.05423148148148142
0 0.10084375 0.9509768518518519 0.04238541666666666 0.058638888888888824
0 0.22551822916666667 0.8732731481481482 0.06372395833333334 0.058601851851851815
0 0.19232291666666665 0.834037037037037 0.04098958333333336 0.061629629629629576
0 0.11190885416666667 0.8933611111111112 0.06554687500000002 0.07659259259259261
0 0.521046875 0.9603333333333334 0.03790624999999999 0.05287037037037028
0 0.26475 0.9173657407407408 0.04953125000000001 0.06463888888888884
0 0.2870520833333333 0.82375 0.048812500000000016 0.057611111111111134
0 0.35720833333333335 0.7825416666666667 0.05089583333333335 0.05450925925925916
0 0.41221614583333327 0.7447962962962963 0.05080729166666676 0.05279629629629628
0 0.3747890625 0.9307731481481483 0.03488020833333335 0.041972222222222154
0 0.5250052083333333 0.8143333333333334 0.03998958333333344 0.059425925925925986
0 0.5667734375 0.8199583333333333 0.0399322916666667 0.054342592592592644
0 0.5058229166666667 0.7652314814814816 0.031187500000000055 0.042370370370370364
0 0.5133255208333334 0.6452361111111111 0.038796875 0.03984259259259257
0 0.6147421875 0.962851851851852 0.05770312499999998 0.07244444444444435
0 0.66559375 0.9660092592592592 0.03693750000000004 0.06075925925925916
0 0.7938151041666667 0.9613657407407408 0.05430729166666666 0.0754166666666666
0 0.7169973958333333 0.977587962962963 0.05019270833333327 0.042972222222222085
0 0.7021380208333333 0.8966203703703702 0.04304687500000005 0.04992592592592599
0 0.750890625 0.8647175925925926 0.041114583333333364 0.07936111111111115
0 0.8659739583333333 0.9537777777777777 0.06335416666666684 0.0742037037037039
0 0.9207083333333334 0.9753194444444445 0.04743749999999996 0.04750925925925921
0 0.9663802083333334 0.9388287037037037 0.06619791666666662 0.08236111111111115
0 0.9009713541666666 0.780699074074074 0.05606770833333338 0.05634259259259251
0 0.7783151041666666 0.7507314814814815 0.048692708333333216 0.04699999999999999
0 0.8907447916666666 0.6836851851851852 0.046718749999999906 0.051685185185185126
0 0.8457630208333333 0.7895 0.048880208333333286 0.05349999999999998
0 0.6923125 0.6766712962962964 0.03590625000000003 0.04517592592592589
0 0.7179114583333333 0.6407314814814815 0.042239583333333525 0.039629629629629584
0 0.6465651041666667 0.7341157407407408 0.03893229166666667 0.03680555555555556
0 0.6565234375000001 0.606111111111111 0.03826562500000013 0.03462962962962971
0 0.034546875 0.8592361111111111 0.033479166666666664 0.04124999999999996
0 0.2939270833333333 0.5541481481481482 0.05113541666666658 0.04387037037037047
0 0.2215885416666667 0.6662407407407407 0.03198958333333337 0.035333333333333196
0 0.3352760416666667 0.6236111111111111 0.03357291666666669 0.035740740740740656
0 0.30202604166666663 0.7128981481481482 0.045979166666666654 0.046962962962962776
0 0.41284895833333335 0.6496481481481482 0.041979166666666616 0.04587037037037034
0 0.5193151041666667 0.5848472222222222 0.027942708333333382 0.030824074074074042
0 0.4513046875 0.8202546296296296 0.05418229166666665 0.06528703703703703
0 0.4705 0.7254953703703704 0.025458333333333392 0.03791666666666671
0 0.4370390625 0.6039444444444444 0.04208854166666664 0.03394444444444452
0 0.8282109375 0.6006111111111112 0.03263020833333338 0.035333333333333196
0 0.01796875 0.8402777777777778 0.0359375 0.053703703703703705
0 0.24745052083333335 0.6951435185185185 0.04241145833333337 0.039787037037037065
0 0.34455989583333335 0.8783703703703704 0.019453124999999953 0.030962962962963015
0 0.341625 0.9367129629629629 0.027583333333333352 0.03451851851851849
0 0.48876562500000004 0.6947824074074074 0.025218750000000036 0.034990740740740704
0 0.7291458333333334 0.5855555555555556 0.03619791666666667 0.03459259259259271
0 0.9184036458333333 0.753787037037037 0.03920312499999999 0.049648148148148045
0 0.7517473958333334 0.8201990740740741 0.047505208333333354 0.049712962962963014
0 0.6781953125000001 0.64 0.02891145833333345 0.03131481481481497
0 0.12481510416666668 0.7524629629629629 0.028609375000000003 0.03429629629629626
0 0.10214583333333334 0.6406435185185185 0.026124999999999985 0.026287037037036918
0 0.12396093749999999 0.6219305555555555 0.027651041666666685 0.026787037037036887
0 0.18246875 0.6173425925925926 0.03456249999999995 0.03353703703703706
0 0.19068229166666667 0.644449074074074 0.03364583333333335 0.02912037037037041
0 0.15054166666666666 0.6055925925925926 0.026395833333333365 0.032407407407407406
0 0.276 0.64225 0.04339583333333339 0.050277777777777734
0 0.4101197916666666 0.8859675925925926 0.03242708333333333 0.03217592592592593
0 0.49994791666666666 0.5470972222222222 0.043760416666666656 0.03284259259259262
0 0.44790364583333336 0.5565555555555555 0.03318229166666668 0.026814814814814847
0 0.1364140625 0.5295324074074074 0.027911458333333306 0.02480555555555552
0 0.20880468749999997 0.4452037037037037 0.03384895833333334 0.0396666666666667
0 0.2672317708333333 0.4358842592592593 0.02372395833333331 0.029768518518518496
0 0.28886197916666667 0.5171342592592593 0.03279687500000002 0.029768518518518604
0 0.35265364583333336 0.6486574074074074 0.03492187499999998 0.035407407407407415
0 0.3310755208333333 0.5859768518518519 0.020234374999999954 0.031009259259259268
0 0.34694791666666663 0.5620925925925926 0.04011458333333332 0.02790740740740729
0 0.20166406250000002 0.7355833333333334 0.033046875000000024 0.042722222222222106
0 0.21224479166666665 0.516125 0.025114583333333346 0.02486111111111103
0 0.24431250000000002 0.5464953703703703 0.02042708333333335 0.022768518518518653
0 0.25277083333333333 0.5108425925925927 0.02495833333333331 0.023222222222222155
0 0.15868489583333334 0.5194675925925926 0.022734374999999987 0.019194444444444462
0 0.17787499999999998 0.47497222222222224 0.026791666666666696 0.019351851851851884
0 0.0181328125 0.6650972222222222 0.034755208333333336 0.03352777777777781
0 0.07870052083333333 0.5860740740740741 0.030890625 0.034407407407407276
0 0.3038151041666667 0.7568981481481482 0.034848958333333256 0.04725925925925922
0 0.23238802083333335 0.7788333333333334 0.04673437500000001 0.049425925925926026
0 0.31666666666666665 0.4504814814814815 0.025114583333333346 0.023074074074074143
0 0.3412864583333333 0.5116250000000001 0.030635416666666634 0.02737962962962978
0 0.37459635416666665 0.47950462962962964 0.028463541666666713 0.023064814814814892
0 0.41412760416666666 0.4598101851851852 0.02005729166666666 0.024194444444444546
0 0.40216666666666673 0.5144768518518519 0.02401041666666662 0.026064814814814898
0 0.4303385416666667 0.518675925925926 0.024302083333333377 0.03038888888888904
0 0.45282552083333333 0.5106990740740741 0.02410937499999998 0.024620370370370504
0 0.4613229166666667 0.4559537037037037 0.019718750000000066 0.023074074074074035
0 0.48104427083333334 0.517912037037037 0.01885937500000002 0.017824074074074076
0 0.5002838541666667 0.5251712962962962 0.020765624999999944 0.023342592592592627
0 0.4819479166666667 0.6083564814814815 0.021718750000000023 0.03234259259259265
0 0.5792317708333333 0.5027175925925925 0.021484375 0.022916666666666665
0 0.5606953124999999 0.5364398148148148 0.025755208333333238 0.020842592592592583
0 0.5875859375 0.6124444444444445 0.03255729166666678 0.02466666666666655
0 0.6233984375 0.5620092592592593 0.033994791666666656 0.03524074074074069
0 0.5278098958333334 0.44461574074074073 0.014796874999999925 0.023342592592592627
0 0.5579375 0.4635462962962963 0.02053125000000004 0.02079629629629633
0 0.5818828125000001 0.46418055555555554 0.019817708333333427 0.021212962962962933
0 0.63759375 0.5188101851851853 0.028291666666666514 0.0333796296296298
0 0.6623177083333334 0.5115277777777778 0.02908333333333341 0.029148148148148166
0 0.6870442708333333 0.47508333333333325 0.033046874999999906 0.03998148148148138
0 0.745203125 0.5448981481481482 0.029885416666666723 0.03290740740740737
0 0.7663645833333333 0.6038935185185185 0.028291666666666514 0.03995370370370379
0 0.7850130208333332 0.5813194444444445 0.03703645833333316 0.03993518518518529
0 0.7773619791666666 0.7007916666666667 0.03960937500000009 0.03952777777777783
0 0.819046875 0.7234444444444443 0.04276041666666662 0.0396111111111113
0 0.8275729166666667 0.5505601851851852 0.02987499999999983 0.02749074074074079
0 0.8127630208333334 0.5685462962962963 0.027755208333333316 0.03244444444444441
0 0.859375 0.5974722222222222 0.028177083333333287 0.023000000000000135
0 0.8663072916666666 0.6197777777777776 0.022999999999999923 0.0235000000000001
0 0.8613880208333332 0.5226574074074074 0.03177604166666678 0.02470370370370355
0 0.9031874999999999 0.51925 0.03848958333333315 0.02466666666666655
0 0.9682864583333334 0.5288287037037037 0.04209374999999985 0.03404629629629628
0 0.9206770833333332 0.5773287037037037 0.047552083333333425 0.03384259259259255
0 0.9648776041666667 0.5751712962962963 0.029880208333333276 0.026324074074073923
0 0.7440104166666667 0.4686342592592593 0.020333333333333314 0.02197222222222224
0 0.7856145833333333 0.5161111111111112 0.03154166666666688 0.03296296296296288
0 0.8092760416666667 0.4843055555555555 0.026458333333333427 0.020944444444444398