0 0.8312369791666666 0.9006851851851851 0.051171875 0.059314814814814765
0 0.06236458333333334 0.6060092592592593 0.027479166666666662 0.026222222222222164
0 0.019140625 0.6167638888888889 0.035843749999999994 0.0386388888888889
0 0.0237890625 0.709462962962963 0.033546875 0.019574074074073956
0 0.10317447916666667 0.7670509259259259 0.04453645833333333 0.049972222222222244
0 0.15087239583333334 0.5598703703703705 0.02058854166666665 0.02144444444444431
0 0.18363802083333336 0.6892083333333333 0.025161458333333307 0.027768518518518526
0 0.14141145833333332 0.7976157407407407 0.028177083333333346 0.05026851851851848
0 0.15106510416666669 0.8609212962962962 0.04497395833333335 0.05415740740740742
0 0.22440364583333333 0.7165462962962963 0.039171875000000016 0.05785185185185187
0 0.036119791666666665 0.8575277777777778 0.030104166666666668 0.05044444444444446
0 0.099515625 0.8295 0.05124999999999999 0.05687037037037044
0 0.2844713541666667 0.7866203703703704 0.04583854166666666 0.04774074074074069
0 0.26217708333333334 0.6504722222222222 0.034791666666666644 0.03050000000000005
0 0.2385 0.6263194444444444 0.032572916666666646 0.029805555555555606
0 0.1812421875 0.7800601851851852 0.03818229166666664 0.037453703703703746
0 0.16555989583333333 0.7601851851851852 0.024901041666666637 0.035388888888888914
0 0.19434374999999998 0.7217592592592592 0.016770833333333356 0.024074074074074074
0 0.18806510416666666 0.6601342592592593 0.02656770833333333 0.02360185185185186
0 0.24200520833333333 0.7731481481481481 0.03945833333333333 0.050407407407407456
0 0.20671614583333334 0.8432175925925925 0.057411458333333346 0.05026851851851848
0 0.15869270833333332 0.9042638888888889 0.044916666666666674 0.05425000000000013
0 0.0318125 0.9369768518518519 0.0480625 0.06706481481481487
0 0.10511979166666666 0.9533657407407408 0.055354166666666656 0.08243518518518538
0 0.21462239583333337 0.953037037037037 0.04079687499999996 0.06055555555555564
0 0.3000182291666667 0.967412037037037 0.05292187500000007 0.055712962962963034
0 0.30887760416666665 0.908537037037037 0.042432291666666684 0.07368518518518512
0 0.2849453125 0.8402222222222223 0.040005208333333306 0.06187037037037052
0 0.34170052083333335 0.9144861111111111 0.03653645833333338 0.055046296296296336
0 0.34331510416666666 0.7857592592592593 0.031046875000000067 0.048777777777777837
0 0.3986614583333334 0.9384583333333334 0.035218749999999945 0.04886111111111109
0 0.44928125 0.9517129629629629 0.02227083333333333 0.042870370370370434
0 0.44858333333333333 0.9042824074074074 0.039958333333333346 0.045416666666666626
0 0.4378671875 0.8526574074074074 0.04993229166666661 0.038740740740740666
0 0.3676614583333333 0.756800925925926 0.03283333333333331 0.05454629629629616
0 0.3799140625 0.7283611111111111 0.031057291666666723 0.03170370370370371
0 0.4189661458333333 0.7456203703703703 0.02571354166666661 0.023333333333333376
0 0.41989322916666666 0.8022083333333333 0.026026041666666562 0.027027777777777828
0 0.46375260416666664 0.6910185185185185 0.02223437500000003 0.026666666666666835
0 0.29099218749999994 0.670537037037037 0.031057291666666723 0.03355555555555556
0 0.3016953125 0.6158101851851853 0.029390625000000035 0.025990740740740894
0 0.3535651041666667 0.597787037037037 0.030328125000000008 0.03390740740740731
0 0.3919270833333333 0.5791712962962963 0.03296874999999998 0.03317592592592586
0 0.3644296875 0.6781481481481482 0.023484375000000075 0.02101851851851856
0 0.47075 0.6160925925925927 0.023677083333333352 0.03414814814814825
0 0.49790104166666665 0.6178611111111111 0.026333333333333306 0.03201851851851845
0 0.45732291666666663 0.5915324074074074 0.022749999999999916 0.02415740740740754
0 0.4678151041666666 0.51525 0.01975520833333325 0.025074074074074006
0 0.5142135416666667 0.9225092592592592 0.04761458333333337 0.0551666666666666
0 0.5460234375 0.7946111111111112 0.02756770833333325 0.03133333333333347
0 0.5264375 0.7004444444444444 0.035531249999999896 0.04883333333333334
0 0.5600572916666666 0.694300925925926 0.022583333333333164 0.026879629629629604
0 0.5988854166666667 0.7577685185185185 0.05544791666666669 0.04679629629629626
0 0.6080208333333333 0.8273148148148148 0.030291666666666592 0.054759259259259355
0 0.6470312500000001 0.800449074074074 0.0232916666666668 0.03458333333333325
0 0.6714401041666667 0.9625648148148149 0.04545312499999999 0.0345000000000001
0 0.7234713541666667 0.9745046296296298 0.03797395833333326 0.04913888888888862
0 0.7787187499999999 0.9374398148148148 0.04370833333333337 0.06345370370370389
0 0.7694817708333335 0.8431018518518518 0.05520312499999989 0.055648148148148065
0 0.7300755208333333 0.8383287037037037 0.050786458333333444 0.0540833333333332
0 0.7180963541666666 0.7958472222222223 0.031411458333333545 0.0327499999999999
0 0.6919583333333333 0.760175925925926 0.04191666666666668 0.04668518518518525
0 0.6465104166666668 0.6927037037037037 0.03367708333333326 0.033666666666666574
0 0.5951901041666666 0.7025555555555556 0.03265104166666646 0.027648148148148265
0 0.5896067708333333 0.6583287037037037 0.025057291666666495 0.028731481481481455
0 0.6295520833333332 0.6421250000000001 0.02695833333333345 0.037749999999999985
0 0.6920625 0.6886851851851852 0.03518749999999997 0.03681481481481481
0 0.7237057291666666 0.7032638888888889 0.034671874999999845 0.03976851851851856
0 0.7217005208333334 0.7406435185185185 0.01610937500000015 0.02415740740740754
0 0.7432109375000001 0.7461898148148148 0.0200677083333332 0.02943518518518515
0 0.7995416666666666 0.755337962962963 0.04466666666666678 0.04484259259259265
0 0.7624088541666666 0.6746203703703703 0.03596354166666676 0.03662962962962958
0 0.7886588541666666 0.7101064814814815 0.027536458333333277 0.02080555555555558
0 0.8112343750000001 0.6810833333333333 0.02979166666666657 0.031833333333333436
0 0.8359921875 0.7928935185185185 0.04102604166666666 0.04715740740740726
0 0.8670833333333334 0.8145648148148148 0.02379166666666682 0.029703703703703635
0 0.9115572916666667 0.8036157407407407 0.058239583333333185 0.06406481481481487
0 0.8779713541666666 0.7387916666666666 0.029390625000000153 0.03893518518518514
0 0.864578125 0.699050925925926 0.04844791666666666 0.03467592592592597
0 0.9446901041666665 0.7717407407407407 0.03260937499999983 0.04088888888888875
0 0.8892682291666667 0.6824074074074075 0.02830729166666662 0.028944444444444436
0 0.8805130208333334 0.6558101851851852 0.037276041666666516 0.03362037037037032
0 0.8199921875 0.6206944444444443 0.028890624999999896 0.018592592592592525
0 0.7352213541666667 0.5884259259259259 0.030880208333333315 0.03266666666666664
0 0.6516432291666666 0.5755231481481482 0.03172395833333326 0.02771296296296281
0 0.7424635416666666 0.5419027777777777 0.02687499999999995 0.026546296296296363
0 0.6987291666666666 0.6019212962962963 0.02145833333333324 0.031194444444444493
0 0.818875 0.5479629629629629 0.025687500000000085 0.02092592592592584
0 0.8771406250000001 0.5231296296296296 0.023479166666666627 0.02025925925925936
0 0.9259973958333333 0.597388888888889 0.038942708333333326 0.03374074074074079
0 0.9531640625000001 0.7159212962962962 0.03424479166666667 0.035750000000000115
0 0.9307291666666667 0.6771527777777778 0.01548958333333322 0.027861111111111246
0 0.9037578125000001 0.9691944444444445 0.05798437499999996 0.05975925925925923
0 0.947640625 0.9113194444444443 0.043968750000000036 0.04387962962962951
0 0.9755833333333332 0.9545509259259259 0.04779166666666678 0.05182407407407431
0 0.9874921875000001 0.8138472222222222 0.0239739583333332 0.023972222222222103
0 0.5486666666666667 0.8643981481481481 0.01648958333333326 0.02933333333333318
0 0.9856979166666666 0.7574907407407406 0.02756250000000004 0.02424074074074059
0 0.9734765625 0.7223888888888889 0.02614062500000003 0.017370370370370362
0 0.9914609375 0.7046712962962962 0.016036458333333316 0.021527777777777778
0 0.7994479166666667 0.6290138888888889 0.018489583333333334 0.021712962962962795
0 0.8156874999999999 0.5784537037037037 0.025989583333333142 0.027129629629629587
0 0.5950338541666667 0.5344814814814814 0.026411458333333353 0.024944444444444495
0 0.6181458333333334 0.5158518518518519 0.020468750000000095 0.02142592592592602
0 0.5621875000000001 0.5669537037037037 0.03070833333333335 0.024648148148148048
0 0.572015625 0.49117592592592596 0.018562499999999933 0.022203703703703722
0 0.13116666666666665 0.6430555555555556 0.01952083333333334 0.019981481481481413
0 0.30115625 0.46699074074074076 0.03453124999999998 0.016629629629629664
0 0.2499609375 0.5344351851851853 0.02421354166666667 0.016981481481481615
0 0.33151302083333334 0.5090324074074074 0.019161458333333315 0.017490740740740834
0 0.3095807291666667 0.5626157407407407 0.027223958333333322 0.027027777777777828
0 0.3921822916666667 0.5211157407407409 0.028031249999999966 0.026287037037036918
0 0.47098437499999996 0.48013425925925923 0.021187499999999915 0.016120370370370445
0 0.41770052083333326 0.6182962962962962 0.03143229166666662 0.03179629629629622
0 0.433984375 0.5661342592592592 0.015708333333333376 0.02404629629629611
0 0.40732291666666665 0.49367129629629625 0.029781249999999915 0.02228703703703719
0 0.7034479166666666 0.4902546296296296 0.02201041666666678 0.0150833333333333
0 0.09163020833333334 0.5404722222222222 0.02453125000000001 0.01625925925925921
0 0.025395833333333336 0.7806805555555556 0.04710416666666666 0.04519444444444439
0 0.026888020833333335 0.7409675925925926 0.045734375 0.032379629629629654
0 0.04375 0.7940833333333334 0.028687500000000008 0.026203703703703663
0 0.049481770833333334 0.6819259259259259 0.020484374999999992 0.024870370370370487
0 0.10853125 0.6368379629629629 0.027260416666666683 0.025694444444444443
0 0.23851822916666665 0.8966342592592592 0.04210937500000001 0.045064814814814884
0 0.26814322916666666 0.5517268518518519 0.027515624999999964 0.022472222222222206
0 0.3440052083333333 0.651050925925926 0.014260416666666723 0.019990740740740667
0 0.338203125 0.6780925925925925 0.0128541666666667 0.017500000000000085
0 0.44969270833333336 0.5474490740740741 0.018177083333333382 0.022212962962962973
0 0.6333489583333333 0.482962962962963 0.021114583333333315 0.020092592592592634
0 0.7532604166666667 0.5781435185185185 0.01885416666666657 0.025472222222222212
0 0.6310859375 0.6150231481481481 0.029411458333333466 0.030861111111111044
0 0.5927265624999999 0.5176759259259259 0.023880208333333524 0.025703703703703694
0 0.24060416666666667 0.5739537037037037 0.015583333333333371 0.0257407407407407
0 0.31309375000000006 0.57775 0.026374999999999933 0.027537037037037044
0 0.2644921875 0.5981435185185185 0.03432812499999998 0.03349074074074081