0 0.049937499999999996 0.6418055555555555 0.03963541666666668 0.034722222222222224
0 0.0109375 0.7578703703703704 0.021875 0.022222222222222223
0 0.08718489583333335 0.8286296296296297 0.055213541666666664 0.08411111111111125
0 0.14615625000000002 0.5883425925925927 0.02172916666666668 0.023055555555555638
0 0.17971614583333334 0.7397777777777778 0.028994791666666644 0.03492592592592595
0 0.12715885416666667 0.8711666666666666 0.031661458333333344 0.060685185185185155
0 0.13294270833333333 0.9420231481481481 0.04854166666666669 0.0577314814814814
0 0.22058333333333333 0.7746712962962963 0.03559374999999996 0.06024999999999994
0 0.008854166666666666 0.9287037037037037 0.017708333333333333 0.03425925925925926
0 0.07804947916666667 0.9112222222222223 0.06224479166666667 0.06366666666666666
0 0.28500000000000003 0.8504305555555556 0.051874999999999984 0.0680277777777778
0 0.26694270833333333 0.6910046296296297 0.03907291666666666 0.038731481481481415
0 0.23789322916666666 0.6705277777777777 0.03594270833333333 0.04350000000000002
0 0.17205208333333336 0.8520601851851851 0.045145833333333364 0.045064814814814884
0 0.15860416666666666 0.8219305555555555 0.03008333333333333 0.04537962962962983
0 0.18874479166666666 0.7803657407407408 0.01984375000000001 0.033675925925925825
0 0.18484635416666664 0.7038009259259259 0.02769270833333337 0.03136111111111101
0 0.23967708333333335 0.8384999999999999 0.03925000000000001 0.06011111111111118
0 0.19671875000000003 0.9254861111111111 0.06520833333333335 0.06997222222222216
0 0.14370312500000001 0.982 0.05177083333333332 0.03414814814814825
0 0.28677083333333336 0.9201111111111111 0.04541666666666669 0.07607407407407393
0 0.35640364583333334 0.8542037037037037 0.04063020833333333 0.06011111111111118
0 0.4661145833333334 0.9797407407407407 0.04558333333333332 0.03866666666666687
0 0.455203125 0.9409675925925925 0.047864583333333384 0.04989814814814824
0 0.37884375 0.8124861111111111 0.03283333333333331 0.05454629629629637
0 0.3947057291666667 0.7862037037037037 0.031057291666666723 0.03170370370370371
0 0.43111197916666666 0.8073935185185185 0.03152604166666665 0.04187962962962965
0 0.43378385416666665 0.874287037037037 0.02872395833333338 0.03707407407407404
0 0.48384375 0.7442083333333334 0.023781249999999924 0.03219444444444443
0 0.29498697916666666 0.7192592592592593 0.035546875 0.03790740740740746
0 0.3092083333333333 0.6597222222222222 0.033854166666666664 0.0382222222222222
0 0.3609557291666667 0.6329444444444444 0.03746354166666658 0.04022222222222227
0 0.4051692708333333 0.6126527777777777 0.037692708333333276 0.034731481481481474
0 0.3733307291666667 0.7296574074074074 0.023484375000000075 0.02101851851851856
0 0.4927473958333334 0.6577083333333333 0.02770312500000003 0.037935185185185
0 0.5249322916666667 0.6600092592592592 0.02983333333333332 0.03201851851851845
0 0.47795312500000003 0.6224583333333333 0.023666666666666693 0.02910185185185191
0 0.4869140625 0.5414398148148148 0.02166145833333329 0.024083333333333325
0 0.5759635416666666 0.8703101851851851 0.027572916666666458 0.031342592592592505
0 0.550765625 0.7524768518518518 0.04135416666666671 0.055101851851851846
0 0.5909322916666667 0.7516157407407408 0.028239583333333467 0.035083333333333425
0 0.6387552083333332 0.826375 0.0618645833333332 0.05928703703703701
0 0.6460052083333333 0.9101203703703704 0.03771875000000004 0.06385185185185188
0 0.6906796875 0.8764351851851852 0.023286458333333353 0.05120370370370387
0 0.8328515624999999 0.933625 0.0677343750000001 0.07256481481481471
0 0.7844791666666666 0.9273888888888888 0.05302083333333343 0.06022222222222219
0 0.7663203125 0.877462962962963 0.03332812499999989 0.03849999999999993
0 0.739171875 0.8255416666666667 0.04191666666666668 0.059657407407407256
0 0.6879557291666667 0.751625 0.03616145833333325 0.04267592592592585
0 0.6311979166666667 0.7590555555555555 0.03263541666666659 0.031111111111111027
0 0.6246640625000001 0.7060925925925926 0.02891145833333345 0.03562962962962964
0 0.6640208333333334 0.6870787037037037 0.033208333333333444 0.05139814814814814
0 0.7376536458333334 0.744101851851852 0.035192708333333184 0.03853703703703694
0 0.7759322916666667 0.759425925925926 0.036999999999999984 0.04292592592592604
0 0.7747161458333333 0.8067546296296296 0.0244635416666668 0.03632407407407409
0 0.7985104166666667 0.8173888888888888 0.027083333333333334 0.03714814814814805
0 0.8600338541666667 0.8280555555555555 0.057432291666666656 0.057037037037036956
0 0.8166822916666666 0.7267777777777779 0.04486458333333327 0.04959259259259254
0 0.847734375 0.7700231481481481 0.03173958333333313 0.029972222222222122
0 0.869421875 0.7347870370370371 0.03792708333333318 0.05024074074074073
0 0.8993255208333333 0.8720462962962963 0.051953125 0.05111111111111094
0 0.9424453125 0.9021527777777778 0.04094270833333316 0.04236111111111111
0 0.9824791666666667 0.8806851851851851 0.03399999999999987 0.061777777777777806
0 0.9549921875 0.8042592592592592 0.05116145833333334 0.05981481481481473
0 0.9313281250000001 0.7573749999999999 0.05386458333333337 0.03882407407407392
0 0.9629765625 0.7372037037037038 0.03706770833333337 0.041518518518518656
0 0.9494114583333333 0.7058425925925925 0.047781249999999886 0.0396481481481483
0 0.8720651041666667 0.6616157407407407 0.03082812500000003 0.01991666666666666
0 0.7843359375000001 0.632625 0.036703125000000135 0.03725000000000002
0 0.6888880208333333 0.6126342592592593 0.04163020833333349 0.0320092592592592
0 0.783859375 0.5678657407407408 0.02687499999999995 0.026546296296296363
0 0.7387734375000001 0.6363148148148149 0.03172395833333326 0.03422222222222226
0 0.8688359375 0.5765555555555556 0.025692708333333297 0.02092592592592584
0 0.9303177083333334 0.5497453703703703 0.03280208333333334 0.02791666666666675
0 0.5823932291666666 0.958337962962963 0.02280729166666665 0.04056481481481476
0 0.8518671875 0.6722592592592592 0.019588541666666733 0.025055555555555505
0 0.8618645833333335 0.6101805555555556 0.02695833333333345 0.03017592592592585
0 0.6249557291666666 0.5657314814814814 0.026411458333333353 0.024944444444444495
0 0.6507083333333334 0.5394537037037036 0.020468750000000095 0.021425925925925807
0 0.5913046874999999 0.6042777777777777 0.030703124999999904 0.024648148148148048
0 0.6018307291666666 0.5159768518518518 0.03244270833333331 0.025157407407407475
0 0.12171875 0.6844027777777778 0.026437499999999996 0.022009259259259242
0 0.30671354166666664 0.4831481481481481 0.036156250000000036 0.02609259259259265
0 0.25273958333333335 0.5592407407407407 0.024208333333333342 0.02388888888888885
0 0.34079427083333336 0.5335833333333333 0.02354687500000002 0.020203703703703644
0 0.3164427083333333 0.5918564814814814 0.029739583333333285 0.028861111111111178
0 0.4046796875 0.5480092592592591 0.03488020833333335 0.02629629629629638
0 0.4913515625 0.5000370370370371 0.021182291666666703 0.018555555555555523
0 0.4352421875 0.6580138888888889 0.037703124999999935 0.04560185185185185
0 0.4498984375 0.596287037037037 0.02222395833333337 0.03151851851851849
0 0.42276562500000003 0.5137499999999999 0.032458333333333415 0.023222222222222155
0 0.7414895833333333 0.514375 0.022854166666666724 0.02087962962962959
0 0.013541666666666667 0.799074074074074 0.027083333333333334 0.032407407407407406
0 0.016927083333333332 0.8634259259259259 0.033854166666666664 0.03981481481481482
0 0.025666666666666667 0.7308148148148148 0.03730208333333333 0.04127777777777771
0 0.09743229166666666 0.6736527777777779 0.027249999999999996 0.031287037037037
0 0.2737213541666667 0.5761064814814815 0.02751562499999999 0.022472222222222206
0 0.3535833333333333 0.6973055555555555 0.017000000000000053 0.024833333333333485
0 0.34947395833333333 0.730925925925926 0.01782291666666668 0.026481481481481398
0 0.4668984375 0.5774398148148148 0.018171874999999935 0.022212962962962973
0 0.6646197916666667 0.5013888888888889 0.026135416666666817 0.027925925925926003
0 0.7980026041666667 0.6129907407407407 0.024890624999999982 0.03487037037037023
0 0.6646484375 0.6542361111111111 0.02941145833333323 0.030861111111111044
0 0.6225755208333333 0.5411388888888888 0.023880208333333285 0.025703703703703694
0 0.2949322916666667 0.5500185185185185 0.04104166666666664 0.04011111111111105
0 0.4025052083333333 0.700949074074074 0.03242708333333345 0.03217592592592593
0 0.2422734375 0.6066805555555554 0.01847395833333335 0.029787037037037105
0 0.08586197916666666 0.5641990740740741 0.031734375 0.032305555555555435
0 0.13249739583333334 0.5059259259259259 0.028380208333333337 0.026203703703703663
0 0.3187447916666667 0.593375 0.026374999999999933 0.027527777777777793
0 0.26596875 0.6332314814814815 0.035416666666666666 0.036388888888888846