0 0.28416406250000004 0.7402314814814815 0.040848958333333275 0.030962962962963015
0 0.3251666666666667 0.6985462962962963 0.037635416666666664 0.03194444444444444
0 0.31499739583333336 0.6455 0.030411458333333266 0.028499999999999973
0 0.23515104166666667 0.771875 0.029854166666666633 0.043472222222222266
0 0.215765625 0.7947638888888889 0.020791666666666705 0.025046296296296254
0 0.2464348958333333 0.9422777777777779 0.06442187500000003 0.07414814814814807
0 0.33374479166666665 0.8654444444444445 0.026072916666666637 0.05262962962962976
0 0.32551562500000003 0.9620972222222223 0.04082291666666672 0.055175925925925955
0 0.3016197916666667 0.7973287037037037 0.038822916666666644 0.04480555555555544
0 0.34556770833333333 0.7574537037037037 0.036583333333333336 0.04216666666666663
0 0.3776067708333333 0.7069166666666666 0.04957812500000003 0.046740740740740756
0 0.3710520833333334 0.7625694444444445 0.02244791666666662 0.03784259259259249
0 0.3854869791666667 0.7914398148148148 0.03444270833333339 0.03302777777777784
0 0.40609895833333337 0.8570462962962964 0.03831249999999997 0.04609259259259257
0 0.3882421875 0.9159444444444444 0.07313020833333325 0.08783333333333346
0 0.12361979166666666 0.9700694444444444 0.045093749999999995 0.058009259259259344
0 0.057765625 0.940037037037037 0.06954166666666665 0.06750000000000009
0 0.0703046875 0.7773472222222223 0.057588541666666666 0.05752777777777788
0 0.14795052083333332 0.7099305555555556 0.044192708333333344 0.04719444444444447
0 0.1578671875 0.843023148148148 0.057015625 0.04454629629629642
0 0.04215104166666666 0.6063055555555555 0.04496875 0.0448148148148149
0 0.0221640625 0.6602083333333334 0.033963541666666666 0.02767592592592581
0 0.07295052083333334 0.7006527777777777 0.03448437499999999 0.04356481481481499
0 0.06711197916666665 0.6668518518518519 0.042734375000000005 0.03633333333333334
0 0.076921875 0.6153888888888889 0.030520833333333344 0.03127777777777775
0 0.11179947916666667 0.6349398148148149 0.031776041666666664 0.028731481481481455
0 0.09909895833333333 0.5829120370370371 0.031510416666666666 0.03399074074074077
0 0.08755729166666668 0.5503518518518519 0.03231249999999998 0.029703703703703635
0 0.0795703125 0.49805555555555553 0.03689062499999999 0.03470370370370372
0 0.1411171875 0.5359259259259259 0.038953124999999984 0.030018518518518587
0 0.13763020833333334 0.5003842592592592 0.04108333333333333 0.0364351851851851
0 0.15143229166666666 0.4667268518518518 0.028104166666666687 0.025194444444444478
0 0.1645911458333333 0.4821944444444444 0.026651041666666705 0.028888888888888933
0 0.1813671875 0.5932592592592593 0.034109375000000004 0.030000000000000086
0 0.20410416666666667 0.5585787037037037 0.030520833333333344 0.02552777777777772
0 0.2269947916666667 0.581449074074074 0.03213541666666669 0.030638888888889024
0 0.23538802083333332 0.6148750000000001 0.03933854166666665 0.04408333333333345
0 0.2826692708333333 0.5844398148148148 0.03659895833333333 0.03324999999999986
0 0.33615104166666665 0.5207037037037037 0.03178124999999999 0.022981481481481422
0 0.34970572916666665 0.5673564814814814 0.029317708333333314 0.024157407407407332
0 0.368625 0.598837962962963 0.037729166666666696 0.042398148148148115
0 0.3761510416666667 0.6505185185185185 0.038447916666666755 0.04025925925925928
0 0.208484375 0.49599537037037034 0.02408333333333334 0.036990740740740574
0 0.24384635416666667 0.4305046296296296 0.03029687499999998 0.025824074074074062
0 0.2620208333333333 0.5001805555555555 0.039156249999999976 0.02521296296296298
0 0.2897604166666667 0.47709259259259257 0.022781250000000006 0.022018518518518493
0 0.5179947916666666 0.9516018518518519 0.041312500000000085 0.05864814814814828
0 0.47675 0.9019583333333333 0.04201041666666671 0.05213888888888884
0 0.5348385416666667 0.8644351851851851 0.026052083333333323 0.043685185185185035
0 0.5187005208333333 0.7573703703703704 0.047390625000000124 0.056814814814814936
0 0.5583411458333334 0.7282777777777777 0.04934895833333333 0.0552222222222221
0 0.4265963541666667 0.6760787037037037 0.03816145833333332 0.03784259259259249
0 0.4273307291666667 0.6165787037037037 0.034401041666666646 0.045324074074074114
0 0.4093125 0.5509166666666667 0.029125000000000036 0.021611111111111036
0 0.4723177083333333 0.5946666666666667 0.02766666666666661 0.03324074074074083
0 0.4965130208333334 0.6169166666666667 0.03395312500000003 0.029685185185185134
0 0.41009375 0.5244027777777778 0.03664583333333328 0.021379629629629766
0 0.46224739583333335 0.5222129629629629 0.025651041666666666 0.029685185185185134
0 0.5303385416666667 0.4833888888888888 0.01975000000000004 0.01787037037037054
0 0.5538072916666666 0.5198240740740742 0.021177083333333256 0.019148148148147998
0 0.5636458333333334 0.49417592592592596 0.019010416666666665 0.01627777777777771
0 0.5489973958333334 0.6116018518518518 0.02279687499999999 0.028092592592592728
0 0.534234375 0.6841574074074074 0.031520833333333324 0.04890740740740735
0 0.5689192708333334 0.6762175925925926 0.03530729166666665 0.046472222222222276
0 0.6056067708333333 0.6307638888888889 0.02820312499999981 0.03587962962962963
0 0.6066354166666666 0.7288009259259259 0.03622916666666664 0.030972222222222266
0 0.6076692708333333 0.5208888888888888 0.033473958333333324 0.03094444444444451
0 0.6000182291666666 0.45698611111111115 0.028880208333333237 0.024879629629629633
0 0.6533958333333333 0.5762453703703704 0.032906249999999915 0.03591666666666663
0 0.6201692708333333 0.4944722222222222 0.02347395833333318 0.024333333333333308
0 0.6402317708333333 0.4796018518518519 0.028286458333333542 0.02390740740740735
0 0.648828125 0.5029768518518519 0.026520833333333372 0.025268518518518485
0 0.6305755208333333 0.8530648148148148 0.04721354166666648 0.06012962962962968
0 0.7419348958333333 0.8477268518518519 0.038973958333333295 0.06676851851851863
0 0.7176432291666667 0.8586527777777778 0.02223437500000003 0.02899074074074069
0 0.7367578125 0.9214861111111111 0.03477604166666666 0.058694444444444535
0 0.7465572916666666 0.980037037037037 0.043031249999999945 0.031759259259259424
0 0.6710859375000001 0.7417083333333334 0.032817708333333445 0.03178703703703697
0 0.7170885416666667 0.7457314814814815 0.044416666666666535 0.05748148148148141
0 0.7436015625000001 0.7575185185185185 0.026828125000000112 0.03712962962962955
0 0.7261848958333333 0.7219259259259259 0.032348958333333164 0.03216666666666668
0 0.6971302083333334 0.7258981481481481 0.02454166666666661 0.03351851851851856
0 0.6879322916666666 0.6195555555555555 0.02890625 0.03261111111111114
0 0.6455703125 0.6686574074074075 0.02611979166666648 0.04685185185185177
0 0.7603072916666667 0.6427824074074074 0.030906250000000076 0.026879629629629604
0 0.7723645833333334 0.7349212962962962 0.02703125000000005 0.038324074074073955
0 0.7743671874999999 0.5813703703703703 0.026598958333333183 0.03424074074074076
0 0.688375 0.5768101851851851 0.021999999999999888 0.03026851851851857
0 0.7439192708333333 0.5898564814814815 0.02180729166666661 0.029731481481481598
0 0.757015625 0.616175925925926 0.02659374999999997 0.03481481481481473
0 0.7213177083333332 0.5674675925925926 0.029343750000000075 0.03387962962962955
0 0.7004921875000001 0.5385925925925926 0.015359374999999887 0.023685185185185118
0 0.7335520833333333 0.5444166666666667 0.018343750000000134 0.022018518518518493
0 0.8359401041666668 0.9724583333333334 0.05300520833333356 0.05323148148148139
0 0.8712265625000001 0.8768287037037036 0.06706770833333356 0.08136111111111101
0 0.8228723958333333 0.7920092592592592 0.04825520833333338 0.04890740740740735
0 0.8114427083333333 0.883662037037037 0.024406250000000067 0.046416666666666766
0 0.910390625 0.963300925925926 0.045874999999999964 0.06056481481481468
0 0.9378255208333334 0.9464537037037037 0.06343229166666665 0.08096296296296301
0 0.9738932291666667 0.9206064814814815 0.03828645833333345 0.06015740740740743
0 0.9753854166666667 0.8671064814814815 0.0378020833333333 0.0570092592592592
0 0.8473177083333333 0.7701990740740742 0.04153124999999989 0.04419444444444446
0 0.9077786458333333 0.8314814814814815 0.059692708333333164 0.055740740740740785
0 0.9813828125 0.7708842592592592 0.033734375000000226 0.03008333333333334
0 0.9875703125000002 0.809449074074074 0.021609374999999886 0.02304629629629618
0 0.9670286458333334 0.718875 0.043234375000000116 0.04252777777777784
0 0.898328125 0.6700277777777778 0.0460208333333334 0.04820370370370365
0 0.8773046875 0.7017685185185185 0.018911458333333304 0.01990740740740741
0 0.7925833333333333 0.597712962962963 0.017416666666666695 0.014592592592592584
0 0.8058098958333334 0.7073611111111111 0.022140625000000115 0.023444444444444597
0 0.7925390625 0.617986111111111 0.029109374999999934 0.023879629629629594
0 0.7921250000000001 0.6411851851851852 0.025624999999999905 0.028796296296296212
0 0.8593307291666666 0.5196388888888889 0.02960937499999995 0.030962962962963015
0 0.8579947916666666 0.5451481481481482 0.033114583333333295 0.020351851851851867
0 0.82628125 0.5685925925925925 0.020895833333333277 0.023000000000000135
0 0.8554739583333333 0.6004351851851852 0.020895833333333277 0.020648148148148106
0 0.9023749999999999 0.5512685185185185 0.0365729166666668 0.026981481481481575
0 0.8984765625000001 0.5927685185185185 0.018161458333333276 0.023000000000000135
0 0.8823463541666666 0.5917453703703704 0.012942708333333285 0.02123148148148133
0 0.8999166666666667 0.6145879629629629 0.023364583333333164 0.02573148148148145
0 0.7894583333333334 0.5521527777777778 0.02985416666666675 0.031398148148148015
0 0.7348750000000001 0.4909351851851852 0.023270833333333484 0.02533333333333345
0 0.7611979166666667 0.5026342592592593 0.023010416666666582 0.021620370370370286
0 0.7690234375 0.5290138888888889 0.025494791666666572 0.018601851851851987