0 0.03222916666666667 0.6799351851851853 0.04102083333333333 0.034722222222222224
0 0.060580729166666666 0.9027592592592593 0.062890625 0.09098148148148126
0 0.13796354166666666 0.6198425925925927 0.02954166666666668 0.035703703703703654
0 0.16695572916666668 0.7892824074074074 0.03280729166666667 0.04449074074074091
0 0.10703125 0.9455370370370371 0.04338541666666667 0.08718518518518505
0 0.21049479166666665 0.8321157407407407 0.0390625 0.07223148148148169
0 0.05319010416666667 0.977199074074074 0.06254687499999999 0.04375
0 0.2803046875 0.9312037037037038 0.059765625 0.06494444444444433
0 0.25934375 0.7354305555555556 0.046041666666666654 0.041694444444444416
0 0.23324739583333332 0.7111111111111111 0.038015625000000004 0.04531481481481486
0 0.15594791666666666 0.9236944444444444 0.053416666666666654 0.07037037037037037
0 0.14208854166666668 0.8864074074074074 0.03008333333333333 0.04537037037037037
0 0.17585416666666667 0.8406481481481481 0.02575000000000003 0.04324074074074078
0 0.1789375 0.7487546296296296 0.03393749999999998 0.03876851851851842
0 0.23109114583333332 0.9076851851851852 0.04702604166666665 0.07188888888888877
0 0.19855989583333333 0.98125 0.044130208333333344 0.03564814814814815
0 0.29208854166666665 0.9796157407407409 0.02613541666666658 0.038305555555555454
0 0.35894270833333336 0.9265648148148149 0.0499270833333334 0.06429629629629635
0 0.3806458333333333 0.8804120370370371 0.04157291666666675 0.05454629629629616
0 0.3966588541666667 0.8487407407407408 0.04300520833333342 0.04314814814814806
0 0.4428020833333334 0.8782777777777777 0.03464583333333333 0.04583333333333333
0 0.4459140625 0.9521712962962964 0.02872395833333338 0.03460185185185175
0 0.4994635416666667 0.8021574074074074 0.02926041666666658 0.03792592592592596
0 0.2939817708333333 0.7684583333333332 0.03792187499999997 0.0437685185185185
0 0.3102135416666666 0.7009768518518518 0.039114583333333286 0.04260185185185184
0 0.36516927083333334 0.6760092592592591 0.038963541666666636 0.04405555555555549
0 0.412046875 0.6500833333333333 0.03998958333333332 0.03911111111111112
0 0.3784869791666666 0.7820833333333334 0.023151041666666573 0.03127777777777775
0 0.5057578125000001 0.6995416666666666 0.034296874999999956 0.04591666666666659
0 0.5417265625 0.703388888888889 0.03434895833333324 0.04042592592592579
0 0.49051562499999996 0.6637731481481481 0.02614583333333324 0.035694444444444404
0 0.5000442708333334 0.5712777777777778 0.029067708333333307 0.027444444444444327
0 0.6010182291666666 0.9514629629629628 0.03193229166666664 0.04018518518518527
0 0.5740598958333334 0.809 0.047848958333333275 0.06720370370370364
0 0.6150677083333332 0.8088796296296297 0.02826041666666678 0.0411666666666667
0 0.669796875 0.8969768518518518 0.07002083333333337 0.07084259259259258
0 0.6755729166666666 0.9797407407407407 0.030625000000000093 0.03451851851851828
0 0.7257890625 0.9569027777777777 0.027015624999999942 0.05519444444444456
0 0.8167630208333333 0.9584305555555556 0.03814062500000001 0.051657407407407374
0 0.7760989583333334 0.9005185185185185 0.0534270833333333 0.07988888888888908
0 0.7163906250000001 0.8035324074074075 0.040708333333333256 0.05154629629629636
0 0.6554401041666668 0.8209027777777779 0.04147395833333339 0.033861111111111265
0 0.6464505208333333 0.7581759259259259 0.02970312499999987 0.03790740740740746
0 0.690234375 0.7351157407407407 0.03484375000000005 0.06449074074074082
0 0.7789739583333334 0.7999166666666667 0.05003125000000021 0.05472222222222214
0 0.8136536458333334 0.819675925925926 0.04810937499999994 0.05842592592592584
0 0.8172031250000001 0.8676064814814816 0.0271979166666668 0.04756481481481471
0 0.8430494791666667 0.8805046296296296 0.03463020833333322 0.04732407407407419
0 0.9161927083333334 0.9020277777777779 0.06774999999999996 0.07372222222222212
0 0.8604713541666666 0.7831296296296296 0.04873437500000009 0.05301851851851851
0 0.89775 0.82975 0.037229166666666674 0.046611111111111034
0 0.9189479166666668 0.7928472222222221 0.046541666666666495 0.06482407407407406
0 0.9659817708333333 0.9554398148148148 0.06596354166666671 0.07556481481481493
0 0.9789921874999999 0.8177546296296296 0.04097395833333337 0.04756481481481471
0 0.9872421875 0.7475046296296297 0.02447395833333322 0.03036111111111108
0 0.9236484375 0.70575 0.03082812500000003 0.022814814814814698
0 0.8226380208333334 0.6697453703703704 0.04481770833333343 0.04086111111111121
0 0.7163906250000001 0.6472407407407407 0.043947916666666725 0.03714814814814805
0 0.8168046874999999 0.5996018518518518 0.03701562499999985 0.03894444444444439
0 0.7695104166666666 0.6776527777777778 0.03548958333333327 0.036768518518518555
0 0.9133125 0.6076944444444444 0.03405208333333339 0.020444444444444376
0 0.9771223958333333 0.5780277777777778 0.03520312500000008 0.026129629629629655
0 0.8974661458333333 0.7203240740740741 0.019588541666666733 0.025055555555555505
0 0.9047447916666668 0.6447546296296297 0.04104166666666676 0.04187962962962965
0 0.6458463541666667 0.595537037037037 0.029390625000000153 0.03449999999999999
0 0.6759375 0.5662453703703705 0.029895833333333382 0.029027777777777694
0 0.6117135416666667 0.6369166666666667 0.03517708333333332 0.03050000000000005
0 0.6231354166666667 0.5418009259259259 0.031906250000000115 0.02304629629629618
0 0.10975781250000001 0.7266898148148149 0.028890625000000014 0.02382407407407409
0 0.3073020833333333 0.504875 0.03633333333333333 0.03037962962962958
0 0.25165364583333333 0.5877268518518518 0.02471354166666669 0.027861111111111034
0 0.359671875 0.5742685185185186 0.035302083333333435 0.028851851851851715
0 0.31918489583333337 0.6275000000000001 0.036213541666666654 0.03444444444444428
0 0.411796875 0.5766898148148148 0.038156249999999996 0.032138888888888925
0 0.5033567708333333 0.5246388888888888 0.022984375000000057 0.02768518518518527
0 0.4461145833333333 0.7001851851851852 0.04151041666666657 0.05
0 0.461671875 0.6301898148148148 0.02460416666666667 0.03576851851851862
0 0.43363802083333336 0.5365092592592593 0.034828124999999946 0.029555555555555623
0 0.7715078125 0.5365972222222223 0.02574479166666682 0.023990740740740608
0 0.014322916666666666 0.7800925925925926 0.028645833333333332 0.041666666666666664
0 0.08545572916666666 0.7120925925925925 0.03716145833333335 0.04051851851851872
0 0.27458072916666665 0.605638888888889 0.02993229166666668 0.024333333333333308
0 0.35603124999999997 0.7433564814814815 0.016999999999999935 0.024824074074074023
0 0.35258333333333336 0.7827037037037037 0.021041666666666715 0.026481481481481398
0 0.47655468749999996 0.6093425925925926 0.018171874999999935 0.022203703703703722
0 0.6845755208333333 0.5273703703703703 0.02613020833333337 0.02792592592592579
0 0.8353072916666666 0.6526759259259259 0.024885416666666535 0.03487037037037045
0 0.6925494791666668 0.6961388888888889 0.03053645833333339 0.03153703703703699
0 0.0125 0.6324074074074074 0.025 0.03611111111111111
0 0.6420598958333333 0.5690694444444445 0.023880208333333524 0.025694444444444443
0 0.14840104166666665 0.5687453703703704 0.018843750000000034 0.016509259259259192
0 0.16606770833333334 0.5532037037037038 0.0207395833333333 0.018999999999999982
0 0.22162239583333332 0.55175 0.034567708333333336 0.026814814814814847
0 0.2260208333333333 0.5713055555555555 0.023249999999999993 0.021222222222222288
0 0.1898828125 0.5416898148148148 0.023880208333333344 0.026805555555555596
0 0.29302083333333334 0.574875 0.04689583333333332 0.050287037037036984
0 0.4101197916666666 0.7476064814814815 0.03242708333333333 0.03217592592592593
0 0.24009895833333333 0.6411435185185185 0.018031250000000002 0.03189814814814798
0 0.0709609375 0.5940972222222223 0.03475520833333334 0.03352777777777781
0 0.12395572916666667 0.5266111111111111 0.026369791666666663 0.03275925925925936
0 0.32214322916666666 0.6530185185185186 0.027890624999999978 0.03357407407407407
0 0.26307291666666666 0.672875 0.03618750000000001 0.04030555555555553