0 0.3084296875 0.7107222222222221 0.04084895833333325 0.030962962962963015
0 0.3483177083333333 0.6730092592592593 0.037635416666666664 0.03194444444444444
0 0.3370338541666667 0.624175925925926 0.030411458333333266 0.028499999999999973
0 0.26038020833333336 0.7374212962962963 0.027614583333333324 0.03530555555555566
0 0.2426953125 0.7577037037037037 0.020640625 0.021814814814814763
0 0.2710572916666667 0.8896527777777778 0.06009375000000003 0.06691666666666665
0 0.352328125 0.8211296296296295 0.024666666666666733 0.0484814814814816
0 0.35197135416666664 0.9141666666666666 0.04059895833333336 0.07322222222222216
0 0.32381770833333334 0.7571249999999999 0.03862499999999992 0.042175925925926096
0 0.3644322916666667 0.7184259259259259 0.036583333333333336 0.04216666666666663
0 0.3945729166666666 0.6810601851851852 0.042916666666666714 0.04675000000000001
0 0.3902421875 0.7261481481481482 0.02244270833333329 0.03783333333333345
0 0.40401822916666663 0.7500277777777777 0.03444270833333339 0.033018518518518385
0 0.42583333333333334 0.8137361111111111 0.03831249999999997 0.04610185185185182
0 0.40741666666666665 0.8586712962962963 0.07260416666666672 0.07426851851851855
0 0.0290390625 0.8168842592592592 0.05025520833333333 0.06604629629629623
0 0.03477604166666667 0.8713425925925925 0.05313541666666667 0.07801851851851851
0 0.052247395833333335 0.9705740740740739 0.04596354166666667 0.04603703703703717
0 0.14447395833333332 0.9757453703703702 0.038218749999999996 0.04665740740740771
0 0.16530729166666666 0.9216898148148148 0.04509374999999996 0.06847222222222227
0 0.10927083333333334 0.8862500000000001 0.05968750000000001 0.058944444444444306
0 0.10912239583333333 0.7413796296296297 0.055213541666666664 0.050388888888888955
0 0.17926041666666667 0.6829120370370371 0.042697916666666676 0.04125000000000017
0 0.19507291666666665 0.7988379629629629 0.05581250000000004 0.0445462962962962
0 0.07200520833333333 0.5877685185185185 0.04496874999999999 0.0448148148148149
0 0.052572916666666664 0.6340185185185185 0.03189583333333334 0.025999999999999933
0 0.10657291666666667 0.6728657407407407 0.033791666666666664 0.0422500000000001
0 0.09812499999999999 0.641087962962963 0.042729166666666644 0.03634259259259259
0 0.10787239583333334 0.5945833333333334 0.030515625000000015 0.03127777777777775
0 0.1374869791666667 0.6137083333333334 0.031776041666666664 0.028731481481481667
0 0.1262734375 0.5667453703703704 0.031776041666666664 0.03160185185185195
0 0.11779427083333334 0.5378981481481482 0.032307291666666654 0.029703703703703635
0 0.1032890625 0.4906388888888889 0.036265624999999996 0.03351851851851856
0 0.1641796875 0.5243055555555556 0.038953124999999984 0.030018518518518587
0 0.15684375 0.4897083333333333 0.037124999999999984 0.0356574074074074
0 0.1706197916666667 0.45826851851851846 0.024041666666666708 0.023555555555555607
0 0.1822760416666667 0.4736388888888889 0.02659374999999997 0.021999999999999992
0 0.20334114583333335 0.57575 0.034109375000000004 0.030000000000000086
0 0.22394791666666666 0.5422407407407407 0.030520833333333285 0.02553703703703697
0 0.2491770833333333 0.5675138888888889 0.03213541666666669 0.030638888888889024
0 0.25614062499999996 0.5944537037037037 0.041114583333333364 0.03446296296296299
0 0.3013723958333333 0.5665833333333334 0.03477604166666666 0.0271481481481483
0 0.3525494791666667 0.5096851851851852 0.031776041666666664 0.022981481481481634
0 0.36405729166666667 0.5500555555555555 0.028364583333333353 0.023296296296296162
0 0.38602343749999996 0.5793333333333334 0.03430729166666661 0.04148148148148165
0 0.3944140625 0.6271342592592594 0.03465104166666665 0.03447222222222224
0 0.22902083333333334 0.4872962962962963 0.02297916666666661 0.030000000000000086
0 0.2574609375 0.4266527777777778 0.02872395833333332 0.022342592592592588
0 0.2793541666666667 0.49070833333333336 0.03915625000000003 0.02521296296296298
0 0.30332291666666666 0.46849537037037037 0.022781250000000006 0.022027777777777743
0 0.5324322916666666 0.899462962962963 0.050197916666666724 0.06892592592592597
0 0.4928411458333333 0.8501898148148147 0.037807291666666624 0.045324074074073906
0 0.5477161458333334 0.8159861111111112 0.02518229166666662 0.04152777777777769
0 0.5322239583333332 0.7212268518518518 0.042166666666666686 0.05486111111111111
0 0.5693333333333332 0.6983981481481482 0.04449999999999979 0.054277777777777675
0 0.44268489583333337 0.6498148148148147 0.037880208333333346 0.037018518518518534
0 0.4432578125 0.6011111111111112 0.03572395833333341 0.03638888888888906
0 0.42335677083333334 0.5393518518518519 0.028921874999999986 0.020740740740740823
0 0.4837682291666667 0.5752268518518519 0.025151041666666648 0.03095370370370376
0 0.5049348958333334 0.5952685185185185 0.03395312500000003 0.029685185185185134
0 0.42121875000000003 0.5141342592592593 0.0366458333333334 0.021379629629629554
0 0.47527604166666665 0.5121574074074075 0.025656249999999995 0.029685185185185134
0 0.5388932291666667 0.47803703703703704 0.01974479166666665 0.017870370370370328
0 0.5623932291666667 0.5103333333333334 0.021609374999999886 0.019148148148147998
0 0.5698723958333335 0.4875185185185185 0.019015625000000112 0.01627777777777771
0 0.5588385416666666 0.5937685185185185 0.022802083333333202 0.028092592592592728
0 0.5372265625 0.6557638888888888 0.028890625000000072 0.0452499999999999
0 0.5731223958333334 0.6473657407407407 0.03530729166666665 0.046472222222222276
0 0.6077578124999999 0.6068240740740741 0.028203125000000048 0.03587037037037038
0 0.6101927083333333 0.6941064814814815 0.03622916666666664 0.030972222222222266
0 0.6108802083333332 0.512337962962963 0.034031250000000075 0.02704629629629633
0 0.6014739583333333 0.4510416666666667 0.02695833333333345 0.022175925925925967
0 0.6554166666666668 0.562787037037037 0.02945833333333354 0.03157407407407399
0 0.6226875 0.4833240740740741 0.023614583333333408 0.022018518518518493
0 0.6419713541666667 0.46767129629629633 0.02797395833333335 0.022009259259259242
0 0.6499036458333334 0.4926620370370371 0.02614062500000003 0.023231481481481617
0 0.6455052083333332 0.9463379629629629 0.01880208333333352 0.022824074074073948
0 0.6414140624999999 0.8104629629629629 0.042265624999999814 0.0470185185185187
0 0.7434947916666667 0.8062453703703704 0.0357812499999999 0.05380555555555546
0 0.7224296875 0.8133888888888889 0.01964062500000002 0.02542592592592596
0 0.7408463541666668 0.8679305555555555 0.03354687499999993 0.04512037037037039
0 0.7579322916666666 0.939 0.05365624999999999 0.06848148148148152
0 0.6753671874999999 0.7060879629629631 0.03184895833333314 0.029583333333333166
0 0.7160833333333334 0.7150694444444444 0.04265624999999981 0.04558333333333335
0 0.7474687499999999 0.7216481481481481 0.02269791666666663 0.03712962962962955
0 0.7256927083333333 0.6860694444444444 0.03234375000000019 0.03112037037037049
0 0.7002552083333333 0.6942499999999999 0.024125000000000084 0.029148148148148166
0 0.6895104166666667 0.5965648148148148 0.02821875000000015 0.03261111111111114
0 0.65059375 0.6423796296296296 0.025677083333333427 0.03912962962962962
0 0.75921875 0.6166064814814814 0.029135416666666695 0.026064814814814898
0 0.7709713541666666 0.7013703703703704 0.023848958333333316 0.03464814814814821
0 0.7729921875 0.5626481481481481 0.02659895833333342 0.03424074074074076
0 0.6941536458333334 0.5697824074074074 0.019244791666666573 0.024527777777777787
0 0.7436875000000001 0.5723935185185185 0.01880208333333352 0.021601851851851785
0 0.7539114583333334 0.5944490740740741 0.02201041666666678 0.020379629629629623
0 0.7202994791666666 0.5522962962962963 0.026598958333333183 0.023648148148148116
0 0.7009765625 0.5247546296296296 0.012630208333333334 0.01715740740740738
0 0.7322213541666667 0.527837962962963 0.018338541666666687 0.022009259259259242
0 0.8369765625 0.9262175925925926 0.06577604166666665 0.0723796296296297
0 0.8636328125 0.8266851851851851 0.06308854166666672 0.07342592592592609
0 0.8170286458333333 0.7506574074074075 0.04701562499999999 0.042407407407407574
0 0.8070494791666666 0.8347824074074075 0.024401041666666855 0.046416666666666766
0 0.9046536458333333 0.9065138888888888 0.05877604166666662 0.07452777777777779
0 0.9252604166666667 0.8965185185185185 0.062031249999999954 0.08666666666666659
0 0.9440520833333333 0.9839537037037037 0.04553125000000004 0.027462962962962828
0 0.9613828125 0.8686342592592593 0.04304687500000005 0.06015740740740743
0 0.9608671875 0.8170138888888889 0.04309895833333333 0.0554537037037038
0 0.8454973958333334 0.7341666666666666 0.03507812499999995 0.03449999999999999
0 0.9039427083333335 0.7892361111111111 0.047770833333333464 0.043787037037037006
0 0.9721901041666666 0.739300925925926 0.03955729166666657 0.03008333333333334
0 0.9777161458333334 0.7700601851851852 0.02910937500000017 0.02304629629629618
0 0.9554869791666666 0.6878287037037037 0.039328125000000116 0.03765740740740747
0 0.8912239583333333 0.6454814814814814 0.044927083333333444 0.04696296296296299
0 0.8714479166666665 0.6740555555555555 0.018906250000000093 0.01990740740740741
0 0.7867031250000001 0.5774675925925925 0.017416666666666695 0.014601851851851835
0 0.7997786458333332 0.6782685185185185 0.022140625000000115 0.023444444444444597
0 0.7868098958333333 0.5948379629629629 0.029109374999999934 0.023879629629629594
0 0.7892552083333333 0.6178518518518519 0.025624999999999905 0.028796296296296212
0 0.8509713541666667 0.5073425925925926 0.02960937499999995 0.028314814814814748
0 0.8504192708333334 0.5335324074074075 0.02593229166666665 0.020342592592592617
0 0.8220338541666666 0.556 0.020901041666666724 0.023000000000000135
0 0.8484088541666668 0.5834722222222222 0.020901041666666724 0.01990740740740741
0 0.8938645833333332 0.5415370370370369 0.0365729166666668 0.026981481481481363
0 0.8888880208333333 0.576962962962963 0.018161458333333276 0.022999999999999923
0 0.8728906249999999 0.5745787037037038 0.012937500000000076 0.02123148148148133
0 0.8904531250000001 0.5978287037037037 0.022781249999999885 0.021472222222222274
0 0.7848125 0.5402962962962963 0.029854166666666515 0.031407407407407474
0 0.7306744791666666 0.4832638888888888 0.023276041666666695 0.025342592592592545
0 0.7575833333333333 0.4934907407407408 0.023010416666666818 0.021611111111111247
0 0.7641067708333333 0.5186157407407408 0.025494791666666572 0.018601851851851987