0 0.2916953125 0.7236157407407408 0.04084895833333325 0.03095370370370376
0 0.3330677083333333 0.6825925925925926 0.037635416666666664 0.03194444444444444
0 0.3191927083333333 0.6242175925925926 0.034572916666666724 0.0348611111111112
0 0.2433177083333333 0.7445694444444444 0.027635416666666638 0.03771296296296298
0 0.2229453125 0.7666296296296297 0.020640625 0.021814814814814763
0 0.2550598958333333 0.9091666666666668 0.06275520833333334 0.07144444444444431
0 0.3378541666666667 0.8355092592592592 0.024791666666666618 0.04948148148148153
0 0.33224479166666665 0.934787037037037 0.04076041666666666 0.07946296296296311
0 0.3055 0.7676759259259258 0.03862499999999992 0.04218518518518514
0 0.3476640625 0.725763888888889 0.03657812500000001 0.042175925925926096
0 0.3810182291666667 0.6879398148148148 0.04883854166666666 0.04675000000000001
0 0.3804427083333334 0.7455509259259259 0.02244791666666662 0.03784259259259249
0 0.3943359375 0.7718564814814814 0.03444270833333339 0.03302777777777784
0 0.41567187499999997 0.8368240740740741 0.03831249999999997 0.04609259259259257
0 0.3974505208333333 0.8889814814814815 0.07313020833333325 0.08142592592592597
0 0.0109375 0.8236111111111111 0.021875 0.040740740740740744
0 0.015104166666666667 0.8777777777777778 0.030208333333333334 0.07777777777777778
0 0.032841145833333335 0.9806111111111111 0.04596354166666667 0.03692592592592603
0 0.13122395833333333 0.9808842592592593 0.027760416666666673 0.036379629629629595
0 0.13578645833333333 0.9407962962962962 0.04509375000000002 0.06848148148148152
0 0.0792265625 0.9031064814814815 0.06707812499999997 0.06610185185185173
0 0.08628385416666666 0.7511527777777778 0.055213541666666664 0.05471296296296289
0 0.1600390625 0.6910879629629629 0.04419270833333329 0.04719444444444447
0 0.17137499999999997 0.8129027777777778 0.05581250000000004 0.04454629629629642
0 0.054223958333333336 0.5929814814814816 0.04496875 0.0448148148148149
0 0.034416666666666665 0.6434953703703704 0.03189583333333334 0.025990740740740682
0 0.08610156249999999 0.6831805555555556 0.03448437499999999 0.04356481481481499
0 0.07981250000000001 0.6494583333333332 0.04272916666666666 0.03634259259259259
0 0.08998437499999999 0.6002314814814815 0.030520833333333344 0.03127777777777775
0 0.12194010416666666 0.6208148148148148 0.031776041666666664 0.028722222222222205
0 0.10964322916666666 0.5715046296296296 0.031776041666666664 0.03160185185185195
0 0.09967708333333333 0.5397407407407409 0.03231249999999998 0.029703703703703635
0 0.08863802083333333 0.49011574074074077 0.036265624999999996 0.03350925925925926
0 0.14856250000000001 0.5254583333333334 0.03894791666666665 0.030009259259259336
0 0.1441015625 0.4905324074074074 0.04058854166666664 0.03617592592592587
0 0.156671875 0.45859259259259255 0.026156250000000013 0.025074074074074006
0 0.1695807291666667 0.4736435185185185 0.02691145833333337 0.02467592592592601
0 0.18858333333333333 0.5799629629629629 0.03411458333333333 0.030000000000000086
0 0.21123958333333331 0.5457500000000001 0.030520833333333344 0.02553703703703697
0 0.2338802083333333 0.5697453703703704 0.03213541666666669 0.030638888888889024
0 0.24271874999999998 0.6000185185185185 0.040052083333333384 0.04024074074074077
0 0.2886432291666666 0.5701342592592593 0.03659895833333333 0.031064814814814774
0 0.3400546875 0.5105138888888889 0.031776041666666664 0.02297222222222217
0 0.353859375 0.5543981481481481 0.028364583333333353 0.02329629629629637
0 0.3734010416666667 0.5841388888888889 0.036364583333333415 0.04203703703703712
0 0.3813385416666667 0.632287037037037 0.03638541666666673 0.037740740740740734
0 0.21448697916666667 0.4867268518518518 0.02364062499999999 0.034194444444444506
0 0.24706770833333333 0.4240416666666667 0.029479166666666678 0.023861111111111093
0 0.26617708333333334 0.49019907407407404 0.039156249999999976 0.02521296296296298
0 0.2935546875 0.46849537037037037 0.022786458333333332 0.022027777777777743
0 0.5202578125 0.9230185185185185 0.05041145833333331 0.07085185185185183
0 0.4807239583333333 0.8695324074074074 0.03841666666666666 0.045324074074074114
0 0.5370546875 0.8334768518518518 0.026046875000000115 0.043694444444444494
0 0.5212604166666667 0.734125 0.04530208333333334 0.05602777777777777
0 0.5591901041666667 0.7079398148148148 0.0474114583333332 0.05484259259259261
0 0.43277343749999997 0.6587500000000001 0.037880208333333346 0.037018518518518534
0 0.43359635416666664 0.605962962962963 0.034932291666666636 0.039962962962962825
0 0.4138046875 0.5420324074074074 0.028921874999999986 0.020749999999999866
0 0.47579947916666665 0.5820648148148148 0.026161458333333342 0.03187037037037044
0 0.49904687500000006 0.6022916666666667 0.033947916666666585 0.029675925925925883
0 0.4133932291666666 0.515925925925926 0.036640624999999954 0.021388888888888805
0 0.4666588541666667 0.5141990740740741 0.025651041666666666 0.029675925925926095
0 0.5331484375 0.47816666666666674 0.01974479166666659 0.017870370370370488
0 0.5561432291666667 0.5118703703703703 0.02117187499999981 0.019148148148147998
0 0.5653489583333333 0.4875185185185185 0.019010416666666665 0.01627777777777771
0 0.552375 0.5996388888888889 0.022802083333333202 0.028092592592592516
0 0.5302942708333334 0.6611990740740741 0.02889062500000013 0.0452499999999999
0 0.5651744791666666 0.653162037037037 0.03530729166666665 0.046472222222222276
0 0.6006276041666666 0.6108148148148148 0.02820312499999981 0.03587037037037038
0 0.6019375 0.7026203703703703 0.03622916666666664 0.030981481481481516
0 0.6058359375 0.5115138888888888 0.03366145833333339 0.02963888888888909
0 0.5968854166666666 0.4496574074074074 0.028239583333333467 0.02398148148148146
0 0.6504244791666667 0.5641018518518519 0.03140104166666665 0.03257407407407413
0 0.6175520833333332 0.48438425925925926 0.023614583333333408 0.022009259259259242
0 0.637890625 0.4693842592592593 0.027968749999999907 0.022009259259259242
0 0.6455026041666667 0.49323148148148155 0.02614062500000003 0.023240740740740656
0 0.6354166666666666 0.9631898148148147 0.018802083333333285 0.022824074074073736
0 0.6320911458333334 0.8205185185185185 0.046546874999999946 0.051370370370370386
0 0.7381432291666667 0.8184768518518518 0.035786458333333354 0.053805555555555676
0 0.7166953125000001 0.8252268518518519 0.02223437500000003 0.02899074074074069
0 0.7343489583333332 0.8869490740740741 0.03369791666666657 0.05869444444444433
0 0.7452447916666666 0.9509629629629629 0.053656250000000225 0.06848148148148152
0 0.6687864583333334 0.7175833333333334 0.03235416666666661 0.030555555555555555
0 0.7120260416666666 0.7239166666666667 0.04398958333333335 0.04990740740740749
0 0.7405468749999999 0.7339583333333333 0.02517708333333341 0.037138888888889006
0 0.7216145833333333 0.6988287037037038 0.032343749999999956 0.03217592592592593
0 0.6940885416666667 0.7044027777777778 0.02454166666666661 0.029712962962962886
0 0.6839427083333334 0.6026759259259259 0.02890625 0.03261111111111114
0 0.6433880208333334 0.6498333333333334 0.025942708333333304 0.04375925925925925
0 0.7556432291666667 0.6249212962962962 0.029140624999999906 0.026064814814814898
0 0.767203125 0.7123333333333333 0.025760416666666685 0.03685185185185202
0 0.7691848958333334 0.5684351851851852 0.026598958333333183 0.03424074074074076
0 0.6903932291666666 0.5740277777777778 0.020901041666666724 0.027981481481481295
0 0.7393125 0.5760555555555557 0.02060416666666664 0.026481481481481398
0 0.7508828125000001 0.6002824074074075 0.02503645833333318 0.027009259259259327
0 0.7163984375 0.5539814814814814 0.028244791666666675 0.029777777777777643
0 0.6977161458333333 0.527287037037037 0.014265624999999933 0.021074074074074065
0 0.7293802083333333 0.531587962962963 0.018343750000000134 0.022009259259259242
0 0.8354166666666667 0.9495324074074073 0.06668749999999998 0.07399074074074072
0 0.8628281250000001 0.8460740740740741 0.06545833333333348 0.07342592592592588
0 0.8156067708333334 0.76625 0.04825520833333315 0.04292592592592604
0 0.8038307291666666 0.8525648148148148 0.02440104166666662 0.04640740740740731
0 0.9061015625000001 0.934699074074074 0.060432291666666534 0.07563888888888894
0 0.9261562499999999 0.9183287037037037 0.06343750000000009 0.09026851851851853
0 0.9639791666666667 0.8915509259259259 0.04304166666666684 0.06015740740740743
0 0.9649296875 0.8368518518518518 0.04355729166666673 0.05699999999999995
0 0.8429557291666666 0.7473425925925926 0.038953124999999984 0.04031481481481478
0 0.9011015625 0.8035277777777777 0.054921874999999905 0.05096296296296293
0 0.9741822916666667 0.7510648148148148 0.03956250000000002 0.03007407407407409
0 0.9793046874999999 0.786337962962963 0.02910937500000017 0.023046296296296388
0 0.9563802083333334 0.6988888888888889 0.039333333333333324 0.03888888888888889
0 0.8910260416666667 0.6522037037037037 0.0460208333333334 0.04820370370370365
0 0.8713463541666667 0.6827268518518519 0.01891145833333354 0.019898148148148158
0 0.7859999999999999 0.5822314814814814 0.01741666666666646 0.014592592592592794
0 0.7986510416666667 0.6884351851851852 0.022145833333333323 0.023444444444444386
0 0.7865416666666666 0.6004398148148148 0.029114583333333145 0.023879629629629594
0 0.7884479166666668 0.6236388888888889 0.025624999999999905 0.028796296296296212
0 0.8510703125 0.5087546296296297 0.02960937499999995 0.03008333333333334
0 0.84971875 0.5345925925925926 0.03071875000000001 0.020351851851851867
0 0.8189505208333333 0.5565324074074075 0.020901041666666724 0.023009259259259174
0 0.8473125 0.5864768518518518 0.020895833333333277 0.019898148148148158
0 0.8935677083333334 0.5406481481481482 0.0365729166666668 0.026981481481481363
0 0.8890885416666666 0.5794444444444444 0.018166666666666723 0.023000000000000135
0 0.873390625 0.5777638888888889 0.012937500000000076 0.021231481481481542
0 0.8903489583333334 0.5999583333333334 0.023166666666666676 0.024305555555555556
0 0.7828229166666667 0.5399444444444444 0.02985416666666675 0.031407407407407474
0 0.7289999999999999 0.4832638888888888 0.023270833333333484 0.025342592592592545
0 0.7554895833333333 0.49302314814814807 0.023010416666666818 0.021620370370370286
0 0.7631119791666667 0.5189907407407407 0.025494791666666572 0.018592592592592525