0 0.03234635416666667 0.8310462962962962 0.052703124999999997 0.07800000000000001
0 0.16001562500000002 0.981550925925926 0.04507291666666665 0.035046296296296214
0 0.2798333333333333 0.9735000000000001 0.060958333333333316 0.051148148148148054
0 0.29883072916666664 0.8944583333333335 0.042130208333333384 0.06584259259259272
0 0.3646744791666666 0.9326712962962964 0.06783854166666667 0.08873148148148141
0 0.4330260416666667 0.884550925925926 0.06950000000000003 0.07475000000000001
0 0.5717239583333333 0.9717175925925925 0.05407291666666651 0.054712962962963095
0 0.6169973958333334 0.9710833333333333 0.04304687500000005 0.055981481481481514
0 0.5429140625 0.9081481481481481 0.042744791666666754 0.05957407407407421
0 0.5509531249999999 0.7417824074074074 0.06760416666666676 0.059712962962962975
0 0.8703802083333334 0.8873981481481481 0.062343749999999906 0.0749814814814815
0 0.9587890625 0.9414212962962963 0.07207812499999994 0.07554629629629622
0 0.7556770833333334 0.7770925925925926 0.04895833333333333 0.06335185185185192
0 0.7863020833333333 0.7325138888888889 0.04412500000000013 0.043342592592592544
0 0.7136041666666666 0.8572083333333333 0.05760416666666686 0.06321296296296294
0 0.7085234375 0.6890787037037036 0.038265624999999893 0.0421944444444446
0 0.289 0.6288518518518519 0.05313541666666666 0.05642592592592598
0 0.20168229166666668 0.7663148148148148 0.035489583333333324 0.05416666666666667
0 0.3566822916666667 0.7500324074074075 0.041010416666666674 0.05376851851851867
0 0.294515625 0.842337962962963 0.061802083333333285 0.06023148148148144
0 0.42740624999999993 0.7551620370370371 0.05280208333333339 0.07012037037037039
0 0.5501328125 0.6625740740740741 0.03466145833333337 0.042388888888888865
0 0.49980989583333335 0.8552222222222222 0.03739062499999998 0.05227777777777781
0 0.452984375 0.689787037037037 0.043562499999999935 0.052092592592592586
0 0.9080677083333334 0.6825462962962964 0.03597916666666663 0.0448333333333334
0 0.233046875 0.7999675925925925 0.05794791666666666 0.055675925925926024
0 0.5209114583333334 0.8135231481481482 0.026124999999999923 0.03741666666666653
0 0.7905651041666668 0.6641527777777777 0.04061979166666655 0.04095370370370372
0 0.8411953124999999 0.9758009259259259 0.05127604166666657 0.04654629629629628
0 0.7425052083333333 0.7330833333333333 0.036458333333333336 0.044759259259259394
0 0.07853645833333335 0.8933055555555556 0.04129166666666666 0.05033333333333345
0 0.05682291666666666 0.7363379629629629 0.03364583333333335 0.03395370370370377
0 0.0876328125 0.7135138888888889 0.03466145833333334 0.03997222222222229
0 0.16033593750000003 0.7100833333333334 0.04145312499999996 0.041333333333333215
0 0.1659609375 0.7441157407407407 0.04441145833333333 0.04430555555555547
0 0.12085677083333334 0.6914074074074075 0.03143229166666668 0.03512962962962968
0 0.08523697916666667 0.7615185185185186 0.03202604166666667 0.029611111111111126
0 0.10347395833333334 0.7852592592592592 0.02765625000000001 0.02457407407407404
0 0.12672916666666667 0.7207407407407407 0.020750000000000015 0.030722222222222283
0 0.26278385416666666 0.7439305555555555 0.04901562500000001 0.053601851851851734
0 0.5202291666666666 0.6183472222222223 0.049020833333333395 0.04558333333333335
0 0.46442968749999997 0.6230787037037037 0.03999479166666665 0.036157407407407575
0 0.10707552083333334 0.593912037037037 0.034890625 0.02852777777777773
0 0.19589322916666668 0.49603703703703705 0.034536458333333304 0.02792592592592579
0 0.25951302083333333 0.477912037037037 0.024046875000000037 0.032787037037037114
0 0.28199739583333333 0.5789166666666666 0.036848958333333334 0.04177777777777768
0 0.3331510416666667 0.7227546296296297 0.039114583333333286 0.04784259259259266
0 0.33107812500000006 0.667037037037037 0.023239583333333275 0.03659259259259257
0 0.34737760416666663 0.6377361111111111 0.04118229166666675 0.039731481481481555
0 0.17668489583333333 0.8673194444444444 0.04590104166666666 0.06121296296296308
0 0.19348958333333333 0.5746898148148147 0.03181250000000002 0.029027777777777694
0 0.23041666666666666 0.6134861111111112 0.02680208333333335 0.03049074074074059
0 0.23762239583333333 0.5683055555555555 0.027651041666666622 0.02974074074074064
0 0.1357604166666667 0.5769120370370371 0.03139583333333332 0.025305555555555487
0 0.15607291666666664 0.5218333333333334 0.02681250000000001 0.023851851851851843
0 0.05496875 0.6215740740740741 0.03391666666666667 0.035740740740740656
0 0.21113802083333333 0.921537037037037 0.05823437499999997 0.07585185185185192
0 0.31313281249999997 0.4959305555555556 0.025588541666666725 0.03030555555555557
0 0.3399348958333333 0.5728101851851852 0.0327968749999999 0.030805555555555537
0 0.3792447916666667 0.5319675925925925 0.030125000000000075 0.027731481481481524
0 0.4232421875 0.5047592592592592 0.025057291666666613 0.02546296296296296
0 0.4090390625 0.5754212962962962 0.02840104166666665 0.03352777777777781
0 0.44281510416666664 0.5800555555555555 0.029109374999999934 0.042500000000000086
0 0.4702734375 0.5678009259259259 0.026734374999999963 0.027972222222222256
0 0.47851041666666666 0.5022314814814814 0.02315625000000002 0.02542592592592596
0 0.5035755208333333 0.5762731481481481 0.026734374999999963 0.02206481481481475
0 0.5229036458333334 0.586875 0.023130208333333378 0.03395370370370377
0 0.5043046875 0.6940555555555555 0.029911458333333366 0.04138888888888872
0 0.6133958333333334 0.5579814814814815 0.026645833333333258 0.027851851851851784
0 0.5947890625 0.6011898148148149 0.0321197916666667 0.03115740740740749
0 0.6306484375 0.6956296296296296 0.038859375000000064 0.034759259259259226
0 0.6688437500000001 0.6333796296296296 0.047114583333333356 0.04974074074074056
0 0.5515625 0.485875 0.014802083333333372 0.023342592592592627
0 0.5873671874999999 0.5123148148148148 0.023859375000000207 0.026574074074073906
0 0.6126588541666667 0.5104907407407406 0.02431770833333336 0.0271666666666668
0 0.6805677083333334 0.583787037037037 0.035395833333333356 0.043407407407407506
0 0.7066901041666666 0.5662175925925926 0.0364843750000001 0.03665740740740733
0 0.7293828125 0.5228101851851852 0.03786979166666669 0.04517592592592589
0 0.8024479166666667 0.6106898148148149 0.029093750000000067 0.039453703703703824
0 0.8368515625 0.6833333333333333 0.038651041666666684 0.05124074074074066
0 0.8539635416666668 0.6564027777777778 0.0518645833333333 0.04462037037037042
0 0.8613098958333334 0.8166851851851852 0.0663177083333333 0.0588518518518518
0 0.9232317708333333 0.853287037037037 0.05911979166666678 0.06172222222222209
0 0.9009427083333333 0.6188287037037037 0.0378020833333333 0.03993518518518529
0 0.8846770833333333 0.6425694444444444 0.036999999999999984 0.04041666666666675
0 0.9485494791666667 0.6764768518518519 0.04258854166666666 0.04130555555555567
0 0.9588463541666667 0.7067407407407407 0.03251562500000015 0.033370370370370335
0 0.934125 0.5788657407407407 0.034364583333333344 0.026768518518518383
0 0.9812135416666666 0.5770185185185186 0.03653125000000017 0.03151851851851849
0 0.796484375 0.5112314814814815 0.021489583333333447 0.023870370370370344
0 0.8485911458333334 0.572375 0.040901041666666534 0.03884259259259242
0 0.8712473958333333 0.5308842592592593 0.028630208333333466 0.02382407407407409