0 0.3000598958333333 0.7171712962962964 0.040848958333333366 0.030953703703703553
0 0.3406927083333333 0.6778055555555556 0.037635416666666664 0.03194444444444444
0 0.32794010416666663 0.6205416666666667 0.033369791666666634 0.03421296296296279
0 0.2518489583333333 0.7409953703703703 0.02762499999999998 0.03650925925925932
0 0.2328203125 0.7621666666666667 0.020640625 0.021814814814814763
0 0.26305989583333333 0.8994074074074074 0.06142187499999997 0.06918518518518521
0 0.34508854166666664 0.828324074074074 0.024729166666666677 0.04898148148148156
0 0.34210937499999994 0.9244768518518519 0.04067708333333329 0.07634259259259263
0 0.31465885416666667 0.7624027777777778 0.038630208333333374 0.04217592592592588
0 0.356046875 0.7220925925925926 0.036583333333333336 0.04216666666666663
0 0.387796875 0.6845 0.045874999999999964 0.046740740740740756
0 0.3858098958333333 0.7358287037037037 0.02244270833333329 0.03784259259259249
0 0.3993932291666667 0.7606666666666666 0.03444270833333339 0.033018518518518385
0 0.42114062499999994 0.8252685185185185 0.03831249999999997 0.04609259259259257
0 0.4027161458333333 0.8735787037037037 0.07313020833333325 0.07776851851851853
0 0.01897916666666667 0.8167546296296296 0.03722916666666667 0.055675925925926024
0 0.02419270833333333 0.8758518518518518 0.0459375 0.07801851851851851
0 0.036721354166666664 0.9786064814814814 0.04596354166666667 0.038749999999999916
0 0.133875 0.9798564814814814 0.029854166666666647 0.038435185185185385
0 0.14903385416666665 0.9296527777777778 0.04509895833333335 0.06847222222222227
0 0.097328125 0.8936851851851852 0.05968750000000001 0.058944444444444306
0 0.098375 0.7428333333333333 0.05521874999999999 0.05385185185185193
0 0.17104947916666666 0.6853101851851852 0.04389062499999999 0.04600925925925931
0 0.18506770833333336 0.8046759259259259 0.05581250000000004 0.04455555555555545
0 0.0640625 0.5882592592592591 0.04496874999999999 0.0448148148148149
0 0.04396614583333334 0.6364675925925926 0.031901041666666664 0.025990740740740682
0 0.09679947916666667 0.6762824074074074 0.03448437500000002 0.04356481481481477
0 0.09015364583333334 0.6426898148148148 0.042734375000000005 0.03634259259259259
0 0.10018229166666667 0.5955092592592592 0.030520833333333344 0.03127777777777775
0 0.12948177083333334 0.6159629629629629 0.031776041666666664 0.028722222222222205
0 0.11883593750000002 0.5674212962962963 0.031776041666666664 0.03160185185185195
0 0.11044791666666667 0.537574074074074 0.03231250000000001 0.029703703703703635
0 0.09718489583333333 0.4885879629629629 0.036265624999999996 0.03350925925925931
0 0.15696354166666668 0.5245648148148148 0.03894791666666665 0.030018518518518587
0 0.151171875 0.48951388888888886 0.03878125000000002 0.03591666666666669
0 0.16456770833333334 0.4580138888888889 0.02486458333333334 0.024953703703703745
0 0.1763671875 0.4731296296296296 0.02670312499999999 0.022888888888888913
0 0.19669791666666667 0.5774074074074074 0.03411458333333333 0.030000000000000086
0 0.21813541666666666 0.5428148148148149 0.030520833333333344 0.02553703703703697
0 0.24249479166666668 0.5691064814814815 0.03213541666666669 0.030638888888888813
0 0.250109375 0.5970740740740741 0.04076041666666666 0.036388888888888846
0 0.29575260416666665 0.5676388888888888 0.03659895833333333 0.02887037037037022
0 0.3469453125 0.51 0.031776041666666664 0.022981481481481634
0 0.35939062499999996 0.5513333333333333 0.028364583333333353 0.023296296296296162
0 0.38033072916666666 0.5811481481481481 0.0349947916666667 0.041666666666666664
0 0.38859635416666666 0.6295324074074073 0.03522395833333339 0.03556481481481468
0 0.22252604166666667 0.4867268518518518 0.023197916666666648 0.031398148148148224
0 0.2527760416666667 0.4251851851851852 0.02897916666666666 0.02285185185185191
0 0.27314062499999997 0.49032870370370374 0.03915625000000003 0.02521296296296298
0 0.2987239583333333 0.46798148148148144 0.022781250000000006 0.022018518518518493
0 0.5266484375 0.9096111111111111 0.05041145833333331 0.07085185185185183
0 0.4873333333333333 0.8588055555555556 0.03841666666666666 0.045333333333333364
0 0.5427994791666666 0.8232638888888889 0.026046875000000115 0.043694444444444494
0 0.5278255208333333 0.7268472222222222 0.04321354166666668 0.05525000000000007
0 0.5648255208333333 0.7030277777777778 0.04547395833333331 0.0544629629629629
0 0.43758593749999997 0.6504537037037037 0.037880208333333346 0.037018518518518534
0 0.43866145833333337 0.6016203703703704 0.03572916666666662 0.036388888888888846
0 0.41782552083333335 0.5385833333333334 0.028921874999999986 0.020740740740740823
0 0.4789557291666667 0.5762453703703704 0.025151041666666648 0.030953703703703553
0 0.5018489583333333 0.5953981481481482 0.033947916666666585 0.029685185185185134
0 0.41647916666666673 0.5127314814814815 0.0366458333333334 0.021388888888888805
0 0.47060677083333335 0.5111388888888888 0.025651041666666666 0.029685185185185134
0 0.5362369791666667 0.47714351851851855 0.01974479166666659 0.01787962962962958
0 0.5590130208333334 0.5090601851851853 0.02117187500000005 0.019157407407407456
0 0.5680052083333333 0.4856018518518519 0.019010416666666665 0.01627777777777771
0 0.5558958333333334 0.5942777777777777 0.022802083333333202 0.028092592592592728
0 0.5337578125 0.6584861111111111 0.028890624999999896 0.0452499999999999
0 0.5691484374999999 0.650263888888889 0.03530729166666665 0.046472222222222276
0 0.6041901041666667 0.6088194444444445 0.02820312499999981 0.03587962962962963
0 0.6060625 0.6983611111111111 0.036229166666666875 0.030981481481481516
0 0.6083593749999999 0.5119305555555556 0.03384375000000001 0.02834259259259271
0 0.5991796875000001 0.45035185185185184 0.02759895833333322 0.023074074074074035
0 0.6529218750000001 0.5634444444444444 0.030427083333333372 0.032074074074073956
0 0.6206692708333333 0.482912037037037 0.02361979166666662 0.022009259259259242
0 0.6403671875000001 0.46758796296296296 0.02797395833333335 0.022009259259259242
0 0.6477968749999999 0.49225 0.02613541666666658 0.023240740740740656
0 0.6404583333333334 0.9547638888888889 0.018802083333333285 0.02282407407407416
0 0.6367526041666667 0.8154907407407408 0.04441145833333333 0.04918518518518508
0 0.7408203125 0.8123657407407407 0.035786458333333354 0.053805555555555676
0 0.7195625 0.8193101851851852 0.020937499999999904 0.027212962962962845
0 0.7375989583333333 0.8774398148148148 0.033624999999999974 0.0518981481481481
0 0.7515885416666667 0.9449814814814814 0.05365624999999999 0.06848148148148152
0 0.6724583333333333 0.7102407407407407 0.03235416666666661 0.030555555555555555
0 0.7139973958333333 0.7190231481481482 0.043713541666666585 0.047620370370370216
0 0.7451328125 0.7271064814814816 0.023526041666666705 0.037138888888889006
0 0.7235390625000001 0.6906712962962962 0.032348958333333164 0.03217592592592593
0 0.697390625 0.6985324074074074 0.02454166666666661 0.029712962962963097
0 0.6870598958333335 0.5992592592592593 0.02891145833333345 0.032611111111110924
0 0.6477031249999999 0.6456805555555556 0.025770833333333344 0.040675925925925775
0 0.7576588541666667 0.6197083333333334 0.029140624999999906 0.026064814814814898
0 0.7692265625 0.7060555555555555 0.024484375000000114 0.035388888888888914
0 0.7715703125 0.5650138888888889 0.026598958333333183 0.03425000000000001
0 0.6924088541666668 0.57125 0.019796875000000113 0.025685185185185193
0 0.7417395833333332 0.5739398148148148 0.019406250000000114 0.023231481481481617
0 0.7521692708333333 0.596287037037037 0.02301562500000003 0.022592592592592678
0 0.7185104166666666 0.552587962962963 0.027145833333333275 0.025694444444444443
0 0.699828125 0.5254907407407408 0.013177083333333428 0.018462962962963014
0 0.7309375 0.5288194444444444 0.018343750000000134 0.022009259259259242
0 0.836015625 0.9368935185185185 0.06668749999999998 0.07419444444444455
0 0.8633229166666666 0.835462962962963 0.06545833333333348 0.07342592592592609
0 0.8163046875000001 0.7574027777777776 0.04825520833333338 0.04293518518518508
0 0.805421875 0.8433657407407408 0.02440624999999983 0.046416666666666766
0 0.9056067708333333 0.9191296296296296 0.060432291666666534 0.07564814814814819
0 0.9255572916666668 0.9070046296296297 0.06343750000000009 0.09026851851851832
0 0.9628854166666667 0.8795138888888889 0.0430416666666666 0.06015740740740743
0 0.9625390625 0.8260601851851852 0.04355729166666673 0.0570092592592592
0 0.84475 0.7397407407407408 0.036375000000000074 0.036444444444444564
0 0.9031927083333334 0.7954768518518519 0.0501562500000001 0.04617592592592582
0 0.9735833333333334 0.7445185185185186 0.03956250000000002 0.03007407407407409
0 0.9781119791666666 0.7774953703703703 0.02910937500000017 0.02304629629629618
0 0.95628125 0.6923425925925926 0.039333333333333324 0.03888888888888889
0 0.890625 0.6483101851851851 0.0460208333333334 0.048194444444444616
0 0.8715468749999999 0.677949074074074 0.018906250000000093 0.019898148148147946
0 0.785765625 0.578925925925926 0.017416666666666695 0.014592592592592584
0 0.7985494791666667 0.682537037037037 0.022140625000000115 0.023444444444444386
0 0.7861692708333334 0.5966064814814815 0.02910937500000017 0.023879629629629594
0 0.7884947916666666 0.6197314814814814 0.025624999999999905 0.028796296296296212
0 0.8510208333333333 0.5080509259259258 0.029604166666666744 0.02919444444444463
0 0.8500703125 0.5340601851851852 0.028328124999999933 0.020342592592592617
0 0.8204921875 0.5562685185185186 0.020901041666666724 0.023000000000000135
0 0.8478619791666666 0.5849722222222222 0.020901041666666724 0.01990740740740741
0 0.8937161458333333 0.5410925925925926 0.03657812500000001 0.026981481481481575
0 0.8889869791666667 0.5782037037037038 0.018161458333333276 0.023000000000000135
0 0.8731406249999999 0.5761712962962963 0.012937500000000076 0.021231481481481542
0 0.8904010416666668 0.5988935185185186 0.02297916666666661 0.022879629629629663
0 0.7838177083333332 0.5401203703703703 0.029854166666666515 0.031407407407407474
0 0.7298385416666666 0.4832638888888888 0.023270833333333484 0.025342592592592545
0 0.7565364583333334 0.4932592592592593 0.023010416666666818 0.021611111111111247
0 0.763609375 0.5188055555555555 0.02550000000000002 0.018592592592592525