0 0.0501328125 0.7810972222222222 0.05034895833333334 0.07162037037037029
0 0.21102604166666664 0.9716666666666668 0.07419791666666668 0.054814814814814754
0 0.17135677083333334 0.9359722222222221 0.04874479166666668 0.07583333333333342
0 0.27993229166666667 0.9197175925925927 0.05711458333333329 0.07204629629629625
0 0.3588151041666666 0.8640879629629629 0.05681770833333341 0.07139814814814827
0 0.42322916666666666 0.8286481481481482 0.06392708333333334 0.06485185185185181
0 0.553953125 0.9174490740740741 0.04957291666666676 0.0738796296296296
0 0.6006145833333333 0.9205555555555556 0.0462395833333332 0.06825925925925908
0 0.5289375000000001 0.8547870370370371 0.03708333333333336 0.04620370370370379
0 0.5333098958333333 0.7035231481481482 0.0432864583333334 0.05334259259259271
0 0.8146510416666667 0.9644537037037039 0.048645833333333145 0.06924074074074062
0 0.9727838541666666 0.8692268518518519 0.053390625000000115 0.06969444444444443
0 0.8326041666666666 0.8275601851851851 0.059791666666666764 0.071675925925926
0 0.9601432291666666 0.7514398148148149 0.04928645833333339 0.0577685185185184
0 0.9144192708333333 0.8776064814814816 0.06000520833333335 0.06841666666666654
0 0.731984375 0.738564814814815 0.04688541666666666 0.055018518518518585
0 0.7584375 0.6963148148148148 0.04223958333333329 0.0441296296296295
0 0.6890546875000001 0.8053009259259258 0.050692708333333295 0.05247222222222229
0 0.6885234375 0.6532638888888889 0.04203645833333335 0.04219444444444439
0 0.2929791666666667 0.5991898148148148 0.05313541666666666 0.04528703703703711
0 0.20752083333333332 0.7223194444444445 0.03297916666666669 0.03817592592592594
0 0.35328645833333333 0.7055277777777778 0.03644791666666668 0.04568518518518532
0 0.29363281250000006 0.788962962962963 0.05135937500000007 0.057611111111111134
0 0.4204036458333333 0.7150046296296295 0.04402604166666677 0.062305555555555524
0 0.5366302083333333 0.6291944444444444 0.028843750000000057 0.03592592592592588
0 0.4680286458333333 0.9177824074074075 0.06450520833333329 0.06613888888888894
0 0.48776302083333334 0.8055138888888889 0.030109374999999973 0.043712962962962995
0 0.44782031250000004 0.6543518518518519 0.04208854166666664 0.052092592592592586
0 0.8768645833333333 0.6493333333333333 0.03262500000000017 0.03733333333333348
0 0.23333072916666667 0.7587777777777778 0.054588541666666636 0.0514444444444444
0 0.5074505208333334 0.7623333333333333 0.02613020833333337 0.037425925925925994
0 0.7681119791666667 0.6320277777777779 0.03999479166666665 0.039092592592592616
0 0.9876015625000001 0.8268703703703704 0.023755208333333163 0.05505555555555559
0 0.8070494791666666 0.9176296296296296 0.05127604166666657 0.059074074074074244
0 0.7182578124999999 0.6958472222222222 0.03456770833333327 0.041398148148148184
0 0.09618489583333334 0.833300925925926 0.035109374999999984 0.04513888888888889
0 0.07385677083333334 0.6962175925925925 0.031640625 0.036027777777777645
0 0.10064062500000001 0.6753333333333333 0.03218749999999997 0.03394444444444452
0 0.16599218750000003 0.6718703703703703 0.04145312499999996 0.04133333333333342
0 0.17293489583333332 0.7008749999999999 0.044026041666666654 0.036935185185185064
0 0.13111979166666668 0.6562037037037037 0.029531250000000023 0.032407407407407406
0 0.09715104166666667 0.7164814814814814 0.027708333333333328 0.028055555555555722
0 0.11635677083333333 0.7397870370370371 0.027651041666666654 0.02457407407407404
0 0.13533333333333336 0.681912037037037 0.018854166666666675 0.027935185185185254
0 0.26235677083333336 0.7064953703703704 0.04715104166666665 0.05026851851851848
0 0.5118645833333333 0.5893888888888889 0.045864583333333306 0.040740740740740744
0 0.45831770833333335 0.5961157407407407 0.03590625000000003 0.030546296296296304
0 0.11634895833333332 0.5684027777777778 0.030343749999999996 0.02480555555555552
0 0.19856510416666667 0.4778009259259259 0.034536458333333304 0.027935185185185254
0 0.26110677083333333 0.46024074074074073 0.024046874999999978 0.03279629629629626
0 0.28165885416666664 0.5535046296296297 0.03466145833333331 0.036398148148148096
0 0.3315546875 0.6821759259259259 0.03701562500000009 0.044111111111111205
0 0.3291432291666666 0.6313518518518518 0.021255208333333307 0.03659259259259257
0 0.3446223958333333 0.6048888888888888 0.04011979166666677 0.02790740740740729
0 0.18351302083333335 0.8163333333333334 0.04016145833333328 0.06118518518518512
0 0.199515625 0.5501296296296297 0.03181250000000002 0.029037037037037156
0 0.23443489583333335 0.5849027777777778 0.026796875000000022 0.03049074074074059
0 0.2421458333333333 0.543300925925926 0.027645833333333297 0.029750000000000103
0 0.142921875 0.553699074074074 0.028135416666666656 0.02350925925925935
0 0.16335416666666666 0.5030925925925925 0.02680208333333335 0.021148148148148284
0 0.05496875 0.6215740740740741 0.03391666666666667 0.035740740740740656
0 0.29782291666666666 0.8365185185185186 0.039145833333333255 0.06566666666666673
0 0.2168359375 0.8666064814814814 0.05422395833333334 0.06306481481481493
0 0.31361197916666667 0.4740231481481482 0.025473958333333376 0.028490740740740723
0 0.3396640625 0.5438472222222223 0.03225520833333325 0.029953703703703618
0 0.376171875 0.5076157407407408 0.029708333333333316 0.026564814814814864
0 0.4187708333333333 0.4838564814814815 0.020052083333333335 0.024194444444444494
0 0.40515885416666664 0.547412037037037 0.02840104166666665 0.03352777777777781
0 0.43520572916666667 0.5517314814814814 0.028338541666666592 0.041425925925925935
0 0.46200781250000006 0.5415925925925926 0.026078125000000084 0.0271296296296298
0 0.4710494791666667 0.4802685185185185 0.023151041666666573 0.02542592592592596
0 0.4934609375 0.5493194444444445 0.024765625000000093 0.02100925925925931
0 0.5112083333333334 0.5584953703703703 0.02254166666666665 0.0313055555555555
0 0.4950625 0.6596712962962963 0.028895833333333343 0.03784259259259249
0 0.5997864583333333 0.5349490740740741 0.023208333333333307 0.02456481481481479
0 0.5811067708333333 0.575212962962963 0.029671875000000132 0.026555555555555613
0 0.6152578125 0.6618935185185185 0.035578124999999974 0.02939814814814815
0 0.6505859375 0.6054907407407407 0.041817708333333314 0.04235185185185186
0 0.5417291666666666 0.4668194444444444 0.014802083333333372 0.023342592592592627
0 0.5755052083333332 0.49079166666666674 0.02223958333333324 0.024268518518518554
0 0.5999427083333333 0.4892314814814815 0.023229166666666856 0.025055555555555505
0 0.6641302083333334 0.5560833333333333 0.033385416666666855 0.04083333333333325
0 0.6899609375 0.5406944444444445 0.0364843750000001 0.030222222222222105
0 0.7109973958333333 0.5002453703703703 0.03600520833333339 0.04517592592592589
0 0.779578125 0.5815648148148148 0.029885416666666723 0.03290740740740737
0 0.8095911458333334 0.6518333333333334 0.033317708333333466 0.0455925925925926
0 0.826796875 0.628800925925926 0.04498958333333339 0.04558333333333335
0 0.8253072916666666 0.7683055555555556 0.04951041666666664 0.0478333333333332
0 0.8822213541666667 0.7998333333333333 0.05007812500000005 0.052407407407407326
0 0.8751380208333333 0.5908148148148148 0.032255208333333486 0.029129629629629665
0 0.85784375 0.6092083333333332 0.032041666666666656 0.035824074074074126
0 0.9169375 0.6422638888888889 0.03854166666666667 0.028731481481481455
0 0.9228619791666667 0.6689027777777777 0.02300520833333337 0.023509259259259143
0 0.9066276041666667 0.5525509259259259 0.03436979166666655 0.026768518518518594
0 0.9588463541666667 0.5544537037037036 0.04150520833333313 0.03151851851851849
0 0.9748671874999999 0.6216481481481482 0.04922395833333345 0.043685185185185244
0 0.7747395833333334 0.49024074074074075 0.020333333333333314 0.02198148148148149
0 0.8247031249999999 0.547263888888889 0.03785416666666682 0.038083333333333434
0 0.8484869791666667 0.5121990740740741 0.02645312499999998 0.020953703703703804