0 0.7355416666666666 0.7443425925925926 0.04615624999999994 0.04627777777777779
0 0.05015885416666667 0.5402222222222223 0.027473958333333333 0.026222222222222372
0 0.011979166666666667 0.5453703703703704 0.023958333333333335 0.02962962962962963
0 0.018106770833333334 0.6225555555555554 0.03209895833333333 0.017481481481481584
0 0.09771614583333334 0.6602083333333333 0.04453645833333333 0.03650925925925932
0 0.1316276041666667 0.5013333333333334 0.018307291666666656 0.015944444444444258
0 0.17037760416666667 0.6035694444444445 0.025161458333333307 0.027768518518518526
0 0.13364843750000002 0.6874583333333333 0.021109374999999986 0.02930555555555564
0 0.14525 0.7349166666666667 0.03557291666666664 0.03907407407407391
0 0.20841145833333333 0.6217083333333333 0.027270833333333282 0.043953703703703516
0 0.04465104166666667 0.7339675925925926 0.029020833333333333 0.043953703703703516
0 0.09813020833333333 0.712662037037037 0.04165625000000001 0.03917592592592588
0 0.26512760416666664 0.675013888888889 0.03579687500000001 0.03669444444444454
0 0.24085677083333332 0.5670833333333334 0.028380208333333337 0.029814814814814645
0 0.21808333333333335 0.5506712962962963 0.032572916666666646 0.029805555555555606
0 0.16950260416666665 0.6753703703703704 0.03256770833333332 0.03211111111111117
0 0.15836197916666667 0.6567407407407407 0.02257812500000001 0.013185185185185194
0 0.17821874999999998 0.6283333333333333 0.016770833333333356 0.024074074074074074
0 0.17431770833333332 0.5769768518518519 0.025802083333333316 0.019490740740740697
0 0.2260677083333333 0.6681898148148148 0.038697916666666644 0.03669444444444454
0 0.19428125 0.7207175925925926 0.04772916666666666 0.04356481481481477
0 0.152546875 0.7660092592592592 0.04128125 0.04472222222222239
0 0.038721354166666666 0.7980462962962964 0.056432291666666676 0.05222222222222231
0 0.013802083333333333 0.7592592592592593 0.027604166666666666 0.027777777777777776
0 0.033255208333333335 0.9217546296296295 0.048281250000000005 0.06595370370370372
0 0.1108828125 0.8814074074074075 0.05332812499999999 0.060314814814814696
0 0.10982552083333334 0.8021805555555556 0.047880208333333306 0.060527777777777673
0 0.16529947916666668 0.8771018518518519 0.039119791666666674 0.040703703703703735
0 0.1824088541666667 0.9294583333333334 0.041921875000000004 0.05274999999999982
0 0.05505989583333333 0.9750231481481483 0.065578125 0.04810185185185168
0 0.1554817708333333 0.9798055555555556 0.017734374999999976 0.037259259259259055
0 0.21517187499999998 0.9754444444444444 0.04082291666666667 0.04725925925925922
0 0.25082552083333337 0.9591851851851853 0.033859375 0.04759259259259236
0 0.29279947916666665 0.9834999999999998 0.04883854166666666 0.031148148148148452
0 0.3805104166666667 0.964787037037037 0.045437500000000006 0.056259259259259044
0 0.37066145833333336 0.9150601851851853 0.029666666666666685 0.03899074074074086
0 0.2038984375 0.8068935185185184 0.03382812500000002 0.046824074074074226
0 0.2569895833333333 0.842625 0.03805208333333336 0.03267592592592589
0 0.2830651041666667 0.8096342592592592 0.04095312499999994 0.04586111111111109
0 0.2888072916666667 0.7640787037037037 0.03192708333333331 0.04547222222222234
0 0.26640885416666665 0.7147638888888889 0.036119791666666616 0.04400925925925944
0 0.3167109375 0.7668796296296296 0.024828125000000038 0.038981481481481395
0 0.31903385416666663 0.6704259259259259 0.029036458333333334 0.03407407407407424
0 0.3672161458333333 0.7808287037037037 0.027088541666666664 0.02637962962962964
0 0.37134375000000003 0.8690509259259259 0.045468749999999974 0.047583333333333214
0 0.3968984375 0.8620277777777778 0.02031770833333333 0.0286666666666667
0 0.40991927083333335 0.7892962962962964 0.018057291666666704 0.024648148148148048
0 0.41020052083333336 0.7560416666666667 0.036119791666666616 0.03554629629629618
0 0.39851302083333334 0.7201435185185185 0.04321354166666668 0.03439814814814823
0 0.332828125 0.6437638888888889 0.029343750000000075 0.02815740740740748
0 0.34450000000000003 0.6259305555555555 0.03160416666666658 0.024083333333333325
0 0.3821197916666667 0.6386481481481482 0.017729166666666647 0.019351851851851936
0 0.3821015625 0.6772916666666666 0.02179687499999995 0.019583333333333418
0 0.4237604166666667 0.5936851851851852 0.019906250000000014 0.024611111111111045
0 0.2688098958333333 0.5815648148148147 0.02524479166666668 0.032074074074073956
0 0.27609895833333337 0.5407638888888888 0.02939583333333336 0.025990740740740682
0 0.3215364583333333 0.5228935185185184 0.02908333333333341 0.030694444444444528
0 0.35410416666666666 0.5077175925925926 0.03296874999999998 0.03317592592592586
0 0.3296692708333333 0.5885925925925927 0.023484375000000075 0.02101851851851835
0 0.43004166666666666 0.5343425925925926 0.021614583333333333 0.026814814814814847
0 0.4539427083333333 0.5348194444444445 0.020822916666666677 0.0268240740740741
0 0.4172369791666667 0.5123009259259259 0.018661458333333294 0.019231481481481464
0 0.42699999999999994 0.4527222222222222 0.01975000000000004 0.015481481481481508
0 0.47429166666666667 0.9400972222222223 0.045229166666666626 0.04430555555555547
0 0.47492968750000003 0.8853796296296297 0.04743229166666663 0.04724074074074072
0 0.4853125 0.8310879629629631 0.031489583333333356 0.04262037037037056
0 0.46808333333333335 0.7709490740740741 0.03486458333333336 0.049305555555555554
0 0.49319010416666664 0.6716944444444445 0.021963541666666704 0.01746296296296308
0 0.47620312499999995 0.597550925925926 0.02798958333333322 0.039472222222222325
0 0.5072473958333333 0.591462962962963 0.022578124999999952 0.026870370370370354
0 0.5453489583333334 0.6432777777777778 0.039687499999999966 0.035166666666666686
0 0.5457864583333333 0.6929305555555556 0.02053125000000004 0.03184259259259248
0 0.5810234375000001 0.6714768518518518 0.021088541666666554 0.027212962962962845
0 0.6003776041666666 0.7954490740740741 0.036276041666666474 0.02521296296296298
0 0.5238515625000001 0.8502916666666667 0.04135937499999993 0.061935185185185065
0 0.5287135416666666 0.9007222222222222 0.033218749999999984 0.056074074074074026
0 0.5483880208333333 0.884925925925926 0.029296875 0.06668518518518517
0 0.5878255208333333 0.8960972222222222 0.029859374999999962 0.06204629629629629
0 0.5816015625 0.9828148148148149 0.014734374999999982 0.03251851851851842
0 0.6529557291666668 0.9353888888888889 0.03043229166666682 0.06966666666666646
0 0.6522083333333334 0.9804537037037035 0.03079166666666661 0.03027777777777761
0 0.6780338541666667 0.8813981481481482 0.03782812500000006 0.04542592592592588
0 0.6918463541666667 0.8319675925925927 0.02790104166666675 0.03393518518518527
0 0.6433645833333334 0.7981527777777778 0.03354166666666671 0.037083333333333295
0 0.6873072916666667 0.768611111111111 0.0362708333333335 0.04544444444444438
0 0.6861640625 0.7050185185185186 0.03299479166666662 0.03855555555555544
0 0.6531328124999999 0.7031388888888889 0.03680729166666671 0.040018518518518544
0 0.6438671874999999 0.670962962962963 0.021151041666666495 0.020314814814814865
0 0.6220520833333333 0.6387499999999999 0.03357291666666669 0.03348148148148135
0 0.5823515624999999 0.5899166666666666 0.03021354166666678 0.030962962962963015
0 0.5383307291666667 0.6014074074074074 0.02861979166666657 0.020481481481481382
0 0.5364348958333333 0.5651064814814816 0.023130208333333315 0.024638888888889005
0 0.5651067708333334 0.5514074074074073 0.022796875000000227 0.028796296296296212
0 0.6307604166666666 0.5858611111111112 0.03518749999999997 0.027203703703703806
0 0.6530468749999999 0.5955138888888889 0.02798958333333322 0.02736111111111107
0 0.6486510416666668 0.6233842592592592 0.016114583333333363 0.024157407407407332
0 0.6680286458333333 0.6311157407407407 0.020067708333333437 0.02943518518518515
0 0.7125677083333334 0.6364305555555556 0.03644791666666644 0.03584259259259263
0 0.6860468750000001 0.5742175925925925 0.0313229166666666 0.03456481481481475
0 0.7083125 0.6018657407407407 0.027541666666666725 0.02080555555555558
0 0.7293125000000001 0.5746712962962963 0.02979166666666657 0.03184259259259248
0 0.7410390625000001 0.6639027777777777 0.027807291666666838 0.02919444444444442
0 0.7670156250000001 0.6756805555555555 0.020718749999999866 0.02487962962962953
0 0.8041354166666667 0.66775 0.042177083333333344 0.04048148148148151
0 0.7851171874999999 0.6201388888888889 0.016609374999999933 0.023555555555555607
0 0.7684348958333334 0.5917407407407408 0.036015625000000044 0.026870370370370354
0 0.8301692708333334 0.640375 0.025192708333333275 0.028861111111111178
0 0.7950833333333333 0.5786018518518519 0.020343749999999973 0.02090740740740734
0 0.784109375 0.535236111111111 0.022208333333333267 0.029861111111111113
0 0.7405338541666666 0.5306574074074074 0.02500520833333345 0.01592592592592597
0 0.6682656250000001 0.5087638888888889 0.022770833333333466 0.028194444444444487
0 0.5897578125 0.4975925925925927 0.03172395833333326 0.022555555555555672
0 0.6723281249999999 0.4648935185185185 0.02687500000000019 0.02654629629629626
0 0.6300286458333333 0.5141064814814815 0.021463541666666686 0.031194444444444493
0 0.7424375 0.4710416666666667 0.022770833333333466 0.01691666666666665
0 0.7945625 0.4546203703703704 0.019968750000000077 0.01592592592592597
0 0.8577291666666667 0.6057685185185185 0.024447916666666694 0.02388888888888885
0 0.8417786458333333 0.6031527777777778 0.03191145833333332 0.02952777777777766
0 0.8258385416666667 0.5740231481481481 0.01548958333333322 0.0208981481481483
0 0.7465677083333333 0.8841944444444445 0.05895833333333324 0.06433333333333335
0 0.766140625 0.8249027777777778 0.04407291666666661 0.05015740740740748
0 0.7922083333333333 0.7881111111111111 0.05320833333333326 0.052074074074074085
0 0.8026536458333333 0.8910324074074074 0.04353645833333341 0.07528703703703699
0 0.8467265625000001 0.9357314814814814 0.028578124999999944 0.04901851851851857
0 0.8077057291666667 0.8415462962962963 0.042463541666666535 0.06114814814814811
0 0.8189479166666668 0.7397037037037038 0.027677083333333505 0.03105555555555552
0 0.8464947916666666 0.7679675925925926 0.046760416666666534 0.04204629629629616
0 0.8537526041666667 0.8186157407407407 0.024723958333333466 0.02962037037037038
0 0.8970078125000001 0.930601851851852 0.02606770833333343 0.03535185185185191
0 0.930609375 0.8119212962962963 0.04192708333333333 0.05828703703703708
0 0.8814739583333332 0.843375 0.02821875000000015 0.03391666666666677
0 0.9343098958333333 0.9813657407407408 0.0475677083333333 0.035416666666666666
0 0.9541692708333334 0.9450648148148149 0.052942708333333144 0.07374074074074062
0 0.9886484375 0.905087962962963 0.021661458333333408 0.030101851851851845
0 0.9769583333333334 0.8436944444444445 0.045041666666666674 0.05303703703703722
0 0.8629166666666668 0.6689953703703704 0.021499999999999866 0.020546296296296347
0 0.9435546875 0.7623935185185186 0.039505208333333285 0.03917592592592588
0 0.49682031249999997 0.7229444444444444 0.013786458333333347 0.024518518518518537
0 0.8928203124999999 0.660125 0.02875520833333335 0.028861111111111178
0 0.8680052083333334 0.629925925925926 0.026135416666666817 0.017370370370370362
0 0.8755286458333332 0.5923703703703703 0.021046874999999923 0.021518518518518527
0 0.9243281250000001 0.6495000000000001 0.02476041666666665 0.030814814814814788
0 0.9126927083333333 0.5917685185185184 0.03149999999999977 0.0234814814814816
0 0.9279479166666665 0.7050833333333334 0.038979166666666745 0.04300000000000005
0 0.941828125 0.6901944444444446 0.027281250000000055 0.033018518518518385
0 0.9559114583333332 0.643375 0.027281250000000055 0.028120370370370268
0 0.9791015625 0.6825324074074074 0.040755208333333334 0.047287037037036975
0 0.9553776041666667 0.5856527777777778 0.027171875000000036 0.026490740740740648
0 0.891140625 0.5204490740740741 0.02063541666666661 0.018787037037037005
0 0.7185546875 0.5368333333333333 0.018484374999999886 0.021722222222222257
0 0.7340416666666667 0.49440740740740746 0.025072916666666837 0.02951851851851862
0 0.5394947916666666 0.4654259259259259 0.02641666666666674 0.024944444444444495
0 0.564796875 0.4488240740740741 0.020468750000000095 0.021425925925925914
0 0.5117005208333334 0.4929814814814816 0.030703125000000022 0.024648148148148048
0 0.5209635416666667 0.4318796296296296 0.011229166666666639 0.013203703703703695
0 0.11003125 0.5636944444444444 0.01952083333333334 0.019981481481481413
0 0.2700885416666666 0.4148935185185186 0.030416666666666686 0.016638888888888915
0 0.22404947916666668 0.47141666666666665 0.02421354166666667 0.013203703703703695
0 0.3032369791666667 0.45010648148148147 0.016921875000000006 0.01173148148148155
0 0.28396614583333335 0.493425925925926 0.01616145833333332 0.014277777777777846
0 0.3570677083333333 0.46069907407407407 0.022562500000000086 0.014916666666666679
0 0.4320677083333333 0.42213425925925924 0.021187499999999915 0.016731481481481424
0 0.3837265625 0.5356111111111111 0.022182291666666624 0.032462962962962916
0 0.39594010416666664 0.49753240740740745 0.015703125000000047 0.024046296296296323
0 0.37182291666666667 0.43454166666666666 0.023833333333333328 0.016509259259259296
0 0.6409010416666667 0.42821296296296296 0.02201041666666678 0.01779629629629632
0 0.0731484375 0.4827129629629629 0.02453645833333334 0.014203703703703838
0 0.019135416666666665 0.6793842592592593 0.03819791666666667 0.03665740740740733
0 0.027776041666666664 0.6504675925925926 0.03039583333333334 0.01963888888888892
0 0.04325 0.6893425925925926 0.02614583333333333 0.01972222222222218
0 0.04606510416666666 0.5987268518518518 0.020244791666666668 0.02013888888888889
0 0.0951796875 0.5598240740740741 0.023380208333333326 0.022277777777777726
0 0.2248541666666667 0.7606111111111111 0.03633333333333333 0.03933333333333335
0 0.24525781249999998 0.48392592592592604 0.027515624999999964 0.016777777777777676
0 0.3151458333333333 0.5684768518518518 0.014260416666666723 0.019990740740740875
0 0.31118229166666667 0.5895416666666666 0.012854166666666582 0.017490740740740623
0 0.6831562499999999 0.9432592592592592 0.02660416666666663 0.0286666666666667
0 0.8896484375 0.7320324074074074 0.026015624999999907 0.037120370370370505
0 0.4072682291666666 0.4741527777777778 0.018171874999999935 0.022212962962962973
0 0.5701901041666667 0.528199074074074 0.018098958333333335 0.022787037037037154
0 0.21859635416666665 0.5085833333333333 0.014463541666666658 0.01659259259259266
0 0.28592447916666663 0.5109166666666667 0.026369791666666722 0.027537037037037044
0 0.24209375 0.5227453703703704 0.034322916666666654 0.03349074074074081