0 0.8380078125 0.9098611111111111 0.051171875 0.059314814814814765
0 0.0619609375 0.6083055555555555 0.027473958333333333 0.026222222222222372
0 0.01865625 0.6197777777777778 0.03584375 0.03862962962962965
0 0.023893229166666665 0.7125185185185186 0.033546875 0.019574074074073956
0 0.1027421875 0.7702037037037036 0.04453645833333333 0.05244444444444433
0 0.15095052083333332 0.5613842592592593 0.02058854166666665 0.02143518518518527
0 0.18363802083333336 0.6922685185185184 0.025161458333333307 0.027759259259259275
0 0.14022916666666668 0.8016296296296296 0.028177083333333346 0.05025925925925923
0 0.1507421875 0.866175925925926 0.04497395833333335 0.059314814814814765
0 0.22429427083333334 0.7211342592592593 0.039171875000000016 0.057842592592592404
0 0.0349921875 0.8629675925925926 0.03064062499999999 0.053694444444444454
0 0.0976875 0.8350416666666667 0.05254166666666667 0.061064814814814856
0 0.2841484375 0.7900601851851852 0.04583854166666666 0.04774999999999994
0 0.2624088541666667 0.652537037037037 0.03478645833333331 0.03050000000000005
0 0.2385 0.6295046296296296 0.032572916666666646 0.029805555555555606
0 0.18059635416666667 0.7833564814814815 0.03818229166666664 0.037453703703703746
0 0.1643984375 0.7643657407407407 0.02464062499999997 0.03849074074074068
0 0.19402343749999998 0.7257731481481482 0.016765625000000027 0.024083333333333325
0 0.1889244791666667 0.6626203703703704 0.02656770833333333 0.02361111111111111
0 0.24221875 0.7790694444444445 0.03945833333333333 0.05041666666666671
0 0.20623437500000003 0.847949074074074 0.05741666666666667 0.05026851851851848
0 0.15788020833333333 0.9089537037037037 0.04673958333333334 0.059018518518518526
0 0.0319765625 0.9414907407407407 0.043546875 0.06720370370370364
0 0.10382812500000001 0.9569027777777777 0.05578125000000001 0.08415740740740761
0 0.21494531249999999 0.9572407407407407 0.040796875000000024 0.06055555555555564
0 0.2996979166666666 0.9713240740740741 0.05508333333333333 0.05550000000000005
0 0.3085026041666667 0.9149398148148148 0.043828125000000044 0.07845370370370372
0 0.2849453125 0.8469074074074074 0.040005208333333306 0.06187037037037052
0 0.34191927083333334 0.9199351851851851 0.03761979166666667 0.05790740740740737
0 0.3441744791666667 0.7897453703703703 0.03269270833333333 0.051435185185185354
0 0.398984375 0.944763888888889 0.035218749999999945 0.04886111111111109
0 0.44992708333333337 0.9585925925925926 0.02227083333333333 0.04287037037037054
0 0.452453125 0.910587962962963 0.039958333333333346 0.045416666666666834
0 0.4378671875 0.8558101851851853 0.04993229166666661 0.04504629629629638
0 0.3690572916666667 0.7615787037037037 0.03283333333333331 0.05454629629629637
0 0.38034635416666673 0.7335185185185186 0.031057291666666723 0.03170370370370371
0 0.41928645833333333 0.7519259259259259 0.0257083333333334 0.023333333333333164
0 0.421171875 0.8069490740740741 0.02603125000000001 0.028675925925925952
0 0.4650416666666667 0.697324074074074 0.0222291666666667 0.026666666666666623
0 0.291796875 0.6729259259259259 0.031062500000000052 0.03355555555555556
0 0.304375 0.622162037037037 0.033854166666666664 0.029935185185185117
0 0.3545260416666667 0.6003287037037037 0.03063541666666675 0.03471296296296297
0 0.3933932291666667 0.5799490740740741 0.037692708333333276 0.034731481481481474
0 0.36330989583333334 0.6813333333333333 0.023484375000000075 0.02101851851851856
0 0.474296875 0.6212546296296295 0.023677083333333352 0.03413888888888879
0 0.50015625 0.6195833333333334 0.026333333333333306 0.03201851851851845
0 0.45925781250000003 0.5932546296296296 0.022744791666666705 0.02415740740740754
0 0.46920833333333334 0.5158657407407408 0.01975000000000004 0.025064814814814755
0 0.5142135416666667 0.9248009259259259 0.04761458333333337 0.05517592592592585
0 0.5479583333333333 0.8009166666666667 0.027572916666666693 0.031333333333333255
0 0.5281770833333334 0.702300925925926 0.035531250000000014 0.04882407407407409
0 0.5625546875 0.6982268518518518 0.023390624999999925 0.02769444444444431
0 0.5996354166666666 0.7615833333333333 0.05544791666666669 0.04679629629629626
0 0.6113515625 0.8305555555555556 0.030286458333333145 0.054759259259259355
0 0.6491796875 0.805800925925926 0.023286458333333353 0.03458333333333325
0 0.6749869791666666 0.9694444444444444 0.04545312499999999 0.034500000000000204
0 0.7295989583333333 0.9759351851851852 0.03796874999999981 0.04627777777777779
0 0.7809739583333334 0.9437453703703704 0.04370833333333337 0.06345370370370368
0 0.7725520833333334 0.8493055555555555 0.05519791666666667 0.055648148148148065
0 0.7353307291666666 0.8476990740740741 0.04704687499999996 0.05293518518518525
0 0.7209895833333333 0.8015833333333333 0.03333333333333333 0.03849999999999993
0 0.6938932291666667 0.7630416666666667 0.041911458333333464 0.046694444444444295
0 0.64828125 0.6945277777777777 0.036145833333333384 0.03501851851851867
0 0.5979765625 0.7048240740740741 0.03265104166666669 0.027648148148148265
0 0.5919296875000001 0.6605972222222222 0.025057291666666495 0.028731481481481667
0 0.6311666666666668 0.6478564814814814 0.02695833333333345 0.037749999999999985
0 0.6951796874999999 0.6920277777777779 0.035192708333333184 0.03853703703703694
0 0.7272526041666666 0.7032638888888889 0.034671874999999845 0.03976851851851856
0 0.7239609375 0.7429398148148149 0.01610937500000015 0.024157407407407332
0 0.7480598958333334 0.7519351851851852 0.024609375 0.03520370370370369
0 0.8033750000000001 0.7609120370370371 0.04466666666666678 0.04484259259259244
0 0.7662786458333334 0.6769166666666666 0.03596354166666676 0.03662962962962958
0 0.7936614583333333 0.7129768518518519 0.03173958333333336 0.029972222222222122
0 0.8143098958333332 0.6822407407407407 0.033359375000000094 0.04218518518518514
0 0.8375468749999999 0.7946203703703704 0.042197916666666654 0.04946296296296303
0 0.8680494791666666 0.8168564814814814 0.02379687500000003 0.029712962962963097
0 0.9163958333333333 0.8104953703703704 0.05823958333333342 0.06406481481481487
0 0.8889244791666666 0.7459537037037037 0.03840104166666668 0.04753703703703696
0 0.8668359374999999 0.7030648148148148 0.048442708333333445 0.03466666666666672
0 0.9492057291666666 0.7768981481481481 0.03260937499999983 0.04088888888888875
0 0.89265625 0.6849953703703704 0.03229166666666667 0.03297222222222234
0 0.8835755208333335 0.6600185185185184 0.03889062500000004 0.03477777777777773
0 0.8235442708333333 0.6236527777777777 0.03082812500000003 0.01991666666666666
0 0.7423255208333333 0.5941527777777778 0.036703125000000135 0.03725000000000002
0 0.6529322916666668 0.5801111111111111 0.031729166666666704 0.027722222222222273
0 0.7447187500000001 0.5441990740740741 0.02687500000000019 0.026546296296296363
0 0.6993750000000001 0.6019212962962963 0.02145833333333324 0.031194444444444493
0 0.8228229166666667 0.5489907407407408 0.02568749999999985 0.02092592592592584
0 0.8819791666666668 0.5265694444444444 0.023479166666666627 0.0202499999999999
0 0.9295442708333332 0.6019768518518518 0.038942708333333326 0.03373148148148154
0 0.9585026041666665 0.7198472222222222 0.037265625000000094 0.03780555555555549
0 0.933953125 0.6794444444444444 0.01548958333333322 0.027851851851851784
0 0.9058645833333333 0.9723472222222223 0.04993750000000006 0.05345370370370372
0 0.9461770833333334 0.9153055555555555 0.04556250000000001 0.04383333333333347
0 0.97590625 0.9585277777777778 0.047145833333333324 0.054055555555555655
0 0.9874921875000001 0.8138472222222222 0.0239739583333332 0.023972222222222103
0 0.5518906250000001 0.8707037037037038 0.01648958333333326 0.029333333333333392
0 0.9856979166666666 0.7574907407407406 0.02756250000000004 0.02424074074074059
0 0.976703125 0.7327083333333334 0.02613541666666658 0.017361111111111112
0 0.8020260416666667 0.6301620370370371 0.018489583333333334 0.021712962962962795
0 0.8184296875 0.5816990740740741 0.026963541666666656 0.03017592592592585
0 0.5963229166666667 0.5356296296296297 0.0264166666666668 0.024944444444444495
0 0.6204036458333333 0.5158518518518519 0.020473958333333306 0.02142592592592602
0 0.5633697916666667 0.5694398148148148 0.03070833333333335 0.02465740740740751
0 0.5728776041666668 0.49175 0.02028645833333324 0.023351851851851877
0 0.1310859375 0.6460648148148148 0.019515625000000016 0.019981481481481413
0 0.30115625 0.46785648148148146 0.03453124999999998 0.01756481481481484
0 0.2501953125 0.5354675925925927 0.02421354166666667 0.016990740740740657
0 0.33251562500000004 0.5099027777777777 0.020260416666666715 0.018175925925926026
0 0.3090885416666667 0.5642453703703704 0.029739583333333285 0.028861111111111178
0 0.3921822916666667 0.5235 0.028031249999999966 0.02629629629629638
0 0.4727239583333333 0.48013425925925923 0.021187500000000033 0.016120370370370445
0 0.41859635416666663 0.6189027777777777 0.037703124999999935 0.03460185185185175
0 0.4346302083333333 0.5661342592592592 0.015708333333333376 0.02404629629629611
0 0.4087135416666667 0.4947037037037037 0.029781250000000033 0.022277777777777726
0 0.7068177083333335 0.4919074074074074 0.02201041666666678 0.015074074074074049
0 0.09149739583333334 0.5422407407407407 0.02453645833333334 0.01625925925925921
0 0.026578125 0.7854583333333334 0.04710416666666666 0.04519444444444439
0 0.026135416666666668 0.7457453703703704 0.04572916666666667 0.032379629629629654
0 0.0426796875 0.7979953703703704 0.029119791666666665 0.027527777777777793
0 0.048713541666666665 0.6842916666666667 0.020562499999999994 0.026453703703703854
0 0.1089609375 0.6410416666666667 0.027265625000000012 0.025694444444444443
0 0.23846093750000003 0.9023657407407407 0.043078125000000016 0.04582407407407408
0 0.26852864583333336 0.5529074074074074 0.027515624999999964 0.022462962962962955
0 0.3442291666666667 0.6534398148148147 0.014260416666666723 0.019990740740740875
0 0.34061979166666667 0.6833472222222223 0.0128541666666667 0.017490740740740623
0 0.4511119791666667 0.5495694444444444 0.018171874999999935 0.022212962962962973
0 0.6355494791666667 0.48463888888888884 0.021119791666666762 0.020092592592592634
0 0.7562760416666667 0.5798194444444444 0.01885416666666657 0.025472222222222212
0 0.6333515624999999 0.6173703703703703 0.029411458333333466 0.030851851851851794
0 0.5950833333333333 0.5187916666666667 0.023885416666666496 0.025694444444444443
0 0.24060416666666667 0.5770509259259259 0.015583333333333371 0.02574999999999995
0 0.31346874999999996 0.578787037037037 0.026374999999999933 0.027537037037037044
0 0.26470052083333334 0.600375 0.03432812499999998 0.03349074074074081