0 0.05372916666666667 0.7736296296296297 0.04914583333333334 0.06842592592592601
0 0.2126328125 0.9664305555555555 0.07525520833333334 0.06528703703703713
0 0.17249479166666667 0.9245509259259259 0.04751041666666668 0.07373148148148137
0 0.2804921875 0.9096527777777778 0.05766145833333335 0.07310185185185168
0 0.3582578125 0.8544953703703704 0.05639062499999999 0.06987962962962965
0 0.4218151041666667 0.8198888888888889 0.0628177083333334 0.06287037037037045
0 0.55125 0.9080972222222222 0.04532291666666666 0.06934259259259269
0 0.5966406250000001 0.9134907407407408 0.0462395833333332 0.06825925925925928
0 0.5263828125 0.847212962962963 0.03707812500000003 0.04620370370370379
0 0.5309661458333333 0.6976574074074074 0.0432864583333334 0.050685185185185194
0 0.8046302083333333 0.9553657407407408 0.048645833333333145 0.08741666666666653
0 0.9683828125 0.8634120370370371 0.062192708333333256 0.07039814814814813
0 0.8261432291666667 0.818662037037037 0.05759895833333341 0.06775000000000007
0 0.9516276041666667 0.7419768518518519 0.04928645833333339 0.0577685185185184
0 0.9061458333333333 0.8687962962962963 0.056552083333333295 0.06561111111111123
0 0.7252291666666667 0.7314120370370369 0.043947916666666725 0.05537962962962958
0 0.7544635416666666 0.6917546296296296 0.04223958333333329 0.04187962962962965
0 0.6847187499999999 0.7977546296296296 0.045250000000000054 0.04989814814814803
0 0.6858776041666667 0.6492268518518518 0.04015104166666674 0.0421944444444446
0 0.2929791666666667 0.5952222222222221 0.05313541666666666 0.04527777777777786
0 0.20665104166666665 0.7138703703703704 0.032979166666666636 0.0381851851851852
0 0.3530078125000001 0.6995787037037037 0.03888020833333338 0.04675000000000001
0 0.2932552083333333 0.7803657407407407 0.05135416666666662 0.057620370370370384
0 0.4184140625 0.7074351851851851 0.044026041666666654 0.062314814814814774
0 0.5348125 0.6240185185185185 0.0285416666666667 0.03422222222222226
0 0.46584635416666664 0.9080925925925926 0.0639010416666667 0.06624074074074071
0 0.4853515625 0.7984490740740741 0.028692708333333292 0.043712962962962995
0 0.44569010416666666 0.6509444444444444 0.04208854166666664 0.052092592592592586
0 0.8721796875 0.6440277777777778 0.03263020833333338 0.03581481481481466
0 0.23324739583333334 0.7499722222222223 0.05018229166666662 0.04583333333333333
0 0.5055755208333333 0.7559722222222223 0.02613020833333337 0.037425925925925994
0 0.7634114583333333 0.6279537037037037 0.03998958333333344 0.03909259259259241
0 0.980625 0.8174907407407407 0.03770833333333338 0.05505555555555559
0 0.7988776041666665 0.9053425925925925 0.05127604166666657 0.05907407407407403
0 0.7143307291666667 0.6902685185185186 0.03268229166666667 0.038037037037036966
0 0.09866666666666667 0.8254814814814815 0.03441666666666666 0.04424074074074071
0 0.07649739583333333 0.690800925925926 0.031140625000000012 0.03502777777777771
0 0.10268229166666668 0.6700833333333334 0.03161458333333333 0.03305555555555539
0 0.16740885416666668 0.666787037037037 0.04076562499999999 0.04055555555555551
0 0.17453645833333334 0.6956759259259259 0.04308333333333335 0.03614814814814812
0 0.13284895833333332 0.6515092592592593 0.029218750000000012 0.032407407407407406
0 0.09963281250000001 0.7108425925925926 0.02714062500000001 0.028166666666666736
0 0.11824218749999998 0.7334166666666667 0.027651041666666685 0.02457407407407404
0 0.13734635416666668 0.6763287037037037 0.018848958333333346 0.027935185185185254
0 0.26285677083333336 0.7020277777777778 0.04715104166666665 0.05025925925925945
0 0.4174817708333334 0.9823287037037036 0.034328124999999925 0.03349074074074081
0 0.5104661458333334 0.5845648148148147 0.045338541666666524 0.039944444444444324
0 0.457296875 0.5916250000000001 0.0352291666666666 0.02962037037037038
0 0.11739322916666667 0.5655046296296297 0.030338541666666666 0.02480555555555552
0 0.19937760416666664 0.4759398148148148 0.034536458333333304 0.027935185185185254
0 0.26181510416666665 0.45731944444444445 0.024046874999999978 0.032787037037037114
0 0.2820625 0.5496851851851852 0.03419791666666662 0.034740740740740725
0 0.3314401041666667 0.6767962962962963 0.03701562499999997 0.04411111111111099
0 0.3287942708333334 0.6259814814814815 0.021255208333333307 0.03659259259259257
0 0.3445078125 0.6005462962962962 0.040119791666666654 0.02790740740740729
0 0.18516927083333332 0.8082037037037036 0.038515625000000026 0.05937037037037027
0 0.20052083333333334 0.5460370370370371 0.03181250000000002 0.029037037037037156
0 0.2351067708333333 0.5801435185185185 0.026796875000000022 0.03049074074074059
0 0.2428984375 0.5391342592592594 0.027651041666666685 0.029750000000000103
0 0.14411458333333332 0.5498287037037037 0.02759375000000001 0.023212962962963116
0 0.16456510416666667 0.49997222222222226 0.026796875000000022 0.02070370370370382
0 0.05496875 0.6215740740740741 0.03391666666666667 0.035740740740740656
0 0.29803125 0.8280277777777778 0.03872916666666673 0.06524074074074078
0 0.21804947916666664 0.8573425925925926 0.05322395833333336 0.061351851851851845
0 0.313609375 0.4720648148148148 0.0253541666666667 0.026685185185185128
0 0.3396328125 0.5403518518518517 0.0317135416666666 0.02909259259259266
0 0.3750104166666667 0.5046944444444443 0.02929166666666667 0.02540740740740746
0 0.41811458333333335 0.48183796296296294 0.020052083333333335 0.024194444444444546
0 0.40438281249999997 0.5440138888888889 0.02840104166666665 0.03352777777777781
0 0.43476041666666665 0.5482361111111111 0.02756250000000004 0.04036111111111124
0 0.46066666666666667 0.5380833333333334 0.0254270833333333 0.02629629629629638
0 0.47003645833333335 0.47697685185185185 0.02315625000000002 0.02543518518518521
0 0.4920598958333333 0.5467731481481481 0.02279687499999999 0.01995370370370366
0 0.5104973958333333 0.556212962962963 0.02195312500000005 0.0286481481481482
0 0.4935208333333333 0.6539398148148148 0.02872916666666659 0.03725000000000002
0 0.5975182291666667 0.5311064814814815 0.02263020833333324 0.02400925925925911
0 0.5788255208333334 0.5708888888888889 0.029265625000000028 0.025796296296296414
0 0.6126927083333332 0.6562731481481481 0.03503125000000011 0.028509259259259227
0 0.6475416666666667 0.6008425925925927 0.04093749999999995 0.041111111111111195
0 0.5403671875 0.46473611111111107 0.014796874999999984 0.023342592592592627
0 0.5737864583333334 0.48826388888888894 0.02205208333333341 0.023879629629629594
0 0.5982005208333334 0.4868518518518518 0.022848958333333277 0.024629629629629547
0 0.6613906249999999 0.5514675925925926 0.03305208333333335 0.04039814814814825
0 0.687171875 0.5364398148148148 0.03648958333333354 0.029138888888888916
0 0.7079348958333334 0.496486111111111 0.0356927083333332 0.045175925925925946
0 0.7766692708333333 0.5778055555555556 0.02989062500000017 0.03290740740740737
0 0.8049322916666667 0.6464305555555555 0.03206249999999997 0.04417592592592596
0 0.8230286458333335 0.6238657407407407 0.044984374999999945 0.04558333333333335
0 0.8193046875000001 0.7602453703703704 0.0467135416666667 0.04599074074074081
0 0.8753854166666666 0.7909259259259259 0.04857291666666678 0.05085185185185192
0 0.8706171875000001 0.5870092592592593 0.032255208333333486 0.029129629629629665
0 0.8536119791666666 0.6056805555555556 0.03156770833333316 0.03545370370370367
0 0.9113697916666667 0.6381481481481482 0.03740624999999985 0.028407407407407256
0 0.9172838541666667 0.6642037037037036 0.02300520833333337 0.0235000000000001
0 0.9021328124999999 0.5514490740740742 0.03436979166666655 0.026768518518518383
0 0.9520598958333333 0.5508518518518519 0.04150520833333336 0.03151851851851849
0 0.9704583333333333 0.616162037037037 0.05151041666666671 0.043694444444444494
0 0.770953125 0.48691203703703706 0.020333333333333314 0.02197222222222224
0 0.8207083333333334 0.5430092592592592 0.03735416666666656 0.038037037037036966
0 0.8444895833333333 0.509199074074074 0.026458333333333427 0.020953703703703804