0 0.095203125 0.6888611111111111 0.037343749999999995 0.04642592592592581
0 0.11811718750000001 0.9092083333333333 0.042380208333333336 0.058638888888888824
0 0.16693489583333332 0.9592685185185185 0.04977604166666663 0.07961111111111113
0 0.23281770833333332 0.839 0.05789583333333332 0.05009259259259251
0 0.201625 0.803111111111111 0.03793750000000002 0.05451851851851862
0 0.1244375 0.9733009259259259 0.03241666666666667 0.05154629629629636
0 0.1235703125 0.8653425925925926 0.06275520833333334 0.0655
0 0.3906458333333333 0.9791064814814814 0.05131249999999999 0.03993518518518529
0 0.5126614583333333 0.9242129629629631 0.037906250000000107 0.05287037037037028
0 0.2700260416666667 0.883986111111111 0.04666666666666665 0.05897222222222227
0 0.29168229166666665 0.7936064814814815 0.04818749999999999 0.054731481481481596
0 0.3588854166666666 0.7526805555555556 0.047531250000000115 0.0459722222222223
0 0.41186979166666665 0.7225648148148148 0.05286458333333333 0.04611111111111107
0 0.37438802083333333 0.8895462962962963 0.03488020833333323 0.04198148148148162
0 0.5201119791666666 0.7864305555555556 0.039453125 0.05674999999999997
0 0.5607526041666666 0.7921574074074074 0.038859375000000064 0.0514629629629629
0 0.5022786458333334 0.7444027777777777 0.030338541666666666 0.04084259259259271
0 0.5081692708333333 0.6275046296296296 0.03767187499999996 0.03921296296296288
0 0.6024869791666667 0.9339259259259259 0.05770312499999998 0.08224074074074068
0 0.6522135416666667 0.9295925925925926 0.034041666666666734 0.05557407407407406
0 0.7738124999999999 0.9280601851851853 0.053000000000000116 0.0775833333333333
0 0.6995833333333333 0.946625 0.050187500000000065 0.04754629629629621
0 0.6869817708333333 0.8622175925925926 0.04304687499999981 0.04991666666666653
0 0.7360572916666667 0.8349074074074074 0.041114583333333364 0.07937037037037019
0 0.8383541666666667 0.916439814814815 0.05756249999999999 0.07063888888888885
0 0.8881432291666668 0.9523935185185185 0.07131770833333348 0.0865092592592591
0 0.9416692708333334 0.899537037037037 0.07030729166666655 0.07372222222222212
0 0.9873567708333333 0.9633055555555554 0.02424479166666676 0.03968518518518499
0 0.8803697916666666 0.7544074074074074 0.05443749999999999 0.05594444444444451
0 0.7615130208333334 0.7277083333333333 0.04848437500000007 0.044101851851851955
0 0.8744765624999999 0.6638009259259259 0.044442708333333296 0.050120370370370475
0 0.8254244791666667 0.7612916666666667 0.04748437500000004 0.0481574074074074
0 0.9799973958333333 0.6759351851851851 0.03634895833333331 0.026129629629629655
0 0.9799453124999999 0.8193425925925926 0.025369791666666686 0.04025925925925928
0 0.9764401041666666 0.72975 0.04607812500000013 0.05679629629629622
0 0.6794322916666667 0.6592592592592592 0.030343750000000114 0.038981481481481395
0 0.7088854166666666 0.624087962962963 0.03528124999999989 0.03526851851851844
0 0.6374921874999999 0.7080462962962963 0.03893229166666667 0.03679629629629609
0 0.6480963541666666 0.5906018518518519 0.03593229166666655 0.03129629629629625
0 0.05200520833333333 0.8250046296296296 0.033479166666666685 0.04124999999999996
0 0.29740104166666664 0.5419953703703704 0.047135416666666666 0.041027777777777726
0 0.2275703125 0.6490138888888889 0.031161458333333353 0.032120370370370424
0 0.35504166666666664 0.634800925925926 0.030333333333333337 0.025027777777777753
0 0.3024270833333333 0.6947731481481482 0.045979166666666654 0.04695370370370374
0 0.4120677083333334 0.6343148148148148 0.04107291666666673 0.04409259259259249
0 0.5142552083333334 0.5686157407407407 0.025614583333333368 0.029601851851851876
0 0.44747135416666667 0.7891342592592593 0.04651562499999997 0.061046296296296355
0 0.4665885416666667 0.7048750000000001 0.025 0.03647222222222211
0 0.435015625 0.5866527777777778 0.041749999999999926 0.033472222222222306
0 0.8120156250000001 0.5879861111111112 0.027500000000000094 0.02767592592592581
0 0.027713541666666668 0.8058796296296296 0.05247916666666667 0.05335185185185175
0 0.2509166666666667 0.6697685185185185 0.04184374999999996 0.037425925925925994
0 0.34735677083333333 0.8463842592592593 0.019453124999999953 0.030972222222222266
0 0.34258333333333335 0.8968703703703704 0.027583333333333352 0.03451851851851849
0 0.48513281249999995 0.6741805555555556 0.02340104166666658 0.030120370370370346
0 0.7171848958333332 0.5733287037037036 0.03179687500000009 0.03460185185185175
0 0.8976666666666666 0.7303194444444444 0.03543749999999998 0.04562037037037035
0 0.73515625 0.790699074074074 0.0474999999999999 0.049712962962963014
0 0.6700260416666667 0.624361111111111 0.02890625 0.03131481481481497
0 0.13649999999999998 0.7281111111111112 0.02734375 0.0293888888888889
0 0.11169531249999999 0.624337962962963 0.02410937499999998 0.024046296296296323
0 0.13326302083333333 0.6067361111111111 0.027651041666666685 0.026787037037037095
0 0.19177083333333333 0.6025972222222222 0.03456250000000001 0.03352777777777781
0 0.19759114583333334 0.6265787037037036 0.02986979166666668 0.029101851851851702
0 0.1590885416666667 0.5908425925925926 0.026395833333333365 0.032407407407407406
0 0.2778255208333333 0.6260462962962963 0.04214062499999995 0.050277777777777734
0 0.40861458333333334 0.8527175925925925 0.03242708333333333 0.03217592592592593
0 0.4964401041666667 0.5345694444444444 0.04277604166666672 0.030842592592592543
0 0.4452630208333333 0.544087962962963 0.03318229166666668 0.026805555555555596
0 0.14454427083333332 0.5195509259259259 0.027703125000000012 0.02480555555555552
0 0.21553385416666665 0.4471759259259259 0.03593229166666667 0.02294444444444442
0 0.2706875 0.4307361111111111 0.02371874999999998 0.029768518518518496
0 0.2924557291666667 0.509875 0.03279687500000002 0.029768518518518604
0 0.3362447916666666 0.6147268518518518 0.03588541666666671 0.028120370370370268
0 0.3322265625 0.5743750000000001 0.020234374999999954 0.031009259259259268
0 0.3488307291666667 0.5484490740740741 0.040119791666666654 0.02791666666666675
0 0.21072135416666668 0.7101527777777777 0.03129687499999996 0.03617592592592608
0 0.21785677083333332 0.5056296296296297 0.02344270833333333 0.02381481481481484
0 0.2485390625 0.5346574074074074 0.018838541666666646 0.020833333333333332
0 0.256453125 0.5009398148148148 0.024281250000000063 0.021583333333333284
0 0.02754947916666667 0.6532638888888889 0.034755208333333336 0.03352777777777781
0 0.0895 0.5720787037037037 0.02930208333333333 0.03380555555555555
0 0.3076171875 0.733986111111111 0.03333854166666666 0.043361111111111045
0 0.239 0.7530833333333333 0.045552083333333354 0.046740740740740756
0 0.31881510416666664 0.44284259259259257 0.025119791666666676 0.023074074074074143
0 0.3424270833333333 0.5008379629629629 0.02986458333333341 0.0275648148148148
0 0.3756484375 0.4709305555555555 0.028463541666666713 0.023064814814814785
0 0.41360416666666666 0.4511527777777778 0.020052083333333335 0.02419444444444444
0 0.4022864583333333 0.5036944444444444 0.022916666666666665 0.024185185185185084
0 0.42902343749999994 0.5080231481481481 0.02386979166666663 0.02843518518518522
0 0.4509166666666667 0.5003425925925926 0.02411458333333331 0.024611111111111045
0 0.4593671875 0.4484398148148148 0.01885937500000002 0.022490740740740707
0 0.47865625 0.506875 0.018864583333333348 0.017824074074074076
0 0.49679947916666667 0.5131157407407407 0.020765624999999944 0.023342592592592627
0 0.479109375 0.5927777777777778 0.020052083333333335 0.031407407407407474
0 0.5735026041666667 0.4927916666666667 0.021484375 0.022916666666666665
0 0.5557239583333333 0.5247314814814815 0.024125000000000084 0.019981481481481413
0 0.580421875 0.5967407407407408 0.031406250000000094 0.024166666666666583
0 0.6163541666666668 0.5488564814814816 0.03270833333333343 0.03437962962962973
0 0.52446875 0.437662037037037 0.014802083333333372 0.023342592592592627
0 0.553734375 0.4545462962962963 0.02053125000000004 0.02079629629629633
0 0.5771067708333334 0.45687962962962964 0.019817708333333427 0.021203703703703683
0 0.6283437500000001 0.509412037037037 0.028291666666666514 0.0333796296296298
0 0.6522708333333334 0.5016527777777777 0.02908333333333341 0.029138888888888916
0 0.6768619791666667 0.4678101851851852 0.02855729166666663 0.03760185185185176
0 0.7362213541666667 0.5505416666666667 0.020359375000000075 0.03289814814814812
0 0.7571093750000001 0.5954305555555556 0.028291666666666514 0.03995370370370379
0 0.7717916666666668 0.5695694444444445 0.03704166666666661 0.03993518518518529
0 0.7625286458333332 0.6819212962962962 0.03913020833333339 0.03900925925925936
0 0.8054921875000001 0.7040138888888889 0.03886979166666672 0.03243518518518516
0 0.8150390625 0.5394907407407408 0.027494791666666647 0.02585185185185192
0 0.7998333333333333 0.5537407407407408 0.02669791666666678 0.033092592592592604
0 0.8455364583333332 0.5829444444444444 0.02693750000000013 0.01961111111111096
0 0.8521354166666666 0.6050648148148149 0.022999999999999923 0.0235000000000001
0 0.8481171875 0.5126944444444445 0.02659895833333342 0.0205740740740741
0 0.8881197916666667 0.5099398148148149 0.035635416666666704 0.024083333333333325
0 0.9504140625 0.5198981481481482 0.03955729166666657 0.03159259259259249
0 0.9051276041666666 0.565300925925926 0.04479687500000011 0.03008333333333334
0 0.9452057291666667 0.562574074074074 0.029880208333333276 0.02631481481481488
0 0.7344427083333334 0.46058333333333334 0.020333333333333314 0.02198148148148149
0 0.774296875 0.5074351851851852 0.031041666666666856 0.029500000000000116
0 0.7977447916666667 0.4760092592592592 0.026458333333333427 0.020944444444444398