0 0.3021536458333333 0.7155555555555555 0.040848958333333366 0.030962962962963015
0 0.3425989583333333 0.6766018518518518 0.037635416666666664 0.03194444444444444
0 0.3301276041666667 0.619625 0.03306770833333334 0.03404629629629628
0 0.25398177083333334 0.7401018518518518 0.02763020833333331 0.03620370370370362
0 0.2352890625 0.7610509259259258 0.020640625 0.021824074074074225
0 0.26505989583333334 0.8969675925925925 0.06108854166666665 0.06862037037037048
0 0.34689843750000005 0.8265231481481481 0.02471354166666657 0.04886111111111109
0 0.34457552083333337 0.9218981481481482 0.04066145833333342 0.07555555555555547
0 0.31694791666666666 0.7610787037037038 0.03862499999999992 0.04217592592592588
0 0.3581432291666667 0.7211759259259259 0.03657812500000001 0.04216666666666663
0 0.3894895833333333 0.6836388888888889 0.04513541666666659 0.046740740740740756
0 0.38715104166666664 0.7333981481481481 0.02244791666666662 0.03783333333333345
0 0.40065625 0.7578657407407408 0.03443749999999994 0.03302777777777784
0 0.4225078125 0.8223796296296296 0.038307291666666646 0.04609259259259257
0 0.40403125 0.8697268518518518 0.0731354166666667 0.0768611111111111
0 0.021497395833333332 0.8167916666666667 0.040484375 0.05826851851851858
0 0.0268359375 0.8747222222222223 0.047734374999999996 0.07801851851851851
0 0.04060416666666667 0.9765972222222221 0.045968749999999996 0.040564814814815185
0 0.1365234375 0.9788287037037037 0.031942708333333354 0.04049074074074076
0 0.15310416666666665 0.9276620370370371 0.04509375000000002 0.06847222222222206
0 0.10031250000000001 0.8918240740740742 0.05968750000000001 0.058944444444444306
0 0.10105989583333333 0.7424675925925927 0.055213541666666664 0.052990740740740755
0 0.17310416666666667 0.684712962962963 0.04359375000000002 0.0448148148148149
0 0.18757291666666667 0.8032175925925925 0.05581250000000004 0.04454629629629642
0 0.06652083333333333 0.5870740740740741 0.04496874999999999 0.0448148148148149
0 0.04635416666666667 0.6347175925925926 0.03189583333333334 0.025990740740740682
0 0.0994765625 0.6745601851851851 0.03448437500000002 0.04356481481481477
0 0.09273958333333333 0.641 0.04272916666666668 0.03633333333333334
0 0.10272916666666668 0.5943240740740741 0.030520833333333344 0.03127777777777775
0 0.1313671875 0.61475 0.031776041666666664 0.028722222222222205
0 0.12113281249999999 0.5663981481481482 0.031776041666666664 0.03159259259259249
0 0.11314062500000001 0.5370277777777778 0.03231249999999998 0.029703703703703635
0 0.0993203125 0.4882037037037037 0.036265624999999996 0.03351851851851856
0 0.15906510416666667 0.5243379629629631 0.038953124999999984 0.030009259259259125
0 0.15294010416666665 0.4892592592592592 0.038328124999999956 0.03585185185185188
0 0.1665442708333333 0.45787037037037037 0.02453645833333334 0.02492592592592589
0 0.17806249999999998 0.47300000000000003 0.026645833333333317 0.022444444444444454
0 0.1987265625 0.5767685185185186 0.034109375000000004 0.030000000000000086
0 0.21985677083333333 0.5420787037037036 0.030515625000000015 0.02552777777777793
0 0.24465104166666668 0.568949074074074 0.03213541666666669 0.030638888888889024
0 0.25195833333333334 0.5963379629629629 0.04093749999999995 0.03543518518518517
0 0.2975286458333333 0.5670185185185185 0.03659895833333333 0.02833333333333325
0 0.3486692708333334 0.509875 0.031776041666666664 0.02297222222222217
0 0.3607708333333334 0.5505694444444444 0.028364583333333353 0.023305555555555624
0 0.38206510416666667 0.580398148148148 0.03465104166666677 0.04157407407407416
0 0.3904114583333333 0.6288425925925926 0.03493749999999996 0.03501851851851846
0 0.22453385416666669 0.48672222222222217 0.02308854166666663 0.030703703703703778
0 0.254203125 0.4254722222222222 0.028854166666666656 0.02259259259259257
0 0.27488541666666666 0.49035648148148153 0.03915625000000003 0.02521296296296298
0 0.30001822916666665 0.46785648148148146 0.022786458333333332 0.022027777777777743
0 0.5282473958333334 0.9062638888888889 0.05041145833333331 0.07084259259259258
0 0.488984375 0.8561296296296297 0.03841666666666666 0.045333333333333364
0 0.544234375 0.8207083333333334 0.026052083333333323 0.043694444444444494
0 0.5294687499999999 0.7250277777777777 0.04268750000000002 0.05505555555555559
0 0.5662369791666666 0.7017962962962964 0.044984374999999945 0.05437037037037019
0 0.438859375 0.6502916666666667 0.03788541666666667 0.037027777777777576
0 0.4398098958333333 0.6014907407407407 0.03572395833333341 0.036388888888888846
0 0.4192109375 0.5387731481481481 0.028921874999999986 0.020750000000000077
0 0.48015885416666665 0.5759907407407406 0.025151041666666648 0.030962962962963015
0 0.5026197916666667 0.5953657407407408 0.033947916666666585 0.029675925925925883
0 0.4176640625 0.5130833333333333 0.036640624999999954 0.021388888888888805
0 0.47177604166666665 0.5113888888888889 0.025656250000000113 0.029685185185185134
0 0.5369010416666666 0.4773657407407408 0.01975000000000004 0.01787962962962963
0 0.5598593749999999 0.5093796296296296 0.021281249999999828 0.019148148148148206
0 0.5684713541666667 0.48608333333333337 0.019015625000000112 0.01627777777777771
0 0.5566302083333333 0.5941527777777778 0.022802083333333202 0.028083333333333266
0 0.5346276041666668 0.6578009259259259 0.028890625000000072 0.0452499999999999
0 0.5701406250000001 0.6495416666666667 0.035312500000000094 0.046472222222222276
0 0.6050859375 0.6083240740740741 0.02820312499999981 0.03587037037037038
0 0.60709375 0.6972962962962962 0.036229166666666875 0.030981481481481516
0 0.6089869791666668 0.5120324074074074 0.03389062499999985 0.028027777777777763
0 0.5997552083333333 0.4505231481481482 0.027437499999999913 0.022861111111111162
0 0.6535442708333332 0.5632777777777778 0.030182291666666573 0.03194444444444444
0 0.6214505208333333 0.4825509259259259 0.02361979166666662 0.022009259259259242
0 0.6409869791666666 0.4671435185185185 0.02797395833333335 0.022009259259259242
0 0.6483697916666666 0.49200462962962965 0.026135416666666817 0.023231481481481405
0 0.64171875 0.9526574074074073 0.01880208333333352 0.022833333333333303
0 0.6379166666666668 0.8142314814814815 0.043874999999999886 0.048648148148148114
0 0.7414869791666666 0.8108379629629628 0.035786458333333354 0.053805555555555676
0 0.7202760416666667 0.8178333333333333 0.020614583333333294 0.026759259259259344
0 0.7384114583333333 0.8750648148148148 0.03360416666666666 0.05020370370370352
0 0.7531744791666666 0.9434907407407408 0.05365104166666678 0.06848148148148152
0 0.6733750000000001 0.7084074074074075 0.03235416666666661 0.030555555555555555
0 0.7144895833333335 0.7178009259259259 0.043645833333333425 0.047046296296296246
0 0.7462760416666666 0.7253981481481482 0.02311458333333339 0.03712962962962955
0 0.7240234375 0.6886342592592593 0.0323489583333334 0.03217592592592593
0 0.6982161458333334 0.6970648148148147 0.0245364583333334 0.02972222222222214
0 0.6878385416666667 0.5983981481481482 0.02890625 0.03261111111111114
0 0.64878125 0.6446435185185184 0.025729166666666477 0.03989814814814828
0 0.7581640625000001 0.6184027777777777 0.029140624999999906 0.026064814814814898
0 0.769734375 0.7044861111111111 0.02416666666666648 0.035009259259259205
0 0.7721640624999999 0.5641574074074074 0.026598958333333183 0.03424074074074076
0 0.6929114583333333 0.5705555555555556 0.01952083333333334 0.02511111111111101
0 0.7423463541666667 0.573412037037037 0.01909895833333337 0.0224166666666667
0 0.7524921875 0.5952824074074073 0.022515625000000008 0.021490740740740776
0 0.7190364583333333 0.5522407407407408 0.02687499999999995 0.02466666666666655
0 0.7003567708333333 0.5250416666666666 0.012901041666666658 0.01780555555555557
0 0.731328125 0.528125 0.018343750000000134 0.022009259259259242
0 0.8361614583333333 0.9337314814814816 0.06668749999999998 0.0742407407407406
0 0.8634479166666668 0.8328055555555556 0.06545833333333348 0.07342592592592609
0 0.8164817708333333 0.7551944444444444 0.04825520833333338 0.04292592592592604
0 0.8058203125 0.8410648148148148 0.02440104166666662 0.04640740740740731
0 0.9054817708333334 0.915236111111111 0.060432291666666534 0.07563888888888894
0 0.9254114583333333 0.9041759259259259 0.06343750000000009 0.09027777777777778
0 0.9626119791666667 0.8765092592592593 0.04304687499999981 0.06014814814814818
0 0.9619427083333333 0.8233611111111111 0.04356250000000017 0.05699999999999995
0 0.8451979166666667 0.737837962962963 0.03572916666666662 0.03547222222222217
0 0.9037161458333335 0.793462962962963 0.048963541666666784 0.044981481481481414
0 0.9734348958333333 0.7428842592592593 0.03955729166666657 0.030083333333333132
0 0.9778151041666666 0.7752824074074075 0.029109374999999934 0.02304629629629618
0 0.9562552083333333 0.6907083333333334 0.039333333333333324 0.03887962962962964
0 0.8905260416666666 0.6473333333333333 0.046020833333333164 0.04820370370370365
0 0.8715963541666666 0.6767592592592593 0.018911458333333304 0.01990740740740741
0 0.7859999999999999 0.5785601851851853 0.01741666666666646 0.014601851851851835
0 0.7988567708333333 0.6814675925925926 0.022140625000000115 0.023435185185185135
0 0.786328125 0.5961620370370371 0.02911458333333338 0.023879629629629594
0 0.7886848958333333 0.6192592592592592 0.025630208333333352 0.028796296296296212
0 0.8510078125 0.507875 0.02960937499999995 0.028972222222222187
0 0.8501562500000001 0.5339305555555556 0.02772916666666655 0.020342592592592617
0 0.8208776041666667 0.5562037037037038 0.020901041666666724 0.023000000000000135
0 0.8479973958333333 0.5845972222222222 0.020901041666666724 0.019898148148148158
0 0.8937552083333333 0.5412037037037037 0.03657291666666656 0.026981481481481575
0 0.8889635416666667 0.5778981481481481 0.018166666666666723 0.022999999999999923
0 0.8730781249999999 0.5757731481481482 0.012937500000000076 0.02123148148148133
0 0.8904114583333332 0.5986296296296296 0.022927083333333324 0.02253703703703717
0 0.7840677083333333 0.5401666666666667 0.029854166666666515 0.031407407407407474
0 0.730046875 0.4832638888888888 0.023270833333333484 0.025342592592592545
0 0.7567968750000001 0.4933148148148148 0.023010416666666818 0.021611111111111247
0 0.7637317708333333 0.5187592592592593 0.025494791666666572 0.018592592592592525