0 0.02265625 0.8662037037037037 0.0453125 0.07407407407407407
0 0.2981875 0.9401435185185185 0.04436458333333337 0.07258333333333322
0 0.36883072916666665 0.9645185185185186 0.06236979166666667 0.069111111111111
0 0.4415494791666667 0.9307962962962962 0.06882812500000005 0.08566666666666665
0 0.5547473958333333 0.9545138888888889 0.04650520833333331 0.06404629629629637
0 0.5589166666666666 0.7749351851851852 0.07095833333333328 0.06494444444444433
0 0.8985052083333334 0.9303796296296296 0.0683020833333335 0.09287037037037053
0 0.7792552083333334 0.812837962962963 0.05966666666666664 0.06891666666666672
0 0.8041145833333334 0.7615555555555555 0.04791666666666667 0.050777777777777915
0 0.7327942708333334 0.8982731481481482 0.05277604166666663 0.05760185185185188
0 0.7252864583333334 0.7155092592592592 0.04414583333333345 0.05335185185185175
0 0.28816145833333334 0.6497037037037038 0.05313541666666666 0.05642592592592598
0 0.19665885416666665 0.799462962962963 0.038015625000000004 0.05938888888888877
0 0.35942708333333334 0.7790787037037037 0.04114583333333333 0.051657407407407374
0 0.2938151041666667 0.8822685185185185 0.06458854166666667 0.06570370370370374
0 0.43243229166666663 0.7853333333333334 0.05531250000000002 0.07237037037037024
0 0.5602916666666666 0.6884444444444444 0.03801041666666668 0.04987037037037049
0 0.5087109375 0.8941342592592593 0.04031770833333326 0.05821296296296286
0 0.45863281250000004 0.7195833333333334 0.04650520833333331 0.052092592592592586
0 0.9302760416666668 0.7093703703703704 0.04268750000000002 0.05677777777777772
0 0.22913802083333332 0.8379629629629629 0.055161458333333316 0.06592592592592597
0 0.5304401041666666 0.8445046296296297 0.03432812500000004 0.054935185185185115
0 0.8077395833333333 0.6882546296296297 0.04375 0.04636111111111126
0 0.7602057291666665 0.7645555555555555 0.0395989583333332 0.04924074074074059
0 0.06585677083333333 0.937662037037037 0.04607812500000001 0.053731481481481665
0 0.04507031250000001 0.765625 0.03465104166666667 0.029861111111111113
0 0.0787109375 0.7411851851851852 0.03601562499999999 0.04422222222222221
0 0.15656510416666666 0.7355555555555556 0.04145312499999996 0.041333333333333215
0 0.16131250000000003 0.7729398148148149 0.04466666666666666 0.04921296296296305
0 0.11448177083333334 0.7165277777777777 0.03270312499999998 0.03694444444444453
0 0.07769010416666668 0.7930324074074073 0.03503645833333333 0.030935185185185052
0 0.09467447916666666 0.8165416666666667 0.027651041666666685 0.02458333333333329
0 0.12145572916666666 0.7473287037037037 0.022265625 0.03295370370370363
0 0.2605885416666667 0.7757592592592593 0.057187499999999974 0.05022222222222223
0 0.5292786458333333 0.6408703703703703 0.04902604166666672 0.0455740740740741
0 0.4722734375 0.6477453703703704 0.03999479166666665 0.036157407407407575
0 0.10299479166666667 0.6143796296296296 0.034895833333333334 0.028518518518518478
0 0.19589322916666668 0.5090601851851853 0.034536458333333304 0.027935185185185254
0 0.2572083333333333 0.48944444444444435 0.024052083333333307 0.03279629629629631
0 0.28188541666666667 0.5953657407407408 0.040604166666666684 0.04793518518518517
0 0.33503125 0.750287037037037 0.04140625 0.04970370370370355
0 0.33373697916666667 0.6941990740740741 0.02919270833333331 0.03658333333333332
0 0.3470625 0.6581435185185186 0.04118749999999996 0.03973148148148135
0 0.16735416666666666 0.9058333333333333 0.04862500000000001 0.06518518518518526
0 0.18859895833333334 0.5954305555555556 0.03386458333333332 0.031064814814814982
0 0.226203125 0.6365185185185186 0.027479166666666662 0.03129629629629647
0 0.23441927083333333 0.5880046296296297 0.027994791666666668 0.03115740740740749
0 0.1357604166666667 0.5769120370370371 0.03139583333333332 0.025305555555555487
0 0.15607291666666664 0.5218333333333334 0.02681250000000001 0.023851851851851843
0 0.05496875 0.6215740740740741 0.03391666666666667 0.035740740740740656
0 0.20796354166666664 0.958824074074074 0.06059374999999996 0.0646481481481483
0 0.31275000000000003 0.511888888888889 0.025593749999999933 0.03029629629629632
0 0.34012499999999996 0.5931805555555556 0.03280208333333334 0.030805555555555537
0 0.3807708333333333 0.5491064814814814 0.030125000000000075 0.027731481481481524
0 0.4262942708333333 0.5198703703703704 0.029057291666666648 0.026481481481481398
0 0.41152083333333334 0.5951157407407408 0.028395833333333325 0.03352777777777781
0 0.4485442708333333 0.5999166666666668 0.029109374999999934 0.042500000000000086
0 0.47581510416666667 0.5859675925925926 0.026734374999999963 0.027972222222222256
0 0.48366666666666663 0.5171666666666667 0.02315625000000002 0.02542592592592596
0 0.510546875 0.5957916666666666 0.026729166666666634 0.02206481481481475
0 0.5316901041666667 0.6077592592592592 0.023130208333333256 0.03396296296296302
0 0.5131927083333333 0.7198425925925926 0.037968750000000044 0.04388888888888897
0 0.6221093750000001 0.5775 0.02787499999999999 0.029666666666666633
0 0.603453125 0.6234027777777779 0.0342187499999999 0.033879629629629766
0 0.6418098958333334 0.7233009259259259 0.04045312500000004 0.03691666666666656
0 0.6796328125 0.6566712962962963 0.04864062499999993 0.052842592592592746
0 0.55834375 0.4994490740740741 0.014802083333333372 0.023342592592592627
0 0.5954817708333332 0.5275092592592593 0.02500520833333345 0.02811111111111123
0 0.6214401041666666 0.5255925925925926 0.024880208333333324 0.028518518518518478
0 0.6915260416666666 0.60225 0.03673958333333331 0.04512962962962964
0 0.71784375 0.5832314814814815 0.036489583333333304 0.04094444444444447
0 0.7416380208333334 0.5378472222222223 0.039119791666666494 0.04517592592592589
0 0.8192734375 0.6338518518518518 0.03127604166666676 0.04300000000000005
0 0.8563489583333334 0.7108935185185185 0.04301041666666663 0.057712962962962897
0 0.87409375 0.6814953703703704 0.05364583333333333 0.04710185185185175
0 0.8881197916666667 0.8555601851851852 0.07191666666666663 0.06252777777777775
0 0.9505 0.8925370370370371 0.06014583333333334 0.06483333333333331
0 0.9218828124999999 0.6417638888888889 0.03780729166666674 0.03993518518518529
0 0.905828125 0.6658842592592592 0.036999999999999984 0.04041666666666675
0 0.9732005208333334 0.7073101851851852 0.04070312499999981 0.04130555555555567
0 0.9812864583333334 0.7341944444444445 0.02663541666666684 0.033370370370370335
0 0.9576510416666667 0.5994212962962963 0.03832291666666663 0.032379629629629654
0 0.8082083333333333 0.5269675925925926 0.02321874999999996 0.02671296296296288
0 0.8656484375000001 0.5938472222222222 0.0424322916666668 0.039694444444444345
0 0.884984375 0.5451435185185185 0.0318854166666668 0.02813888888888898