0 0.02406510416666667 0.6947268518518519 0.043432291666666664 0.039083333333333366
0 0.04790625 0.9354537037037036 0.06461458333333334 0.09346296296296301
0 0.13284114583333334 0.6301851851851851 0.033526041666666666 0.039703703703703803
0 0.16140625 0.8067129629629629 0.033854166666666664 0.04788888888888891
0 0.10078125 0.965625 0.05 0.06689814814814815
0 0.20459114583333332 0.852949074074074 0.04148437499999999 0.07499074074074054
0 0.275515625 0.9558472222222223 0.06105208333333335 0.06780555555555558
0 0.25865625 0.7551712962962963 0.04880208333333336 0.041694444444444416
0 0.2285703125 0.7280648148148148 0.039046875000000016 0.05022222222222202
0 0.14961458333333333 0.9483703703703704 0.05254166666666667 0.07037037037037037
0 0.13089583333333332 0.9129351851851852 0.034249999999999996 0.04537037037037037
0 0.16630989583333333 0.865787037037037 0.03165104166666666 0.05281481481481478
0 0.16556510416666667 0.7719027777777777 0.04779687499999999 0.04862037037037036
0 0.22276302083333335 0.9311296296296296 0.04702604166666665 0.07188888888888899
0 0.357109375 0.9532222222222222 0.05185416666666664 0.06638888888888872
0 0.3795052083333334 0.9051898148148149 0.04357291666666659 0.05454629629629616
0 0.3941328125 0.8705555555555556 0.04610937499999999 0.04870370370370362
0 0.44451302083333327 0.9029351851851852 0.036515625000000065 0.04820370370370365
0 0.4465052083333333 0.9771712962962963 0.03189583333333334 0.030805555555555537
0 0.5015442708333333 0.8230046296296296 0.0321197916666667 0.03793518518518521
0 0.2905286458333334 0.7876712962962963 0.03974479166666664 0.044101851851851955
0 0.30783854166666663 0.7192916666666667 0.04037499999999999 0.04430555555555547
0 0.36409114583333335 0.6893888888888888 0.03941145833333337 0.04520370370370386
0 0.41184114583333337 0.6625972222222223 0.04114062500000001 0.04130555555555567
0 0.38070833333333337 0.7973564814814814 0.03142708333333341 0.036379629629629595
0 0.5089505208333333 0.7139953703703704 0.034296874999999956 0.04591666666666659
0 0.5465651041666667 0.7188888888888889 0.037057291666666714 0.03933333333333335
0 0.4935 0.6774722222222223 0.026145833333333358 0.03568518518518515
0 0.5018203125 0.5806435185185186 0.03089062499999997 0.030472222222222088
0 0.6069869791666667 0.9775648148148148 0.03371354166666667 0.04079629629629625
0 0.5800651041666666 0.8304305555555556 0.049557291666666475 0.06936111111111119
0 0.6213020833333334 0.8295185185185185 0.02826041666666678 0.0411666666666667
0 0.6789869791666666 0.9214444444444445 0.07205729166666662 0.07314814814814814
0 0.7369296875000001 0.9774629629629629 0.02786979166666678 0.038962962962962894
0 0.8296640624999999 0.9798842592592594 0.03814062500000001 0.03837962962962946
0 0.7901380208333334 0.9262962962962963 0.057640625000000036 0.08444444444444449
0 0.7254296875 0.823935185185185 0.04438020833333335 0.05472222222222214
0 0.6633567708333333 0.8423287037037037 0.043234375000000116 0.03450925925925924
0 0.6530989583333332 0.7759444444444444 0.03010416666666676 0.039037037037036905
0 0.6987682291666667 0.7521574074074073 0.035901041666666585 0.06824074074074057
0 0.7892708333333334 0.8190694444444445 0.05109375000000019 0.057675925925925894
0 0.8288098958333333 0.8448981481481481 0.04810937499999994 0.05842592592592584
0 0.8323645833333333 0.8974166666666668 0.0271979166666668 0.04757407407407418
0 0.8591666666666666 0.9080231481481481 0.03333333333333333 0.05191666666666682
0 0.9358697916666666 0.9327129629629629 0.0703437500000002 0.0823518518518519
0 0.8747708333333333 0.8029074074074075 0.050666666666666534 0.05474074074074064
0 0.9132291666666668 0.8538240740740741 0.037229166666666674 0.046611111111111034
0 0.9353932291666667 0.8134861111111111 0.04653645833333352 0.06482407407407427
0 0.9784947916666666 0.9744166666666666 0.041968749999999964 0.04931481481481502
0 0.9374296875 0.7223796296296296 0.033140625000000055 0.022814814814814698
0 0.8304036458333334 0.6855277777777777 0.04751562500000001 0.043777777777777756
0 0.721984375 0.6606944444444444 0.04453125 0.038018518518518465
0 0.8254817708333334 0.6094722222222222 0.03701562499999985 0.03894444444444439
0 0.7807421875 0.6917916666666667 0.03635937500000021 0.038657407407407404
0 0.9209322916666667 0.6220092592592592 0.0357916666666668 0.022333333333333233
0 0.9854765625 0.5860833333333334 0.028005208333333323 0.026129629629629655
0 0.9083098958333333 0.7355740740740742 0.02102604166666661 0.02642592592592589
0 0.9174713541666667 0.6588981481481482 0.041817708333333314 0.04375925925925925
0 0.6526927083333334 0.6065046296296296 0.029885416666666723 0.03610185185185186
0 0.6830104166666667 0.577949074074074 0.03196875000000006 0.03147222222222202
0 0.6173541666666666 0.6507916666666667 0.03692708333333338 0.03324999999999986
0 0.62884375 0.5505509259259259 0.033187500000000134 0.025564814814814932
0 0.10246875000000001 0.7405694444444445 0.028895833333333343 0.02382407407407409
0 0.30625260416666666 0.5117962962962963 0.03723437500000001 0.03251851851851842
0 0.24728645833333332 0.5973333333333334 0.026260416666666706 0.028740740740740706
0 0.35825260416666665 0.5821111111111111 0.046765624999999984 0.031796296296296434
0 0.3179348958333333 0.6410648148148147 0.03667187499999992 0.03481481481481473
0 0.4125078125 0.586925925925926 0.03870312499999997 0.035814814814814876
0 0.5057890625 0.5321296296296296 0.023286458333333353 0.028388888888888755
0 0.4475885416666667 0.7162037037037037 0.03931250000000001 0.05251851851851854
0 0.4633671875 0.6445046296296297 0.025005208333333327 0.03647222222222211
0 0.43376041666666665 0.5461157407407408 0.035218749999999945 0.03060185185185202
0 0.7792213541666667 0.5449953703703704 0.025744791666666583 0.023990740740740608
0 0.00703125 0.7916666666666666 0.0140625 0.041666666666666664
0 0.07565625 0.7309074074074075 0.043937500000000004 0.0448518518518519
0 0.2714947916666667 0.6166018518518519 0.02992708333333335 0.02433333333333352
0 0.35523958333333333 0.7591435185185185 0.016999999999999935 0.024824074074074023
0 0.35148437499999996 0.8008703703703705 0.021687499999999933 0.034518518518518705
0 0.47831510416666667 0.6208564814814815 0.01885937500000002 0.02282407407407416
0 0.6930572916666667 0.5349074074074075 0.026135416666666817 0.02792592592592579
0 0.8445052083333333 0.6649490740740741 0.027145833333333275 0.03689814814814806
0 0.6981979166666666 0.7142407407407407 0.03391666666666661 0.03355555555555556
0 0.6486588541666667 0.579125 0.023880208333333285 0.025694444444444443
0 0.14403124999999997 0.5774074074074075 0.01978125000000001 0.017296296296296355
0 0.16201302083333333 0.5616435185185186 0.021432291666666655 0.019768518518518435
0 0.21615625 0.5614768518518518 0.03456250000000001 0.028824074074074175
0 0.22008333333333333 0.5811898148148148 0.023822916666666673 0.023583333333333147
0 0.1838515625 0.5509074074074074 0.024630208333333313 0.028481481481481472
0 0.28868489583333334 0.5829212962962964 0.043505208333333316 0.050287037037036984
0 0.4101197916666666 0.765837962962963 0.03242708333333333 0.03217592592592593
0 0.23438020833333334 0.6540046296296297 0.020218749999999966 0.03360185185185182
0 0.06292447916666667 0.6059305555555555 0.03475520833333334 0.03352777777777781
0 0.11817708333333334 0.5348703703703704 0.026364583333333337 0.03275925925925936
0 0.32035677083333336 0.6701666666666667 0.028817708333333296 0.03555555555555564
0 0.2613203125 0.6855 0.03669270833333336 0.0418518518518519
0 0.7310651041666667 0.6226944444444444 0.03913020833333339 0.039018518518518404
0 0.7675520833333334 0.6476064814814815 0.036489583333333304 0.03243518518518516
0 0.8153828124999999 0.4828055555555555 0.021421875000000055 0.016444444444444435
0 0.8521067708333334 0.47993981481481485 0.03278645833333324 0.023509259259259195
0 0.9075807291666665 0.48915277777777777 0.03701562499999985 0.029138888888888916
0 0.862921875 0.5295787037037036 0.042041666666666797 0.026324074074073923
0 0.8974010416666667 0.5240324074074073 0.029875000000000065 0.026324074074073923