0 0.3063359375 0.7123333333333333 0.04084895833333325 0.030962962962963015
0 0.34641145833333337 0.6742037037037036 0.037635416666666664 0.03194444444444444
0 0.3346744791666667 0.6214398148148148 0.03158854166666671 0.031194444444444493
0 0.25824739583333334 0.7383148148148148 0.027619791666666654 0.03561111111111114
0 0.24022656250000002 0.7588148148148148 0.020640625 0.021814814814814763
0 0.26905989583333334 0.8920925925925927 0.06042187499999999 0.06748148148148159
0 0.3505182291666667 0.8229305555555555 0.02468229166666672 0.04860185185185186
0 0.3495052083333333 0.9167407407407406 0.04061458333333334 0.07400000000000007
0 0.32152864583333335 0.7584444444444445 0.038630208333333374 0.04218518518518514
0 0.3623359375 0.7193425925925926 0.03657812500000001 0.04216666666666663
0 0.392875 0.6819212962962963 0.043656250000000084 0.04675000000000001
0 0.38983333333333337 0.728537037037037 0.02244791666666662 0.03783333333333345
0 0.40318489583333333 0.752273148148148 0.03444270833333339 0.03302777777777784
0 0.4252447916666667 0.8165972222222222 0.03831249999999997 0.04610185185185182
0 0.40666406250000003 0.8620231481481482 0.07313020833333325 0.07502777777777775
0 0.026526041666666667 0.8168472222222222 0.047 0.06345370370370389
0 0.03212760416666667 0.8724722222222222 0.05133854166666666 0.07801851851851851
0 0.048367187500000006 0.9725787037037037 0.04596354166666667 0.04421296296296296
0 0.14182291666666666 0.9767731481481481 0.036125000000000004 0.04460185185185192
0 0.16123958333333335 0.9236805555555556 0.04509374999999996 0.06847222222222206
0 0.10628385416666666 0.8881111111111112 0.05969270833333334 0.058944444444444306
0 0.10643489583333335 0.7417407407407407 0.055213541666666664 0.05125925925925938
0 0.1772057291666667 0.6835138888888889 0.04299479166666664 0.04243518518518512
0 0.19257291666666668 0.8003009259259259 0.05581249999999998 0.04454629629629642
0 0.07017708333333333 0.587537037037037 0.04496875000000001 0.0448148148148149
0 0.0505 0.63425 0.03189583333333334 0.025999999999999933
0 0.10420833333333332 0.6734305555555556 0.03402083333333336 0.04269444444444456
0 0.09633072916666666 0.6410555555555556 0.04273437499999998 0.03633333333333334
0 0.10615625 0.5944999999999999 0.030520833333333344 0.03127777777777796
0 0.1354453125 0.6140555555555556 0.031776041666666664 0.028722222222222205
0 0.12455989583333335 0.5666296296296297 0.031776041666666664 0.03159259259259249
0 0.11624479166666667 0.5376111111111112 0.03231250000000001 0.029703703703703635
0 0.10196614583333334 0.4898287037037037 0.036265624999999996 0.03350925925925931
0 0.1626744791666667 0.524212962962963 0.038953124999999984 0.030018518518518587
0 0.1557734375 0.4893611111111111 0.03750520833333333 0.035722222222222155
0 0.16956770833333337 0.45799537037037036 0.024124999999999966 0.024231481481481548
0 0.18101822916666663 0.47325462962962966 0.026588541666666642 0.022009259259259242
0 0.20204687500000001 0.5759444444444445 0.03411458333333333 0.030000000000000086
0 0.22276562500000002 0.5417916666666667 0.030520833333333285 0.02552777777777772
0 0.24798958333333332 0.5681527777777778 0.03213541666666669 0.030638888888889024
0 0.2549739583333333 0.5950277777777778 0.041114583333333364 0.03446296296296299
0 0.3003385416666667 0.5664907407407407 0.03568749999999999 0.027462962962962828
0 0.3514713541666667 0.509712962962963 0.031776041666666664 0.022981481481481422
0 0.3631041666666667 0.5499305555555555 0.028364583333333353 0.023305555555555624
0 0.38491145833333335 0.5794907407407408 0.03431250000000006 0.04148148148148144
0 0.3933203125 0.6276481481481482 0.03465104166666677 0.03446296296296299
0 0.2277838541666667 0.4870092592592593 0.022984375000000057 0.03000000000000003
0 0.2565442708333333 0.42620833333333336 0.02872395833333332 0.022342592592592588
0 0.27798958333333335 0.49055092592592586 0.03915625000000003 0.02521296296296298
0 0.3023177083333334 0.46811111111111114 0.022781250000000006 0.022018518518518493
0 0.5311380208333333 0.9011851851851852 0.05030729166666662 0.0698888888888889
0 0.49173697916666664 0.8518194444444445 0.038109375000000036 0.045324074074074114
0 0.5466953125 0.8170740740740742 0.025619791666666693 0.04261111111111109
0 0.5316666666666666 0.7222175925925925 0.042166666666666686 0.05486111111111111
0 0.5684895833333333 0.6994814814814815 0.044500000000000026 0.054277777777777675
0 0.44140885416666664 0.6499722222222223 0.037880208333333346 0.037018518518518534
0 0.44210937499999997 0.6012361111111112 0.03572916666666662 0.036379629629629595
0 0.42197135416666665 0.5391574074074074 0.028921875000000104 0.020740740740740823
0 0.48256510416666665 0.5754814814814815 0.025151041666666648 0.030962962962963015
0 0.5041640625 0.5953009259259259 0.03395312500000003 0.029675925925926095
0 0.4200338541666666 0.5137870370370371 0.036640624999999954 0.021388888888888805
0 0.474109375 0.5119027777777778 0.025656249999999995 0.029675925925925883
0 0.5382291666666668 0.4778148148148148 0.01974999999999998 0.017870370370370488
0 0.561546875 0.5100185185185184 0.021499999999999866 0.019148148148147998
0 0.56940625 0.48703703703703705 0.019010416666666665 0.01627777777777771
0 0.5581041666666666 0.5938935185185185 0.022802083333333202 0.028083333333333266
0 0.5363567708333333 0.6564444444444445 0.028890624999999896 0.04524074074074086
0 0.5721302083333334 0.6480879629629629 0.035312500000000094 0.046472222222222276
0 0.6068671875 0.6073240740740741 0.028203125000000048 0.03587037037037038
0 0.6091614583333332 0.6951712962962963 0.03622916666666664 0.030972222222222266
0 0.61025 0.512236111111111 0.03397916666666655 0.02737962962962978
0 0.6009036458333334 0.45087037037037037 0.027119791666666514 0.02240740740740745
0 0.6547916666666667 0.5629490740740741 0.029697916666666657 0.03169444444444446
0 0.6224583333333332 0.4827546296296296 0.023614583333333408 0.022009259259259242
0 0.6417890625000001 0.4671805555555556 0.02797395833333335 0.022009259259259242
0 0.6494244791666667 0.49220833333333336 0.02614062500000003 0.023231481481481617
0 0.6442447916666667 0.9484490740740741 0.018802083333333285 0.02282407407407416
0 0.64025 0.8117222222222223 0.04280208333333325 0.04755555555555567
0 0.7428255208333333 0.8077777777777778 0.035786458333333354 0.05379629629629621
0 0.7217109374999999 0.8148703703703704 0.01996354166666663 0.025870370370370422
0 0.7400364583333333 0.8703055555555557 0.033562499999999794 0.04681481481481477
0 0.7563463541666666 0.9405 0.05365104166666678 0.06848148148148152
0 0.6748307291666666 0.7063287037037037 0.03209895833333339 0.03006481481481484
0 0.7155312500000001 0.7158194444444445 0.0431145833333332 0.04602777777777781
0 0.7474453125 0.7226666666666667 0.022703125000000077 0.03712962962962955
0 0.7250989583333334 0.6863333333333334 0.032343749999999956 0.03164814814814821
0 0.6996484375 0.6949212962962963 0.02432812500000002 0.02943518518518515
0 0.6890677083333333 0.5970555555555555 0.028562500000000077 0.032611111111110924
0 0.6502265625 0.6429907407407407 0.025682291666666638 0.03912962962962962
0 0.7589453125000001 0.6168564814814814 0.029140624999999906 0.026064814814814898
0 0.7706041666666666 0.7021388888888889 0.02384374999999987 0.03464814814814821
0 0.7728776041666667 0.5629722222222222 0.026598958333333183 0.03424074074074076
0 0.6937838541666667 0.5698240740740741 0.019244791666666573 0.024537037037037038
0 0.7433177083333333 0.5726342592592591 0.01880208333333352 0.021601851851851785
0 0.7533619791666666 0.5943657407407407 0.02201562499999999 0.020379629629629623
0 0.7199296875 0.5520925925925926 0.026598958333333183 0.023648148148148116
0 0.7009296875000001 0.5246759259259259 0.012630208333333334 0.01714814814814813
0 0.7319687500000001 0.5276342592592593 0.018343750000000134 0.022009259259259242
0 0.8366458333333334 0.9283981481481483 0.06622916666666659 0.07333333333333317
0 0.8636015625 0.828425925925926 0.06427604166666659 0.07342592592592609
0 0.8168385416666666 0.7518148148148148 0.04763541666666669 0.042666666666666596
0 0.8066328125000001 0.8367731481481481 0.024401041666666855 0.046416666666666766
0 0.9050052083333334 0.9089305555555556 0.05960416666666646 0.07508333333333347
0 0.9252604166666667 0.8989305555555556 0.0627291666666667 0.08847222222222217
0 0.9437395833333333 0.9858842592592594 0.04553125000000004 0.02499074074074054
0 0.961859375 0.8710694444444445 0.0430416666666666 0.06015740740740743
0 0.9611067708333334 0.818837962962963 0.04332812500000003 0.0562314814814815
0 0.8455729166666667 0.7350555555555556 0.0350833333333334 0.03449999999999999
0 0.90409375 0.7903425925925925 0.047770833333333464 0.043796296296296465
0 0.9727395833333333 0.7402731481481482 0.03956250000000002 0.03008333333333334
0 0.9776145833333333 0.7715694444444445 0.02911458333333338 0.02304629629629618
0 0.955859375 0.6884490740740742 0.039333333333333324 0.03826851851851845
0 0.8908255208333333 0.6459212962962964 0.04547395833333331 0.047583333333333214
0 0.8715468749999999 0.6748101851851851 0.018906250000000093 0.019898148148148158
0 0.7864687499999999 0.5778333333333333 0.017416666666666695 0.014592592592592794
0 0.7994713541666667 0.6793333333333333 0.022140625000000115 0.023444444444444597
0 0.7866484375 0.5952777777777778 0.029109374999999934 0.02388888888888885
0 0.7890651041666668 0.6183240740740741 0.025630208333333352 0.028796296296296212
0 0.8509817708333334 0.5075231481481481 0.02960937499999995 0.02852777777777773
0 0.8503333333333333 0.5336620370370371 0.02653124999999979 0.020342592592592617
0 0.8216484375 0.5560648148148147 0.020901041666666724 0.023000000000000135
0 0.8482708333333332 0.5838425925925925 0.020895833333333277 0.01990740740740741
0 0.8938281250000001 0.541425925925926 0.0365729166666668 0.026981481481481363
0 0.8889140625 0.5772777777777778 0.018161458333333276 0.023000000000000135
0 0.8729531250000001 0.5749768518518519 0.012937500000000076 0.021231481481481542
0 0.8904401041666666 0.5980972222222222 0.022828124999999963 0.021824074074074225
0 0.7845651041666667 0.5402546296296296 0.029859374999999962 0.031398148148148015
0 0.7304661458333332 0.4832638888888888 0.02327604166666646 0.025342592592592545
0 0.7573203125 0.49343055555555554 0.02301562500000003 0.021620370370370286
0 0.7639817708333332 0.5186620370370371 0.025494791666666572 0.018601851851851987