0 0.28360416666666666 0.7334537037037037 0.04084375000000004 0.030962962962963015
0 0.32535156249999997 0.6911111111111111 0.03764062499999999 0.03194444444444444
0 0.31196093750000004 0.6337592592592592 0.033994791666666656 0.03318518518518532
0 0.23590625 0.762449074074074 0.02940625000000002 0.04276851851851857
0 0.2167421875 0.7856898148148149 0.02073437499999997 0.023750000000000084
0 0.24774739583333333 0.9293796296296296 0.0640885416666667 0.07364814814814812
0 0.33308593750000004 0.8531712962962963 0.025453124999999945 0.051249999999999914
0 0.3251822916666666 0.9523055555555555 0.04082291666666672 0.06850000000000002
0 0.3021510416666667 0.7878842592592592 0.03876041666666671 0.043935185185185015
0 0.34556770833333333 0.7471944444444445 0.036583333333333336 0.04216666666666663
0 0.37817968750000003 0.7008796296296297 0.04957812500000003 0.046740740740740756
0 0.37373437499999995 0.7577083333333334 0.02244791666666662 0.03784259259259249
0 0.3880130208333333 0.7858425925925926 0.03444270833333339 0.033018518518518385
0 0.4088333333333333 0.8512685185185185 0.03831249999999997 0.04609259259259257
0 0.3908723958333333 0.9082407407407407 0.07313020833333325 0.0859999999999999
0 0.1253203125 0.9624351851851852 0.04509895833333335 0.06488888888888882
0 0.06129166666666667 0.9260138888888889 0.06954166666666665 0.06849074074074056
0 0.07263541666666666 0.7688703703703703 0.05711458333333332 0.0551666666666666
0 0.14917447916666665 0.7025787037037037 0.0441927083333333 0.04719444444444447
0 0.16023437499999998 0.8325694444444444 0.05581250000000003 0.04454629629629642
0 0.04192708333333333 0.5988842592592594 0.04496875 0.04480555555555544
0 0.022476562500000002 0.6522731481481481 0.031901041666666664 0.025990740740740894
0 0.0727265625 0.6917962962962962 0.03448437500000001 0.04357407407407402
0 0.06688802083333334 0.657912037037037 0.042734374999999984 0.03634259259259259
0 0.07723958333333333 0.6061388888888889 0.030520833333333337 0.03127777777777775
0 0.112515625 0.6268796296296296 0.03178124999999999 0.028722222222222205
0 0.09815364583333333 0.5766111111111111 0.031776041666666664 0.03159259259259249
0 0.08621354166666667 0.5424537037037036 0.03231250000000001 0.029703703703703635
0 0.07795572916666667 0.4920324074074074 0.036265624999999996 0.03350925925925931
0 0.14047916666666668 0.5295416666666667 0.03894791666666665 0.030009259259259125
0 0.13723177083333335 0.49449537037037045 0.04195312499999997 0.0364351851851851
0 0.1496588541666667 0.4616898148148148 0.027671875000000058 0.025194444444444478
0 0.163390625 0.476837962962963 0.026968749999999986 0.02726851851851856
0 0.18076822916666666 0.5861018518518518 0.034109375000000004 0.030000000000000086
0 0.204265625 0.5519814814814815 0.030520833333333344 0.02553703703703697
0 0.22583854166666667 0.5740787037037037 0.03213541666666669 0.030638888888888813
0 0.23534895833333333 0.6069305555555554 0.03934374999999998 0.04408333333333345
0 0.28190885416666667 0.5765694444444444 0.03659895833333333 0.03324999999999986
0 0.33415625000000004 0.51425 0.03178124999999999 0.022981481481481422
0 0.34878906249999997 0.5607638888888888 0.02868229166666675 0.02358333333333336
0 0.3671875 0.5910324074074075 0.037729166666666696 0.042398148148148115
0 0.37477083333333333 0.6401944444444444 0.037843749999999926 0.040037037037037045
0 0.20712760416666667 0.4898194444444444 0.02407812500000001 0.03699074074074078
0 0.24219010416666667 0.4254351851851852 0.030088541666666656 0.025185185185185227
0 0.26014583333333335 0.4934398148148148 0.03915625000000003 0.02521296296296298
0 0.28884375 0.47169907407407413 0.022781250000000006 0.022027777777777743
0 0.5152421875 0.9414814814814815 0.04738020833333335 0.06677777777777767
0 0.4749947916666667 0.8874907407407407 0.03961458333333331 0.04759259259259268
0 0.5324869791666667 0.8506018518518518 0.026046875000000115 0.043685185185185244
0 0.5160286458333333 0.7467314814814815 0.047390625000000006 0.056814814814814936
0 0.5551484375 0.7179907407407408 0.04934895833333333 0.0552222222222221
0 0.4267578125 0.669125 0.037880208333333346 0.037027777777777784
0 0.42726302083333334 0.6113888888888889 0.03393229166666671 0.044425925925925945
0 0.40877864583333334 0.546337962962963 0.028921874999999986 0.020749999999999866
0 0.47184895833333335 0.5893379629629629 0.0274166666666666 0.03300925925925934
0 0.495546875 0.6109074074074073 0.033947916666666585 0.029685185185185134
0 0.40953124999999996 0.519912037037037 0.0366458333333334 0.021379629629629554
0 0.46172135416666665 0.5180277777777778 0.025651041666666666 0.029685185185185134
0 0.5292890625 0.4794444444444444 0.01974479166666671 0.017870370370370488
0 0.5525494791666666 0.5153796296296297 0.02117187500000005 0.019148148148148206
0 0.5620260416666666 0.48990740740740735 0.019010416666666665 0.01627777777777771
0 0.5479791666666666 0.6063425925925925 0.022802083333333202 0.028092592592592728
0 0.5319635416666666 0.6755185185185185 0.03046875 0.04744444444444424
0 0.566625 0.6675740740740741 0.035312500000000094 0.046462962962963025
0 0.6029036458333333 0.6231851851851852 0.028203125000000048 0.03587037037037038
0 0.6039322916666666 0.7191805555555556 0.03622916666666664 0.030972222222222266
0 0.6047656250000001 0.5143657407407407 0.03347916666666653 0.03093518518518526
0 0.5964010416666666 0.45163888888888887 0.02887500000000003 0.024870370370370383
0 0.6497526041666667 0.568587962962963 0.032546874999999885 0.034027777777777775
0 0.6163463541666666 0.4887268518518519 0.023567708333333333 0.022787037037037154
0 0.6370182291666666 0.4739861111111111 0.028078124999999923 0.02263888888888893
0 0.6450807291666666 0.4971296296296296 0.02626562500000015 0.02390740740740735
0 0.632203125 0.9886712962962961 0.01880208333333352 0.020805555555555792
0 0.6293125 0.8419351851851852 0.04675000000000011 0.05812962962962961
0 0.7391901041666666 0.8373194444444445 0.03786979166666669 0.06363888888888891
0 0.7153567708333334 0.8476481481481482 0.022234374999999792 0.02898148148148165
0 0.73396875 0.9090324074074074 0.03369791666666657 0.058694444444444535
0 0.7461796875 0.971726851851852 0.04606770833333324 0.0422500000000001
0 0.667109375 0.7305138888888888 0.0325104166666667 0.030972222222222054
0 0.7123984374999999 0.7344490740740741 0.04431770833333341 0.053953703703703684
0 0.7385078125 0.746375 0.026828125000000112 0.037138888888889006
0 0.7218541666666667 0.7119583333333332 0.032343749999999956 0.03217592592592593
0 0.6929010416666667 0.7154814814814815 0.02454166666666661 0.030981481481481516
0 0.6831927083333333 0.6105879629629629 0.02890625 0.03260185185185189
0 0.6412395833333332 0.658875 0.026124999999999923 0.04684259259259273
0 0.7558515625000001 0.6343518518518518 0.029723958333333182 0.026333333333333382
0 0.767578125 0.7240509259259258 0.02703125000000005 0.038324074074073955
0 0.7693203125 0.575037037037037 0.02659895833333342 0.03424074074074076
0 0.688375 0.5768101851851851 0.021999999999999888 0.03026851851851857
0 0.7392317708333334 0.5820648148148149 0.02180729166666661 0.02974074074074064
0 0.7520703125 0.6082500000000001 0.026901041666666476 0.03255555555555542
0 0.7166302083333332 0.5594074074074075 0.029343750000000075 0.0338703703703703
0 0.6972317708333333 0.5322499999999999 0.015359374999999887 0.023685185185185118
0 0.7297291666666667 0.537712962962963 0.018343750000000134 0.022018518518518493
0 0.8351927083333334 0.9656018518518518 0.06212499999999987 0.0669444444444445
0 0.8652942708333333 0.8634074074074074 0.06599479166666669 0.07607407407407393
0 0.8175651041666666 0.7807361111111112 0.04825520833333315 0.04491666666666666
0 0.8053046875 0.8690601851851852 0.02440104166666662 0.046416666666666766
0 0.9078645833333333 0.9546157407407406 0.055583333333333464 0.07062037037037035
0 0.9304427083333332 0.9352546296296297 0.06343750000000009 0.087175925925926
0 0.968015625 0.9092546296296297 0.04145833333333352 0.06015740740740743
0 0.9700078125 0.8541342592592592 0.0416406249999999 0.05700925925925941
0 0.8432109375 0.7600231481481482 0.04153645833333333 0.04419444444444446
0 0.9019296874999999 0.818212962962963 0.059692708333333164 0.05574074074074057
0 0.9769791666666667 0.7620370370370371 0.037614583333333465 0.03007407407407409
0 0.9828567708333333 0.7999398148148148 0.026609375000000077 0.02304629629629618
0 0.9599947916666667 0.7099166666666668 0.04063541666666666 0.04009259259259276
0 0.8937239583333334 0.6607407407407407 0.0460208333333334 0.04820370370370365
0 0.8732005208333333 0.6922592592592592 0.018911458333333304 0.01990740740740741
0 0.7907031250000001 0.593287037037037 0.01741666666666646 0.014592592592592584
0 0.803765625 0.7019537037037037 0.022145833333333323 0.023444444444444386
0 0.7908255208333334 0.6129722222222223 0.029109374999999934 0.02388888888888885
0 0.7910755208333333 0.6361759259259259 0.025630208333333352 0.028796296296296212
0 0.8538567708333333 0.5128564814814814 0.02960937499999995 0.030972222222222266
0 0.8522447916666667 0.5384629629629629 0.033114583333333295 0.020351851851851867
0 0.8203671875 0.5607314814814814 0.020901041666666724 0.023000000000000135
0 0.8496692708333333 0.5921342592592592 0.020901041666666724 0.02015740740740739
0 0.8964036458333333 0.5438981481481482 0.03657812500000001 0.026981481481481363
0 0.8922838541666667 0.5847129629629629 0.018161458333333276 0.022999999999999923
0 0.8765416666666667 0.583486111111111 0.012937500000000076 0.02123148148148133
0 0.8935052083333334 0.6055416666666666 0.0233645833333334 0.02573148148148145
0 0.7843723958333333 0.5438981481481482 0.029859374999999962 0.031407407407407474
0 0.7304010416666666 0.4858194444444444 0.023270833333333484 0.025342592592592545
0 0.7566953125 0.49607407407407406 0.02301562500000003 0.021611111111111036
0 0.7647526041666666 0.5224537037037037 0.025494791666666572 0.018592592592592525