0 0.07241927083333333 0.726 0.040755208333333334 0.057796296296296366
0 0.09156510416666667 0.9724907407407407 0.036796874999999986 0.05270370370370377
0 0.22090625 0.9020509259259258 0.0661770833333333 0.0651944444444443
0 0.18530989583333332 0.8586342592592593 0.0437864583333333 0.06589814814814822
0 0.0962421875 0.9271111111111111 0.07336979166666667 0.08405555555555574
0 0.5281276041666667 0.9824027777777776 0.037901041666666656 0.03334259259259279
0 0.2604427083333334 0.9461574074074073 0.05170833333333332 0.0712777777777778
0 0.2851276041666667 0.8457546296296296 0.04974479166666666 0.061935185185185065
0 0.357015625 0.8037314814814814 0.05279166666666673 0.05957407407407421
0 0.414328125 0.765550925925926 0.053145833333333316 0.056083333333333485
0 0.37538802083333334 0.9602685185185185 0.03488020833333335 0.04198148148148162
0 0.5302734375 0.8384166666666667 0.041067708333333286 0.06479629629629631
0 0.5740833333333334 0.844212962962963 0.04208333333333343 0.06011111111111118
0 0.5104375 0.7852870370370371 0.032895833333333256 0.04544444444444438
0 0.5172942708333333 0.6575694444444444 0.04216145833333336 0.041750000000000134
0 0.61671875 0.9787685185185186 0.03791666666666676 0.040611111111110806
0 0.6764218750000001 0.9853055555555557 0.03693750000000004 0.027537037037036836
0 0.8036067708333333 0.9767314814814814 0.03682812500000002 0.04468518518518539
0 0.7131692708333334 0.9236481481481481 0.04595312500000001 0.05844444444444434
0 0.7657890625 0.8930185185185185 0.04779687499999999 0.0911851851851852
0 0.8830520833333334 0.9730509259259259 0.047114583333333356 0.05204629629629633
0 0.9802473958333333 0.9641296296296297 0.03846354166666662 0.0698888888888889
0 0.9188333333333333 0.8002314814814815 0.05607291666666659 0.05527777777777782
0 0.7901197916666667 0.7667407407407407 0.04890625000000005 0.04988888888888899
0 0.9043098958333334 0.6975416666666667 0.04672395833333335 0.051694444444444376
0 0.8616927083333332 0.8105324074074074 0.04887500000000008 0.05349074074074072
0 0.7017135416666667 0.6936018518518519 0.03590625000000003 0.04516666666666664
0 0.7282890625 0.6562685185185185 0.042234375000000074 0.039629629629629584
0 0.6573541666666666 0.7539814814814815 0.03893750000000011 0.036796296296296306
0 0.6650572916666667 0.6166851851851851 0.038270833333333344 0.03462962962962971
0 0.0171875 0.8856481481481482 0.034375 0.044444444444444446
0 0.2908958333333333 0.5653888888888889 0.05313541666666666 0.04527777777777786
0 0.21707291666666664 0.6758240740740741 0.032979166666666636 0.0381851851851852
0 0.3524270833333334 0.6585787037037036 0.03198958333333337 0.03339814814814809
0 0.29935416666666664 0.7323564814814815 0.047322916666666735 0.0496203703703705
0 0.4136171875 0.6634537037037037 0.043515624999999974 0.04911111111111108
0 0.5218203124999999 0.5951064814814815 0.027942708333333382 0.030824074074074042
0 0.4551119791666667 0.8456250000000001 0.0579010416666667 0.06634259259259268
0 0.4740755208333333 0.7431111111111111 0.02681770833333334 0.04225925925925914
0 0.44161197916666667 0.6147870370370371 0.04208854166666664 0.03394444444444431
0 0.8426614583333333 0.6161342592592592 0.03262500000000017 0.0334166666666668
0 0.24250000000000002 0.7077083333333334 0.04435416666666671 0.04341666666666655
0 0.3447578125 0.9064444444444445 0.019453124999999953 0.030962962962963015
0 0.33810937500000005 0.9689074074074074 0.027583333333333352 0.03451851851851828
0 0.49245833333333333 0.7114490740740741 0.026124999999999923 0.037416666666666744
0 0.7394895833333333 0.5997407407407408 0.03619791666666667 0.03459259259259271
0 0.93575 0.7737314814814815 0.0456145833333333 0.054018518518518445
0 0.7658880208333334 0.8443287037037037 0.047505208333333354 0.049712962962963014
0 0.6899791666666667 0.6542499999999999 0.02890625 0.03131481481481497
0 0.11605468749999999 0.7707314814814815 0.029557291666666666 0.03798148148148146
0 0.09498177083333334 0.652875 0.027640624999999995 0.027972222222222256
0 0.11698177083333335 0.6333287037037038 0.027651041666666685 0.026787037037037095
0 0.17731510416666665 0.6311944444444445 0.03594270833333333 0.035092592592592675
0 0.18575 0.6593055555555555 0.036479166666666646 0.03068518518518507
0 0.14494791666666668 0.6186574074074074 0.02702083333333333 0.032407407407407406
0 0.11701562500000001 0.6713518518518518 0.02318749999999999 0.028944444444444647
0 0.13144010416666668 0.688837962962963 0.027651041666666685 0.024583333333333502
0 0.151421875 0.6372222222222222 0.01885416666666669 0.02792592592592579
0 0.2693932291666667 0.6606898148148149 0.04715104166666665 0.05026851851851848
0 0.4119140625 0.9131481481481482 0.03488020833333335 0.03520370370370369
0 0.5026666666666667 0.5569537037037037 0.043760416666666656 0.03485185185185173
0 0.45061718749999996 0.5658055555555555 0.03318229166666668 0.026814814814814847
0 0.13002864583333335 0.5403287037037038 0.02936979166666666 0.02480555555555552
0 0.2067109375 0.45693055555555556 0.03384895833333334 0.03260185185185189
0 0.2641640625 0.4433287037037037 0.02372395833333331 0.029768518518518496
0 0.2855130208333333 0.5260601851851852 0.0327968749999999 0.029768518518518604
0 0.3330703125 0.6401296296296296 0.035161458333333326 0.04162962962962966
0 0.33014322916666666 0.5969305555555555 0.020234374999999954 0.031009259259259056
0 0.34506510416666664 0.5728842592592592 0.040119791666666654 0.02791666666666675
0 0.19672395833333337 0.7562546296296296 0.03328125000000005 0.04752777777777771
0 0.2086015625 0.5242685185185185 0.02763020833333331 0.02642592592592589
0 0.24136197916666666 0.555537037037037 0.022817708333333304 0.025666666666666692
0 0.2496328125 0.518324074074074 0.02596354166666668 0.025666666666666692
0 0.15397395833333333 0.5275046296296295 0.02411458333333331 0.020527777777777846
0 0.17373177083333333 0.4816666666666667 0.026796875000000022 0.019351851851851884
0 0.0181328125 0.6650972222222222 0.034755208333333336 0.03352777777777781
0 0.0707890625 0.5979074074074074 0.031901041666666664 0.03485185185185173
0 0.30195572916666674 0.7777777777777778 0.03600520833333339 0.05311111111111102
0 0.22742968749999998 0.7981435185185185 0.0476197916666667 0.051435185185185146
0 0.3155208333333333 0.4571018518518518 0.02511458333333323 0.023074074074074143
0 0.340640625 0.5197777777777778 0.03063541666666675 0.02738888888888882
0 0.3738802083333333 0.4867592592592593 0.028468749999999925 0.023074074074074143
0 0.4151302083333333 0.46656018518518516 0.020052083333333335 0.024194444444444546
0 0.40241666666666664 0.5230046296296297 0.025656249999999995 0.028861111111111178
0 0.4316588541666667 0.5271388888888888 0.024942708333333268 0.03333333333333333
0 0.45475781249999997 0.518337962962963 0.02410937499999998 0.024620370370370504
0 0.4638307291666667 0.4613703703703703 0.021005208333333296 0.023962962962963064
0 0.48412239583333333 0.5268287037037037 0.01885937500000002 0.017824074074074076
0 0.503578125 0.5350972222222222 0.02077083333333339 0.023342592592592627
0 0.4851328125 0.6211527777777778 0.02422395833333333 0.03373148148148133
0 0.5843880208333334 0.5104861111111112 0.021484375 0.022916666666666665
0 0.5657838541666665 0.5461064814814816 0.02676562500000017 0.022120370370370252
0 0.595078125 0.624662037037037 0.03307291666666667 0.02543518518518521
0 0.6301692708333334 0.5730879629629629 0.03594270833333345 0.03650925925925911
0 0.5308437500000001 0.45018055555555553 0.014802083333333372 0.023342592592592627
0 0.5617552083333334 0.47057407407407403 0.020718749999999866 0.021185185185185182
0 0.5860104166666666 0.47020833333333334 0.020197916666666534 0.02163888888888889
0 0.644734375 0.5286111111111111 0.029718750000000207 0.03548148148148142
0 0.6697734375000001 0.519 0.031307291666666494 0.029148148148148166
0 0.6933098958333335 0.4815046296296296 0.0338385416666668 0.04154629629629641
0 0.7541953124999999 0.5538333333333333 0.02989062500000017 0.03290740740740737
0 0.7777291666666667 0.6132916666666667 0.028291666666666753 0.03995370370370379
0 0.7961197916666667 0.5907175925925925 0.03704166666666661 0.03993518518518529
0 0.78934375 0.7179212962962963 0.04104166666666676 0.04106481481481473
0 0.835546875 0.7429675925925926 0.04419791666666673 0.04284259259259258
0 0.8389661458333334 0.5603564814814814 0.032255208333333486 0.029120370370370203
0 0.824 0.5810000000000001 0.028229166666666573 0.032814814814814866
0 0.8724062499999999 0.6093379629629629 0.02943749999999999 0.026138888888888906
0 0.8782317708333333 0.6312962962962962 0.02300520833333337 0.0235000000000001
0 0.872078125 0.5299861111111112 0.034364583333333344 0.026768518518518594
0 0.9149505208333333 0.5273564814814815 0.04044270833333315 0.027138888888888837
0 0.9795677083333333 0.5348611111111112 0.0390625 0.03525925925925919
0 0.9324609375 0.586949074074074 0.05007812500000005 0.03571296296296311
0 0.9785104166666667 0.5850231481481482 0.028833333333333398 0.026324074074073923
0 0.7514010416666667 0.47433333333333333 0.020333333333333314 0.02198148148148149
0 0.7952760416666667 0.5232638888888889 0.032760416666666715 0.03602777777777785
0 0.8182057291666667 0.4908194444444445 0.02645312499999998 0.020953703703703804