0 0.8550859375 0.9363425925925926 0.05503645833333337 0.06183333333333352
0 0.0603359375 0.6162870370370369 0.027473958333333333 0.026222222222222372
0 0.017708333333333333 0.6259259259259259 0.035416666666666666 0.03888888888888889
0 0.017677083333333333 0.7244444444444446 0.03354166666666667 0.019574074074073956
0 0.09851822916666667 0.7881388888888889 0.04641145833333334 0.05244444444444433
0 0.150796875 0.5689027777777778 0.02059374999999998 0.02143518518518527
0 0.18131510416666666 0.7046944444444444 0.025161458333333307 0.027759259259259275
0 0.13780208333333333 0.8176805555555556 0.028177083333333346 0.05026851851851848
0 0.14615104166666668 0.8846574074074075 0.044979166666666674 0.059314814814814765
0 0.22442447916666666 0.7366342592592593 0.039171875000000016 0.057842592592592404
0 0.027356770833333332 0.881912037037037 0.030640624999999998 0.053694444444444454
0 0.09511197916666667 0.8526481481481482 0.054098958333333336 0.05692592592592594
0 0.2862135416666666 0.8071712962962962 0.04584374999999999 0.050027777777777754
0 0.26310416666666664 0.6612592592592593 0.034791666666666644 0.03324074074074083
0 0.24002083333333335 0.636888888888889 0.032572916666666646 0.029814814814814856
0 0.17923177083333333 0.8035046296296297 0.04050520833333333 0.03999074074074079
0 0.16481510416666667 0.7779398148148148 0.02645312499999998 0.040787037037037205
0 0.19257552083333335 0.7395833333333334 0.01779687499999998 0.02727777777777781
0 0.187609375 0.6731712962962962 0.0265625 0.02360185185185186
0 0.24221875 0.7956481481481481 0.03945833333333333 0.055333333333333325
0 0.20460677083333334 0.8698611111111112 0.057411458333333346 0.05396296296296315
0 0.15546875 0.9327083333333334 0.048416666666666684 0.06087962962962963
0 0.0299765625 0.9617685185185185 0.027057291666666667 0.06355555555555543
0 0.1140390625 0.9730046296296296 0.03338020833333335 0.05213888888888884
0 0.21951302083333335 0.9768703703703704 0.03035937499999998 0.044407407407407444
0 0.3123020833333333 0.984712962962963 0.03560416666666662 0.028722222222222205
0 0.3095598958333333 0.9347962962962963 0.043828125000000044 0.07846296296296297
0 0.2867265625 0.8622777777777778 0.040005208333333306 0.07094444444444434
0 0.34535156250000004 0.9424074074074074 0.03761979166666667 0.05790740740740737
0 0.34694791666666663 0.8078888888888889 0.034885416666666676 0.05349999999999998
0 0.4050208333333334 0.9639675925925927 0.035218749999999945 0.047990740740740674
0 0.45485416666666667 0.9791249999999999 0.02227083333333333 0.03989814814814828
0 0.4581796875 0.9345231481481481 0.03995312500000002 0.045416666666666626
0 0.4429505208333333 0.8820601851851851 0.04993229166666661 0.0466574074074075
0 0.3712239583333333 0.7699675925925926 0.03283333333333331 0.05454629629629616
0 0.38550260416666665 0.7440185185185185 0.031057291666666723 0.03170370370370371
0 0.4230546875 0.7638611111111111 0.026744791666666618 0.02768518518518527
0 0.4258385416666667 0.8242777777777778 0.02692708333333336 0.034759259259259226
0 0.4718515625 0.7077314814814815 0.022744791666666705 0.028499999999999973
0 0.2951770833333333 0.6852175925925925 0.031062499999999934 0.03354629629629631
0 0.3058177083333333 0.6320231481481482 0.033854166666666664 0.032694444444444394
0 0.35591666666666666 0.6085416666666666 0.030635416666666634 0.03471296296296297
0 0.39816666666666667 0.5883842592592593 0.03768750000000007 0.034731481481481474
0 0.3658880208333333 0.6946805555555555 0.023484374999999957 0.02100925925925931
0 0.47979166666666667 0.6288703703703704 0.023677083333333352 0.03414814814814825
0 0.5070729166666667 0.6302222222222222 0.026333333333333306 0.03201851851851845
0 0.46431510416666666 0.5995833333333332 0.022744791666666705 0.024148148148148082
0 0.474546875 0.5209351851851852 0.01975000000000004 0.025074074074074006
0 0.5258828125 0.9505231481481482 0.04825520833333338 0.057453703703703764
0 0.55634375 0.8177962962962964 0.027572916666666693 0.03133333333333347
0 0.5350130208333332 0.711648148148148 0.0374739583333333 0.04950000000000004
0 0.5722395833333334 0.7134351851851852 0.02582291666666663 0.0301666666666666
0 0.6140052083333333 0.7795185185185185 0.05544791666666669 0.04679629629629626
0 0.6163802083333334 0.8501481481481481 0.03771875000000004 0.06385185185185188
0 0.6616927083333333 0.8215787037037038 0.0232916666666668 0.03687962962962956
0 0.681265625 0.9859537037037036 0.0375729166666666 0.026240740740740877
0 0.7988645833333334 0.9645787037037036 0.04697916666666657 0.06393518518518525
0 0.7866901041666667 0.8725462962962962 0.05520312499999989 0.05725925925925939
0 0.7498828125 0.8664583333333334 0.04704687499999996 0.05293518518518525
0 0.7350520833333333 0.8169490740740741 0.03333333333333333 0.038490740740740895
0 0.7067916666666666 0.7779444444444445 0.04191666666666668 0.04668518518518525
0 0.6606145833333333 0.7105833333333333 0.03614583333333314 0.03501851851851867
0 0.6074973958333333 0.7159953703703704 0.03265104166666669 0.027657407407407308
0 0.6014765625 0.6708472222222223 0.026338541666666514 0.03102777777777777
0 0.64140625 0.656462962962963 0.02979166666666657 0.04138888888888893
0 0.7076927083333333 0.7037222222222222 0.03518749999999997 0.03853703703703694
0 0.7404869791666667 0.7191805555555556 0.034671874999999845 0.03976851851851856
0 0.7411901041666666 0.758986111111111 0.01844270833333326 0.026916666666666818
0 0.7617604166666666 0.7654675925925927 0.024604166666666552 0.03519444444444444
0 0.8182786458333332 0.780611111111111 0.045578125000000115 0.045759259259259326
0 0.7792447916666667 0.690037037037037 0.038927083333333216 0.03890740740740739
0 0.8043958333333333 0.728111111111111 0.03173958333333336 0.02998148148148158
0 0.8307031249999999 0.6988657407407407 0.03375000000000009 0.04424999999999996
0 0.8558645833333334 0.8164490740740741 0.042197916666666654 0.04947222222222228
0 0.8891770833333333 0.839462962962963 0.0303958333333334 0.03244444444444441
0 0.93925 0.8359490740740741 0.058239583333333185 0.06406481481481487
0 0.9058828125 0.7590462962962963 0.04806770833333331 0.05857407407407406
0 0.8836562499999999 0.7145324074074073 0.048447916666666896 0.034675925925925756
0 0.9707317708333334 0.7941435185185185 0.03634895833333331 0.04317592592592603
0 0.9132187500000001 0.7011851851851851 0.03229166666666667 0.03298148148148138
0 0.8990286458333333 0.6644259259259259 0.03889062500000004 0.03477777777777773
0 0.8388151041666667 0.6301620370370371 0.030828124999999793 0.01991666666666666
0 0.7546328125 0.6036481481481482 0.036703125000000135 0.037240740740740554
0 0.6627864583333333 0.5857083333333334 0.031729166666666704 0.02771296296296281
0 0.7551692708333334 0.5484166666666667 0.026869791666666743 0.0265370370370369
0 0.7116276041666667 0.6111851851851852 0.021463541666666686 0.031185185185185035
0 0.8375 0.5539259259259259 0.025687500000000085 0.02092592592592584
0 0.8968645833333333 0.534412037037037 0.023479166666666627 0.0202499999999999
0 0.9506822916666666 0.6106527777777778 0.04011458333333332 0.03556481481481489
0 0.9776588541666666 0.7341388888888889 0.041255208333333356 0.04029629629629628
0 0.9548671875 0.6960462962962963 0.019651041666666678 0.027851851851851784
0 0.9754479166666667 0.949337962962963 0.04806249999999987 0.06282407407407399
0 0.5613333333333334 0.8917916666666666 0.018343749999999895 0.03262037037037039
0 0.8167552083333334 0.6409861111111111 0.018489583333333334 0.021712962962963007
0 0.8302838541666666 0.5872083333333333 0.026963541666666656 0.03017592592592606
0 0.6041666666666666 0.541037037037037 0.026416666666666564 0.024944444444444495
0 0.6318854166666665 0.5215833333333333 0.020468750000000095 0.021425925925925807
0 0.5722447916666666 0.577787037037037 0.03070833333333335 0.024648148148148048
0 0.5823203124999999 0.49890740740740736 0.02028645833333324 0.023351851851851665
0 0.1283515625 0.6545092592592593 0.019515625000000016 0.019981481481481413
0 0.30141406249999997 0.47161574074074075 0.034536458333333304 0.020361111111111118
0 0.2511484375 0.5394814814814815 0.02421354166666667 0.016981481481481406
0 0.3355182291666666 0.5145740740740741 0.02354687500000002 0.020203703703703644
0 0.3178125 0.5818009259259259 0.029739583333333285 0.028861111111111178
0 0.3967994791666667 0.5316203703703705 0.028036458333333295 0.02629629629629638
0 0.47795052083333334 0.48151388888888896 0.021182291666666703 0.01612037037037029
0 0.4249453125 0.6307824074074074 0.037703124999999935 0.03826851851851845
0 0.4399765625 0.5772824074074074 0.020359374999999957 0.024046296296296323
0 0.4141822916666667 0.49848611111111113 0.029781250000000033 0.022287037037036977
0 0.7184635416666666 0.4977777777777778 0.02201041666666678 0.015074074074074049
0 0.09109895833333334 0.5475462962962964 0.02453125000000001 0.01625925925925921
0 0.023794270833333332 0.7988055555555555 0.04699479166666667 0.04520370370370386
0 0.021875 0.7574074074074074 0.04375 0.032407407407407406
0 0.0385 0.8152916666666666 0.029124999999999995 0.027527777777777793
0 0.04794010416666667 0.6944305555555556 0.020557291666666665 0.026453703703703646
0 0.10612239583333333 0.6470046296296296 0.027265625000000012 0.025694444444444443
0 0.2380078125 0.9258703703703705 0.04474479166666671 0.05238888888888882
0 0.270078125 0.557625 0.02751041666666672 0.022472222222222206
0 0.3478697916666667 0.6676574074074073 0.014260416666666723 0.019999999999999917
0 0.34299479166666663 0.6947222222222221 0.012854166666666582 0.017500000000000085
0 0.45679166666666665 0.558050925925926 0.018177083333333382 0.022212962962962973
0 0.643875 0.49106481481481484 0.021114583333333315 0.020092592592592634
0 0.7677760416666667 0.5895416666666667 0.01885416666666657 0.025472222222222212
0 0.6427786458333333 0.627087962962963 0.02941145833333323 0.030861111111111044
0 0.6038828125 0.5232638888888889 0.023880208333333524 0.025694444444444443
0 0.2411197916666667 0.5879444444444445 0.015583333333333371 0.0257407407407407
0 0.31497916666666664 0.5829537037037037 0.026374999999999933 0.027537037037037044
0 0.26553645833333334 0.609300925925926 0.034322916666666654 0.03349074074074081