0 0.8848463541666668 0.9714583333333333 0.05624479166666655 0.05523148148148157
0 0.0564140625 0.6321851851851852 0.02873437500000001 0.022370370370370447
0 0.01328125 0.6365740740740741 0.0265625 0.03148148148148148
0 0.014583333333333334 0.7458333333333333 0.029166666666666667 0.022222222222222223
0 0.09342447916666667 0.8081527777777778 0.05455729166666667 0.0703425925925924
0 0.14811458333333333 0.5814444444444444 0.02172916666666668 0.023055555555555638
0 0.17992447916666668 0.7236712962962963 0.028994791666666703 0.0349351851851852
0 0.13252083333333334 0.851175925925926 0.03166666666666664 0.060685185185185155
0 0.13849999999999998 0.9177453703703703 0.04854166666666668 0.0577314814814814
0 0.22073177083333334 0.7540416666666667 0.03558854166666669 0.06024999999999994
0 0.015528645833333332 0.9148935185185185 0.030223958333333335 0.05484259259259261
0 0.08471093749999999 0.8866759259259259 0.05606770833333333 0.05692592592592594
0 0.2854635416666666 0.8338055555555556 0.04785416666666669 0.05459259259259262
0 0.26358333333333334 0.6786342592592592 0.03907291666666666 0.038731481481481415
0 0.2387161458333333 0.655925925925926 0.03594270833333333 0.035722222222222155
0 0.17617447916666668 0.8305370370370371 0.0451510416666667 0.04505555555555542
0 0.16033072916666666 0.8021666666666667 0.030078125 0.04537037037037037
0 0.1913515625 0.7618564814814816 0.01984895833333334 0.033675925925925825
0 0.18238802083333333 0.6892222222222222 0.027692708333333312 0.030129629629629597
0 0.2419427083333333 0.8200138888888889 0.039249999999999945 0.06012037037037043
0 0.2011015625 0.9003888888888889 0.06166145833333333 0.06499999999999984
0 0.14692968750000002 0.9673148148148148 0.051765624999999996 0.06272222222222203
0 0.3110546874999999 0.968949074074074 0.043828125000000044 0.06025000000000015
0 0.2876875 0.8974629629629629 0.04358333333333337 0.07094444444444434
0 0.3472161458333333 0.9757083333333332 0.03509895833333327 0.046731481481481714
0 0.3543151041666667 0.8339953703703704 0.041671875 0.05763888888888889
0 0.4025911458333333 0.9859768518518519 0.022838541666666618 0.02619444444444441
0 0.4676119791666667 0.9701481481481481 0.04589062500000007 0.04946296296296303
0 0.44754166666666667 0.916675925925926 0.04993750000000006 0.04990740740740749
0 0.37571354166666665 0.7899212962962963 0.03283333333333331 0.05454629629629637
0 0.3898619791666667 0.7677777777777778 0.031057291666666723 0.03170370370370371
0 0.42880729166666665 0.7889768518518518 0.02880208333333343 0.036398148148148096
0 0.43246614583333337 0.8530462962962962 0.02872395833333338 0.03707407407407404
0 0.47841666666666666 0.729375 0.023781249999999924 0.03219444444444443
0 0.29498697916666666 0.7083333333333334 0.035546875 0.03790740740740746
0 0.3088984375 0.6498425925925926 0.033859375 0.0382222222222222
0 0.357234375 0.6224861111111111 0.030635416666666634 0.03471296296296297
0 0.4014036458333333 0.6038749999999999 0.037692708333333276 0.03473148148148168
0 0.37240364583333335 0.7151435185185185 0.023484374999999957 0.02100925925925931
0 0.4869140625 0.6450740740740741 0.02770312500000003 0.03792592592592596
0 0.5192447916666666 0.6490277777777779 0.02983333333333332 0.03201851851851845
0 0.4734557291666667 0.6138518518518519 0.023057291666666656 0.025796296296296414
0 0.4829348958333333 0.5327222222222221 0.019755208333333368 0.025074074074074006
0 0.5365338541666667 0.9791712962962964 0.04535937500000008 0.03980555555555535
0 0.5681588541666667 0.8463240740740741 0.02756770833333325 0.03133333333333347
0 0.5455052083333333 0.7350972222222222 0.04135416666666671 0.055101851851851846
0 0.5837447916666666 0.7344814814814815 0.02582291666666663 0.0301666666666666
0 0.6278880208333334 0.8075462962962963 0.05668229166666663 0.04955555555555554
0 0.6309270833333334 0.8825000000000001 0.03771875000000004 0.06385185185185188
0 0.6783593749999999 0.8531388888888889 0.0232916666666668 0.04146296296296294
0 0.8216536458333333 0.9832175925925926 0.029890624999999935 0.031712962962962964
0 0.8148307291666667 0.9053287037037038 0.06292187500000021 0.06771296296296306
0 0.7721614583333333 0.9036990740740741 0.05133333333333331 0.05293518518518525
0 0.7562838541666667 0.8526296296296295 0.03332812499999989 0.03849999999999993
0 0.724078125 0.808763888888889 0.04191666666666668 0.05421296296296292
0 0.6754244791666667 0.7299212962962963 0.036161458333333486 0.04267592592592606
0 0.621421875 0.7403333333333333 0.03263541666666659 0.031111111111111027
0 0.6163932291666666 0.6917592592592593 0.02891145833333345 0.03562962962962964
0 0.6534557291666666 0.6731944444444444 0.03159895833333337 0.04505555555555542
0 0.7253020833333333 0.7266018518518519 0.03518749999999997 0.03853703703703694
0 0.7595260416666666 0.7413749999999999 0.034677083333333296 0.03976851851851835
0 0.7619531249999999 0.7862638888888889 0.023093750000000076 0.03243518518518516
0 0.7854453125 0.7950046296296297 0.024609375 0.03519444444444444
0 0.8411796875 0.805712962962963 0.05159895833333318 0.05338888888888876
0 0.7999088541666667 0.711875 0.044859375000000055 0.04349074074074055
0 0.8279479166666667 0.7508148148148149 0.03173958333333336 0.02998148148148158
0 0.8552890625 0.7203055555555555 0.034526041666666646 0.04838888888888888
0 0.8837526041666667 0.8482777777777778 0.051953125 0.051111111111111156
0 0.9211067708333334 0.878199074074074 0.03273437500000019 0.03991666666666679
0 0.9664791666666666 0.8663518518518519 0.06600000000000013 0.07396296296296306
0 0.9364791666666666 0.7875277777777777 0.04806249999999987 0.05857407407407406
0 0.9133515625 0.7399305555555555 0.053859374999999925 0.038824074074074136
0 0.9901432291666666 0.8133055555555556 0.018671874999999952 0.027833333333333283
0 0.9412604166666667 0.7196666666666667 0.03229166666666667 0.03298148148148138
0 0.9287734375 0.687675925925926 0.03889062500000004 0.03477777777777773
0 0.8623203125 0.6475925925925926 0.03082812500000003 0.01992592592592591
0 0.7726744791666665 0.6210416666666667 0.036703125000000135 0.03725000000000002
0 0.6782291666666665 0.6018287037037037 0.0357916666666668 0.0320092592592592
0 0.7726744791666665 0.5581157407407408 0.026869791666666743 0.026546296296296363
0 0.7252994791666667 0.624712962962963 0.021463541666666686 0.031185185185185035
0 0.8590416666666667 0.566675925925926 0.02568749999999985 0.02092592592592584
0 0.9206197916666667 0.5446249999999999 0.024270833333333523 0.022620370370370218
0 0.9753151041666667 0.6237361111111112 0.04244270833333322 0.03921296296296288
0 0.9832473958333333 0.7163240740740741 0.019651041666666678 0.027851851851851784
0 0.5754973958333333 0.9282777777777778 0.018348958333333342 0.036888888888889027
0 0.8376223958333334 0.6601851851851852 0.019588541666666497 0.025055555555555505
0 0.8528697916666668 0.6018055555555556 0.02695833333333345 0.0301851851851851
0 0.6170651041666666 0.5548888888888889 0.026411458333333353 0.024944444444444495
0 0.6440104166666667 0.5330509259259258 0.020468750000000095 0.021416666666666768
0 0.5820989583333334 0.5917314814814815 0.03070833333333335 0.024648148148148048
0 0.5950390624999999 0.5074675925925927 0.024338541666666675 0.023953703703703602
0 0.124703125 0.6716527777777778 0.026437499999999996 0.022009259259259242
0 0.3083697916666666 0.4778703703703704 0.0345312500000001 0.02609259259259265
0 0.25273958333333335 0.5518796296296296 0.024208333333333342 0.021481481481481525
0 0.33691145833333336 0.5251712962962962 0.02354166666666669 0.020212962962962894
0 0.3166536458333333 0.5817175925925926 0.029734375000000077 0.028861111111111178
0 0.40303124999999995 0.5422638888888889 0.028031250000000084 0.026268518518518417
0 0.48661979166666663 0.4921064814814814 0.021187499999999915 0.016120370370370236
0 0.4311328125000001 0.6453287037037038 0.037703124999999935 0.04560185185185185
0 0.4457760416666667 0.5903472222222222 0.020979166666666653 0.026546296296296363
0 0.42152604166666663 0.5067962962962962 0.032458333333333415 0.023222222222222155
0 0.7318229166666667 0.5053935185185185 0.02201041666666678 0.0150833333333333
0 0.0171875 0.8185185185185185 0.034375 0.04537037037037037
0 0.019010416666666665 0.7819444444444444 0.03802083333333333 0.032407407407407406
0 0.023869791666666664 0.8468148148148148 0.031124999999999996 0.0322777777777779
0 0.03841666666666666 0.7163425925925927 0.02614583333333333 0.03138888888888897
0 0.10118229166666667 0.6614120370370371 0.027249999999999996 0.031287037037037
0 0.23604166666666665 0.9611342592592591 0.04523958333333334 0.053416666666666716
0 0.27321614583333337 0.5665925925925925 0.027515624999999964 0.022462962962962955
0 0.3503229166666666 0.6819675925925927 0.014260416666666723 0.019990740740740875
0 0.3481458333333334 0.7156111111111111 0.015781250000000094 0.017407407407407365
0 0.46303906250000004 0.569763888888889 0.018171874999999935 0.022212962962962973
0 0.6547213541666667 0.4973425925925926 0.024880208333333324 0.02596296296296293
0 0.7868177083333333 0.6017731481481481 0.020364583333333287 0.027824074074074244
0 0.6569166666666667 0.6441805555555555 0.029416666666666678 0.030861111111111044
0 0.6142500000000001 0.5324814814814816 0.023885416666666496 0.025703703703703694
0 0.39918750000000003 0.6880787037037037 0.03242708333333345 0.03217592592592593
0 0.2424375 0.5977962962962963 0.015583333333333371 0.0257407407407407
0 0.3172395833333333 0.5892037037037038 0.026374999999999933 0.027537037037037044
0 0.26825 0.6223194444444444 0.03766666666666672 0.038712962962962914