0 0.8122786458333332 0.8734722222222222 0.05048437500000015 0.05479629629629636
0 0.0631875 0.596037037037037 0.027479166666666662 0.026222222222222372
0 0.020398437499999998 0.6036064814814814 0.03583854166666666 0.0386388888888889
0 0.026453125 0.6948425925925926 0.033541666666666664 0.019574074074073956
0 0.10510677083333334 0.7485925925925926 0.04453645833333333 0.03738888888888899
0 0.15003125 0.5517222222222222 0.02059374999999998 0.018333333333333292
0 0.1836223958333333 0.6730092592592593 0.025161458333333307 0.027759259259259275
0 0.141828125 0.7768425925925926 0.02712500000000002 0.036388888888888846
0 0.15171614583333332 0.8332777777777778 0.03799479166666667 0.03907407407407391
0 0.2231484375 0.7012546296296297 0.039171875000000016 0.04395370370370373
0 0.04218229166666666 0.8303935185185186 0.029020833333333333 0.043953703703703516
0 0.10235677083333333 0.8079814814814815 0.04866145833333334 0.04844444444444439
0 0.2835390625 0.7676388888888889 0.04517187500000001 0.046740740740740756
0 0.26053906250000003 0.6356712962962964 0.03478645833333331 0.030435185185185083
0 0.237609375 0.6140740740740741 0.032572916666666646 0.029814814814814645
0 0.18266145833333336 0.7637453703703704 0.038187499999999965 0.037453703703703746
0 0.1696979166666667 0.7400694444444446 0.025947916666666633 0.022990740740740673
0 0.19516145833333334 0.7064861111111111 0.016770833333333356 0.024083333333333325
0 0.18510677083333332 0.6461944444444444 0.025796874999999986 0.019499999999999948
0 0.24054166666666668 0.7547777777777778 0.03937499999999995 0.04888888888888885
0 0.20650520833333333 0.8218425925925925 0.04772916666666666 0.04751851851851867
0 0.16004427083333334 0.8791018518518519 0.041276041666666666 0.04472222222222239
0 0.03190885416666667 0.9117407407407409 0.061598958333333335 0.06664814814814816
0 0.009895833333333333 0.8606481481481482 0.019791666666666666 0.027777777777777776
0 0.10949739583333334 0.9248981481481481 0.05333854166666665 0.07383333333333335
0 0.21403125 0.9302777777777779 0.038395833333333344 0.06609259259259269
0 0.26808333333333334 0.9760509259259259 0.038052083333333306 0.03267592592592589
0 0.2978515625 0.9462222222222222 0.04630729166666671 0.052055555555555584
0 0.30595572916666663 0.8830138888888889 0.03964062500000007 0.06413888888888887
0 0.2861822916666667 0.8170740740740742 0.03612500000000007 0.04990740740740749
0 0.3388307291666666 0.888263888888889 0.03436979166666667 0.049305555555555554
0 0.34239583333333334 0.7637268518518519 0.028791666666666653 0.04345370370370355
0 0.39501562500000004 0.9081157407407408 0.03360416666666666 0.043694444444444494
0 0.44266145833333337 0.9182777777777777 0.018062499999999915 0.02737037037037032
0 0.44395572916666665 0.8748657407407407 0.04073437500000002 0.039712962962962846
0 0.43276302083333335 0.8288194444444444 0.04321354166666668 0.03439814814814823
0 0.36110156250000003 0.7363425925925926 0.03233854166666674 0.05051851851851847
0 0.3735989583333333 0.7099074074074074 0.03160416666666658 0.024074074074074074
0 0.41608854166666664 0.7267453703703703 0.022041666666666633 0.01991666666666666
0 0.4145078125 0.7795138888888888 0.024348958333333334 0.024287037037037055
0 0.45665625 0.6746388888888889 0.021895833333333316 0.026370370370370388
0 0.29048958333333336 0.6589166666666667 0.027041666666666703 0.032074074074074164
0 0.3003411458333333 0.6060416666666667 0.029390624999999913 0.025990740740740682
0 0.3481875 0.5847685185185185 0.02908333333333341 0.03068518518518507
0 0.387515625 0.5660879629629629 0.03296874999999998 0.03317592592592586
0 0.3618359374999999 0.6634722222222221 0.023484375000000075 0.02101851851851835
0 0.4659947916666667 0.6046620370370371 0.023677083333333352 0.03413888888888879
0 0.4915260416666667 0.603949074074074 0.026333333333333306 0.0268240740740741
0 0.45131770833333335 0.5743703703703703 0.02177083333333331 0.020092592592592422
0 0.46071874999999995 0.5059583333333333 0.01975000000000004 0.025064814814814967
0 0.527859375 0.9703888888888889 0.033437499999999905 0.04951851851851854
0 0.5068802083333334 0.8922037037037036 0.04339583333333342 0.05342592592592576
0 0.5371223958333334 0.7749027777777777 0.027567708333333427 0.026787037037037095
0 0.5165703125000001 0.6808055555555556 0.03377604166666662 0.04455555555555545
0 0.5517395833333334 0.6793981481481481 0.022583333333333164 0.026870370370370354
0 0.5922968750000001 0.737787037037037 0.04605208333333337 0.040555555555555726
0 0.595421875 0.7990277777777778 0.030291666666666592 0.05475925925925914
0 0.6336380208333333 0.7743564814814815 0.026515624999999925 0.032694444444444394
0 0.6573567708333333 0.930787037037037 0.042546875000000026 0.03103703703703702
0 0.5657838541666665 0.9797453703703703 0.03179687500000009 0.038657407407407404
0 0.7622682291666666 0.9791574074074074 0.0252447916666668 0.030111111111111095
0 0.7065729166666667 0.9386527777777778 0.03796874999999981 0.05054629629629622
0 0.758734375 0.9016157407407407 0.040510416666666535 0.05602777777777777
0 0.7538203125 0.8184537037037037 0.04681770833333327 0.055240740740740604
0 0.714453125 0.816689814814815 0.039510416666666735 0.04547222222222234
0 0.7044427083333333 0.7733611111111112 0.026552083333333344 0.029296296296296178
0 0.6768776041666666 0.7362685185185186 0.035484375000000054 0.04153703703703716
0 0.6361276041666667 0.6753009259259259 0.028734375000000038 0.030953703703703553
0 0.5851328124999999 0.6831296296296296 0.02861979166666657 0.020481481481481382
0 0.5826484375 0.6423148148148149 0.025057291666666495 0.028740740740740706
0 0.6171276041666667 0.6289537037037037 0.026442708333333325 0.036388888888888846
0 0.6818307291666666 0.6698379629629629 0.03519270833333342 0.0333796296296298
0 0.7106875 0.683300925925926 0.02798958333333322 0.02736111111111107
0 0.7107057291666666 0.7211527777777778 0.01610937500000015 0.02415740740740754
0 0.7311197916666666 0.7263518518518519 0.02007291666666665 0.029444444444444613
0 0.7813229166666666 0.7344583333333332 0.04072916666666657 0.04358333333333349
0 0.7475364583333334 0.6576990740740741 0.03317708333333324 0.035379629629629664
0 0.7751796875 0.6905 0.027536458333333277 0.02079629629629633
0 0.7970963541666667 0.6645046296296296 0.029786458333333363 0.03184259259259248
0 0.8158307291666667 0.7699444444444444 0.038671875 0.04255555555555559
0 0.8444609375 0.7882222222222222 0.02379687500000003 0.029703703703703635
0 0.8875572916666667 0.7798935185185185 0.05340624999999998 0.05489814814814811
0 0.8600416666666667 0.7196435185185186 0.02939583333333336 0.03893518518518514
0 0.8448229166666666 0.678412037037037 0.0404791666666668 0.028861111111111178
0 0.9182421875000001 0.7454398148148148 0.025192708333333275 0.028861111111111178
0 0.8735729166666667 0.6712916666666666 0.020343749999999973 0.02089814814814809
0 0.861578125 0.6391157407407407 0.022208333333333267 0.029861111111111113
0 0.8078776041666667 0.6038796296296297 0.02500520833333345 0.015925925925925757
0 0.7263671875 0.5798425925925926 0.028817708333333296 0.03781481481481495
0 0.6406432291666666 0.5645787037037036 0.03172395833333326 0.022564814814814715
0 0.7271927083333334 0.5279074074074074 0.02687499999999995 0.026537037037037112
0 0.6859817708333333 0.5877777777777777 0.021463541666666686 0.031185185185185035
0 0.8068854166666666 0.5334444444444445 0.022770833333333466 0.0169259259259259
0 0.8646979166666667 0.5129814814814815 0.019968750000000077 0.01592592592592597
0 0.908734375 0.5855648148148148 0.024447916666666694 0.026888888888888855
0 0.9320286458333332 0.6990324074074074 0.03424479166666667 0.035750000000000115
0 0.9072083333333334 0.6584212962962963 0.01548958333333322 0.0208981481481483
0 0.85559375 0.9753101851851852 0.04609375 0.04752777777777771
0 0.8825208333333333 0.9352314814814814 0.06086458333333316 0.06662962962962966
0 0.8914140624999999 0.9866064814814813 0.025088541666666703 0.024935185185185456
0 0.9143567708333333 0.8720601851851852 0.043973958333333486 0.04387962962962951
0 0.9485963541666665 0.913037037037037 0.056484374999999906 0.04924074074074059
0 0.9640338541666668 0.978199074074074 0.02832812500000017 0.026157407407407407
0 0.960328125 0.7844351851851853 0.02535416666666682 0.023981481481481565
0 0.5398645833333333 0.8408935185185185 0.01648958333333326 0.02932407407407414
0 0.9898515625 0.775976851851852 0.019255208333333464 0.028861111111111178
0 0.9635234374999999 0.733462962962963 0.02614062500000003 0.017370370370370362
0 0.9670755208333333 0.6795416666666666 0.021046874999999923 0.021527777777777778
0 0.9818333333333332 0.5985138888888889 0.02063541666666661 0.018787037037037005
0 0.7859583333333333 0.6153564814814815 0.018489583333333334 0.021712962962962795
0 0.7994973958333332 0.5660231481481482 0.024036458333333142 0.021027777777777812
0 0.5827760416666666 0.5260092592592592 0.0264166666666668 0.024944444444444495
0 0.6109739583333335 0.5048888888888888 0.020468750000000095 0.021425925925925807
0 0.5527421874999999 0.5560324074074074 0.030703124999999904 0.02465740740740751
0 0.5644401041666666 0.4829583333333334 0.011223958333333428 0.015990740740740726
0 0.13102083333333334 0.6298981481481482 0.01952083333333334 0.019981481481481413
0 0.2945130208333333 0.4601111111111111 0.034536458333333304 0.016629629629629664
0 0.24551302083333332 0.523962962962963 0.02421354166666667 0.013203703703703695
0 0.3276822916666667 0.49950925925925926 0.016916666666666677 0.01174074074074059
0 0.30983854166666663 0.5532824074074074 0.017177083333333343 0.019675925925925927
0 0.3850885416666667 0.5136712962962963 0.022562499999999968 0.02454629629629629
0 0.4623802083333333 0.47135648148148146 0.021187500000000033 0.01612037037037034
0 0.41335937500000003 0.6047962962962964 0.03142708333333341 0.031796296296296434
0 0.4280807291666667 0.5555231481481482 0.015703125000000047 0.024046296296296323
0 0.4024635416666667 0.4837592592592593 0.029781250000000033 0.01650000000000015
0 0.6927343750000001 0.4820138888888889 0.02201041666666678 0.0150833333333333
0 0.09009375000000001 0.5306944444444445 0.02453125000000001 0.01625925925925921
0 0.025138020833333333 0.7599490740740741 0.049921875 0.04519444444444439
0 0.0293046875 0.7222222222222222 0.045734375 0.031351851851851756
0 0.05124739583333334 0.7728055555555555 0.02780729166666666 0.023555555555555607
0 0.05177864583333333 0.6679490740740741 0.020244791666666668 0.02013888888888889
0 0.10921874999999999 0.620537037037037 0.027260416666666683 0.025703703703703694
0 0.23784114583333332 0.8706111111111111 0.04018229166666672 0.04353703703703702
0 0.2661119791666667 0.5394398148148148 0.027515625000000023 0.01678703703703714
0 0.342 0.6383333333333334 0.014260416666666723 0.019999999999999917
0 0.33609374999999997 0.6653564814814815 0.012854166666666582 0.017490740740740623
0 0.4420260416666667 0.5359398148148149 0.018177083333333382 0.02221296296296276
0 0.6220364583333333 0.4751388888888889 0.021114583333333315 0.020092592592592634
0 0.7393072916666665 0.5667453703703704 0.01885416666666657 0.025472222222222212
0 0.6226015625 0.5996064814814815 0.029411458333333466 0.030861111111111044
0 0.5854973958333333 0.5076203703703703 0.023880208333333285 0.025703703703703694
0 0.23819010416666667 0.5679583333333333 0.014463541666666658 0.0165833333333332
0 0.3104140624999999 0.5711944444444444 0.026369791666666722 0.027537037037037044
0 0.2624401041666667 0.5863842592592593 0.03432812500000004 0.03349074074074081