0 0.7630729166666667 0.7937685185185185 0.04615624999999994 0.04627777777777779
0 0.05610677083333333 0.5669722222222221 0.027473958333333333 0.026222222222222372
0 0.014322916666666666 0.5726851851851852 0.028645833333333332 0.03333333333333333
0 0.022341145833333333 0.6545138888888888 0.033546875 0.019583333333333418
0 0.10289322916666667 0.6989629629629631 0.04453645833333333 0.03738888888888899
0 0.14039583333333333 0.5262916666666666 0.02059374999999998 0.01593518518518522
0 0.17489843749999998 0.6359675925925926 0.025161458333333307 0.027768518518518526
0 0.13967187499999997 0.7288518518518519 0.027124999999999976 0.036388888888888846
0 0.1472526041666667 0.7794629629629629 0.03799479166666667 0.03907407407407391
0 0.213359375 0.6575509259259259 0.03516666666666666 0.04395370370370373
0 0.044835937500000006 0.7759027777777778 0.029026041666666672 0.04395370370370373
0 0.09926302083333334 0.7543148148148149 0.04866145833333334 0.048444444444444595
0 0.2716484375 0.713625 0.03847395833333331 0.03669444444444454
0 0.24738802083333333 0.59725 0.03158854166666666 0.029814814814814856
0 0.224609375 0.5790555555555555 0.032572916666666646 0.029814814814814856
0 0.1757604166666667 0.7120138888888888 0.032572916666666646 0.032101851851851916
0 0.16094791666666666 0.6970879629629629 0.025947916666666633 0.018731481481481498
0 0.18534895833333334 0.661699074074074 0.016770833333333356 0.024083333333333325
0 0.1736015625 0.6108333333333333 0.025796874999999986 0.019499999999999948
0 0.229640625 0.7033194444444445 0.038697916666666644 0.03669444444444454
0 0.19879166666666667 0.7605185185185185 0.04772916666666666 0.04751851851851846
0 0.1576744791666667 0.8144259259259259 0.041276041666666666 0.04472222222222239
0 0.036315104166666674 0.8460648148148148 0.060953125000000004 0.060629629629629644
0 0.013541666666666667 0.8009259259259259 0.027083333333333334 0.027777777777777776
0 0.034859375000000005 0.9734583333333333 0.033374999999999995 0.05123148148148141
0 0.1096484375 0.9394953703703703 0.05639062500000002 0.06115740740740758
0 0.11078125 0.8570740740740741 0.05120833333333336 0.0668518518518519
0 0.17003125000000002 0.9342777777777778 0.041645833333333354 0.040703703703703735
0 0.18277864583333334 0.9810277777777777 0.03700520833333331 0.03609259259259261
0 0.42469010416666664 0.9980138888888889 0.04869270833333334 0.0021203703703703367
0 0.379484375 0.978375 0.02680208333333335 0.032490740740740875
0 0.20744270833333334 0.8590787037037038 0.03508333333333334 0.04978703703703702
0 0.26145052083333337 0.8970046296296296 0.03805729166666663 0.03267592592592589
0 0.28797135416666664 0.8640972222222222 0.04533854166666664 0.048953703703703604
0 0.29641666666666666 0.8142962962962963 0.03192708333333331 0.04966666666666655
0 0.2727760416666667 0.7541851851851852 0.03612499999999995 0.04990740740740749
0 0.3254401041666667 0.8179259259259258 0.030869791666666656 0.038981481481481395
0 0.326734375 0.7086898148148149 0.03099999999999999 0.03447222222222224
0 0.374390625 0.8357962962962963 0.03253125000000002 0.03331481481481483
0 0.3820598958333334 0.9321898148148149 0.04547395833333331 0.047583333333333214
0 0.4112604166666667 0.9207870370370371 0.021541666666666615 0.0286666666666667
0 0.4240234375 0.8454537037037037 0.018057291666666704 0.024648148148148048
0 0.4244505208333333 0.8078657407407407 0.036119791666666616 0.03554629629629639
0 0.4125078125 0.765300925925926 0.04321354166666668 0.03439814814814823
0 0.34620572916666664 0.6853379629629629 0.029348958333333286 0.040657407407407274
0 0.3572083333333333 0.6630416666666668 0.03160416666666658 0.024083333333333325
0 0.39643229166666666 0.6776898148148148 0.017729166666666647 0.019361111111110975
0 0.39610416666666665 0.722462962962963 0.022989583333333268 0.020759259259259328
0 0.434875 0.628638888888889 0.019906250000000014 0.024611111111111045
0 0.27524218749999996 0.6185185185185185 0.027036458333333287 0.032074074074074164
0 0.28413281250000005 0.5736064814814815 0.029390624999999913 0.025990740740740682
0 0.3328125 0.5513888888888889 0.02908333333333329 0.030685185185185277
0 0.3681041666666667 0.5343194444444445 0.03296874999999998 0.03317592592592586
0 0.34297916666666667 0.6238148148148148 0.023479166666666627 0.02101851851851856
0 0.4443697916666667 0.5653703703703703 0.022645833333333344 0.03048148148148155
0 0.46874479166666666 0.5654166666666667 0.026333333333333306 0.026814814814814847
0 0.4321770833333333 0.5406666666666667 0.02177083333333331 0.020092592592592422
0 0.43866145833333337 0.47590740740740745 0.01975000000000004 0.020277777777777808
0 0.4798984375 0.9855879629629629 0.019369791666666695 0.026972222222222324
0 0.49091927083333337 0.9476944444444444 0.04743229166666675 0.05303703703703722
0 0.497515625 0.8905555555555555 0.031489583333333356 0.042629629629629594
0 0.48042187500000005 0.8163935185185186 0.03486458333333336 0.049305555555555554
0 0.5096588541666667 0.7154305555555556 0.024463541666666682 0.019879629629629653
0 0.48854427083333335 0.6327546296296296 0.031078125000000036 0.03815740740740744
0 0.523421875 0.6296111111111111 0.0225833333333334 0.026870370370370354
0 0.560953125 0.6836712962962963 0.04180208333333345 0.03782407407407399
0 0.563265625 0.7353009259259259 0.02134375000000001 0.033675925925925825
0 0.6005130208333334 0.7149074074074073 0.021088541666666554 0.027203703703703806
0 0.6208359375000001 0.8477638888888889 0.03475520833333311 0.028120370370370268
0 0.5414479166666666 0.9134074074074074 0.04182291666666676 0.07077777777777783
0 0.547140625 0.9641851851851851 0.0332187500000001 0.056074074074074026
0 0.56990625 0.9500972222222223 0.029302083333333447 0.06669444444444421
0 0.6081354166666666 0.9644074074074074 0.02574999999999979 0.05716666666666657
0 0.6778932291666667 0.9850462962962963 0.018098958333333335 0.028055555555555722
0 0.7061875000000001 0.948037037037037 0.0384270833333332 0.047037037037036995
0 0.7169036458333333 0.8901388888888889 0.030984374999999887 0.038388888888888924
0 0.6667786458333332 0.8567824074074074 0.032942708333333334 0.03745370370370354
0 0.7139479166666667 0.8231064814814815 0.036270833333333266 0.045435185185185335
0 0.7102265625 0.7503981481481482 0.03833854166666673 0.03855555555555544
0 0.6738463541666666 0.7477083333333333 0.03680729166666671 0.04000925925925929
0 0.6648385416666667 0.712175925925926 0.022499999999999905 0.022555555555555672
0 0.6434218749999999 0.6797175925925926 0.03357291666666669 0.03743518518518504
0 0.6034843750000001 0.6282638888888888 0.028739583333333485 0.03095370370370376
0 0.5556328125000001 0.635175925925926 0.02861979166666657 0.020481481481481382
0 0.5538567708333333 0.5995231481481481 0.023130208333333256 0.024638888888889005
0 0.5882578125 0.5872824074074074 0.02465104166666663 0.028805555555555674
0 0.6470364583333333 0.6201342592592591 0.03518749999999997 0.027194444444444344
0 0.6765468749999999 0.6340694444444445 0.02798958333333322 0.02736111111111128
0 0.6742317708333334 0.6663425925925927 0.01610937500000015 0.024166666666666583
0 0.6910989583333333 0.6741805555555556 0.02007291666666665 0.02943518518518515
0 0.73721875 0.6773009259259258 0.035927083333333346 0.03552777777777768
0 0.7129401041666666 0.6113287037037037 0.03131770833333339 0.03456481481481475
0 0.7318385416666667 0.6433703703703704 0.027541666666666725 0.02079629629629633
0 0.7567578125 0.6158194444444445 0.029786458333333123 0.03184259259259248
0 0.7665624999999999 0.7064027777777777 0.03071875000000001 0.03104629629629627
0 0.7970260416666667 0.724587962962963 0.020718749999999866 0.02487962962962953
0 0.8330364583333334 0.7154305555555556 0.042177083333333344 0.04047222222222226
0 0.8139739583333333 0.6608564814814814 0.023989583333333304 0.03413888888888879
0 0.7992317708333334 0.6281851851851853 0.03601562499999981 0.026870370370370354
0 0.8628541666666666 0.687087962962963 0.025197916666666723 0.028861111111111178
0 0.8244557291666667 0.6147731481481481 0.02033854166666676 0.0208981481481483
0 0.8176197916666667 0.5939768518518519 0.022208333333333503 0.029861111111111113
0 0.7657734374999999 0.5603981481481481 0.02500520833333345 0.01592592592592597
0 0.692 0.5445462962962964 0.022770833333333466 0.028203703703703738
0 0.6105520833333333 0.5289444444444444 0.031729166666666704 0.022555555555555672
0 0.6964270833333333 0.49402314814814824 0.02687500000000019 0.026546296296296363
0 0.6542473958333334 0.5485648148148149 0.021463541666666686 0.031185185185185035
0 0.7689479166666667 0.5014398148148149 0.022770833333333466 0.01691666666666665
0 0.8227031250000001 0.48160185185185184 0.019968750000000077 0.01592592592592597
0 0.86071875 0.5444907407407407 0.024447916666666694 0.023888888888889057
0 0.8724713541666667 0.6428935185185186 0.03191145833333332 0.02952777777777766
0 0.8566666666666668 0.6115231481481481 0.01548958333333322 0.0208981481481483
0 0.7813411458333334 0.9559907407407408 0.06474479166666663 0.07194444444444427
0 0.7983958333333334 0.8866342592592593 0.0450833333333333 0.05456481481481466
0 0.8265052083333333 0.8502175925925926 0.05320833333333326 0.05391666666666668
0 0.8385625 0.9584166666666666 0.05144791666666653 0.07577777777777792
0 0.8418697916666668 0.9077592592592593 0.04245833333333333 0.06114814814814811
0 0.8527369791666667 0.791175925925926 0.030421874999999925 0.03287037037037037
0 0.8805833333333333 0.823162037037037 0.046760416666666534 0.04204629629629637
0 0.8924088541666667 0.8821064814814814 0.024723958333333466 0.02962037037037038
0 0.9785182291666668 0.8811296296296296 0.041921874999999886 0.05827777777777783
0 0.9237994791666666 0.9118564814814816 0.028213541666666706 0.03391666666666677
0 0.8947083333333334 0.7154583333333333 0.021499999999999866 0.020546296296296347
0 0.9838125000000001 0.8157361111111111 0.031333333333333255 0.03917592592592588
0 0.5143567708333333 0.7748101851851852 0.013786458333333229 0.024509259259259286
0 0.9268203125 0.7053935185185186 0.03752604166666676 0.028861111111111178
0 0.8995442708333333 0.6725555555555556 0.02614062500000003 0.017370370370370362
0 0.9029557291666668 0.6285925925925926 0.021046874999999923 0.021518518518518527
0 0.9632890624999999 0.6934074074074074 0.028869791666666818 0.03625925925925934
0 0.936921875 0.6252962962962962 0.03150000000000001 0.0234814814814816
0 0.9692942708333334 0.7576111111111111 0.038973958333333295 0.04300000000000005
0 0.9846901041666667 0.743212962962963 0.027286458333333267 0.033018518518518385
0 0.9915442708333333 0.6889537037037037 0.0158697916666668 0.02812962962962973
0 0.9919583333333333 0.61925 0.015041666666666724 0.0264999999999999
0 0.9199114583333333 0.5541064814814814 0.02063541666666661 0.018787037037037005
0 0.7462239583333333 0.5738055555555556 0.018489583333333334 0.021722222222222257
0 0.7617942708333333 0.5297268518518519 0.024036458333333382 0.021027777777777812
0 0.5542317708333333 0.4927777777777778 0.026411458333333353 0.024944444444444495
0 0.58196875 0.47757407407407404 0.020468750000000095 0.02142592592592602
0 0.5280104166666667 0.522425925925926 0.03070833333333335 0.024648148148148048
0 0.5387578125 0.45689814814814816 0.011223958333333369 0.013203703703703695
0 0.12013020833333332 0.5970277777777777 0.01952083333333334 0.019981481481481413
0 0.28 0.4370648148148148 0.03453124999999998 0.016629629629629664
0 0.22849739583333334 0.4951574074074074 0.02421354166666667 0.013203703703703695
0 0.3125911458333333 0.47267592592592594 0.016921875000000006 0.0117407407407408
0 0.2928072916666667 0.5198657407407408 0.017177083333333343 0.019675925925925927
0 0.36573958333333334 0.4867222222222223 0.022562500000000086 0.014925925925925825
0 0.44509374999999995 0.44189351851851855 0.021187499999999915 0.01612037037037034
0 0.3933932291666667 0.5672222222222222 0.03143229166666662 0.031796296296296434
0 0.40837239583333335 0.5243101851851851 0.015703125000000047 0.024046296296296323
0 0.3822760416666667 0.4575046296296296 0.029781249999999915 0.016509259259259192
0 0.6615833333333332 0.45243055555555556 0.02201041666666678 0.0150833333333333
0 0.08016666666666668 0.5058425925925926 0.02453125000000001 0.014203703703703838
0 0.026591145833333333 0.7145416666666666 0.05244270833333334 0.04519444444444439
0 0.03271875 0.6819675925925925 0.04070833333333334 0.024120370370370327
0 0.045468749999999995 0.7212222222222223 0.027812500000000004 0.023555555555555607
0 0.049606770833333334 0.6290231481481482 0.020244791666666668 0.02013888888888889
0 0.09845833333333333 0.5963333333333333 0.023374999999999996 0.022277777777777726
0 0.2310546875 0.8059351851851853 0.03902604166666664 0.04227777777777764
0 0.24932552083333334 0.5101481481481481 0.027515624999999964 0.016777777777777676
0 0.32714062499999996 0.6009490740740742 0.014260416666666723 0.019990740740740875
0 0.32050520833333335 0.6248842592592593 0.0128541666666667 0.017490740740740834
0 0.9300442708333333 0.7882175925925927 0.026015624999999907 0.037120370370370505
0 0.4203880208333333 0.5010092592592593 0.018171874999999935 0.022203703703703722
0 0.5960182291666667 0.4474351851851852 0.021119791666666762 0.020092592592592634
0 0.7019791666666667 0.5285324074074075 0.01885416666666657 0.025472222222222424
0 0.5945130208333332 0.5654074074074075 0.01810937499999999 0.022796296296296197
0 0.22617447916666666 0.5362870370370371 0.014463541666666658 0.01659259259259266
0 0.296765625 0.5411296296296296 0.026374999999999933 0.027537037037037044
0 0.24941927083333332 0.5524398148148149 0.03432812500000004 0.03349074074074081