0 0.2860625 0.7641157407407407 0.042604166666666644 0.033101851851851855
0 0.32831770833333335 0.7194583333333334 0.035947916666666656 0.035083333333333216
0 0.3187161458333333 0.6626944444444445 0.030411458333333266 0.028499999999999973
0 0.2336432291666667 0.7907268518518519 0.030744791666666653 0.04487962962962966
0 0.21382031249999997 0.8148935185185185 0.02091145833333338 0.027620370370370302
0 0.243953125 0.9646481481481481 0.06453125000000005 0.06885185185185197
0 0.3350625 0.889986111111111 0.027312500000000028 0.05539814814814808
0 0.3261848958333334 0.9816712962962962 0.04082812499999993 0.02854629629629623
0 0.30056249999999995 0.8162175925925926 0.03895833333333343 0.04656481481481478
0 0.34556770833333333 0.777962962962963 0.036583333333333336 0.04216666666666663
0 0.3805651041666666 0.7271064814814815 0.04957812500000003 0.04675000000000001
0 0.3711041666666667 0.7827500000000001 0.02244791666666662 0.03783333333333324
0 0.38805468750000005 0.8136342592592593 0.041171875000000094 0.03465740740740746
0 0.40775 0.8838796296296296 0.03831249999999997 0.04609259259259257
0 0.3878541666666667 0.9418240740740741 0.07312500000000005 0.08657407407407407
0 0.061554687500000003 0.9698194444444445 0.06158854166666667 0.05850925925925931
0 0.07140104166666666 0.7981990740740741 0.05759374999999999 0.06606481481481473
0 0.15078385416666668 0.7303240740740741 0.044192708333333344 0.04720370370370372
0 0.15660677083333333 0.8677083333333333 0.060609375 0.0445462962962962
0 0.04259895833333334 0.6211481481481481 0.04496875 0.0448148148148149
0 0.021536458333333335 0.6760833333333333 0.03809375 0.031018518518518518
0 0.07339843750000001 0.7183657407407408 0.03448437500000001 0.04356481481481499
0 0.06755989583333334 0.6847268518518519 0.042734375000000005 0.03634259259259259
0 0.076296875 0.6338981481481482 0.030520833333333337 0.03127777777777775
0 0.11036197916666665 0.6510555555555555 0.031776041666666664 0.028722222222222205
0 0.10098697916666666 0.5955185185185186 0.030984375000000005 0.038777777777777876
0 0.09025260416666668 0.5661527777777777 0.032307291666666654 0.029694444444444596
0 0.08280208333333333 0.5101064814814814 0.03814583333333334 0.037101851851852004
0 0.14239322916666666 0.5486898148148148 0.038953125 0.030009259259259125
0 0.13841927083333333 0.5121574074074075 0.03933854166666665 0.03644444444444435
0 0.15498177083333334 0.4767962962962962 0.02897395833333333 0.025185185185185227
0 0.16698697916666666 0.49291203703703707 0.026015625000000025 0.032138888888888925
0 0.1825625 0.6075925925925927 0.03411458333333333 0.030000000000000086
0 0.20378645833333334 0.5717731481481482 0.030520833333333285 0.02552777777777772
0 0.22931249999999997 0.5962037037037038 0.03213541666666669 0.030648148148148063
0 0.23546875 0.6307638888888888 0.03934374999999998 0.04408333333333345
0 0.28418489583333334 0.6001898148148147 0.03659895833333333 0.03324999999999986
0 0.340140625 0.533611111111111 0.03178124999999999 0.022981481481481634
0 0.3515416666666667 0.5805555555555556 0.030593750000000006 0.025296296296296237
0 0.37149479166666666 0.6144398148148148 0.037729166666666696 0.042398148148148115
0 0.3789088541666667 0.671162037037037 0.03965104166666673 0.040694444444444484
0 0.21119791666666668 0.5083333333333333 0.02408333333333334 0.03700000000000003
0 0.2471614583333333 0.4406527777777777 0.030697916666666696 0.027101851851851835
0 0.26577083333333335 0.5136527777777777 0.03915625000000003 0.02521296296296298
0 0.2915963541666667 0.48787037037037034 0.022786458333333332 0.022018518518518493
0 0.5235000000000001 0.971837962962963 0.02918749999999998 0.042379629629629614
0 0.48026302083333333 0.9308935185185185 0.04679687499999995 0.06121296296296308
0 0.539546875 0.8920972222222221 0.026052083333333323 0.043694444444444494
0 0.5240442708333333 0.7786481481481482 0.047390625000000124 0.056814814814814936
0 0.5647239583333333 0.7488472222222223 0.04935416666666678 0.05521296296296306
0 0.4307526041666667 0.6956018518518519 0.039296874999999905 0.0411481481481482
0 0.4326692708333333 0.6329907407407407 0.037057291666666714 0.04531481481481486
0 0.41547395833333334 0.565787037037037 0.02993750000000001 0.025074074074074006
0 0.47734375 0.6101666666666666 0.02766666666666661 0.03324074074074083
0 0.5031822916666667 0.6340601851851851 0.0339479166666667 0.029675925925925883
0 0.4154296875 0.5391759259259259 0.036640624999999954 0.021388888888888805
0 0.46829947916666664 0.5358935185185185 0.025651041666666666 0.029675925925925883
0 0.5376223958333334 0.49816203703703704 0.01974479166666665 0.01787962962962958
0 0.5617057291666666 0.5347777777777777 0.02117187499999981 0.019148148148147998
0 0.5727760416666666 0.5093148148148148 0.019010416666666665 0.01627777777777771
0 0.5565885416666667 0.627287037037037 0.022802083333333202 0.028092592592592728
0 0.5387708333333333 0.7014351851851851 0.033624999999999974 0.05183333333333335
0 0.5735052083333334 0.6935 0.035312500000000094 0.046462962962963025
0 0.6110182291666667 0.6459259259259259 0.028203125000000048 0.03587037037037038
0 0.6120468750000001 0.7480416666666666 0.036229166666666875 0.030972222222222266
0 0.6134791666666667 0.5339305555555556 0.03347916666666653 0.030935185185185052
0 0.6072552083333334 0.4676712962962963 0.02887500000000003 0.024879629629629633
0 0.6606822916666667 0.5915648148148149 0.033614583333333316 0.039703703703703803
0 0.6278151041666666 0.5059675925925925 0.023276041666666695 0.027435185185185285
0 0.6466562499999999 0.49083333333333334 0.028697916666666858 0.026444444444444395
0 0.6563151041666667 0.5146620370370371 0.0270260416666666 0.027990740740740757
0 0.6378437499999999 0.8804398148148148 0.04890624999999981 0.06269444444444448
0 0.7520807291666666 0.874287037037037 0.04171354166666674 0.07142592592592581
0 0.7278645833333334 0.8847407407407407 0.02223958333333324 0.028981481481481438
0 0.7482239583333333 0.953625 0.03909374999999997 0.05869444444444433
0 0.6790390625 0.7640879629629629 0.033442708333333356 0.033435185185185304
0 0.7264661458333334 0.7683009259259259 0.04460937500000005 0.06452777777777782
0 0.7537942708333333 0.7798009259259259 0.026828125000000112 0.037138888888889006
0 0.7348463541666667 0.7418564814814815 0.0323489583333334 0.03217592592592593
0 0.7055885416666666 0.7467268518518517 0.02454166666666661 0.0386018518518519
0 0.6974088541666668 0.6374907407407407 0.02891145833333345 0.03261111111111114
0 0.654234375 0.688226851851852 0.026124999999999923 0.04684259259259273
0 0.7692187500000001 0.6596296296296296 0.033260416666666494 0.027962962962963005
0 0.7819453125 0.7566620370370369 0.027036458333333256 0.038324074074073955
0 0.7844557291666666 0.5940555555555556 0.02659895833333342 0.03424074074074076
0 0.688375 0.5768101851851851 0.021999999999999888 0.03026851851851857
0 0.7532942708333333 0.6054351851851851 0.02180729166666661 0.02974074074074064
0 0.7669010416666667 0.6320185185185185 0.025989583333333382 0.03933333333333335
0 0.7306927083333332 0.5835925925925926 0.029343750000000075 0.0338703703703703
0 0.7070130208333334 0.5512777777777778 0.015359374999999887 0.023685185185185118
0 0.7411927083333334 0.5578194444444444 0.018343750000000134 0.022009259259259242
0 0.8845208333333333 0.9047129629629629 0.07117708333333325 0.09211111111111113
0 0.8331588541666667 0.8155648148148148 0.04825520833333338 0.05488888888888908
0 0.8223098958333334 0.9138101851851852 0.02440104166666662 0.046416666666666766
0 0.9474010416666666 0.9691435185185184 0.059281250000000084 0.0598611111111112
0 0.9853255208333334 0.9421296296296297 0.02830729166666662 0.05498148148148158
0 0.9859453125 0.8898796296296295 0.027067708333333464 0.04950000000000004
0 0.8605651041666668 0.7985046296296296 0.04153645833333333 0.04419444444444446
0 0.9278671875000001 0.8603425925925927 0.059692708333333164 0.05574074074074057
0 0.9920755208333333 0.7938842592592592 0.014807291666666817 0.03008333333333334
0 0.979578125 0.7376203703703703 0.03646874999999999 0.04374074074074075
0 0.9136927083333333 0.6929166666666667 0.0460208333333334 0.04820370370370365
0 0.8914869791666666 0.7231111111111111 0.018911458333333304 0.01990740740740741
0 0.8018802083333334 0.6142546296296296 0.01741666666666646 0.014601851851851835
0 0.8134010416666667 0.7302314814814814 0.022145833333333323 0.023444444444444386
0 0.8014583333333333 0.6342916666666666 0.02911458333333338 0.023879629629629594
0 0.8026536458333333 0.6588194444444445 0.025630208333333352 0.028787037037037173
0 0.8702786458333333 0.5332037037037037 0.02960937499999995 0.030962962962963015
0 0.8694947916666667 0.5585185185185185 0.033114583333333295 0.020351851851851867
0 0.8381119791666667 0.584324074074074 0.020901041666666724 0.023000000000000135
0 0.8670859375 0.6170416666666666 0.020901041666666724 0.021638888888888787
0 0.9143177083333334 0.5660092592592593 0.03657291666666656 0.026981481481481363
0 0.9108619791666667 0.6088888888888888 0.018161458333333276 0.023000000000000135
0 0.8939583333333334 0.6082546296296296 0.012937500000000076 0.02123148148148133
0 0.9127447916666667 0.6326712962962963 0.0233645833333334 0.02573148148148145
0 0.7996328125000001 0.5686666666666668 0.029859374999999962 0.031407407407407474
0 0.7438255208333333 0.5011574074074074 0.023276041666666695 0.02533333333333324
0 0.7702057291666667 0.5157546296296297 0.02301562500000003 0.021620370370370286
0 0.7775651041666668 0.5421342592592593 0.025494791666666572 0.018601851851851776