0 0.74340625 0.758462962962963 0.04615624999999994 0.04627777777777779
0 0.05098697916666666 0.5485 0.027473958333333333 0.026222222222222164
0 0.013020833333333334 0.5537037037037037 0.026041666666666668 0.030555555555555555
0 0.0201328125 0.6311064814814815 0.03233854166666667 0.017824074074074076
0 0.09720572916666666 0.6754027777777777 0.04453645833333333 0.03650925925925911
0 0.13366145833333334 0.508800925925926 0.01907291666666667 0.01593518518518522
0 0.17098177083333332 0.6154722222222223 0.025161458333333307 0.027759259259259275
0 0.1366484375 0.6964305555555556 0.021109374999999986 0.02930555555555564
0 0.14705208333333336 0.7473333333333333 0.035572916666666655 0.039074074074074115
0 0.20766927083333334 0.6322361111111111 0.031161458333333295 0.043953703703703516
0 0.043791666666666666 0.7459490740740741 0.029020833333333333 0.04395370370370373
0 0.09700260416666667 0.7250324074074075 0.04165104166666668 0.03917592592592588
0 0.26589583333333333 0.6862361111111112 0.036687500000000026 0.03669444444444454
0 0.24294531249999998 0.5757916666666667 0.028380208333333337 0.029805555555555606
0 0.22009114583333333 0.5586666666666666 0.03256770833333332 0.029814814814814856
0 0.17102083333333334 0.6860925925925926 0.032572916666666646 0.03211111111111117
0 0.158015625 0.6689537037037038 0.023697916666666666 0.015037037037037045
0 0.17894270833333337 0.6382407407407407 0.016770833333333356 0.024074074074074074
0 0.17327864583333333 0.586949074074074 0.025796874999999986 0.019490740740740697
0 0.226109375 0.6780416666666668 0.038697916666666644 0.03669444444444454
0 0.1938125 0.7327870370370371 0.04772916666666666 0.04357407407407402
0 0.15345052083333333 0.7804305555555555 0.041276041666666666 0.04471296296296293
0 0.03803385416666667 0.8117685185185185 0.057723958333333325 0.05462962962962963
0 0.013802083333333333 0.7708333333333334 0.027604166666666666 0.027777777777777776
0 0.03290885416666667 0.938412037037037 0.04550520833333334 0.06471296296296306
0 0.11036197916666667 0.8978703703703704 0.054203125 0.06055555555555564
0 0.11009895833333333 0.8178657407407408 0.048833333333333326 0.062342592592592526
0 0.16494010416666666 0.8941296296296296 0.04060937500000002 0.040703703703703735
0 0.18184635416666667 0.947486111111111 0.041921875000000004 0.052750000000000026
0 0.05221614583333333 0.9825972222222221 0.042578125 0.03295370370370384
0 0.21702604166666667 0.9868611111111111 0.04385416666666669 0.024425925925926028
0 0.2506015625 0.9758472222222222 0.033859375 0.04645370370370377
0 0.29279947916666665 0.9834999999999998 0.04883854166666666 0.031148148148148452
0 0.3816588541666667 0.9788935185185185 0.03892187500000001 0.04036111111111124
0 0.3717838541666667 0.9351944444444444 0.029671874999999896 0.038981481481481395
0 0.20398697916666667 0.8239722222222223 0.035046874999999984 0.04872222222222212
0 0.2577994791666667 0.8583564814814815 0.03805729166666663 0.03267592592592589
0 0.2834114583333333 0.831375 0.04095833333333339 0.04586111111111109
0 0.28930208333333335 0.7825694444444444 0.031927083333333425 0.04967592592592601
0 0.26792968749999996 0.726175925925926 0.03611979166666665 0.04731481481481473
0 0.3198697916666667 0.7823888888888889 0.024833333333333367 0.038981481481481395
0 0.3207421875 0.6811574074074075 0.03165104166666666 0.03459259259259271
0 0.3685494791666667 0.7962314814814816 0.027088541666666664 0.026370370370370388
0 0.3728697916666667 0.8871898148148147 0.045468749999999974 0.047583333333333214
0 0.39987239583333334 0.8804537037037037 0.02031770833333333 0.0286666666666667
0 0.4128125 0.8061481481481483 0.018062500000000033 0.024648148148148048
0 0.4130130208333333 0.7734675925925926 0.036119791666666616 0.03554629629629618
0 0.40180468750000004 0.7345694444444445 0.04321354166666668 0.03439814814814823
0 0.33665104166666665 0.6556435185185185 0.029343749999999957 0.031731481481481465
0 0.34813020833333336 0.6365324074074075 0.03160416666666658 0.024083333333333325
0 0.3856510416666667 0.649787037037037 0.017729166666666647 0.019351851851851936
0 0.3838932291666667 0.6910648148148147 0.023390624999999925 0.021148148148148284
0 0.4253541666666667 0.6047638888888889 0.019906249999999896 0.02460185185185179
0 0.270296875 0.5935648148148148 0.02595833333333329 0.032074074074073956
0 0.27770572916666664 0.5513287037037037 0.029390624999999945 0.025990740740740894
0 0.32288020833333336 0.531175925925926 0.02908333333333341 0.03068518518518507
0 0.3569765625 0.5157824074074074 0.0329739583333333 0.03317592592592586
0 0.33328385416666667 0.5980509259259259 0.023484375000000075 0.02100925925925931
0 0.43378125 0.5439675925925926 0.021614583333333333 0.0268240740740741
0 0.45836197916666666 0.5431851851851852 0.02266145833333333 0.026814814814814847
0 0.41916666666666663 0.5218055555555555 0.021770833333333427 0.020092592592592422
0 0.4296276041666667 0.45973148148148146 0.019755208333333368 0.015481481481481508
0 0.47678125000000005 0.9593703703703703 0.045229166666666744 0.04257407407407409
0 0.4783020833333333 0.904662037037037 0.04743749999999996 0.04723148148148147
0 0.48884635416666666 0.8482268518518519 0.03149479166666668 0.04262037037037034
0 0.4713776041666667 0.7850879629629629 0.034859374999999915 0.049305555555555554
0 0.49630729166666665 0.683300925925926 0.024468750000000008 0.019879629629629653
0 0.4791223958333333 0.6095092592592593 0.029463541666666752 0.042092592592592626
0 0.5104817708333333 0.6018611111111111 0.022578124999999952 0.026870370370370354
0 0.5479010416666666 0.6554398148148148 0.04180208333333321 0.03782407407407399
0 0.5482734375 0.7055370370370371 0.020526041666666592 0.03185185185185194
0 0.5873723958333333 0.6849722222222222 0.021088541666666554 0.027203703703703806
0 0.6071692708333333 0.8127037037037037 0.030453125000000133 0.02522222222222223
0 0.5278229166666667 0.869074074074074 0.04159374999999995 0.06635185185185172
0 0.531765625 0.9231435185185185 0.0332187500000001 0.056064814814814776
0 0.5521640624999999 0.903638888888889 0.029296875 0.06668518518518517
0 0.5937682291666666 0.9172314814814814 0.029859374999999962 0.062037037037037036
0 0.5820052083333334 0.994 0.007239583333333381 0.010148148148148182
0 0.6598255208333333 0.955824074074074 0.03043229166666658 0.06966666666666689
0 0.6564583333333334 0.9934768518518517 0.03079166666666661 0.01119444444444458
0 0.6840052083333333 0.9012962962962963 0.0384270833333332 0.047037037037036995
0 0.6978203125 0.849486111111111 0.027901041666666515 0.03393518518518527
0 0.6499348958333333 0.8169953703703704 0.032942708333333334 0.036009259259259144
0 0.6923802083333332 0.7829444444444443 0.0362708333333335 0.04544444444444438
0 0.6889557291666667 0.7187314814814815 0.0383385416666665 0.03855555555555544
0 0.6573619791666666 0.7170740740740741 0.03680729166666671 0.040018518518518335
0 0.6486432291666666 0.6834351851851852 0.021151041666666735 0.020314814814814865
0 0.6265807291666666 0.6526944444444445 0.03356770833333324 0.037425925925925994
0 0.5880807291666666 0.5983240740740742 0.028734375000000038 0.030962962962963015
0 0.5439244791666666 0.6118055555555556 0.02861979166666657 0.020481481481481382
0 0.5409140625000001 0.5750601851851852 0.023130208333333256 0.024638888888889005
0 0.5703984375 0.5618055555555556 0.02465104166666663 0.028796296296296212
0 0.6404635416666667 0.5960324074074074 0.03518749999999997 0.027194444444444344
0 0.6576510416666667 0.6059490740740741 0.02798958333333322 0.02736111111111128
0 0.6532786458333334 0.6361249999999999 0.01610937500000015 0.024157407407407332
0 0.6741484375 0.6441203703703704 0.020067708333333437 0.0294444444444444
0 0.7161510416666667 0.645986111111111 0.03644791666666668 0.03584259259259263
0 0.6906744791666667 0.5835046296296296 0.03131770833333339 0.03456481481481475
0 0.7108489583333333 0.613013888888889 0.027541666666666725 0.02080555555555537
0 0.7372265625 0.5834305555555556 0.029786458333333123 0.03184259259259248
0 0.7462630208333334 0.6782361111111112 0.027807291666666602 0.02919444444444442
0 0.7734348958333332 0.6886851851851852 0.020713541666666894 0.02488888888888899
0 0.8114505208333334 0.6831435185185186 0.04217187500000013 0.04047222222222226
0 0.7922838541666667 0.6328796296296296 0.01660937500000017 0.023555555555555607
0 0.7709713541666666 0.6034166666666667 0.03601562499999981 0.026870370370370354
0 0.8359921875 0.6544444444444444 0.025192708333333275 0.02887037037037022
0 0.8016510416666667 0.5892175925925927 0.020343749999999973 0.02089814814814809
0 0.7933645833333334 0.5636388888888889 0.022208333333333267 0.02985185185185186
0 0.7460572916666667 0.5399537037037037 0.025010416666666656 0.01592592592592597
0 0.6714609374999999 0.5197222222222222 0.02276562500000002 0.028203703703703738
0 0.5949427083333333 0.5077685185185186 0.031729166666666704 0.022555555555555672
0 0.6750677083333334 0.47138425925925925 0.02687500000000019 0.02654629629629626
0 0.6349401041666667 0.5208148148148148 0.021463541666666686 0.031185185185185243
0 0.7484088541666666 0.4795324074074074 0.02276562500000002 0.01691666666666665
0 0.801578125 0.46178703703703705 0.019968750000000077 0.01592592592592597
0 0.8386041666666666 0.5228333333333333 0.024447916666666458 0.02388888888888885
0 0.8458098958333333 0.6137731481481481 0.03191145833333332 0.02952777777777787
0 0.8327083333333334 0.5841064814814815 0.01548958333333322 0.0208981481481483
0 0.7554296875 0.904074074074074 0.061848958333333336 0.06970370370370368
0 0.7738437499999999 0.8446481481481481 0.04407291666666661 0.05016666666666651
0 0.8020625 0.804037037037037 0.05320833333333326 0.052074074074074085
0 0.8113645833333334 0.912625 0.044614583333333256 0.07871296296296316
0 0.8556979166666667 0.9602407407407407 0.03037499999999985 0.046740740740740756
0 0.8184557291666666 0.8606527777777778 0.042463541666666535 0.06115740740740737
0 0.8282630208333333 0.7543518518518519 0.027682291666666477 0.03105555555555552
0 0.8509739583333332 0.7842129629629631 0.046760416666666534 0.04203703703703712
0 0.8646796875 0.836763888888889 0.024723958333333466 0.02962037037037038
0 0.9097994791666667 0.953912037037037 0.02606770833333343 0.03536111111111116
0 0.9426119791666667 0.8291249999999999 0.041921874999999886 0.058287037037036867
0 0.8916875 0.8628055555555555 0.02821875000000015 0.03392592592592581
0 0.967859375 0.9661712962962962 0.045656249999999926 0.05719444444444443
0 0.9950963541666666 0.9244444444444445 0.008765624999999963 0.02629629629629638
0 0.9834088541666667 0.8618472222222222 0.03214062500000002 0.053027777777777764
0 0.8706822916666667 0.6817361111111111 0.021499999999999866 0.020546296296296347
0 0.9553776041666667 0.7780046296296297 0.039505208333333285 0.03917592592592588
0 0.5007994791666667 0.7397546296296296 0.013786458333333347 0.024509259259259075
0 0.8990885416666666 0.6755231481481482 0.028749999999999904 0.028861111111111178
0 0.8739765625 0.6416064814814815 0.02614062500000003 0.017361111111111112
0 0.8804557291666666 0.6006018518518518 0.021046874999999923 0.021518518518518527
0 0.9317916666666667 0.6614444444444445 0.02476041666666665 0.030814814814814788
0 0.9146328125 0.6002592592592593 0.03150520833333322 0.0234814814814816
0 0.9378020833333333 0.7229212962962963 0.038979166666666745 0.0430092592592593
0 0.9549062500000001 0.7073981481481482 0.027281250000000055 0.03301851851851859
0 0.9666588541666667 0.6582407407407408 0.027286458333333503 0.02812962962962973
0 0.98465625 0.6962268518518518 0.02964583333333337 0.04728703703703719
0 0.9610520833333334 0.5930787037037037 0.027166666666666592 0.02649074074074086
0 0.8985 0.5307962962962963 0.02063541666666661 0.01877777777777775
0 0.7252708333333333 0.5482453703703704 0.018489583333333334 0.021712962962963007
0 0.7359140624999999 0.5034398148148148 0.024036458333333142 0.021027777777777812
0 0.5427291666666666 0.4768981481481481 0.0264166666666668 0.024944444444444495
0 0.5694010416666667 0.45767592592592593 0.020468750000000095 0.021425925925925914
0 0.5160963541666667 0.5035648148148147 0.030703125000000022 0.024648148148148048
0 0.5240729166666667 0.44028240740740743 0.011229166666666639 0.013212962962962945
0 0.11129166666666666 0.5706018518518519 0.01952083333333334 0.019981481481481413
0 0.2715885416666667 0.4207361111111111 0.03453124999999998 0.016638888888888915
0 0.22565625 0.47926851851851854 0.024208333333333342 0.013203703703703695
0 0.3057005208333334 0.4578981481481481 0.016921875000000006 0.0117407407407408
0 0.28682031249999995 0.5007870370370371 0.016567708333333306 0.016444444444444435
0 0.359203125 0.468875 0.022562500000000086 0.014916666666666785
0 0.43535416666666665 0.4290046296296296 0.021187500000000033 0.016416666666666684
0 0.38456510416666667 0.5461527777777778 0.02941145833333335 0.03380555555555555
0 0.39886979166666664 0.5025324074074075 0.015708333333333258 0.024046296296296323
0 0.3739557291666667 0.44155092592592593 0.02680729166666668 0.016509259259259296
0 0.6459218750000001 0.43618981481481484 0.02201041666666678 0.0150833333333333
0 0.07514583333333333 0.4899351851851852 0.02453125000000001 0.014203703703703628
0 0.019468749999999996 0.6918194444444444 0.03819791666666667 0.03665740740740754
0 0.029187499999999998 0.6594675925925925 0.03334375 0.020916666666666802
0 0.043916666666666666 0.7 0.02614583333333333 0.01972222222222218
0 0.04707552083333333 0.6073842592592593 0.020244791666666668 0.02013888888888889
0 0.09537239583333333 0.5716527777777778 0.023380208333333326 0.022287037037036977
0 0.226625 0.7735601851851851 0.037104166666666674 0.04017592592592581
0 0.24605989583333335 0.4919259259259259 0.027515625000000023 0.016777777777777676
0 0.3163541666666667 0.5788287037037037 0.014260416666666723 0.019990740740740667
0 0.311484375 0.60025 0.012854166666666582 0.017500000000000085
0 0.6889765625000001 0.9647592592592593 0.026609375000000077 0.0286666666666667
0 0.8978619791666667 0.7462268518518518 0.026015624999999907 0.037120370370370505
0 0.41101822916666664 0.48182870370370373 0.018171874999999935 0.022212962962962973
0 0.6857630208333333 0.5094305555555555 0.018848958333333363 0.025472222222222424
0 0.5773541666666666 0.5395972222222223 0.01810416666666678 0.022787037037037154
0 0.22028385416666665 0.5167222222222222 0.014463541666666658 0.01659259259259266
0 0.2890208333333334 0.5195462962962963 0.026374999999999933 0.027537037037037044
0 0.24418489583333336 0.5312361111111111 0.03432812500000004 0.03349074074074081