0 0.04294270833333333 0.7960370370370371 0.05276041666666667 0.07800000000000001
0 0.1670130208333333 0.9568981481481482 0.04599479166666664 0.07842592592592576
0 0.2796458333333333 0.9416388888888889 0.057791666666666686 0.07042592592592588
0 0.3599322916666667 0.8832777777777778 0.05767708333333334 0.07444444444444454
0 0.42605729166666667 0.8461620370370371 0.06615624999999999 0.06880555555555551
0 0.5596328125000001 0.9368009259259259 0.053828124999999956 0.07495370370370374
0 0.6079973958333333 0.9373981481481481 0.046244791666666646 0.06737037037037036
0 0.5335390624999999 0.8712916666666667 0.03802604166666678 0.048990740740740814
0 0.538953125 0.7153935185185185 0.048947916666666674 0.0562685185185185
0 0.9790703125 0.8739398148148149 0.04081770833333328 0.06565740740740728
0 0.8451249999999999 0.8464722222222223 0.06183333333333347 0.07390740740740756
0 0.9732916666666666 0.767712962962963 0.046197916666666575 0.06381481481481488
0 0.9304869791666666 0.89725 0.06692187499999988 0.07318518518518514
0 0.7411276041666668 0.7507731481481482 0.048890624999999945 0.05684259259259247
0 0.768375 0.7069027777777777 0.04223958333333329 0.04300925925925909
0 0.6979348958333332 0.8209722222222222 0.04796354166666674 0.051111111111111156
0 0.6944427083333333 0.6625972222222223 0.04109374999999981 0.04219444444444439
0 0.29203645833333336 0.6084583333333333 0.05313541666666666 0.048064814814814893
0 0.2071328125 0.737462962962963 0.03329687500000003 0.041518518518518656
0 0.3528046875 0.7198009259259259 0.04282812500000001 0.04423148148148146
0 0.2950494791666667 0.8021990740740741 0.05969270833333328 0.05949074074074074
0 0.422859375 0.7270000000000001 0.04621875 0.06425925925925935
0 0.5406380208333333 0.6397407407407408 0.030109374999999973 0.03788888888888896
0 0.4724010416666667 0.9371759259259259 0.06570833333333338 0.06592592592592597
0 0.49182552083333336 0.8205416666666666 0.03263020833333338 0.045101851851851886
0 0.4504192708333334 0.6641851851851852 0.04208854166666664 0.052092592592592586
0 0.8883619791666667 0.6606898148148148 0.03263020833333338 0.03886111111111114
0 0.23229687499999999 0.7754027777777778 0.05644791666666667 0.04580555555555537
0 0.5130729166666667 0.7765694444444444 0.026124999999999923 0.03741666666666653
0 0.7741171875 0.6410555555555556 0.03999479166666665 0.039092592592592616
0 0.8171041666666666 0.9377407407407408 0.05127083333333336 0.059074074074074244
0 0.7264270833333334 0.7075740740740741 0.036458333333333336 0.044759259259259394
0 0.09121614583333333 0.8489444444444445 0.036494791666666665 0.04692592592592598
0 0.06857552083333333 0.7070509259259259 0.032640625000000006 0.038046296296296224
0 0.0965546875 0.6858379629629628 0.03331770833333335 0.035731481481481614
0 0.16410677083333336 0.6846111111111111 0.04145312499999996 0.04133333333333342
0 0.170609375 0.715287037037037 0.04415624999999999 0.039388888888888855
0 0.127234375 0.6662777777777779 0.030166666666666644 0.03331481481481483
0 0.09278125 0.7300046296296296 0.029020833333333346 0.028287037037036996
0 0.1122734375 0.7539768518518519 0.027651041666666685 0.024583333333333502
0 0.13200520833333335 0.6941435185185185 0.019229166666666676 0.028490740740740723
0 0.26203906250000003 0.7175601851851852 0.047526041666666664 0.050935185185185174
0 0.5146510416666668 0.5990416666666667 0.04691666666666663 0.04236111111111111
0 0.4603541666666667 0.6051064814814815 0.0372708333333333 0.032416666666666656
0 0.11425520833333333 0.5741898148148148 0.030343749999999996 0.02480555555555552
0 0.19693750000000002 0.4815231481481481 0.03453124999999998 0.027935185185185254
0 0.26076822916666664 0.4629027777777778 0.024046875000000037 0.03278703703703701
0 0.2808463541666667 0.5611527777777778 0.035598958333333285 0.039712962962962846
0 0.33178906250000006 0.6929259259259258 0.03701562500000009 0.04411111111111099
0 0.32984114583333335 0.6421018518518519 0.021255208333333307 0.03659259259259257
0 0.3448567708333333 0.6135694444444444 0.040119791666666654 0.02791666666666675
0 0.18176822916666666 0.8283981481481482 0.03927604166666665 0.05587037037037051
0 0.19750520833333335 0.5583148148148148 0.03181249999999996 0.029037037037037156
0 0.23309635416666666 0.5944305555555556 0.026796875000000022 0.0304907407407408
0 0.24063802083333333 0.5516342592592594 0.027651041666666622 0.029750000000000103
0 0.14053385416666667 0.5614351851851852 0.02922395833333334 0.024111111111111076
0 0.16092708333333333 0.5093425925925925 0.02680208333333335 0.022055555555555707
0 0.05496875 0.6215740740740741 0.03391666666666667 0.035740740740740656
0 0.29740364583333334 0.8534953703703705 0.03998437499999999 0.0665277777777777
0 0.21440625 0.8851342592592591 0.056229166666666684 0.06649074074074068
0 0.313515625 0.47997222222222224 0.025593749999999933 0.03029629629629632
0 0.3397421875 0.5524398148148149 0.0327968749999999 0.030805555555555537
0 0.3777161458333333 0.5148194444444444 0.030119791666666628 0.027731481481481524
0 0.42019010416666663 0.4896481481481481 0.0210572916666667 0.02444444444444453
0 0.4065546875 0.5557268518518518 0.02840104166666665 0.03352777777777781
0 0.43708593749999997 0.5601944444444444 0.029109374999999934 0.042500000000000086
0 0.46473697916666673 0.5496342592592592 0.026734374999999963 0.027972222222222256
0 0.4733541666666667 0.487287037037037 0.02315625000000002 0.02542592592592596
0 0.4966067708333333 0.5567453703703704 0.026734374999999963 0.02206481481481475
0 0.5141197916666667 0.5659953703703705 0.023135416666666703 0.03395370370370377
0 0.49814322916666665 0.6711342592592593 0.029234375000000055 0.03902777777777786
0 0.6043229166666667 0.542625 0.02435416666666678 0.02565740740740744
0 0.5856666666666667 0.5838703703703703 0.030489583333333313 0.028092592592592728
0 0.6203880208333333 0.6731388888888888 0.03667187499999992 0.031185185185185243
0 0.656671875 0.6147870370370371 0.04358333333333349 0.0448148148148149
0 0.54478125 0.47229166666666667 0.014802083333333372 0.023342592592592522
0 0.5792499999999999 0.4971157407407407 0.022718749999999944 0.025046296296296254
0 0.6038802083333333 0.49538425925925933 0.02374999999999995 0.025824074074073958
0 0.6696119791666667 0.5653148148148148 0.0340572916666666 0.041685185185185165
0 0.6955364583333333 0.5491990740740741 0.036489583333333304 0.03236111111111115
0 0.7171276041666667 0.5077638888888889 0.036630208333333296 0.04517592592592589
0 0.7895364583333333 0.5906435185185185 0.029354166666666497 0.03726851851851852
0 0.8175234375 0.6596666666666667 0.033317708333333466 0.04559259259259239
0 0.837375 0.6375648148148148 0.049572916666666585 0.04494444444444441
0 0.8373072916666667 0.7844305555555555 0.05511458333333318 0.05150925925925936
0 0.895890625 0.8176527777777778 0.053093749999999794 0.05550925925925909
0 0.8839166666666666 0.5994675925925925 0.033364583333333545 0.031287037037037
0 0.86659375 0.6186990740740741 0.03341666666666659 0.037046296296296286
0 0.9277135416666666 0.6523981481481482 0.040260416666666764 0.031499999999999986
0 0.9345234375 0.6802314814814815 0.024901041666666637 0.025481481481481466
0 0.9161458333333333 0.5616342592592594 0.034364583333333344 0.026768518518518383
0 0.9676588541666666 0.5638518518518519 0.04150520833333336 0.03151851851851849
0 0.9804218749999999 0.6254074074074074 0.038114583333333486 0.043685185185185035
0 0.9849140624999999 0.6186064814814815 0.029130208333333484 0.026324074074073923
0 0.7823229166666666 0.49689814814814814 0.020333333333333314 0.02198148148148149
0 0.8326953125000001 0.5557777777777778 0.03886979166666672 0.0381851851851852
0 0.8564817708333333 0.5181944444444445 0.02645312499999998 0.020944444444444342