0 0.3097864583333333 0.7073055555555555 0.03993749999999992 0.030148148148148098
0 0.34950260416666673 0.6699305555555556 0.0373385416666667 0.03152777777777774
0 0.3389140625 0.6211018518518518 0.030484374999999987 0.027833333333333283
0 0.26464583333333336 0.7356342592592593 0.027614583333333324 0.03471296296296297
0 0.2476328125 0.7554675925925926 0.020640625 0.021824074074074225
0 0.27505729166666665 0.8847731481481482 0.05942708333333328 0.0657870370370372
0 0.3559453125 0.8175370370370371 0.02464062499999997 0.04822222222222215
0 0.3569036458333334 0.9090138888888888 0.04055729166666661 0.0716574074074073
0 0.32839583333333333 0.7544861111111112 0.03862499999999992 0.04217592592592588
0 0.368625 0.7165925925925927 0.036583333333333336 0.04216666666666663
0 0.3979583333333333 0.6793425925925927 0.041437499999999974 0.046740740740740756
0 0.3910546875 0.7213657407407408 0.022442708333333408 0.03784259259259249
0 0.4056901041666666 0.7455370370370371 0.03444270833333339 0.033018518518518385
0 0.427015625 0.8080185185185185 0.03831249999999997 0.04609259259259257
0 0.4089244791666667 0.8519722222222222 0.07154687499999994 0.07274074074074069
0 0.0340703125 0.8169398148148149 0.05676562500000001 0.07123148148148133
0 0.040065104166666664 0.8690833333333333 0.05673437499999999 0.07801851851851851
0 0.06001041666666666 0.9665555555555556 0.045968749999999996 0.04968518518518516
0 0.14977604166666666 0.9736851851851851 0.04239583333333332 0.050777777777777915
0 0.17344270833333333 0.9177129629629629 0.04509374999999996 0.06848148148148152
0 0.1152421875 0.882537037037037 0.05969270833333334 0.05894444444444452
0 0.11449739583333332 0.7406527777777777 0.055213541666666664 0.048657407407407365
0 0.18336197916666666 0.6817175925925926 0.04209895833333335 0.03887962962962964
0 0.20007291666666666 0.7959212962962964 0.05581250000000004 0.04454629629629642
0 0.07566145833333332 0.5882361111111112 0.04496875000000001 0.04480555555555544
0 0.056718750000000005 0.6335555555555555 0.03189583333333334 0.025999999999999933
0 0.11130468749999999 0.6717407407407407 0.03332812500000001 0.04137037037037043
0 0.10171614583333334 0.6411435185185185 0.04273437499999998 0.03634259259259259
0 0.11129947916666666 0.5947592592592593 0.030515625000000015 0.03127777777777775
0 0.14156770833333335 0.6130092592592592 0.03178124999999999 0.028722222222222205
0 0.12970052083333333 0.5669814814814814 0.031776041666666664 0.03159259259259249
0 0.12089583333333334 0.5384814814814814 0.03231249999999998 0.029703703703703635
0 0.1059296875 0.4922638888888889 0.036265624999999996 0.03350925925925931
0 0.16719791666666667 0.5245000000000001 0.03894791666666665 0.030018518518518587
0 0.15897916666666667 0.490412037037037 0.03637500000000002 0.03552777777777789
0 0.17272395833333334 0.4588101851851852 0.0238645833333333 0.022212962962962973
0 0.18478645833333332 0.47440740740740744 0.02659374999999997 0.021999999999999992
0 0.20592447916666667 0.5753703703703704 0.034109375000000004 0.030000000000000086
0 0.22632031249999998 0.5431296296296295 0.030515624999999956 0.02553703703703697
0 0.251546875 0.5662361111111112 0.03213541666666669 0.030638888888889024
0 0.2584739583333333 0.5933055555555555 0.041114583333333364 0.03446296296296299
0 0.3034375 0.5667777777777777 0.03294791666666666 0.0264999999999999
0 0.354703125 0.5096203703703703 0.03178124999999999 0.022981481481481422
0 0.36596093749999997 0.5503148148148147 0.028369791666666682 0.023296296296296162
0 0.38825000000000004 0.5790092592592592 0.03431250000000006 0.04148148148148165
0 0.39660677083333334 0.6261157407407408 0.03465104166666665 0.03447222222222224
0 0.2315 0.48787037037037034 0.02297916666666667 0.030000000000000086
0 0.25929166666666664 0.4275462962962963 0.02872916666666665 0.022333333333333337
0 0.28208333333333335 0.49102777777777773 0.03915625000000003 0.02522222222222202
0 0.30533333333333335 0.4692592592592593 0.022781250000000006 0.022018518518518493
0 0.5350208333333334 0.8960185185185185 0.049989583333333344 0.06701851851851862
0 0.4950494791666667 0.8469305555555555 0.03719270833333337 0.045324074074073906
0 0.5497630208333334 0.8138194444444444 0.02431770833333336 0.039361111111111104
0 0.5333359375000001 0.7192453703703704 0.042171875000000074 0.05486111111111111
0 0.5710208333333334 0.6962268518518518 0.04449999999999979 0.05426851851851864
0 0.4452317708333334 0.6494953703703704 0.037880208333333346 0.037027777777777784
0 0.44555468749999994 0.600851851851852 0.03572395833333341 0.03638888888888906
0 0.42612239583333333 0.5397314814814815 0.028921874999999986 0.020740740740740823
0 0.4861744791666666 0.574712962962963 0.025151041666666648 0.030962962962963015
0 0.5064791666666667 0.5952037037037037 0.033947916666666585 0.029685185185185134
0 0.42358854166666665 0.514837962962963 0.0366458333333334 0.021379629629629766
0 0.477609375 0.5126666666666667 0.025656249999999995 0.029685185185185134
0 0.5402239583333334 0.47848148148148145 0.01975000000000004 0.017870370370370328
0 0.5640807291666666 0.5109722222222223 0.021828124999999924 0.019148148148148206
0 0.5708072916666667 0.4884722222222222 0.019010416666666665 0.01627777777777771
0 0.5603125000000001 0.5935138888888889 0.022802083333333202 0.028083333333333266
0 0.5389557291666667 0.6544074074074074 0.028890625000000072 0.04524074074074086
0 0.575109375 0.645912037037037 0.035312500000000094 0.046472222222222276
0 0.6095442708333334 0.6058333333333333 0.028203125000000048 0.03587037037037038
0 0.6122552083333334 0.6919814814814815 0.03622916666666664 0.030981481481481516
0 0.6121432291666667 0.5125462962962962 0.03411979166666678 0.02640740740740739
0 0.6026223958333332 0.4513842592592593 0.02664062499999981 0.021731481481481508
0 0.6566640625000001 0.5624583333333333 0.02897395833333339 0.031324074074074004
0 0.6231458333333334 0.484462962962963 0.023614583333333408 0.022018518518518493
0 0.6423411458333333 0.46864814814814815 0.02797395833333335 0.022018518518518493
0 0.6508671874999999 0.4935555555555555 0.02614062500000003 0.023240740740740656
0 0.6480260416666667 0.9421249999999999 0.018802083333333285 0.02282407407407416
0 0.6437447916666666 0.8079490740740741 0.04119791666666662 0.0459351851851853
0 0.7448307291666667 0.8031898148148148 0.035786458333333354 0.053805555555555676
0 0.7238619791666667 0.8104305555555555 0.0189947916666668 0.024527777777777787
0 0.7424739583333334 0.863175925925926 0.033510416666666744 0.041722222222222174
0 0.7611041666666666 0.9360185185185186 0.05365624999999999 0.06848148148148152
0 0.6764427083333333 0.7056018518518518 0.031333333333333255 0.028611111111111195
0 0.7171822916666667 0.7135555555555555 0.04173958333333327 0.044685185185185175
0 0.747515625 0.7196064814814814 0.02269791666666663 0.037138888888889006
0 0.7268854166666666 0.6855416666666666 0.03234375000000019 0.03006481481481484
0 0.7014713541666666 0.6928981481481481 0.023713541666666536 0.028592592592592694
0 0.6904036458333334 0.5955833333333334 0.02752604166666662 0.03261111111111114
0 0.6513255208333334 0.6411574074074075 0.025682291666666638 0.03912962962962962
0 0.7597682291666668 0.6161157407407407 0.029140624999999906 0.026064814814814898
0 0.7717057291666667 0.6998148148148148 0.023848958333333316 0.03464814814814821
0 0.7732213541666667 0.562 0.026598958333333183 0.03424074074074076
0 0.6948854166666667 0.5697037037037037 0.01925000000000002 0.024537037037037038
0 0.744421875 0.5719027777777778 0.018802083333333285 0.021601851851851785
0 0.7550130208333333 0.5946064814814814 0.02201562499999999 0.020379629629629623
0 0.7210338541666667 0.5527037037037038 0.02659895833333342 0.023648148148148116
0 0.7010677083333334 0.5249166666666666 0.012624999999999886 0.01714814814814813
0 0.7327239583333333 0.5282453703703703 0.018343750000000134 0.022009259259259242
0 0.837640625 0.9218703703703705 0.06486458333333331 0.07046296296296288
0 0.8636953125000001 0.8232222222222222 0.06072395833333341 0.07342592592592609
0 0.8174010416666666 0.7483333333333334 0.04577083333333339 0.0418888888888889
0 0.8078776041666667 0.830800925925926 0.02440104166666662 0.046416666666666766
0 0.9039505208333334 0.9016851851851851 0.057119791666666704 0.07342592592592609
0 0.9252630208333333 0.8916851851851851 0.06061979166666684 0.08305555555555559
0 0.9446718749999999 0.9800833333333333 0.04553125000000004 0.032407407407407406
0 0.9604296875 0.8637731481481481 0.04304687499999981 0.06015740740740743
0 0.960390625 0.8133657407407406 0.04264583333333339 0.05391666666666668
0 0.8453489583333335 0.7323981481481482 0.03508333333333316 0.03449999999999999
0 0.9036458333333334 0.7870277777777778 0.04777083333333323 0.04379629629629626
0 0.9710963541666667 0.7373518518518519 0.03955729166666657 0.03007407407407409
0 0.9779140625 0.7670555555555556 0.029109374999999934 0.023037037037037137
0 0.9547421875000001 0.686587962962963 0.039328125000000116 0.0364166666666666
0 0.8920208333333333 0.6445972222222222 0.04383333333333326 0.045731481481481366
0 0.8712473958333333 0.6725555555555556 0.018911458333333304 0.01990740740740741
0 0.787171875 0.5767407407407408 0.01741666666666646 0.014592592592592584
0 0.8003932291666668 0.6761296296296296 0.022140625000000115 0.023444444444444597
0 0.7871328125 0.5939537037037037 0.02910937500000017 0.02388888888888885
0 0.7896354166666666 0.6169166666666667 0.025624999999999905 0.028796296296296212
0 0.8509453125 0.5069907407407407 0.02960937499999995 0.027870370370370285
0 0.85059375 0.5332638888888889 0.024739583333333332 0.02034259259259241
0 0.8228046874999999 0.5558703703703703 0.020901041666666724 0.023000000000000135
0 0.8486796875000001 0.5827175925925926 0.020901041666666724 0.019898148148148158
0 0.8939401041666667 0.5417592592592592 0.03657812500000001 0.026981481481481363
0 0.8888411458333334 0.5763472222222221 0.018161458333333276 0.023009259259259174
0 0.872765625 0.5737824074074074 0.012937500000000076 0.02123148148148133
0 0.8904791666666667 0.5972962962962962 0.02268749999999997 0.020759259259259328
0 0.7853098958333333 0.5403888888888889 0.029859374999999962 0.031407407407407474
0 0.7310937499999999 0.4832638888888888 0.023270833333333484 0.025342592592592545
0 0.7581041666666667 0.4936064814814815 0.023010416666666818 0.021620370370370286
0 0.7643567708333333 0.5185231481481481 0.025494791666666572 0.018601851851851776