0 0.7512708333333333 0.7725833333333333 0.04615624999999994 0.04627777777777779
0 0.05303385416666666 0.5558888888888889 0.027473958333333333 0.026222222222222164
0 0.013541666666666667 0.5615740740740741 0.027083333333333334 0.03148148148148148
0 0.021015625 0.6404675925925927 0.03282291666666667 0.018527777777777768
0 0.09720572916666666 0.6860648148148148 0.04453645833333333 0.03650000000000007
0 0.13569270833333333 0.516263888888889 0.01983333333333331 0.01593518518518522
0 0.17218489583333335 0.6242546296296296 0.025161458333333307 0.027768518518518526
0 0.13565624999999998 0.714212962962963 0.02712500000000002 0.036388888888888846
0 0.14604166666666665 0.75875 0.035572916666666655 0.03907407407407391
0 0.21008072916666667 0.6436620370370371 0.031161458333333295 0.04395370370370373
0 0.04292968750000001 0.7579305555555556 0.029026041666666672 0.043953703703703516
0 0.09844791666666666 0.7350324074074075 0.04165625000000001 0.03917592592592588
0 0.26742968749999996 0.699662037037037 0.03847395833333331 0.03669444444444454
0 0.24503385416666668 0.5845046296296296 0.028380208333333337 0.029805555555555606
0 0.22209895833333335 0.5666666666666667 0.032572916666666646 0.029814814814814856
0 0.17439583333333336 0.6955185185185186 0.032572916666666646 0.03211111111111096
0 0.15833854166666667 0.681375 0.025947916666666633 0.018731481481481498
0 0.18038802083333336 0.6472361111111111 0.016765625000000027 0.024083333333333325
0 0.17255729166666667 0.5978749999999999 0.025802083333333316 0.01949074074074091
0 0.227875 0.6863240740740741 0.038697916666666644 0.036685185185185085
0 0.195578125 0.7424953703703704 0.04772916666666666 0.04356481481481477
0 0.1543515625 0.7948564814814815 0.041276041666666666 0.04471296296296293
0 0.03734635416666667 0.8254861111111111 0.059015625 0.05702777777777791
0 0.013802083333333333 0.7828703703703703 0.027604166666666666 0.027777777777777776
0 0.033197916666666674 0.9571249999999999 0.04273958333333334 0.06908333333333345
0 0.10984114583333332 0.914337962962963 0.055078125 0.06080555555555562
0 0.11037239583333333 0.833550925925926 0.04978645833333332 0.06413888888888887
0 0.164578125 0.9111574074074074 0.042093749999999965 0.040703703703703735
0 0.18072135416666668 0.9667175925925926 0.041921875000000004 0.05274999999999982
0 0.25513281250000003 0.9953240740740741 0.026828124999999994 0.007499999999999916
0 0.38280729166666666 0.9899212962962963 0.03240625000000001 0.01830555555555554
0 0.3729088541666667 0.9553333333333334 0.029671875000000014 0.038981481481481395
0 0.20407552083333333 0.8410462962962962 0.036276041666666654 0.050629629629629476
0 0.258609375 0.874087962962963 0.038052083333333306 0.03267592592592589
0 0.28391145833333337 0.8431574074074074 0.04436458333333337 0.04587037037037034
0 0.2926744791666666 0.7922777777777779 0.03192187499999998 0.04966666666666655
0 0.2713046875 0.7378888888888889 0.03611979166666665 0.04731481481481473
0 0.3213932291666667 0.7961018518518518 0.028859374999999923 0.038981481481481395
0 0.322453125 0.6918888888888889 0.034260416666666654 0.035111111111111176
0 0.3694635416666667 0.8144351851851852 0.03253125000000002 0.026370370370370388
0 0.37439583333333337 0.9053287037037037 0.045468749999999974 0.04758333333333343
0 0.40284375 0.8988796296296296 0.0203125 0.0286666666666667
0 0.415703125 0.823 0.018062500000000033 0.024648148148148048
0 0.41582552083333335 0.7908935185185185 0.036119791666666616 0.03554629629629618
0 0.4050963541666667 0.7489953703703703 0.04321354166666668 0.03439814814814823
0 0.3404739583333333 0.6675231481481481 0.029343750000000075 0.03530555555555566
0 0.35176302083333333 0.6471388888888888 0.03159895833333337 0.024074074074074074
0 0.3891875 0.6609259259259259 0.017729166666666647 0.019351851851851936
0 0.3856822916666667 0.7048425925925926 0.024989583333333343 0.02272222222222219
0 0.4291302083333334 0.6142916666666666 0.019906249999999896 0.024601851851852003
0 0.27178645833333337 0.6055555555555555 0.026677083333333348 0.032074074074074164
0 0.27931249999999996 0.5618981481481482 0.02939583333333336 0.025981481481481432
0 0.32558333333333334 0.5394583333333334 0.02908333333333329 0.030694444444444528
0 0.361203125 0.5243935185185186 0.03296874999999998 0.03317592592592586
0 0.33706510416666663 0.6080416666666666 0.023484375000000075 0.02100925925925931
0 0.4373020833333333 0.5528148148148148 0.021614583333333333 0.026814814814814847
0 0.46277864583333334 0.5515509259259259 0.02449479166666665 0.02682407407407389
0 0.42436979166666666 0.5293518518518519 0.021770833333333427 0.020092592592592422
0 0.43225520833333336 0.4667407407407408 0.01975000000000004 0.015481481481481508
0 0.47927083333333337 0.9786481481481482 0.045229166666666744 0.04085185185185175
0 0.48167447916666667 0.9239398148148148 0.04743229166666675 0.04723148148148126
0 0.4923828125 0.8653611111111111 0.03149479166666668 0.042629629629629594
0 0.474671875 0.7992268518518518 0.03486458333333336 0.049305555555555554
0 0.5014427083333334 0.6968101851851852 0.024468750000000008 0.019879629629629445
0 0.4830104166666667 0.6183935185185185 0.030270833333333278 0.040120370370370306
0 0.5158229166666667 0.6135416666666667 0.02258333333333328 0.026879629629629604
0 0.5520078125 0.6674861111111111 0.041807291666666656 0.03782407407407399
0 0.5542291666666667 0.7172222222222221 0.02053125000000004 0.03185185185185194
0 0.5931223958333334 0.6973796296296297 0.021088541666666554 0.027203703703703806
0 0.6133307291666665 0.822925925925926 0.030453125000000133 0.02522222222222223
0 0.531796875 0.8878518518518519 0.04182291666666676 0.07077777777777783
0 0.5348177083333333 0.9455648148148148 0.03321874999999993 0.056074074074074026
0 0.5559401041666666 0.9223425925925927 0.029296875 0.06668518518518517
0 0.5997135416666666 0.9383703703703704 0.02986458333333341 0.062037037037037036
0 0.6696848958333333 0.9680694444444443 0.03043229166666682 0.06200925925925939
0 0.6913984375 0.9151759259259259 0.03842187499999999 0.047037037037036995
0 0.7039817708333334 0.8640972222222222 0.02790104166666675 0.03393518518518527
0 0.6556848958333333 0.8330601851851851 0.032942708333333334 0.036009259259259144
0 0.7005989583333334 0.7997407407407408 0.0362708333333335 0.04544444444444438
0 0.7000468750000001 0.7318796296296297 0.038333333333333525 0.03855555555555544
0 0.659828125 0.7280277777777777 0.03681250000000015 0.040018518518518544
0 0.6564479166666667 0.6936574074074073 0.021145833333333523 0.020314814814814865
0 0.6310989583333334 0.6629212962962963 0.03357291666666669 0.03743518518518504
0 0.5950651041666667 0.612199074074074 0.028734375000000038 0.030953703703703553
0 0.5484453125 0.6212962962962963 0.02861979166666657 0.020481481481481382
0 0.5454348958333334 0.5852824074074074 0.023130208333333256 0.024638888888889005
0 0.5786119791666666 0.571300925925926 0.02465104166666663 0.028805555555555463
0 0.6416953124999999 0.6062592592592593 0.035192708333333184 0.027203703703703806
0 0.6625833333333333 0.6169027777777778 0.02798958333333322 0.02736111111111107
0 0.6598515625 0.6456157407407407 0.01610937500000015 0.024157407407407332
0 0.679078125 0.6550740740740741 0.02007291666666665 0.0294444444444444
0 0.7245520833333334 0.6600694444444445 0.03644791666666668 0.03584259259259263
0 0.6981223958333334 0.5928055555555556 0.03131770833333339 0.0345555555555555
0 0.7190911458333333 0.6240000000000001 0.027536458333333277 0.02079629629629633
0 0.7442005208333333 0.5975138888888889 0.029786458333333363 0.03184259259259248
0 0.7532369791666668 0.6880972222222222 0.027807291666666838 0.02919444444444442
0 0.7815182291666667 0.7038981481481482 0.020713541666666658 0.02488888888888899
0 0.818421875 0.6955416666666666 0.04217708333333311 0.04047222222222226
0 0.8009244791666668 0.6426018518518518 0.021526041666666627 0.03061111111111106
0 0.7836510416666668 0.6138425925925927 0.03602083333333326 0.026870370370370354
0 0.8481953124999999 0.6676851851851852 0.025192708333333275 0.028870370370370428
0 0.809734375 0.5999212962962963 0.020343749999999973 0.0208981481481483
0 0.8035104166666667 0.5763194444444444 0.022208333333333267 0.029861111111111113
0 0.7539453124999999 0.5481296296296296 0.02500520833333345 0.01592592592592597
0 0.6796744791666666 0.5296481481481481 0.02276562500000002 0.028203703703703738
0 0.6015130208333334 0.5168981481481482 0.03172395833333326 0.022555555555555464
0 0.6836119791666666 0.4804398148148148 0.026869791666666743 0.026546296296296363
0 0.6426640625 0.5319166666666667 0.021463541666666686 0.031185185185185035
0 0.7566249999999999 0.4882962962962963 0.022770833333333466 0.0169259259259259
0 0.8100260416666667 0.46971296296296294 0.019968750000000077 0.01592592592592597
0 0.8456770833333334 0.5309444444444446 0.024447916666666694 0.023888888888889057
0 0.8603880208333333 0.6258842592592592 0.03191145833333332 0.02952777777777766
0 0.8414218750000001 0.5967870370370371 0.01548958333333322 0.02090740740740734
0 0.7642942708333333 0.9239537037037038 0.06474479166666663 0.0750555555555555
0 0.7816510416666667 0.862175925925926 0.04407291666666661 0.05016666666666673
0 0.8106875 0.8233888888888888 0.05320833333333326 0.052074074074074085
0 0.8200703125000001 0.9342083333333333 0.045692708333333346 0.08213888888888893
0 0.86615625 0.981462962962963 0.027677083333333265 0.03522222222222219
0 0.8274921875 0.8796435185185185 0.042463541666666535 0.06115740740740737
0 0.8360208333333332 0.7667268518518519 0.02951041666666659 0.03226851851851843
0 0.8635260416666666 0.7984120370370371 0.046760416666666534 0.04204629629629616
0 0.8740338541666667 0.8542175925925926 0.024723958333333466 0.02962037037037038
0 0.9225911458333333 0.9772268518518519 0.02606770833333343 0.03536111111111116
0 0.9535416666666666 0.8491898148148148 0.04192708333333333 0.05828703703703708
0 0.9035104166666666 0.8819166666666667 0.028218749999999914 0.03392592592592581
0 0.9777786458333334 0.9785972222222222 0.03754687500000008 0.038083333333333434
0 0.8793958333333334 0.6961018518518518 0.021499999999999866 0.020537037037036885
0 0.9677005208333334 0.7930138888888888 0.03950520833333352 0.03917592592592588
0 0.506140625 0.7539953703703705 0.013791666666666676 0.024509259259259075
0 0.9107317708333333 0.6865092592592593 0.03459895833333325 0.028851851851851715
0 0.8855442708333333 0.6537175925925925 0.026140624999999792 0.017361111111111112
0 0.8883802083333333 0.6107407407407408 0.02105208333333337 0.021518518518518527
0 0.944390625 0.6742314814814816 0.026406249999999905 0.032999999999999884
0 0.922875 0.6084351851851851 0.03150000000000001 0.0234814814814816
0 0.950125 0.7371203703703703 0.038979166666666745 0.04300000000000005
0 0.9663177083333333 0.7195092592592592 0.027281250000000055 0.033018518518518385
0 0.976328125 0.6697916666666667 0.027281250000000055 0.028120370370370268
0 0.98909375 0.7014490740740741 0.02077083333333339 0.03293518518518534
0 0.9734140625 0.603550925925926 0.022317708333333523 0.02649074074074086
0 0.9054895833333333 0.5406342592592592 0.02063541666666661 0.018787037037037005
0 0.7336510416666666 0.5584675925925926 0.018489583333333334 0.021712962962963007
0 0.7462682291666667 0.5139537037037036 0.024036458333333382 0.02103703703703685
0 0.5456067708333333 0.4790833333333333 0.026411458333333353 0.024944444444444495
0 0.5735078125 0.4671666666666667 0.020473958333333306 0.021425925925925914
0 0.5212317708333333 0.5101342592592591 0.030703125000000022 0.02465740740740751
0 0.5298255208333333 0.4453935185185185 0.01122395833333331 0.013212962962962945
0 0.117234375 0.5854537037037036 0.01952083333333334 0.019981481481481413
0 0.2744635416666667 0.42730555555555555 0.03453124999999998 0.016629629629629664
0 0.22726302083333336 0.48712500000000003 0.02421354166666667 0.013212962962962945
0 0.3089869791666667 0.465199074074074 0.016921875000000006 0.01173148148148155
0 0.28967447916666667 0.5081481481481481 0.01697395833333341 0.018592592592592525
0 0.3613411458333333 0.47705092592592596 0.02255729166666664 0.014916666666666575
0 0.438640625 0.435875 0.021187499999999915 0.01612037037037034
0 0.3875911458333333 0.5551018518518518 0.022859374999999935 0.03179629629629622
0 0.4021822916666667 0.5112314814814815 0.015708333333333258 0.024055555555555573
0 0.3760885416666666 0.4485601851851852 0.029781249999999915 0.016509259259259296
0 0.6524947916666667 0.4427638888888889 0.02201041666666678 0.0150833333333333
0 0.077140625 0.4971574074074075 0.024531250000000004 0.014203703703703838
0 0.022317708333333332 0.7009074074074074 0.043895833333333335 0.04007407407407405
0 0.030601562500000002 0.6684675925925926 0.036286458333333334 0.02219444444444426
0 0.044536458333333334 0.7084907407407408 0.026812499999999996 0.021259259259259294
0 0.0480859375 0.6160416666666667 0.020244791666666668 0.02013888888888889
0 0.09556510416666668 0.5834768518518518 0.023380208333333326 0.02228703703703719
0 0.2283984375 0.7865092592592593 0.03786979166666669 0.04101851851851869
0 0.2468619791666667 0.4999212962962963 0.027515624999999964 0.01678703703703714
0 0.3195 0.5882407407407407 0.014260416666666723 0.019999999999999917
0 0.3138515625 0.6104259259259259 0.012848958333333372 0.017500000000000085
0 0.6992447916666666 0.9822870370370369 0.02660416666666663 0.0286666666666667
0 0.9107369791666666 0.7630231481481482 0.026015624999999907 0.037120370370370505
0 0.41476562499999997 0.4895 0.018177083333333382 0.022203703703703722
0 0.5831979166666666 0.43468981481481483 0.021114583333333315 0.0187685185185185
0 0.6925520833333333 0.5181435185185186 0.01885416666666657 0.025472222222222212
0 0.5843333333333334 0.550324074074074 0.01810416666666678 0.022796296296296197
0 0.22197135416666666 0.524861111111111 0.014463541666666658 0.01659259259259266
0 0.2921197916666667 0.5281805555555555 0.02637500000000005 0.027527777777777793
0 0.24627864583333334 0.5397175925925926 0.03432812500000004 0.03349074074074081