0 0.311140625 0.7038935185185184 0.03902083333333337 0.029342592592592642
0 0.3506901041666667 0.6668518518518519 0.037046875000000055 0.031111111111111027
0 0.34079166666666666 0.6180324074074073 0.030552083333333258 0.02715740740740734
0 0.2684166666666667 0.734199074074074 0.028708333333333277 0.03471296296296276
0 0.2505546875 0.7533148148148148 0.020640625 0.021814814814814763
0 0.27905729166666665 0.8798935185185186 0.058760416666666725 0.06465740740740734
0 0.35956510416666665 0.8139398148148149 0.024609375 0.04797222222222217
0 0.36183593750000004 0.9038518518518518 0.04051562499999998 0.07009259259259264
0 0.33097916666666666 0.7499722222222223 0.03843749999999998 0.0418888888888889
0 0.37079427083333333 0.7128425925925926 0.03588020833333327 0.04212962962962963
0 0.3998880208333333 0.6757407407407408 0.04059895833333336 0.046388888888888806
0 0.39186979166666674 0.7165879629629629 0.02244791666666662 0.03784259259259249
0 0.40736197916666667 0.7410462962962963 0.03444270833333339 0.033018518518518385
0 0.4281979166666667 0.8022962962962963 0.03831249999999997 0.04609259259259257
0 0.41043229166666667 0.8452731481481481 0.07048958333333341 0.07121296296296283
0 0.03783854166666667 0.8164398148148148 0.060020833333333336 0.0738240740740741
0 0.045158854166666665 0.8658333333333333 0.05853645833333334 0.07801851851851851
0 0.06702864583333333 0.961949074074074 0.04447395833333333 0.050120370370370475
0 0.078171875 0.9906527777777777 0.03642708333333333 0.01684259259259264
0 0.15385677083333332 0.9712499999999998 0.04448437500000003 0.05488888888888876
0 0.17888541666666669 0.912537037037037 0.04509374999999996 0.06848148148148152
0 0.12052864583333335 0.8789768518518519 0.05879687499999999 0.057453703703703875
0 0.11894791666666667 0.7393333333333334 0.05396875 0.048425925925925886
0 0.18690885416666667 0.6806944444444444 0.041796875 0.037685185185185224
0 0.2041875 0.7935046296296295 0.05581250000000004 0.04454629629629642
0 0.07931770833333335 0.5886990740740742 0.04496875000000001 0.04480555555555544
0 0.060864583333333326 0.633087962962963 0.03189583333333334 0.025990740740740682
0 0.11603385416666666 0.6706111111111112 0.032869791666666676 0.04050000000000001
0 0.10530729166666666 0.6411990740740741 0.04272916666666668 0.03634259259259259
0 0.11472916666666667 0.5949351851851852 0.030520833333333344 0.03127777777777775
0 0.14564843749999998 0.6123148148148148 0.031776041666666664 0.028722222222222205
0 0.13312760416666666 0.5672129629629629 0.031776041666666664 0.03159259259259249
0 0.12399479166666666 0.5390601851851852 0.03231249999999998 0.029694444444444596
0 0.10857552083333334 0.4938888888888889 0.036265624999999996 0.03351851851851856
0 0.17021354166666666 0.5246898148148148 0.03894791666666665 0.030009259259259125
0 0.1611145833333333 0.4911157407407407 0.03561458333333333 0.035398148148148165
0 0.17482552083333333 0.4593518518518519 0.023692708333333336 0.020870370370370338
0 0.18730208333333334 0.4751666666666666 0.02659374999999997 0.021999999999999992
0 0.20851041666666664 0.5749814814814815 0.03411458333333333 0.030000000000000086
0 0.22869010416666669 0.5440277777777778 0.030515624999999956 0.02553703703703697
0 0.2539166666666667 0.5649583333333333 0.03213541666666669 0.030638888888889024
0 0.26080729166666666 0.5921527777777778 0.041114583333333364 0.03447222222222224
0 0.30550781250000003 0.5669675925925927 0.031119791666666667 0.02586111111111096
0 0.35685677083333334 0.5095555555555555 0.031776041666666664 0.022981481481481634
0 0.36786458333333333 0.5505694444444444 0.028364583333333353 0.023305555555555624
0 0.39047395833333337 0.5786944444444444 0.03431250000000006 0.04148148148148144
0 0.3987942708333333 0.6250972222222222 0.03465104166666677 0.03447222222222224
0 0.23397916666666668 0.4884444444444444 0.02297916666666667 0.03000000000000003
0 0.2611223958333333 0.4284398148148148 0.02872395833333332 0.022342592592592588
0 0.28481249999999997 0.4913472222222222 0.03915624999999994 0.02521296296296298
0 0.30734375 0.47002777777777777 0.022781250000000006 0.022018518518518493
0 0.5376067708333333 0.8925694444444444 0.04977604166666675 0.0651018518518518
0 0.49725520833333337 0.8436805555555555 0.036572916666666684 0.045324074074073906
0 0.5518046875000001 0.8116574074074073 0.023453124999999866 0.03720370370370355
0 0.5344505208333333 0.7172638888888889 0.04217187500000013 0.05486111111111111
0 0.5727083333333333 0.6940555555555555 0.04449999999999979 0.054277777777777675
0 0.44778385416666666 0.649175925925926 0.037880208333333346 0.037018518518518534
0 0.44785416666666666 0.6005972222222222 0.03572916666666662 0.036379629629629595
0 0.4288854166666667 0.5401157407407408 0.028927083333333315 0.020749999999999866
0 0.48858072916666667 0.5742037037037037 0.025151041666666648 0.030962962962963015
0 0.5080234375 0.5951388888888889 0.03395312500000003 0.029685185185185134
0 0.42595833333333327 0.5155416666666668 0.0366458333333334 0.021379629629629766
0 0.47994270833333336 0.513175925925926 0.025656249999999995 0.029685185185185134
0 0.5415520833333333 0.4789305555555556 0.01975000000000004 0.01787962962962958
0 0.5657682291666667 0.5116111111111111 0.022046874999999962 0.019148148148147998
0 0.5717395833333333 0.4894351851851851 0.019010416666666665 0.01627777777777771
0 0.5617838541666667 0.5932546296296296 0.02279687499999999 0.028083333333333266
0 0.5406901041666666 0.653050925925926 0.028890624999999896 0.0452499999999999
0 0.5770989583333335 0.6444675925925926 0.035312500000000094 0.046472222222222276
0 0.6113255208333332 0.6048333333333333 0.02820312499999981 0.03587037037037038
0 0.6143177083333333 0.6898518518518518 0.03622916666666664 0.030981481481481516
0 0.6134010416666666 0.5127499999999999 0.03420833333333325 0.0257592592592592
0 0.6037708333333334 0.4517314814814815 0.026322916666666647 0.021277777777777795
0 0.6579114583333333 0.5621296296296296 0.02848958333333324 0.031074074074074025
0 0.6236041666666667 0.4856064814814815 0.023614583333333408 0.022009259259259242
0 0.6427057291666666 0.46962500000000007 0.02797395833333335 0.022009259259259242
0 0.6518307291666666 0.4944537037037037 0.026140624999999792 0.023240740740740656
0 0.650546875 0.9379166666666667 0.018802083333333285 0.0228333333333332
0 0.6460755208333334 0.8054351851851852 0.04013020833333343 0.0448333333333334
0 0.7461692708333333 0.8001342592592593 0.035786458333333354 0.053805555555555676
0 0.7252968750000001 0.8074722222222221 0.018343750000000134 0.023648148148148116
0 0.7440963541666666 0.8584212962962964 0.033473958333333324 0.038324074074073955
0 0.7642760416666667 0.9330277777777779 0.05365624999999999 0.06848148148148152
0 0.6775182291666667 0.7051111111111111 0.03082812500000003 0.027629629629629764
0 0.7182838541666666 0.7120509259259259 0.04081770833333328 0.043787037037037006
0 0.7475598958333334 0.7175694444444444 0.022703125000000077 0.037138888888889006
0 0.7280755208333333 0.6850138888888889 0.03233854166666674 0.029009259259259193
0 0.7026874999999999 0.6915509259259259 0.02330208333333322 0.028027777777777763
0 0.691296875 0.5946111111111112 0.026833333333333324 0.032611111111110924
0 0.6520598958333333 0.6399351851851852 0.025682291666666638 0.03912962962962962
0 0.7603203125 0.6156342592592593 0.029140624999999906 0.026064814814814898
0 0.7724401041666666 0.6982685185185186 0.023848958333333316 0.03464814814814821
0 0.7734505208333334 0.5613425925925926 0.026598958333333183 0.03424074074074076
0 0.6956171875 0.5696203703703704 0.019244791666666573 0.024537037037037038
0 0.7451510416666667 0.571412037037037 0.018802083333333285 0.021601851851851785
0 0.7561145833333333 0.5947731481481482 0.02201041666666678 0.020379629629629623
0 0.721765625 0.5531111111111111 0.02659374999999997 0.023648148148148116
0 0.7011588541666666 0.5250833333333333 0.012630208333333334 0.01714814814814813
0 0.7332291666666667 0.5286527777777777 0.018343750000000134 0.022009259259259242
0 0.8383046875000001 0.9175185185185186 0.06394270833333332 0.06855555555555552
0 0.8637552083333334 0.8197592592592593 0.058354166666666644 0.07342592592592588
0 0.8177760416666667 0.7460092592592593 0.04453125 0.04137037037037022
0 0.8087057291666667 0.8268194444444443 0.024401041666666855 0.046416666666666766
0 0.9032447916666667 0.8968518518518518 0.05546875 0.07231481481481473
0 0.9252630208333333 0.8868611111111111 0.05921354166666646 0.07944444444444461
0 0.945296875 0.9762222222222223 0.04553125000000004 0.03735185185185198
0 0.9594765625 0.8589027777777778 0.04304687500000005 0.06015740740740743
0 0.9599114583333334 0.8097175925925926 0.0421875 0.05236111111111107
0 0.8451979166666667 0.7306296296296296 0.0350833333333334 0.03449999999999999
0 0.90334375 0.7848148148148149 0.047770833333333464 0.04379629629629626
0 0.9700000000000001 0.7354074074074074 0.03956250000000002 0.03007407407407409
0 0.9781119791666666 0.7640509259259259 0.02910937500000017 0.02304629629629618
0 0.9539973958333334 0.6853472222222222 0.03931770833333322 0.03519444444444444
0 0.8928177083333334 0.643712962962963 0.0427395833333333 0.04449999999999995
0 0.8710494791666666 0.671050925925926 0.018911458333333304 0.019898148148148158
0 0.787640625 0.5760138888888889 0.017416666666666695 0.014601851851851835
0 0.8010078125 0.674 0.022140625000000115 0.023444444444444597
0 0.7874557291666666 0.5930648148148148 0.029109374999999934 0.02388888888888885
0 0.790015625 0.6159814814814815 0.025624999999999905 0.028796296296296212
0 0.8509218749999999 0.506638888888889 0.029604166666666744 0.027425925925925826
0 0.8507708333333334 0.533 0.023541666666666572 0.020351851851851867
0 0.8235781249999999 0.5557314814814815 0.020895833333333277 0.023000000000000135
0 0.8489557291666666 0.5819629629629629 0.020901041666666724 0.01990740740740741
0 0.894015625 0.5419814814814814 0.03657291666666656 0.026981481481481363
0 0.8887890625 0.5757314814814815 0.018161458333333276 0.023000000000000135
0 0.8726406250000001 0.5729861111111112 0.012937500000000076 0.02123148148148133
0 0.8905026041666666 0.5967638888888889 0.02258854166666661 0.02004629629629638
0 0.7858098958333334 0.5404768518518518 0.029859374999999962 0.031398148148148015
0 0.7315104166666667 0.4832638888888888 0.023270833333333248 0.025342592592592545
0 0.7586276041666667 0.49372222222222223 0.02301562500000003 0.021611111111111247
0 0.7646015624999999 0.5184305555555555 0.025494791666666572 0.018601851851851987