0 0.7919010416666666 0.8460046296296296 0.04615624999999994 0.046268518518518334
0 0.062221354166666666 0.5874351851851852 0.027473958333333333 0.026222222222222372
0 0.020015625 0.5943333333333334 0.03276041666666666 0.03659259259259257
0 0.026648437500000004 0.6817731481481482 0.033546875 0.019583333333333418
0 0.10510677083333334 0.7307037037037037 0.04453645833333333 0.03738888888888899
0 0.14848437500000003 0.5427777777777778 0.02059374999999998 0.015592592592592727
0 0.1806796875 0.6597962962962963 0.025161458333333307 0.027759259259259275
0 0.14144270833333333 0.7582685185185186 0.02712500000000002 0.03638888888888906
0 0.15190885416666663 0.8129814814814814 0.03799479166666667 0.039074074074074115
0 0.2203619791666667 0.6866712962962963 0.039171875000000016 0.04395370370370373
0 0.043729166666666666 0.8135324074074074 0.029020833333333333 0.04395370370370373
0 0.10139322916666667 0.7904351851851853 0.04866145833333331 0.048444444444444595
0 0.2793854166666667 0.7478796296296296 0.042489583333333324 0.042722222222222106
0 0.2552760416666667 0.6223287037037037 0.034791666666666644 0.030157407407407348
0 0.23249999999999998 0.6022407407407409 0.032572916666666646 0.029814814814814645
0 0.1802109375 0.7456342592592592 0.03818229166666664 0.037453703703703746
0 0.1676328125 0.7266157407407408 0.025942708333333304 0.022990740740740673
0 0.19155208333333332 0.6908935185185184 0.016770833333333356 0.024083333333333325
0 0.18061718749999997 0.6338101851851852 0.025796874999999986 0.019490740740740697
0 0.2364192708333333 0.7382638888888889 0.03903645833333336 0.04278703703703707
0 0.20375520833333333 0.8013518518518519 0.04772916666666666 0.04751851851851867
0 0.161203125 0.8598425925925925 0.04128125 0.04472222222222218
0 0.0326796875 0.8883518518518518 0.06159895833333333 0.06664814814814816
0 0.011979166666666667 0.8393518518518519 0.023958333333333335 0.027777777777777776
0 0.11069531250000002 0.9783703703703702 0.05384895833333333 0.04140740740740764
0 0.11136197916666667 0.9001851851851852 0.05216145833333332 0.06866666666666653
0 0.17044270833333333 0.9820462962962964 0.04205208333333334 0.029925925925925658
0 0.21282552083333334 0.9046898148148149 0.03926562499999999 0.059231481481481295
0 0.26669791666666665 0.9483888888888888 0.038052083333333334 0.03268518518518535
0 0.2967473958333333 0.9167407407407407 0.04630729166666671 0.052055555555555584
0 0.3002473958333333 0.8577361111111111 0.038671875 0.061027777777777646
0 0.28125520833333334 0.7940648148148147 0.03612500000000007 0.04990740740740749
0 0.33374479166666665 0.8627083333333333 0.034364583333333344 0.049305555555555554
0 0.33976822916666666 0.7484398148148149 0.02930729166666666 0.04345370370370355
0 0.38907291666666666 0.8812731481481483 0.0325104166666667 0.04389814814814801
0 0.3932682291666667 0.9777453703703705 0.03267187500000001 0.04215740740740717
0 0.422546875 0.9766620370370371 0.02457291666666658 0.028638888888889158
0 0.4385963541666667 0.8935231481481481 0.018057291666666704 0.026009259259259183
0 0.43835416666666666 0.8518055555555556 0.039729166666666656 0.041518518518518656
0 0.4238619791666667 0.805425925925926 0.04321354166666656 0.034407407407407484
0 0.35701041666666666 0.7141388888888889 0.030343749999999996 0.034425925925925985
0 0.36785156250000006 0.6933981481481482 0.03159895833333337 0.024074074074074074
0 0.4086796875 0.7092407407407407 0.019161458333333315 0.019537037037036954
0 0.4076119791666667 0.7588842592592593 0.023588541666666647 0.02156481481481478
0 0.4473697916666667 0.6591064814814815 0.020572916666666666 0.025194444444444478
0 0.28491666666666665 0.6440555555555555 0.027041666666666703 0.032074074074073956
0 0.294921875 0.5944861111111112 0.02939583333333336 0.025990740740740894
0 0.3419947916666667 0.5733703703703704 0.02908333333333329 0.03068518518518507
0 0.3826510416666667 0.5558657407407408 0.032968750000000095 0.03317592592592586
0 0.35508072916666666 0.649712962962963 0.023484374999999957 0.02101851851851835
0 0.459359375 0.5928703703703704 0.023677083333333352 0.03414814814814825
0 0.4835625 0.5929398148148148 0.026333333333333306 0.0268240740740741
0 0.4453541666666666 0.5655416666666666 0.021770833333333427 0.020101851851851885
0 0.454140625 0.49724537037037037 0.01975000000000004 0.025064814814814755
0 0.4961979166666667 0.9880601851851852 0.028854166666666715 0.022027777777777743
0 0.5192473958333333 0.9418333333333333 0.03246354166666663 0.046074074074074066
0 0.49803906249999996 0.8646898148148148 0.039901041666666734 0.049305555555555554
0 0.5278307291666667 0.753337962962963 0.024463541666666682 0.019879629629629653
0 0.5080833333333333 0.6652638888888889 0.0328125 0.04091666666666672
0 0.5432890625 0.6639166666666666 0.022578124999999952 0.026870370370370354
0 0.581140625 0.7210509259259258 0.04180208333333345 0.03782407407407399
0 0.5796197916666667 0.778050925925926 0.028614583333333124 0.052231481481481344
0 0.6231901041666668 0.7553240740740741 0.026515624999999925 0.032703703703703645
0 0.6438151041666667 0.9018935185185185 0.042546875000000026 0.03102777777777777
0 0.5608463541666667 0.9654398148148148 0.03972395833333332 0.06254629629629646
0 0.5876536458333333 0.9831064814814816 0.02194270833333339 0.03193518518518498
0 0.7264869791666667 0.9864953703703704 0.03455729166666662 0.025157407407407475
0 0.74934375 0.952912037037037 0.0340729166666667 0.04284259259259258
0 0.6916171875000001 0.9130648148148147 0.033338541666666784 0.04918518518518508
0 0.7436406249999999 0.8761666666666666 0.040510416666666535 0.05374074074074071
0 0.739953125 0.7948981481481482 0.03961458333333331 0.04453703703703695
0 0.6996119791666667 0.793 0.03680729166666671 0.040018518518518335
0 0.6907708333333333 0.7518055555555556 0.026552083333333344 0.029296296296296178
0 0.663921875 0.7204583333333333 0.03357291666666669 0.03743518518518504
0 0.6249322916666666 0.6614027777777778 0.028739583333333485 0.030953703703703553
0 0.5753307291666666 0.6674166666666667 0.02861979166666657 0.020481481481481382
0 0.5725911458333334 0.6283240740740741 0.025057291666666735 0.028740740740740706
0 0.6053880208333333 0.6142638888888888 0.025411458333333314 0.03365740740740732
0 0.6682864583333334 0.6524120370370371 0.03518750000000021 0.033379629629629586
0 0.7005 0.665412037037037 0.02798958333333322 0.02736111111111107
0 0.6984192708333334 0.7029212962962963 0.01610937500000015 0.02415740740740754
0 0.7165755208333332 0.7113333333333334 0.0200677083333332 0.0294444444444444
0 0.7666432291666666 0.7160231481481482 0.03809895833333314 0.042750000000000066
0 0.7329348958333334 0.6432037037037038 0.03131770833333339 0.03455555555555571
0 0.7595729166666667 0.6741018518518518 0.027541666666666725 0.02079629629629633
0 0.7818229166666666 0.646800925925926 0.02979166666666657 0.03184259259259248
0 0.797625 0.7475416666666667 0.038677083333333445 0.04254629629629634
0 0.8282291666666666 0.7684027777777778 0.020718749999999866 0.02487962962962953
0 0.8664140625 0.756050925925926 0.0492760416666665 0.0489166666666666
0 0.8423046875 0.6984305555555557 0.029390625000000153 0.03893518518518535
0 0.8272421875 0.6613888888888888 0.036015625000000044 0.026870370370370354
0 0.8973828125 0.724662037037037 0.025192708333333275 0.028861111111111178
0 0.8525520833333334 0.6469675925925926 0.02034375000000021 0.02089814814814809
0 0.8446510416666667 0.6218055555555555 0.022208333333333267 0.02985185185185186
0 0.7923463541666665 0.590212962962963 0.02500520833333345 0.015925925925925757
0 0.715734375 0.5702314814814815 0.022770833333333466 0.028203703703703738
0 0.6288828125 0.5528518518518518 0.03172395833333326 0.022555555555555672
0 0.7161640625 0.5171851851851851 0.026869791666666743 0.0265370370370369
0 0.6737265625000001 0.5744814814814815 0.021463541666666686 0.031185185185185035
0 0.7931979166666667 0.5227685185185186 0.022770833333333466 0.0169259259259259
0 0.848953125 0.5039814814814815 0.019968750000000077 0.015925925925925757
0 0.8886666666666667 0.5715277777777777 0.024447916666666694 0.02388888888888885
0 0.9094869791666667 0.6771712962962964 0.03424479166666667 0.035750000000000115
0 0.8884479166666668 0.6426250000000001 0.01548958333333322 0.0208981481481483
0 0.8348385416666667 0.9501435185185185 0.04609375 0.0649907407407408
0 0.8631015625 0.9066759259259259 0.05398437500000005 0.06337037037037042
0 0.8821171875 0.9675740740740741 0.04442187499999998 0.05979629629629623
0 0.8903489583333333 0.8407222222222223 0.03972916666666653 0.03629629629629634
0 0.9296145833333334 0.8813888888888889 0.05617708333333316 0.047981481481481424
0 0.9382239583333333 0.9465555555555555 0.029635416666666477 0.038999999999999896
0 0.9729453124999999 0.9814305555555557 0.023713541666666536 0.027268518518518352
0 0.9356458333333334 0.7581435185185186 0.021499999999999866 0.020546296296296347
0 0.5323229166666666 0.8180694444444444 0.013791666666666676 0.024509259259259286
0 0.971453125 0.7537916666666666 0.037520833333333316 0.028861111111111178
0 0.9388151041666667 0.711412037037037 0.026140624999999792 0.017361111111111112
0 0.9426744791666667 0.6643101851851853 0.021046874999999923 0.021527777777777778
0 0.9585468749999999 0.5816435185185185 0.02063541666666661 0.018787037037037005
0 0.7671197916666667 0.6013240740740742 0.018489583333333334 0.021722222222222257
0 0.7835911458333332 0.5528888888888889 0.024036458333333142 0.021037037037037062
0 0.5729739583333334 0.5145370370370371 0.0264166666666668 0.024944444444444495
0 0.601234375 0.4951481481481481 0.020468750000000095 0.021425925925925807
0 0.5439713541666668 0.5442222222222222 0.030703124999999963 0.024648148148148048
0 0.5562473958333333 0.47585648148148146 0.011223958333333428 0.014601851851851835
0 0.126765625 0.6188935185185185 0.01952083333333334 0.019972222222222374
0 0.29045052083333334 0.4535740740740741 0.034536458333333304 0.016629629629629664
0 0.24007552083333333 0.5142916666666666 0.02421354166666667 0.013212962962962945
0 0.32342447916666667 0.49159259259259264 0.016921875000000006 0.01174074074074059
0 0.3030286458333334 0.542 0.017171874999999896 0.019666666666666676
0 0.3800572916666667 0.5046111111111111 0.022562500000000086 0.024537037037037038
0 0.456125 0.46218518518518514 0.021187500000000033 0.016111111111111194
0 0.407609375 0.5930046296296295 0.03142708333333329 0.03178703703703697
0 0.42092187500000006 0.5461203703703703 0.015708333333333258 0.024055555555555573
0 0.39601562500000004 0.47504166666666675 0.029781250000000033 0.016509259259259244
0 0.6817708333333333 0.47203240740740743 0.02201041666666678 0.015083333333333405
0 0.08757812499999999 0.5226064814814815 0.02453125000000001 0.015231481481481313
0 0.026976562500000002 0.7461898148148148 0.05244270833333333 0.04519444444444439
0 0.027372395833333334 0.7105370370370371 0.045734374999999994 0.02929629629629639
0 0.05240625 0.7549259259259259 0.027812499999999987 0.023555555555555607
0 0.051971354166666664 0.6562546296296297 0.020244791666666668 0.02013888888888889
0 0.10669791666666667 0.6103842592592592 0.02532291666666667 0.023990740740740608
0 0.23577604166666666 0.8479861111111111 0.04017708333333333 0.04354629629629648
0 0.26109635416666666 0.5291851851851852 0.027515625000000023 0.016777777777777676
0 0.337078125 0.625074074074074 0.014260416666666723 0.019999999999999917
0 0.33074479166666665 0.6510972222222222 0.012854166666666582 0.017490740740740623
0 0.9771119791666666 0.8390416666666667 0.026015624999999907 0.037120370370370505
0 0.4340755208333333 0.5238287037037037 0.018171874999999935 0.022212962962962973
0 0.612609375 0.46732407407407406 0.021114583333333315 0.02009259259259253
0 0.7270520833333334 0.5550138888888888 0.01885416666666657 0.025472222222222212
0 0.6137421875 0.5885416666666666 0.02941145833333323 0.030861111111111044
0 0.5736640625 0.49718981481481483 0.023880208333333285 0.025694444444444443
0 0.23385677083333334 0.5558518518518518 0.014463541666666658 0.01659259259259266
0 0.3057239583333333 0.5616666666666666 0.026374999999999933 0.027537037037037044
0 0.2575807291666667 0.5750694444444445 0.03432812499999998 0.03349074074074081