0 0.07372135416666666 0.7194259259259259 0.040755208333333334 0.057796296296296366
0 0.09425520833333333 0.9656851851851852 0.043052083333333345 0.06585185185185174
0 0.22244270833333335 0.8924537037037037 0.06535416666666667 0.06299999999999997
0 0.18764583333333332 0.8504305555555555 0.04285416666666665 0.06447222222222232
0 0.10146354166666667 0.9158611111111112 0.07076041666666667 0.081574074074074
0 0.5252109375 0.9769166666666667 0.037901041666666656 0.04311111111111106
0 0.26187760416666667 0.9365601851851852 0.05098437499999999 0.06906481481481475
0 0.28576822916666667 0.8384166666666667 0.04943229166666662 0.06049999999999992
0 0.35690364583333334 0.7968703703703703 0.052265624999999954 0.0581111111111111
0 0.41331249999999997 0.7579537037037037 0.0517187500000001 0.05527777777777782
0 0.3751875 0.949962962962963 0.034885416666666676 0.04198148148148162
0 0.5276927083333333 0.8300092592592593 0.04107291666666661 0.06479629629629631
0 0.5717187499999999 0.8354212962962962 0.04208333333333343 0.06010185185185193
0 0.5083958333333334 0.777074074074074 0.032895833333333374 0.04544444444444438
0 0.51596875 0.6534583333333334 0.04104166666666664 0.041120370370370446
0 0.6164088541666667 0.9735879629629629 0.05770312499999998 0.05097222222222229
0 0.6718385416666667 0.9788287037037037 0.03693750000000004 0.04049074074074076
0 0.8004791666666667 0.9724722222222222 0.05431249999999987 0.05320370370370374
0 0.7077552083333333 0.9132824074074074 0.04511458333333328 0.05658333333333345
0 0.7600598958333333 0.8828333333333334 0.04446354166666661 0.08746296296296299
0 0.8738880208333334 0.9673148148148148 0.06335937500000005 0.06351851851851843
0 0.9744427083333332 0.9572268518518517 0.050072916666666835 0.08017592592592596
0 0.912765625 0.7934953703703704 0.05607291666666659 0.05580555555555554
0 0.7861848958333333 0.7614027777777779 0.048828125 0.0489166666666666
0 0.8991536458333333 0.6932268518518518 0.04672395833333335 0.051694444444444376
0 0.8563828125 0.8035231481481482 0.04888020833333352 0.05349074074074072
0 0.6985781249999999 0.6879583333333333 0.03590625000000003 0.04517592592592589
0 0.7248307291666668 0.6510925925925927 0.042234375000000074 0.0396296296296298
0 0.6537578125 0.7473611111111111 0.03893229166666667 0.036796296296296306
0 0.6622135416666667 0.6131574074074074 0.038270833333333344 0.03462962962962971
0 0.0225390625 0.8762824074074074 0.035859375000000006 0.04762037037037043
0 0.290515625 0.5624537037037037 0.05313541666666666 0.04527777777777786
0 0.21808854166666666 0.6708611111111111 0.032979166666666636 0.0381851851851852
0 0.32912760416666664 0.6404722222222222 0.032515624999999916 0.034185185185185256
0 0.30059114583333335 0.7252916666666667 0.046651041666666636 0.04828703703703712
0 0.41336197916666667 0.6588472222222223 0.04300520833333342 0.048027777777777676
0 0.5209843749999999 0.5916851851851852 0.027937499999999935 0.030814814814814788
0 0.45368749999999997 0.8368287037037038 0.05700000000000003 0.06634259259259268
0 0.47288541666666667 0.737236111111111 0.026364583333333278 0.040805555555555706
0 0.44008593749999997 0.6111759259259258 0.04208854166666664 0.03394444444444431
0 0.8378437499999999 0.610962962962963 0.03262500000000017 0.03405555555555553
0 0.24525520833333334 0.7027037037037037 0.04338541666666664 0.04301851851851855
0 0.34455989583333335 0.8961388888888888 0.019453124999999953 0.030962962962963015
0 0.33978125 0.9583518518518518 0.027583333333333352 0.034518518518518705
0 0.49058333333333337 0.7050879629629629 0.026124999999999923 0.037416666666666744
0 0.7360416666666667 0.5950185185185185 0.03619791666666667 0.0345925925925925
0 0.928203125 0.7658518518518519 0.04296875 0.0536666666666667
0 0.7611744791666666 0.8362824074074073 0.047505208333333354 0.049712962962963014
0 0.6860520833333333 0.6495000000000001 0.02890625 0.03131481481481497
0 0.11897395833333334 0.7646435185185185 0.029239583333333326 0.03675000000000005
0 0.09736979166666666 0.6488009259259259 0.02713541666666668 0.027416666666666784
0 0.11930989583333333 0.6295231481481481 0.027651041666666685 0.026787037037037095
0 0.17872916666666666 0.6261111111111112 0.03525000000000003 0.03431481481481476
0 0.1873515625 0.6541111111111112 0.03553645833333334 0.029907407407407577
0 0.14667708333333335 0.6139675925925926 0.02670833333333332 0.032398148148148155
0 0.1195 0.665712962962963 0.022625 0.029055555555555657
0 0.13332552083333332 0.6824722222222221 0.027651041666666654 0.02457407407407404
0 0.1534375 0.6316342592592592 0.01885416666666669 0.027935185185185254
0 0.2715963541666666 0.6545416666666667 0.04590104166666669 0.05026851851851848
0 0.410875 0.9025925925925925 0.03242708333333333 0.03218518518518518
0 0.5017604166666667 0.5536712962962962 0.043760416666666656 0.03417592592592579
0 0.4497161458333333 0.5627222222222222 0.03318229166666668 0.026814814814814847
0 0.13215625 0.5367268518518519 0.028885416666666684 0.02480555555555552
0 0.20740885416666668 0.4530185185185185 0.03384895833333334 0.03496296296296295
0 0.2651848958333333 0.4408472222222222 0.02372395833333331 0.029768518518518496
0 0.2866302083333333 0.5230879629629629 0.032791666666666684 0.029768518518518604
0 0.3527265625 0.6550972222222222 0.03423437500000001 0.040379629629629536
0 0.33037760416666667 0.5921712962962963 0.020234374999999954 0.031009259259259268
0 0.3456901041666667 0.569287037037037 0.040119791666666654 0.02790740740740729
0 0.19836979166666666 0.749361111111111 0.033208333333333326 0.04592592592592584
0 0.20981770833333335 0.5215555555555556 0.026791666666666696 0.025907407407407424
0 0.24234635416666667 0.5525231481481481 0.02202604166666665 0.024694444444444512
0 0.2506796875 0.5158333333333333 0.025630208333333352 0.024851851851851986
0 0.15554166666666666 0.5248287037037037 0.02365625000000004 0.020083333333333384
0 0.17511458333333335 0.47943518518518513 0.026791666666666696 0.019351851851851936
0 0.0181328125 0.6650972222222222 0.034755208333333336 0.03352777777777781
0 0.07342708333333334 0.593962962962963 0.03156250000000001 0.03470370370370372
0 0.3025755208333333 0.7708194444444445 0.0356197916666666 0.05115740740740741
0 0.22908333333333336 0.7917083333333333 0.04732291666666662 0.05076851851851845
0 0.3159036458333333 0.4548981481481481 0.025119791666666676 0.023074074074074143
0 0.3408567708333333 0.5170555555555556 0.030630208333333304 0.02738888888888882
0 0.37411979166666665 0.4843425925925925 0.028468749999999925 0.023074074074074087
0 0.414796875 0.4643101851851852 0.020052083333333335 0.02419444444444444
0 0.4023333333333333 0.5201666666666667 0.025114583333333346 0.02792592592592579
0 0.43121875000000004 0.5243148148148148 0.024729166666666677 0.0323518518518519
0 0.4541145833333333 0.5157916666666668 0.02411458333333331 0.024620370370370504
0 0.4629947916666667 0.45956481481481487 0.020572916666666666 0.023666666666666617
0 0.4830963541666667 0.5238564814814815 0.01885937500000002 0.017824074074074076
0 0.5024791666666667 0.5317916666666667 0.02077083333333339 0.023342592592592627
0 0.4840703125 0.6168842592592593 0.023390624999999925 0.03326851851851858
0 0.5826692708333333 0.5078935185185185 0.021484375 0.022916666666666665
0 0.5640859375 0.5428842592592593 0.026432291666666666 0.021694444444444294
0 0.5925807291666667 0.6205925925925926 0.03290104166666671 0.025185185185185227
0 0.6279114583333334 0.5693981481481482 0.035291666666666784 0.03609259259259261
0 0.5294791666666666 0.4480972222222222 0.014802083333333372 0.023342592592592627
0 0.5600364583333334 0.4680462962962963 0.02053125000000004 0.02079629629629633
0 0.5842708333333333 0.4678287037037037 0.01981249999999998 0.021212962962963038
0 0.6423541666666668 0.5253425925925926 0.029239583333333503 0.03477777777777773
0 0.6672890625 0.5165092592592593 0.030567708333333363 0.029148148148148166
0 0.6912213541666666 0.4793611111111111 0.03357812500000013 0.041018518518518475
0 0.7511979166666667 0.5508518518518519 0.029885416666666723 0.03290740740740737
0 0.7739427083333333 0.610162037037037 0.028291666666666753 0.03995370370370379
0 0.7924166666666667 0.587587962962963 0.03704166666666661 0.03993518518518529
0 0.7853489583333333 0.712212962962963 0.04056250000000006 0.040555555555555726
0 0.8300468750000001 0.7364583333333333 0.04371875000000003 0.04176851851851843
0 0.8344453125 0.5565462962962963 0.03225520833333325 0.029129629629629665
0 0.8197708333333333 0.5774768518518518 0.027760416666666763 0.03243518518518537
0 0.8668411458333334 0.6052268518518519 0.02829687499999996 0.025824074074073958
0 0.8726536458333333 0.6265972222222221 0.02300520833333337 0.023509259259259143
0 0.8680234375 0.5276342592592593 0.03436979166666655 0.026768518518518383
0 0.9107213541666667 0.523912037037037 0.03991145833333339 0.024953703703703534
0 0.9772239583333333 0.5332962962962964 0.04336458333333345 0.03525925925925919
0 0.9284505208333333 0.5833472222222222 0.04893229166666657 0.035712962962962905
0 0.9747135416666667 0.5814675925925926 0.029875000000000065 0.02632407407407413
0 0.7485416666666667 0.4723333333333333 0.020333333333333314 0.02198148148148149
0 0.7914192708333334 0.5201018518518519 0.03122395833333324 0.0353518518518517
0 0.8151458333333333 0.48866203703703714 0.026458333333333427 0.020953703703703804