0 0.009375 0.7152777777777778 0.01875 0.02962962962962963
0 0.032817708333333334 0.9694814814814815 0.03582291666666667 0.05918518518518525
0 0.11570572916666665 0.6574675925925927 0.03475520833333334 0.04549074074074084
0 0.1411666666666667 0.8561851851851853 0.03894791666666665 0.050944444444444424
0 0.18914583333333332 0.9001388888888888 0.04391666666666663 0.08175925925925921
0 0.2461328125 0.7930555555555555 0.05596354166666663 0.04390740740740747
0 0.2157265625 0.761462962962963 0.039046875000000016 0.051907407407407354
0 0.10887239583333333 0.9721157407407407 0.04152604166666667 0.05391666666666668
0 0.14775 0.9154444444444445 0.03409375000000002 0.05590740740740751
0 0.14768229166666666 0.8123194444444445 0.05089583333333335 0.054787037037037106
0 0.20808593749999998 0.975324074074074 0.044973958333333286 0.04750000000000017
0 0.3790677083333333 0.9610277777777776 0.049572916666666585 0.05998148148148135
0 0.3913229166666667 0.923037037037037 0.04922916666666666 0.052055555555555584
0 0.4491484375 0.9524074074074074 0.03699479166666665 0.041888888888888795
0 0.5068645833333334 0.8680324074074074 0.03533333333333341 0.04486111111111115
0 0.282109375 0.828388888888889 0.03984375 0.055666666666666566
0 0.3004765625 0.7530185185185185 0.0426510416666666 0.05011111111111101
0 0.36234635416666666 0.7185694444444445 0.04478645833333334 0.0459722222222223
0 0.411703125 0.6929444444444445 0.04789583333333335 0.04627777777777779
0 0.3768854166666667 0.8426203703703703 0.03349999999999997 0.039740740740740806
0 0.5126927083333334 0.7491435185185186 0.03944791666666667 0.051064814814814896
0 0.5514010416666667 0.7520277777777779 0.03886458333333328 0.0514629629629629
0 0.4976041666666667 0.7068472222222222 0.026145833333333358 0.035694444444444404
0 0.5049453125 0.6011666666666666 0.0343385416666667 0.03525925925925919
0 0.5880989583333334 0.8773657407407407 0.05059375000000017 0.07337962962962963
0 0.6361015625 0.8730972222222222 0.03342187500000004 0.053805555555555676
0 0.6951197916666667 0.9669444444444444 0.06569791666666684 0.06425925925925935
0 0.8173828125 0.9696666666666667 0.05408854166666662 0.0588148148148148
0 0.7480104166666667 0.8738888888888888 0.05106249999999998 0.0712962962962963
0 0.682171875 0.8864212962962963 0.045677083333333236 0.040657407407407274
0 0.66684375 0.8126435185185185 0.033083333333333326 0.04249074074074062
0 0.7170286458333333 0.7921990740740741 0.039171875000000016 0.0776388888888888
0 0.812890625 0.8619537037037038 0.05307291666666671 0.062574074074074
0 0.8612317708333334 0.8961990740740741 0.06005729166666664 0.06815740740740753
0 0.8584739583333333 0.9521620370370371 0.028468749999999925 0.05271296296296281
0 0.8912578125 0.9677962962962964 0.04331770833333337 0.0625555555555555
0 0.9671796875 0.9733981481481482 0.0645989583333332 0.051351851851851885
0 0.9016770833333333 0.8484907407407407 0.06385416666666661 0.0667962962962964
0 0.9474140624999999 0.906550925925926 0.041098958333333255 0.05115740740740741
0 0.9701510416666667 0.8593518518518519 0.058656249999999945 0.06481481481481481
0 0.969734375 0.7591342592592593 0.03775000000000001 0.02284259259259266
0 0.8545364583333334 0.7183333333333333 0.0528958333333333 0.04961111111111104
0 0.7390364583333333 0.6909074074074074 0.046812500000000055 0.04148148148148165
0 0.8462994791666667 0.6354027777777778 0.03839062500000002 0.04473148148148143
0 0.801953125 0.7260601851851851 0.03809374999999993 0.042416666666666616
0 0.9513072916666666 0.6465277777777778 0.03928125000000004 0.026129629629629655
0 0.940640625 0.7732824074074074 0.023916666666666704 0.029175925925925918
0 0.9467786458333334 0.693337962962963 0.043359375 0.04752777777777771
0 0.6655494791666666 0.6304907407407409 0.029880208333333276 0.03609259259259261
0 0.6947708333333333 0.6025972222222222 0.0329583333333332 0.03380555555555555
0 0.6272005208333333 0.6792453703703704 0.03893229166666667 0.03680555555555556
0 0.6379270833333333 0.5687268518518519 0.035927083333333346 0.031287037037037
0 0.07335416666666666 0.7832685185185185 0.023833333333333328 0.027518518518518335
0 0.3026145833333333 0.5237638888888888 0.041135416666666674 0.036787037037037056
0 0.23620052083333334 0.6206342592592593 0.030630208333333304 0.032064814814814914
0 0.35765104166666667 0.6114027777777779 0.03261458333333327 0.030120370370370554
0 0.3096223958333333 0.6660046296296296 0.04185937499999994 0.04417592592592596
0 0.41167447916666666 0.6095601851851852 0.03870312499999997 0.03987962962962978
0 0.5096536458333333 0.5486018518518518 0.023286458333333353 0.028388888888888963
0 0.44927083333333334 0.7528888888888889 0.041114583333333364 0.05251851851851854
0 0.46420052083333335 0.6709120370370371 0.025005208333333327 0.03647222222222211
0 0.43480989583333335 0.568949074074074 0.0397552083333333 0.030620370370370523
0 0.7939062500000001 0.5656944444444445 0.027500000000000094 0.02768518518518527
0 0.05434895833333333 0.7655694444444445 0.04670833333333334 0.046064814814814815
0 0.25860416666666663 0.6400972222222223 0.03387499999999998 0.030342592592592577
0 0.35028125 0.799236111111111 0.019104166666666582 0.027268518518518352
0 0.34695572916666667 0.8462129629629629 0.025223958333333248 0.03451851851851849
0 0.480703125 0.6453935185185186 0.020906249999999935 0.02465740740740751
0 0.7045286458333334 0.5567037037037037 0.028963541666666495 0.03125925925925925
0 0.8716510416666666 0.6994814814814815 0.02939583333333336 0.03892592592592589
0 0.7159140625 0.7498009259259258 0.038432291666666646 0.04030555555555553
0 0.6599713541666666 0.6020324074074075 0.023880208333333285 0.025694444444444443
0 0.12725 0.6005416666666668 0.021656250000000023 0.020675925925925858
0 0.14749739583333332 0.5841064814814815 0.025578125000000007 0.024453703703703568
0 0.20522135416666665 0.5809212962962963 0.034567708333333336 0.03286111111111112
0 0.20820833333333333 0.6009537037037037 0.02495833333333337 0.028296296296296247
0 0.1717838541666667 0.5693379629629629 0.02614062500000003 0.03184259259259248
0 0.28112760416666666 0.602212962962963 0.04003645833333339 0.050277777777777734
0 0.407859375 0.8060601851851852 0.03242708333333333 0.03217592592592593
0 0.49168489583333336 0.5184814814814815 0.0368802083333333 0.0308333333333335
0 0.4457161458333333 0.5247777777777778 0.03318229166666668 0.026814814814814847
0 0.15772656250000003 0.5042916666666667 0.026442708333333325 0.02480555555555552
0 0.22453385416666669 0.4386111111111111 0.03593229166666667 0.02294444444444442
0 0.2767578125 0.42218055555555556 0.02372395833333331 0.029768518518518496
0 0.2972708333333333 0.4923842592592593 0.032791666666666684 0.029768518518518604
0 0.34011197916666663 0.589787037037037 0.03545312499999997 0.02922222222222217
0 0.3370390625 0.553162037037037 0.020234374999999954 0.031009259259259268
0 0.35176302083333333 0.5298425925925926 0.040119791666666654 0.02790740740740729
0 0.22085156250000001 0.6808194444444444 0.030796874999999998 0.03725000000000002
0 0.22739843750000002 0.4904444444444445 0.02344270833333333 0.02381481481481463
0 0.25532031250000004 0.5172407407407408 0.018838541666666705 0.020833333333333332
0 0.26122395833333334 0.48620833333333335 0.02428125 0.021583333333333284
0 0.046388020833333335 0.6295972222222223 0.03475520833333334 0.03352777777777781
0 0.10582552083333334 0.5519861111111111 0.026786458333333336 0.03291666666666662
0 0.3139869791666667 0.7020787037037037 0.031078125000000036 0.03945370370370361
0 0.25069270833333335 0.7181759259259259 0.04106249999999996 0.04422222222222221
0 0.32297135416666667 0.43316666666666664 0.025119791666666676 0.023074074074074035
0 0.3445729166666666 0.48478240740740747 0.02756250000000004 0.02810185185185182
0 0.37736718750000003 0.45972685185185186 0.028463541666666713 0.023064814814814785
0 0.41403125 0.4386759259259259 0.020052083333333335 0.024185185185185188
0 0.4031458333333333 0.48841666666666667 0.022916666666666665 0.024185185185185084
0 0.427734375 0.4930046296296296 0.02387499999999996 0.02843518518518522
0 0.4490546875 0.4845555555555555 0.02410937499999998 0.024611111111111098
0 0.4585078125 0.43672685185185184 0.01885937500000002 0.022490740740740707
0 0.47765364583333336 0.4915972222222222 0.01885937500000002 0.017824074074074076
0 0.4929322916666667 0.4968194444444445 0.02077083333333339 0.023342592592592627
0 0.4769609375 0.5716435185185185 0.02005729166666666 0.031398148148148224
0 0.5666276041666667 0.47852777777777783 0.021484375 0.02292592592592592
0 0.5509921875 0.5089583333333333 0.021255208333333307 0.019953703703703873
0 0.5739062500000001 0.5740648148148149 0.028979166666666837 0.024185185185185084
0 0.6087630208333333 0.5315416666666667 0.03270312499999998 0.03437962962962973
0 0.6208072916666666 0.49625 0.028291666666666514 0.033370370370370335
0 0.6422239583333335 0.4840277777777778 0.02908333333333341 0.029148148148148166
0 0.6676067708333334 0.4537083333333333 0.02855729166666663 0.037601851851851865
0 0.7224713541666666 0.5251574074074075 0.020359375000000075 0.03290740740740737
0 0.7380703125 0.5714583333333333 0.028286458333333306 0.03995370370370379
0 0.7577682291666666 0.5512453703703704 0.03172395833333326 0.03384259259259255
0 0.7456067708333334 0.6551296296296296 0.03913020833333339 0.039018518518518404
0 0.7831510416666667 0.6729907407407408 0.03648958333333354 0.03242592592592591
0 0.7980625000000001 0.5242685185185185 0.027500000000000094 0.02585185185185192
0 0.7820677083333334 0.5361111111111111 0.023531250000000153 0.035074074074074174
0 0.8264114583333334 0.562625 0.023593750000000094 0.017953703703703586
0 0.82865625 0.5813796296296297 0.022999999999999923 0.0235000000000001
0 0.8299791666666666 0.4977546296296297 0.021416666666666608 0.016453703703703686
0 0.8678151041666666 0.4954537037037036 0.03278645833333324 0.0235000000000001
0 0.9262994791666667 0.5055092592592593 0.03701562499999985 0.029148148148148166
0 0.8829114583333334 0.5473472222222222 0.042041666666666797 0.02632407407407413
0 0.9185 0.543486111111111 0.029875000000000065 0.026324074074073923