0 0.05732552083333333 0.7661620370370371 0.04794270833333334 0.06525000000000003
0 0.2109583333333333 0.9628287037037038 0.07214583333333333 0.06837962962962954
0 0.17484375 0.9099583333333333 0.04510416666666668 0.07158333333333328
0 0.09079687499999999 0.976013888888889 0.04621875 0.04612037037037032
0 0.2801822916666667 0.9014907407407408 0.05161458333333332 0.0705740740740741
0 0.35770052083333337 0.8448981481481481 0.055953124999999916 0.06835185185185179
0 0.4204010416666667 0.8111296296296296 0.061697916666666686 0.06088888888888888
0 0.5485520833333334 0.8987499999999999 0.04107291666666673 0.06479629629629631
0 0.5926666666666667 0.906425925925926 0.0462395833333332 0.06825925925925908
0 0.523828125 0.8396435185185186 0.03708333333333324 0.04619444444444433
0 0.5286276041666667 0.6917916666666667 0.0432864583333334 0.048027777777777676
0 0.742953125 0.9757175925925927 0.043052083333333255 0.0467129629629628
0 0.8017395833333334 0.9505555555555555 0.048645833333333145 0.0970370370370371
0 0.9674791666666667 0.8546620370370371 0.06290624999999987 0.062324074074074025
0 0.8196848958333334 0.8097685185185185 0.0554114583333335 0.06381481481481488
0 0.9431067708333333 0.7325138888888889 0.04928645833333339 0.0577685185185184
0 0.9004114583333334 0.8598287037037037 0.056552083333333295 0.06560185185185177
0 0.7184765624999999 0.7242546296296296 0.041015625 0.055731481481481535
0 0.7504869791666666 0.6871898148148148 0.042234375000000074 0.039620370370370334
0 0.6803828125 0.7902037037037037 0.03980729166666682 0.047333333333333234
0 0.683234375 0.6451851851851852 0.038270833333333344 0.04218518518518514
0 0.2929791666666667 0.592375 0.05313541666666666 0.04528703703703711
0 0.20879947916666666 0.7094444444444444 0.03298437499999996 0.0381851851851852
0 0.35192187500000005 0.6934722222222223 0.03620833333333332 0.042685185185185104
0 0.2928776041666667 0.7717638888888889 0.05135937500000007 0.057620370370370384
0 0.4164296875 0.6998657407407407 0.044026041666666654 0.062305555555555524
0 0.5329895833333333 0.6188425925925926 0.02823958333333335 0.03251851851851842
0 0.46366145833333333 0.8983935185185186 0.06330208333333331 0.06634259259259268
0 0.4829375 0.7913796296296297 0.0272708333333334 0.043703703703703536
0 0.44355989583333333 0.647537037037037 0.04208854166666664 0.052092592592592586
0 0.8674947916666668 0.6387222222222222 0.03262500000000017 0.03429629629629626
0 0.2359921875 0.7391435185185184 0.05018229166666662 0.04584259259259259
0 0.3429479166666667 0.9689768518518518 0.02145833333333324 0.03749074074074054
0 0.503703125 0.749611111111111 0.026125000000000044 0.037425925925925994
0 0.7587083333333332 0.6238888888888888 0.039989583333333203 0.03909259259259241
0 0.9750624999999999 0.8124629629629629 0.041666666666666664 0.05505555555555559
0 0.7939765624999999 0.8959583333333333 0.05127604166666657 0.05906481481481478
0 0.7104036458333333 0.6846898148148148 0.030796875000000057 0.03467592592592597
0 0.10115104166666668 0.8176574074074073 0.033718750000000006 0.043351851851852
0 0.07913802083333334 0.6853796296296296 0.030640625000000015 0.034018518518518524
0 0.1047265625 0.6648333333333333 0.03104687500000001 0.032148148148148176
0 0.16882291666666666 0.6617037037037037 0.040072916666666694 0.039777777777777815
0 0.17613802083333333 0.6904814814814815 0.04214062499999998 0.03537037037037041
0 0.134578125 0.6468148148148147 0.02890625 0.032407407407407406
0 0.1021171875 0.7051990740740741 0.026578124999999987 0.028287037037036996
0 0.12012760416666665 0.7270509259259259 0.027651041666666685 0.02458333333333329
0 0.139359375 0.6707407407407409 0.01885416666666669 0.02792592592592579
0 0.26336197916666665 0.6975601851851851 0.04715104166666665 0.05026851851851848
0 0.41578125 0.9769675925925926 0.04223958333333329 0.04421296296296296
0 0.5090729166666667 0.5797407407407408 0.044812499999999984 0.03912962962962962
0 0.45627604166666663 0.5871296296296297 0.034541666666666755 0.028685185185185202
0 0.11925520833333335 0.5607546296296296 0.030343749999999996 0.02480555555555552
0 0.2007734375 0.47221296296296295 0.034536458333333304 0.029574074074074124
0 0.26169791666666664 0.45525462962962965 0.024052083333333307 0.03278703703703701
0 0.28246875 0.5458657407407407 0.033729166666666664 0.03308333333333335
0 0.3314401041666667 0.671962962962963 0.03701562499999997 0.04411111111111099
0 0.3291432291666666 0.6218425925925927 0.021255208333333307 0.03659259259259257
0 0.34415885416666664 0.5960000000000001 0.040119791666666654 0.02790740740740729
0 0.1868229166666667 0.800074074074074 0.03687499999999998 0.05755555555555542
0 0.20152604166666668 0.5419444444444445 0.03181250000000002 0.029037037037037156
0 0.2357734375 0.575375 0.026796875000000022 0.03049074074074059
0 0.24365104166666668 0.5349675925925926 0.027645833333333356 0.029750000000000103
0 0.14530989583333334 0.5459583333333333 0.027046874999999974 0.022916666666666665
0 0.16577864583333332 0.4968472222222223 0.026796875000000022 0.0202499999999999
0 0.05496875 0.6215740740740741 0.03391666666666667 0.035740740740740656
0 0.29823958333333334 0.8195370370370371 0.03831249999999997 0.06481481481481481
0 0.219265625 0.8480787037037036 0.052218749999999994 0.059638888888888755
0 0.31361197916666667 0.4700972222222222 0.025234375000000024 0.024879629629629633
0 0.3395989583333333 0.5368518518518518 0.0311770833333334 0.02824074074074074
0 0.3738489583333333 0.5017731481481481 0.028885416666666684 0.024231481481481548
0 0.4174583333333333 0.4798240740740741 0.020052083333333335 0.024185185185185136
0 0.4036067708333333 0.5406203703703704 0.028401041666666772 0.03351851851851856
0 0.4343151041666667 0.5447407407407406 0.026786458333333367 0.03929629629629635
0 0.45932552083333333 0.5345787037037038 0.024765624999999975 0.02545370370370371
0 0.46902083333333333 0.47368518518518515 0.02315625000000002 0.025425925925925855
0 0.4906588541666667 0.5442268518518519 0.020828124999999885 0.01887962962962951
0 0.5097838541666666 0.5539351851851851 0.021359374999999996 0.025999999999999933
0 0.49197916666666663 0.6482083333333334 0.028562500000000077 0.03665740740740754
0 0.5952526041666667 0.5272685185185185 0.02205729166666662 0.0234629629629631
0 0.5765442708333334 0.5665555555555556 0.028859374999999923 0.025037037037037004
0 0.6101276041666667 0.6506527777777777 0.03448437500000002 0.027620370370370302
0 0.6444973958333333 0.5961898148148148 0.04005729166666659 0.03987962962962957
0 0.5390052083333333 0.46265277777777775 0.014802083333333372 0.023342592592592627
0 0.5720651041666667 0.48574074074074064 0.021859374999999896 0.02350000000000005
0 0.5964609375 0.48447222222222225 0.022473958333333145 0.024203703703703585
0 0.6590104166666666 0.5481990740740741 0.032572916666666646 0.039694444444444345
0 0.6846875 0.533949074074074 0.03575000000000017 0.029138888888888916
0 0.70584375 0.4943472222222222 0.035427083333333324 0.04465740740740742
0 0.7737604166666666 0.5740462962962963 0.029885416666666723 0.03290740740740737
0 0.8002708333333334 0.6410231481481482 0.030802083333333268 0.04276851851851857
0 0.8192604166666667 0.6189305555555555 0.04498958333333339 0.04558333333333335
0 0.8133046875000001 0.7521805555555555 0.043911458333333306 0.04415740740740746
0 0.8685520833333332 0.7820185185185186 0.04706249999999983 0.0492962962962963
0 0.8660963541666666 0.5831990740740741 0.03225520833333325 0.02912037037037041
0 0.8493828125 0.6021574074074073 0.031088541666666695 0.035074074074074174
0 0.9058046875 0.6340324074074074 0.03626562500000006 0.028083333333333266
0 0.9117057291666666 0.6595 0.02300520833333337 0.0235000000000001
0 0.8976380208333334 0.5503564814814814 0.03436979166666655 0.026768518518518594
0 0.9452734374999999 0.5472453703703704 0.04150520833333336 0.03150925925925924
0 0.9660520833333334 0.6106759259259259 0.05380208333333343 0.043685185185185035
0 0.7682083333333334 0.48527314814814815 0.020333333333333314 0.02197222222222224
0 0.8172421875 0.5404444444444445 0.037348958333333356 0.038037037037036966
0 0.8402135416666667 0.5062222222222222 0.026458333333333427 0.020944444444444342