0 0.034546875000000005 0.8216203703703704 0.05276041666666667 0.07800000000000001
0 0.16203645833333333 0.9756342592592592 0.046552083333333334 0.04687962962962973
0 0.27979947916666664 0.9693194444444444 0.06010937499999995 0.05950925925925924
0 0.29803125 0.8834398148148148 0.04053125000000009 0.06584259259259272
0 0.3616067708333333 0.9120648148148148 0.05897395833333334 0.07901851851851865
0 0.43029947916666667 0.8724351851851851 0.06950520833333323 0.07475925925925926
0 0.568578125 0.9668009259259259 0.05382291666666674 0.06454629629629632
0 0.61821875 0.9667268518518519 0.0462395833333332 0.06469444444444435
0 0.539671875 0.8980925925925927 0.04086458333333335 0.0573333333333334
0 0.5488593749999999 0.7333981481481481 0.06592708333333329 0.05709259259259246
0 0.8633098958333333 0.8765092592592593 0.061401041666666836 0.06883333333333326
0 0.9841015624999999 0.776050925925926 0.03075520833333343 0.0577685185185184
0 0.9538541666666667 0.92975 0.07729166666666648 0.07901851851851845
0 0.7482890625 0.7659212962962962 0.04613020833333318 0.06334259259259246
0 0.7820052083333333 0.7265648148148148 0.04223958333333329 0.0396296296296298
0 0.7093020833333334 0.8461759259259259 0.060458333333333295 0.06412962962962962
0 0.7047526041666666 0.6819999999999999 0.038265624999999893 0.04218518518518514
0 0.2892109375 0.6243796296296296 0.05314062499999998 0.05642592592592598
0 0.20335416666666667 0.7575601851851852 0.03422916666666668 0.05154629629629636
0 0.3564583333333334 0.745837962962963 0.04135416666666671 0.05387962962962968
0 0.29440625 0.8343333333333333 0.060750000000000054 0.05985185185185173
0 0.4267786458333333 0.7477175925925925 0.052796874999999945 0.07012037037037039
0 0.5472005208333334 0.6558611111111111 0.03299479166666662 0.038648148148148154
0 0.49677343749999997 0.8444259259259259 0.03593229166666667 0.0492962962962963
0 0.4518359375 0.6834537037037037 0.04208854166666664 0.052092592592592586
0 0.9019921875 0.6758333333333333 0.03263020833333338 0.03885185185185189
0 0.232859375 0.793824074074074 0.05757291666666665 0.05320370370370374
0 0.5160911458333334 0.7971064814814814 0.030526041666666733 0.05078703703703695
0 0.7854296875000001 0.6578148148148149 0.03999479166666665 0.03909259259259241
0 0.8372161458333333 0.9681666666666666 0.05127604166666657 0.06181481481481491
0 0.7391510416666667 0.7260092592592592 0.036458333333333336 0.044759259259259394
0 0.08170833333333333 0.8822129629629629 0.04009375000000001 0.04948148148148153
0 0.05976041666666667 0.7290185185185185 0.03339583333333333 0.034981481481481454
0 0.08986197916666668 0.7065925925925925 0.03432812499999998 0.03890740740740739
0 0.16127864583333332 0.7037129629629629 0.04145312499999996 0.041333333333333215
0 0.16712239583333333 0.7369074074074075 0.04434895833333332 0.043074074074074056
0 0.12245052083333334 0.685125 0.031119791666666667 0.034675925925925756
0 0.08712239583333334 0.753638888888889 0.03127604166666667 0.029277777777777677
0 0.10567447916666665 0.7774398148148148 0.027651041666666685 0.02458333333333329
0 0.12804947916666667 0.7140925925925926 0.020369791666666675 0.0301666666666666
0 0.26259635416666666 0.7373379629629631 0.04864062499999999 0.05293518518518525
0 0.5188359375 0.6135185185185185 0.04849479166666673 0.044777777777777895
0 0.46341145833333336 0.6185833333333333 0.03931250000000001 0.03522222222222219
0 0.10885677083333332 0.5890787037037036 0.034890625 0.02852777777777773
0 0.19589322916666668 0.4926851851851851 0.034536458333333304 0.02792592592592579
0 0.25972135416666664 0.4753055555555555 0.024046875000000037 0.03279629629629631
0 0.28189322916666665 0.5741805555555556 0.035598958333333285 0.039712962962962846
0 0.33283854166666665 0.7158657407407407 0.039114583333333286 0.04784259259259266
0 0.3301901041666666 0.6607083333333333 0.021255208333333307 0.03658333333333354
0 0.3474817708333333 0.6306064814814816 0.04118229166666675 0.03973148148148135
0 0.17668489583333333 0.8577268518518518 0.04590104166666666 0.06121296296296308
0 0.19449479166666667 0.5705972222222222 0.03181250000000002 0.029027777777777694
0 0.2310859375 0.6087175925925925 0.026796875000000022 0.03049074074074059
0 0.23837760416666667 0.5641388888888889 0.027651041666666685 0.02974074074074064
0 0.13695312499999998 0.5730416666666667 0.030854166666666672 0.025009259259259252
0 0.1572890625 0.518712962962963 0.02680729166666668 0.023407407407407384
0 0.05496875 0.6215740740740741 0.03391666666666667 0.035740740740740656
0 0.21155729166666667 0.9126018518518518 0.05823958333333336 0.07288888888888892
0 0.3132291666666667 0.4919398148148148 0.025593749999999933 0.03030555555555557
0 0.33988802083333336 0.5677175925925926 0.03279687500000002 0.030805555555555537
0 0.37886197916666664 0.5276805555555555 0.030119791666666628 0.027731481481481524
0 0.4224791666666667 0.5009814814814815 0.02405208333333325 0.02520370370370352
0 0.4084192708333333 0.5704953703703703 0.02840104166666665 0.03352777777777781
0 0.44138281249999994 0.5750925925925925 0.029109374999999934 0.042500000000000086
0 0.4688880208333333 0.5632638888888889 0.026734374999999963 0.027972222222222256
0 0.47722135416666667 0.49849074074074073 0.02315104166666669 0.02542592592592596
0 0.5018333333333334 0.5713888888888888 0.026729166666666634 0.022074074074074208
0 0.5207083333333333 0.5816574074074075 0.023135416666666703 0.03396296296296281
0 0.502765625 0.688324074074074 0.029739583333333285 0.04079629629629625
0 0.611125 0.5541435185185185 0.026072916666666876 0.027305555555555566
0 0.5925104166666666 0.5968611111111112 0.03170833333333339 0.03038888888888883
0 0.6280833333333333 0.6900092592592593 0.03831249999999997 0.0338703703703703
0 0.6658020833333335 0.6287361111111112 0.04622916666666678 0.04850925925925914
0 0.5498697916666667 0.4824768518518519 0.014802083333333372 0.023342592592592575
0 0.5853385416666667 0.5085138888888888 0.02357291666666678 0.02619444444444441
0 0.6104635416666667 0.506712962962963 0.02417708333333337 0.02683333333333335
0 0.6778281249999999 0.5791666666666667 0.03506249999999985 0.04298148148148155
0 0.7039010416666667 0.561962962962963 0.036489583333333304 0.03557407407407414
0 0.7263177083333333 0.5190462962962963 0.03756249999999994 0.045185185185185356
0 0.7998020833333332 0.6055231481481481 0.029093749999999828 0.039453703703703824
0 0.8317291666666667 0.6767546296296296 0.036875000000000095 0.049361111111111064
0 0.8501979166666668 0.6515879629629628 0.0518645833333333 0.04462037037037042
0 0.8553098958333334 0.8086203703703703 0.06351562499999991 0.057018518518518455
0 0.9163958333333333 0.844375 0.057614583333333275 0.06017592592592593
0 0.8966848958333333 0.6139861111111111 0.03669270833333324 0.037768518518518486
0 0.8801562500000001 0.6366018518518518 0.036104166666666514 0.03957407407407408
0 0.9433385416666666 0.6704583333333334 0.04201041666666659 0.03886111111111114
0 0.952765625 0.7001157407407408 0.030614583333333202 0.031398148148148224
0 0.9297187499999999 0.5746388888888888 0.034364583333333344 0.026759259259259344
0 0.9781666666666666 0.5741944444444445 0.03818749999999985 0.03151851851851849
0 0.7931901041666667 0.5073935185185185 0.02091145833333338 0.022916666666666665
0 0.844640625 0.5683287037037038 0.040385416666666646 0.0385648148148149
0 0.867859375 0.527537037037037 0.027541666666666725 0.022388888888888948