0 0.7944791666666667 0.8517361111111111 0.04615624999999994 0.04626851851851854
0 0.06251041666666667 0.5901898148148148 0.027479166666666662 0.026212962962962914
0 0.020109375000000006 0.5969074074074074 0.03430208333333334 0.03761111111111101
0 0.026648437500000004 0.6857268518518519 0.033546875 0.019583333333333418
0 0.1049140625 0.7348333333333332 0.04453645833333333 0.03738888888888899
0 0.14945052083333332 0.5449305555555556 0.02058854166666665 0.01541666666666675
0 0.1814166666666667 0.6631018518518518 0.025156249999999977 0.027759259259259275
0 0.141734375 0.7627407407407407 0.02712500000000002 0.036388888888888846
0 0.15180989583333335 0.818138888888889 0.03799479166666667 0.039074074074074115
0 0.22105729166666668 0.6903101851851852 0.03917708333333335 0.04395370370370373
0 0.043244791666666664 0.8176620370370371 0.029020833333333333 0.043953703703703516
0 0.101875 0.7954259259259259 0.048666666666666664 0.048444444444444595
0 0.28042447916666663 0.7528194444444444 0.043161458333333305 0.043731481481481496
0 0.2565911458333333 0.6256620370370369 0.03478645833333331 0.030231481481481564
0 0.23377604166666668 0.6051944444444445 0.032572916666666646 0.029814814814814856
0 0.18091927083333334 0.750337962962963 0.03818229166666664 0.037453703703703746
0 0.16814843750000003 0.7299814814814815 0.025942708333333304 0.022999999999999923
0 0.192453125 0.6947916666666667 0.016770833333333356 0.024083333333333325
0 0.18173958333333334 0.6369074074074074 0.025802083333333316 0.019499999999999948
0 0.23745052083333332 0.7423888888888889 0.03911979166666661 0.04431481481481493
0 0.2044427083333333 0.8064768518518518 0.04772916666666672 0.04750925925925921
0 0.16062239583333332 0.8639675925925926 0.041276041666666666 0.04471296296296293
0 0.03258593750000001 0.8941990740740741 0.061598958333333335 0.06663888888888891
0 0.011979166666666667 0.8444444444444444 0.023958333333333335 0.027777777777777776
0 0.11080729166666667 0.9824999999999999 0.05213541666666668 0.033148148148148315
0 0.111328125 0.9073518518518519 0.05216666666666665 0.06866666666666653
0 0.17068489583333335 0.9868055555555556 0.0414427083333333 0.024537037037037038
0 0.21301562500000001 0.9122870370370371 0.040427083333333336 0.06198148148148153
0 0.26721354166666667 0.9568101851851852 0.038052083333333334 0.03267592592592589
0 0.29702343750000004 0.9241111111111111 0.04630729166666659 0.05205555555555579
0 0.30203645833333337 0.8650416666666667 0.03915624999999991 0.06258333333333325
0 0.28248958333333335 0.7998148148148148 0.03612499999999995 0.04990740740740749
0 0.335015625 0.8690972222222222 0.034364583333333344 0.049305555555555554
0 0.3404765625 0.7516620370370372 0.030088541666666656 0.04345370370370355
0 0.3907786458333334 0.8864861111111111 0.03250520833333326 0.045731481481481366
0 0.39481510416666665 0.9817685185185184 0.025119791666666676 0.03461111111111121
0 0.4237734375 0.9843935185185185 0.025473958333333258 0.028620370370370237
0 0.44043489583333334 0.9003981481481482 0.018057291666666704 0.026685185185185336
0 0.43980729166666666 0.8588564814814815 0.041531250000000006 0.04450925925925941
0 0.4256067708333333 0.8126527777777778 0.04321354166666668 0.03439814814814823
0 0.35803385416666667 0.7196898148148148 0.030838541666666684 0.03845370370370368
0 0.36928906250000004 0.6975231481481482 0.03159895833333337 0.024083333333333325
0 0.41053125 0.7136157407407406 0.019885416666666583 0.01963888888888892
0 0.40880729166666663 0.7632453703703704 0.024885416666666653 0.02295370370370367
0 0.44969010416666666 0.662986111111111 0.020901041666666724 0.025490740740740717
0 0.28630989583333327 0.6477685185185185 0.027036458333333256 0.032074074074073956
0 0.29627604166666666 0.597375 0.02939583333333336 0.025990740740740894
0 0.34354166666666663 0.5762222222222222 0.02908333333333341 0.03068518518518507
0 0.3838671875 0.5584212962962963 0.0329739583333333 0.03317592592592586
0 0.3567734375 0.6531527777777778 0.023484374999999957 0.02100925925925931
0 0.4610182291666666 0.5958148148148148 0.023671875000000023 0.03414814814814825
0 0.48555208333333333 0.5956898148148149 0.026333333333333306 0.0268240740740741
0 0.44638541666666665 0.5692083333333333 0.021770833333333427 0.020101851851851885
0 0.4554947916666666 0.498625 0.01975000000000004 0.025064814814814755
0 0.5218125 0.9492314814814815 0.03294791666666666 0.0477962962962962
0 0.5004895833333334 0.8722546296296296 0.03990624999999994 0.049305555555555554
0 0.529765625 0.7576944444444444 0.024468750000000008 0.019888888888888907
0 0.5100651041666667 0.6694907407407407 0.033682291666666704 0.042296296296296144
0 0.5457083333333334 0.6675277777777778 0.0225833333333334 0.026870370370370354
0 0.5847526041666666 0.7256342592592592 0.041807291666666656 0.03782407407407399
0 0.5808463541666666 0.7822870370370371 0.030286458333333145 0.054759259259259355
0 0.6265442708333334 0.759912037037037 0.026515624999999925 0.032694444444444394
0 0.6465234375000001 0.9087731481481481 0.042546875000000026 0.03102777777777777
0 0.5627343749999999 0.9714074074074073 0.03576041666666659 0.05533333333333343
0 0.5896848958333334 0.9859444444444446 0.018265624999999848 0.026259259259258955
0 0.754453125 0.9613009259259259 0.0340729166666667 0.04284259259259258
0 0.6945833333333333 0.9192546296296297 0.03334374999999999 0.049175925925926046
0 0.7490598958333333 0.8839629629629631 0.04050520833333333 0.05374074074074071
0 0.7438828125000001 0.7989166666666666 0.04025520833333331 0.04753703703703717
0 0.7045130208333333 0.798962962962963 0.03680729166666671 0.040018518518518544
0 0.6938671875 0.7573148148148149 0.026557291666666552 0.029296296296296178
0 0.6659869791666667 0.7261944444444444 0.03356770833333324 0.037425925925925994
0 0.6282604166666667 0.6656666666666667 0.02873958333333325 0.030962962962963015
0 0.5784270833333333 0.6713703703703703 0.02862500000000002 0.020481481481481382
0 0.5749088541666667 0.6321111111111112 0.025057291666666735 0.028740740740740706
0 0.6082890625 0.6177037037037038 0.025411458333333314 0.033666666666666574
0 0.6691901041666667 0.6558518518518518 0.03519270833333342 0.033370370370370335
0 0.7026927083333334 0.6697731481481481 0.02798958333333322 0.02736111111111107
0 0.7022890625 0.7077361111111111 0.016109374999999915 0.02415740740740754
0 0.7197994791666666 0.7150000000000001 0.0200677083333332 0.029444444444444613
0 0.7702552083333333 0.7208425925925925 0.03810416666666659 0.042740740740740815
0 0.7357708333333333 0.6471018518518519 0.03132291666666684 0.0345555555555555
0 0.7639583333333333 0.6777685185185185 0.027541666666666725 0.02079629629629633
0 0.7867239583333333 0.6511574074074075 0.02979166666666657 0.031833333333333436
0 0.8017526041666667 0.7528148148148148 0.038671875 0.04255555555555559
0 0.8328723958333334 0.7741342592592593 0.020713541666666658 0.02487962962962953
0 0.8718333333333333 0.7623611111111112 0.05134374999999996 0.051907407407407354
0 0.8463020833333333 0.702787037037037 0.029395833333333125 0.03892592592592589
0 0.8315963541666667 0.6648287037037037 0.036015625000000044 0.026879629629629604
0 0.9014453125 0.7294768518518518 0.025192708333333275 0.028861111111111178
0 0.85796875 0.6524722222222223 0.020343749999999973 0.02090740740740734
0 0.849875 0.6252453703703703 0.022208333333333267 0.029861111111111113
0 0.7959583333333333 0.5934166666666667 0.025010416666666656 0.01592592592592597
0 0.7198619791666666 0.5734444444444444 0.02276562500000002 0.028203703703703738
0 0.6321718749999999 0.5561157407407408 0.031729166666666704 0.022564814814814715
0 0.7196458333333333 0.5201666666666667 0.02687499999999995 0.0265370370370369
0 0.6766953125 0.5788333333333333 0.021463541666666686 0.031185185185185243
0 0.7979713541666666 0.5255185185185185 0.02276562500000002 0.01692592592592611
0 0.8524375 0.5060462962962963 0.019968750000000077 0.01592592592592597
0 0.8942760416666666 0.5739351851851852 0.024447916666666694 0.02388888888888885
0 0.9141328125 0.6823287037037037 0.03424479166666667 0.035750000000000115
0 0.8934791666666667 0.645375 0.01548958333333322 0.02089814814814809
0 0.8398697916666666 0.9586018518518519 0.04609375 0.06650000000000016
0 0.8673593749999999 0.9144722222222222 0.053979166666666835 0.06337037037037042
0 0.8880520833333333 0.9729629629629629 0.044416666666666535 0.05222222222222231
0 0.8946041666666666 0.8462268518518518 0.03972916666666653 0.03628703703703709
0 0.936453125 0.8868888888888888 0.05876041666666675 0.04751851851851867
0 0.9451901041666666 0.9549259259259258 0.03170312499999994 0.03922222222222234
0 0.9797812499999999 0.9898564814814815 0.01700000000000017 0.01843518518518505
0 0.9399010416666668 0.7622731481481482 0.021499999999999866 0.020546296296296347
0 0.5342578125 0.8240324074074075 0.013786458333333407 0.024509259259259286
0 0.9768697916666667 0.7586064814814816 0.037520833333333316 0.028861111111111178
0 0.9442317708333333 0.7172638888888889 0.02614062500000003 0.017361111111111112
0 0.9478984375 0.6694675925925926 0.021046874999999923 0.021527777777777778
0 0.9641562499999999 0.5850833333333333 0.02063541666666661 0.01877777777777775
0 0.7706015624999999 0.6047638888888889 0.018484374999999886 0.021712962962963007
0 0.7861744791666666 0.5544953703703703 0.024036458333333142 0.021027777777777812
0 0.5752942708333334 0.5159166666666667 0.026411458333333353 0.024944444444444495
0 0.6036536458333333 0.497037037037037 0.020473958333333542 0.021425925925925807
0 0.5462942708333334 0.5471435185185185 0.030703124999999904 0.02465740740740751
0 0.5586666666666666 0.4782638888888889 0.011229166666666875 0.015287037037037028
0 0.12869791666666666 0.6223333333333333 0.019520833333333314 0.019981481481481413
0 0.2923854166666667 0.45512037037037034 0.03453124999999998 0.016629629629629664
0 0.24200520833333333 0.5171111111111111 0.024208333333333342 0.013203703703703695
0 0.32420052083333334 0.4936574074074074 0.016921875000000006 0.0117407407407408
0 0.30472916666666666 0.5448194444444444 0.017177083333333343 0.019675925925925927
0 0.3814114583333333 0.5068472222222222 0.022562500000000086 0.02454629629629629
0 0.45718749999999997 0.46425 0.021187499999999915 0.01611111111111109
0 0.409046875 0.5959537037037037 0.03142708333333329 0.03179629629629622
0 0.42285677083333334 0.5493287037037037 0.015703125000000047 0.024046296296296323
0 0.3967916666666666 0.4777962962962963 0.029781249999999915 0.016499999999999942
0 0.6846093749999999 0.474787037037037 0.02201041666666678 0.015074074074074049
0 0.08786979166666666 0.5244120370370371 0.02453125000000001 0.015749999999999993
0 0.026783854166666666 0.7496296296296296 0.05244270833333333 0.04520370370370364
0 0.027856770833333332 0.713462962962963 0.045734375 0.029814814814814645
0 0.052890625 0.7590462962962963 0.027812500000000004 0.023555555555555607
0 0.05187760416666667 0.6586620370370371 0.020244791666666668 0.02013888888888889
0 0.10853906249999999 0.6130509259259259 0.02628645833333335 0.024842592592592524
0 0.23629166666666668 0.8536435185185185 0.04017708333333333 0.04354629629629648
0 0.26291927083333333 0.53175 0.027515625000000023 0.016777777777777676
0 0.3383072916666666 0.628388888888889 0.014260416666666723 0.019999999999999917
0 0.33208333333333334 0.6546620370370371 0.0128541666666667 0.017490740740740623
0 0.9848515624999999 0.8447731481481482 0.026015624999999907 0.037120370370370505
0 0.4360625 0.5268564814814815 0.018177083333333382 0.022212962962962973
0 0.61496875 0.4692777777777778 0.021114583333333315 0.02009259259259253
0 0.7302552083333335 0.5580324074074073 0.01885416666666657 0.025472222222222212
0 0.6175130208333334 0.5935694444444445 0.02941145833333323 0.030861111111111044
0 0.5765963541666667 0.4990555555555556 0.023880208333333285 0.025703703703703694
0 0.2349401041666667 0.5588796296296296 0.014463541666666658 0.01659259259259266
0 0.30689843749999995 0.5640555555555555 0.026369791666666722 0.027537037037037044
0 0.25879427083333334 0.5778935185185186 0.03432812500000004 0.03349074074074081