0 0.8244661458333333 0.8926574074074074 0.051171875 0.059314814814814765
0 0.06316927083333333 0.6014259259259259 0.027473958333333333 0.026222222222222372
0 0.020106770833333336 0.6107453703703704 0.03583854166666667 0.0386388888888889
0 0.0235703125 0.7033472222222222 0.033546875 0.019583333333333418
0 0.10403385416666668 0.7607407407407406 0.04453645833333333 0.044999999999999915
0 0.15072135416666665 0.5568472222222222 0.02058854166666665 0.02143518518518527
0 0.18363802083333336 0.6830925925925926 0.025161458333333307 0.027759259259259275
0 0.14377604166666666 0.789587962962963 0.028177083333333346 0.05026851851851848
0 0.15171093749999998 0.8504166666666667 0.0449739583333333 0.04385185185185197
0 0.22461718749999998 0.707375 0.039171875000000016 0.05784259259259262
0 0.03837760416666667 0.8466342592592593 0.029026041666666662 0.04395370370370373
0 0.1031640625 0.818412037037037 0.04866145833333331 0.04845370370370364
0 0.2851171875 0.7797407407407407 0.04583854166666666 0.04774074074074069
0 0.26201562500000003 0.6447407407407407 0.034791666666666644 0.03050000000000005
0 0.2385 0.6228796296296296 0.032572916666666646 0.029814814814814645
0 0.18253385416666668 0.7734675925925926 0.03818229166666664 0.037453703703703746
0 0.16788802083333335 0.7518055555555556 0.025421874999999972 0.029185185185185168
0 0.19498958333333333 0.7137314814814815 0.016770833333333356 0.024074074074074074
0 0.18634374999999997 0.6551666666666667 0.0265625 0.02361111111111111
0 0.24157291666666666 0.7613009259259259 0.03945833333333333 0.0504166666666665
0 0.20768229166666666 0.8337592592592593 0.05741666666666667 0.05027777777777795
0 0.1603125 0.894888888888889 0.04128125 0.04472222222222218
0 0.03148697916666667 0.927949074074074 0.057088541666666666 0.06678703703703714
0 0.10770572916666668 0.9462962962962963 0.05450520833333332 0.07900000000000015
0 0.21397656250000002 0.9446296296296297 0.04079687499999996 0.06055555555555564
0 0.30065625 0.9595972222222222 0.04861458333333329 0.05613888888888899
0 0.3096302083333333 0.8957407407407407 0.03963541666666662 0.06414814814814812
0 0.2849453125 0.8268425925925926 0.040005208333333306 0.06187037037037031
0 0.3412630208333333 0.9035925925925926 0.03436979166666667 0.049314814814814804
0 0.34159114583333333 0.7777824074074075 0.027755208333333316 0.043453703703703765
0 0.39801562500000004 0.9258472222222222 0.035218749999999945 0.04886111111111109
0 0.4484661458333334 0.941675925925926 0.018057291666666704 0.02737037037037032
0 0.4479401041666667 0.8939583333333333 0.03995312500000002 0.045416666666666626
0 0.43722135416666663 0.8440555555555554 0.04993229166666661 0.038740740740740874
0 0.3648645833333333 0.7472453703703704 0.03283333333333331 0.05454629629629616
0 0.37905468750000004 0.718037037037037 0.031057291666666723 0.03170370370370371
0 0.41735416666666664 0.7375925925925926 0.0257083333333334 0.023333333333333376
0 0.4173151041666667 0.7907453703703704 0.02602604166666668 0.027027777777777828
0 0.46052604166666666 0.684712962962963 0.02222916666666658 0.026666666666666623
0 0.2906692708333333 0.6676712962962963 0.031057291666666723 0.03354629629629631
0 0.3016953125 0.612375 0.029390625000000035 0.025990740740740682
0 0.3516510416666667 0.5927037037037036 0.029708333333333316 0.0322962962962964
0 0.3909609375 0.574587962962963 0.0329739583333333 0.03317592592592586
0 0.3650755208333333 0.6724166666666667 0.023484375000000075 0.02101851851851835
0 0.47075 0.6138009259259259 0.023677083333333352 0.03413888888888879
0 0.496609375 0.6170185185185185 0.026333333333333306 0.026814814814814847
0 0.4568333333333333 0.5843425925925926 0.02177083333333331 0.020092592592592634
0 0.465234375 0.5120972222222223 0.01975000000000004 0.025064814814814967
0 0.5266953125 0.9819814814814815 0.021817708333333387 0.034185185185185256
0 0.5114583333333333 0.9078796296296296 0.04339583333333342 0.05342592592592597
0 0.5421536458333333 0.7865972222222222 0.027567708333333427 0.026787037037037095
0 0.521921875 0.690125 0.035531250000000014 0.04882407407407409
0 0.5578020833333334 0.6897129629629629 0.0225833333333334 0.026870370370370354
0 0.5973802083333334 0.7501203703703704 0.05544791666666669 0.04679629629629626
0 0.6013541666666666 0.8208148148148149 0.030291666666666592 0.05475925925925914
0 0.6427317708333333 0.7897453703703703 0.023286458333333353 0.03458333333333325
0 0.6648333333333334 0.952800925925926 0.03997916666666678 0.031027777777777876
0 0.7170208333333333 0.9625925925925926 0.037968750000000044 0.050537037037037075
0 0.77034375 0.9239722222222222 0.040510416666666535 0.05946296296296299
0 0.7620703125000001 0.8353703703703704 0.05263020833333343 0.05851851851851835
0 0.7244375000000001 0.8340277777777778 0.0395104166666665 0.04548148148148138
0 0.7143776041666666 0.7889537037037037 0.026557291666666552 0.029296296296296178
0 0.6874531249999999 0.7530092592592592 0.035489583333333505 0.04153703703703694
0 0.6429661458333332 0.6890601851851851 0.028734375000000038 0.030953703703703553
0 0.5932578125 0.696824074074074 0.03265104166666669 0.027648148148148265
0 0.5867057291666666 0.6531712962962962 0.025057291666666495 0.028731481481481667
0 0.6227812499999998 0.6352453703703704 0.02695833333333345 0.037749999999999985
0 0.685828125 0.6819953703703704 0.03518749999999997 0.0333796296296298
0 0.7204869791666667 0.6969444444444445 0.03340104166666672 0.036296296296296125
0 0.7181536458333333 0.72975 0.016109374999999915 0.024166666666666583
0 0.7403098958333333 0.7404583333333333 0.0200677083333332 0.02943518518518515
0 0.7921250000000001 0.7507546296296297 0.04466666666666678 0.04484259259259244
0 0.7582161458333334 0.6694629629629629 0.03596354166666676 0.03662962962962958
0 0.7864010416666666 0.7032268518518519 0.027541666666666725 0.02080555555555558
0 0.8080104166666667 0.6793657407407406 0.02979166666666657 0.03184259259259248
0 0.8328828125 0.7894444444444445 0.038671875 0.04255555555555559
0 0.858375 0.8036712962962962 0.02379166666666682 0.029712962962963097
0 0.9030130208333332 0.7967314814814815 0.053411458333333425 0.05488888888888886
0 0.8737812500000001 0.7364953703703704 0.02939583333333336 0.03893518518518535
0 0.8581354166666666 0.6936203703703703 0.04716666666666688 0.031833333333333436
0 0.9335651041666667 0.7611249999999999 0.025192708333333275 0.028861111111111178
0 0.8824895833333334 0.677236111111111 0.02034375000000021 0.0208981481481483
0 0.8743828125 0.6473981481481482 0.03404687499999994 0.03131481481481497
0 0.8128932291666667 0.6147777777777778 0.02500520833333345 0.015925925925925757
0 0.7326432291666667 0.5872777777777778 0.030880208333333315 0.03266666666666664
0 0.6484166666666666 0.5723703703703704 0.031729166666666704 0.022555555555555672
0 0.7347239583333334 0.534449074074074 0.02687500000000019 0.026546296296296363
0 0.6961484375 0.6007777777777777 0.021463541666666686 0.031185185185185035
0 0.8158020833333334 0.5413703703703704 0.022770833333333466 0.01692592592592611
0 0.8729479166666666 0.5196898148148149 0.023479166666666627 0.0202499999999999
0 0.9187447916666667 0.5939675925925926 0.024447916666666694 0.026898148148148105
0 0.9370416666666667 0.7010138888888889 0.03423958333333322 0.035750000000000115
0 0.9216979166666666 0.6668333333333334 0.01548958333333322 0.027851851851851784
0 0.9000364583333335 0.9601759259259259 0.07117708333333325 0.07153703703703682
0 0.9344192708333333 0.8958379629629629 0.043973958333333486 0.04387962962962972
0 0.9656510416666666 0.9367731481481482 0.05307291666666671 0.0518240740740741
0 0.97721875 0.8012361111111111 0.02535416666666658 0.023972222222222103
0 0.5476979166666667 0.8546527777777778 0.01648958333333326 0.02932407407407414
0 0.9809921875000001 0.7500231481481482 0.03363020833333318 0.028861111111111178
0 0.9621901041666666 0.7172268518518519 0.02614062500000003 0.017361111111111112
0 0.9826796874999999 0.6983611111111111 0.021046874999999923 0.021518518518518527
0 0.99190625 0.6044583333333334 0.015145833333333296 0.018787037037037005
0 0.7904166666666667 0.6232824074074074 0.018489583333333334 0.021712962962963007
0 0.8101953125 0.5719675925925927 0.024036458333333382 0.021027777777777812
0 0.5914869791666667 0.5333333333333333 0.026411458333333353 0.024944444444444495
0 0.6162135416666668 0.5118333333333334 0.020468750000000095 0.021425925925925807
0 0.5598229166666667 0.5619861111111111 0.03070833333333335 0.02465740740740751
0 0.5702942708333334 0.4900277777777778 0.015119791666666533 0.01990740740740741
0 0.131328125 0.6370370370370371 0.01952083333333334 0.019981481481481413
0 0.2968567708333333 0.46469444444444447 0.034536458333333304 0.016629629629629664
0 0.249640625 0.5298472222222221 0.024208333333333342 0.016990740740740657
0 0.33076562499999995 0.5052083333333334 0.017666666666666705 0.013657407407407408
0 0.3105598958333334 0.5593611111111111 0.022203125000000056 0.023351851851851877
0 0.38847916666666665 0.5179444444444444 0.022562499999999968 0.024537037037037038
0 0.47001562500000005 0.47784259259259254 0.021187499999999915 0.016111111111111142
0 0.41673177083333335 0.6125648148148147 0.03143229166666662 0.031796296296296434
0 0.4320494791666667 0.5615509259259259 0.015703125000000047 0.024046296296296323
0 0.40603124999999995 0.48734722222222226 0.029781249999999915 0.016509259259259192
0 0.6999010416666667 0.48739351851851853 0.02201041666666678 0.0150833333333333
0 0.09189583333333333 0.5369351851851851 0.02453125000000001 0.01625925925925921
0 0.023177083333333334 0.7712962962962963 0.04635416666666667 0.04537037037037037
0 0.028393229166666666 0.7314166666666667 0.045734375 0.032370370370370403
0 0.045893229166666674 0.7862592592592593 0.027807291666666664 0.023555555555555607
0 0.05101302083333333 0.6771898148148148 0.020328124999999985 0.021712962962963007
0 0.10767187500000001 0.6284259259259259 0.027260416666666683 0.025703703703703694
0 0.23862499999999998 0.8851712962962963 0.040177083333333384 0.04354629629629627
0 0.2676588541666666 0.5468657407407408 0.02751562499999999 0.01962037037037042
0 0.3440052083333333 0.646462962962963 0.014260416666666723 0.019999999999999917
0 0.338203125 0.6723611111111112 0.0128541666666667 0.017500000000000085
0 0.44685156249999997 0.5432083333333333 0.018171874999999935 0.022212962962962973
0 0.6288229166666667 0.47983333333333333 0.021114583333333315 0.020092592592592634
0 0.7472239583333333 0.5747916666666667 0.01885416666666657 0.025472222222222212
0 0.6276953125000001 0.6083194444444444 0.029411458333333466 0.030861111111111044
0 0.5918880208333334 0.5154398148148148 0.023880208333333285 0.025694444444444443
0 0.24028125000000003 0.5687962962962962 0.015583333333333371 0.025740740740740908
0 0.3123385416666667 0.5756620370370371 0.026374999999999933 0.027527777777777793
0 0.2640703125 0.5936712962962962 0.03432812500000004 0.03349074074074081