0 0.04541666666666667 0.6549537037037038 0.039635416666666666 0.034722222222222224
0 0.07790104166666666 0.8585648148148148 0.05701041666666668 0.07620370370370366
0 0.1453359375 0.6014861111111112 0.02173437500000001 0.02306481481481468
0 0.17355208333333336 0.7558425925925926 0.028989583333333378 0.03492592592592574
0 0.12202604166666668 0.897449074074074 0.03782291666666667 0.07823148148148149
0 0.12576041666666665 0.9701203703703704 0.05181250000000001 0.05790740740740737
0 0.21483333333333335 0.798037037037037 0.03559374999999996 0.06024074074074069
0 0.06859375 0.9383981481481481 0.0671875 0.06881481481481497
0 0.28520052083333336 0.8833148148148149 0.05720312499999996 0.05922222222222225
0 0.26385416666666667 0.7070509259259259 0.046041666666666654 0.041694444444444416
0 0.23707031250000002 0.6814814814814815 0.03594270833333333 0.04350000000000002
0 0.16731770833333334 0.8743287037037037 0.050468749999999986 0.05310185185185177
0 0.15449479166666666 0.843837962962963 0.03008333333333333 0.045379629629629624
0 0.18504687499999997 0.8000833333333333 0.01984374999999995 0.03366666666666678
0 0.18033072916666668 0.719138888888889 0.02769270833333337 0.03137037037037047
0 0.23455208333333336 0.8669768518518519 0.04214583333333337 0.06450925925925932
0 0.19347395833333333 0.953486111111111 0.07111458333333331 0.0723981481481482
0 0.28513020833333336 0.9506064814814814 0.0454166666666666 0.07787962962962974
0 0.3584375 0.8809074074074074 0.04645833333333324 0.06011111111111118
0 0.4569947916666667 0.9716666666666668 0.047864583333333384 0.054814814814814754
0 0.38091145833333334 0.8336296296296296 0.039427083333333356 0.0588518518518518
0 0.3975807291666667 0.8088425925925925 0.031057291666666723 0.03170370370370371
0 0.43809635416666665 0.8322222222222222 0.03152604166666665 0.0418888888888889
0 0.4395338541666666 0.8983888888888889 0.02872395833333338 0.03707407407407404
0 0.48754166666666665 0.7653842592592592 0.023781249999999924 0.03219444444444443
0 0.2953984375 0.7404351851851853 0.035546875 0.03790740740740746
0 0.3096197916666667 0.6772453703703704 0.033854166666666664 0.03821296296296295
0 0.36298958333333337 0.6501018518518518 0.038062499999999964 0.04175925925925918
0 0.40927343750000006 0.6250694444444445 0.037692708333333276 0.034731481481481474
0 0.38031510416666664 0.7486435185185186 0.023484375000000075 0.02100925925925931
0 0.5013671875 0.6734027777777779 0.034296874999999956 0.04013888888888881
0 0.5327369791666666 0.6760740740740742 0.02983854166666665 0.03201851851851845
0 0.48083333333333333 0.6403425925925925 0.02614583333333324 0.03568518518518515
0 0.48991666666666667 0.5511666666666667 0.025479166666666705 0.022111111111111213
0 0.5874635416666666 0.9002314814814815 0.03086458333333345 0.043055555555555555
0 0.5610312499999999 0.7718148148148147 0.04383333333333326 0.0573333333333334
0 0.5999713541666666 0.771324074074074 0.02823437500000002 0.03944444444444436
0 0.6504505208333333 0.8471712962962964 0.06472395833333332 0.0643611111111111
0 0.6599140625 0.9443425925925925 0.03771354166666659 0.06385185185185188
0 0.7042369791666666 0.9034537037037037 0.023286458333333353 0.05120370370370366
0 0.8537994791666667 0.9631805555555557 0.0677343750000001 0.07178703703703691
0 0.8056302083333333 0.9569629629629629 0.06082291666666653 0.06533333333333328
0 0.7872708333333333 0.9008287037037037 0.03333333333333333 0.03849074074074068
0 0.7556119791666667 0.8569212962962962 0.0517968749999999 0.06837962962962954
0 0.6986380208333334 0.7684212962962963 0.03616145833333325 0.04267592592592606
0 0.6396119791666666 0.778050925925926 0.037963541666666836 0.03260185185185189
0 0.6331536458333334 0.7226388888888889 0.02891145833333345 0.03562962962962964
0 0.6731692708333334 0.701037037037037 0.032723958333333296 0.05699999999999995
0 0.758390625 0.7616157407407408 0.04790625000000001 0.04878703703703709
0 0.79140625 0.7801064814814814 0.041666666666666664 0.04923148148148155
0 0.787859375 0.8257314814814815 0.0271979166666668 0.04409259259259249
0 0.8165911458333334 0.8412407407407407 0.03202604166666655 0.04103703703703719
0 0.8797526041666667 0.8506944444444444 0.057432291666666656 0.057037037037036956
0 0.8318802083333333 0.743574074074074 0.04486458333333327 0.04959259259259254
0 0.862109375 0.7904722222222222 0.03173958333333336 0.02998148148148158
0 0.8860520833333333 0.7515694444444445 0.04654166666666673 0.06482407407407406
0 0.9280807291666666 0.9052731481481481 0.05852604166666661 0.06352777777777789
0 0.9716119791666666 0.9371944444444446 0.04177604166666669 0.046722222222222255
0 0.9765625 0.8298148148148149 0.04583333333333333 0.05981481481481473
0 0.9580286458333334 0.7822083333333334 0.053859374999999925 0.04756481481481471
0 0.9824375 0.7576527777777777 0.03408333333333336 0.04150925925925919
0 0.9703125 0.7196990740740741 0.058333333333333334 0.04699074074074074
0 0.8938359375 0.6769398148148148 0.03082812500000003 0.022805555555555655
0 0.7977552083333334 0.644800925925926 0.036697916666666684 0.03725000000000002
0 0.6987473958333333 0.6235925925925926 0.041630208333333245 0.03201851851851845
0 0.7998776041666666 0.584662037037037 0.026869791666666743 0.026546296296296363
0 0.7502760416666666 0.6553055555555556 0.031718750000000046 0.03422222222222226
0 0.8877317708333333 0.585314814814815 0.025692708333333297 0.02092592592592584
0 0.9503697916666667 0.5607824074074074 0.027968749999999907 0.025583333333333434
0 0.5926640625 0.9842638888888889 0.02280729166666665 0.02962037037037017
0 0.8662421874999999 0.6876018518518519 0.019588541666666497 0.025055555555555505
0 0.8840468749999999 0.630625 0.02695833333333345 0.03017592592592606
0 0.6327578125 0.5759537037037037 0.026411458333333353 0.024944444444444495
0 0.6609791666666667 0.551138888888889 0.020468750000000095 0.021425925925925807
0 0.5978776041666668 0.6123101851851852 0.030703124999999904 0.02465740740740751
0 0.6055286458333333 0.5240138888888889 0.03244270833333331 0.025157407407407475
0 0.11720052083333332 0.6982731481481481 0.026442708333333325 0.022009259259259242
0 0.30940104166666665 0.49102777777777773 0.0345312500000001 0.02609259259259244
0 0.25273958333333335 0.5660555555555555 0.024208333333333342 0.02388888888888885
0 0.342984375 0.5438101851851852 0.02354166666666669 0.020212962962962894
0 0.3193177083333333 0.6028101851851853 0.029739583333333285 0.028861111111111178
0 0.4083776041666667 0.558962962962963 0.03488020833333335 0.02629629629629638
0 0.4971015625 0.5092962962962962 0.021182291666666703 0.023444444444444597
0 0.44017187500000005 0.6740787037037037 0.03769791666666673 0.04560185185185185
0 0.45482812499999997 0.6079722222222222 0.022218749999999923 0.03151851851851849
0 0.4276927083333334 0.5195925925925927 0.032458333333333415 0.023222222222222155
0 0.7579192708333333 0.5216805555555555 0.02285937500000017 0.020879629629629796
0 0.0140625 0.8921296296296296 0.028125 0.03518518518518519
0 0.0240234375 0.750537037037037 0.03729687500000001 0.04127777777777771
0 0.09124479166666667 0.6877916666666667 0.027249999999999996 0.031287037037037
0 0.2702421875 0.5863287037037037 0.027515624999999964 0.022472222222222206
0 0.35604687499999993 0.7119120370370371 0.016999999999999935 0.024824074074074023
0 0.35070833333333334 0.7484537037037037 0.01782291666666668 0.026481481481481398
0 0.4707630208333333 0.5893518518518519 0.018171874999999935 0.022203703703703722
0 0.6729479166666666 0.5100462962962962 0.026135416666666817 0.02792592592592579
0 0.812078125 0.6263981481481481 0.024885416666666535 0.03487037037037045
0 0.6795416666666667 0.6736805555555556 0.029416666666666678 0.030861111111111044
0 0.6304348958333333 0.5509120370370371 0.023880208333333285 0.025694444444444443
0 0.15311979166666667 0.5543287037037037 0.016968749999999963 0.01586111111111121
0 0.17096875 0.539125 0.0207395833333333 0.01899074074074073
0 0.22225 0.5349907407407407 0.03456249999999995 0.026814814814814847
0 0.22947916666666668 0.5584583333333333 0.023250000000000052 0.021231481481481542
0 0.19334375 0.5260555555555556 0.0207395833333333 0.022351851851851734
0 0.2963177083333334 0.5596249999999999 0.04632291666666669 0.0459166666666668
0 0.4055963541666667 0.7186481481481481 0.032432291666666654 0.03218518518518518
0 0.24079687500000002 0.6186388888888888 0.015583333333333371 0.0257407407407407
0 0.08109114583333334 0.5752037037037038 0.03324479166666668 0.03292592592592587
0 0.13015104166666666 0.5135185185185185 0.027375 0.029481481481481615
0 0.32012760416666663 0.6139490740740742 0.026880208333333398 0.02954629629629616
0 0.26658333333333334 0.647638888888889 0.03516666666666666 0.03720370370370355