0 0.7394739583333333 0.7514027777777778 0.04615624999999994 0.04626851851851854
0 0.0499609375 0.5448055555555555 0.027473958333333333 0.026222222222222164
0 0.012760416666666666 0.55 0.025520833333333333 0.02962962962962963
0 0.01969270833333333 0.6264259259259259 0.03210416666666667 0.017481481481481584
0 0.09720572916666666 0.6665185185185184 0.04453645833333333 0.03650000000000007
0 0.13264583333333332 0.5050648148148148 0.0186875 0.01594444444444447
0 0.17037760416666667 0.6110833333333333 0.025161458333333307 0.027759259259259275
0 0.13364843750000002 0.693763888888889 0.021109374999999986 0.02930555555555564
0 0.14615104166666668 0.7411249999999999 0.03557291666666664 0.039083333333333366
0 0.2064661458333333 0.6265231481481481 0.031161458333333295 0.04395370370370373
0 0.044221354166666664 0.7399583333333333 0.029026041666666662 0.04395370370370373
0 0.09756770833333332 0.7188472222222222 0.04165625000000001 0.03917592592592588
0 0.26512760416666664 0.6795231481481482 0.03579687500000001 0.03669444444444454
0 0.24190364583333332 0.5714351851851852 0.028380208333333337 0.029814814814814856
0 0.2190859375 0.5546712962962964 0.03256770833333332 0.029805555555555606
0 0.16933333333333334 0.6813796296296296 0.032572916666666646 0.03211111111111117
0 0.15785416666666668 0.66275 0.022572916666666623 0.013185185185185194
0 0.17821874999999998 0.6337407407407408 0.016770833333333356 0.024074074074074074
0 0.173640625 0.5814861111111111 0.025802083333333316 0.019490740740740697
0 0.2252239583333333 0.6739027777777779 0.038697916666666644 0.03669444444444454
0 0.19292708333333333 0.727925925925926 0.04772916666666666 0.04357407407407402
0 0.15299739583333333 0.7732222222222221 0.041276041666666666 0.04472222222222239
0 0.03837760416666667 0.8049074074074074 0.057078124999999987 0.05342592592592576
0 0.013802083333333333 0.7652777777777777 0.027604166666666666 0.027777777777777776
0 0.032765625 0.9290601851851852 0.04689583333333334 0.06252777777777796
0 0.11062239583333332 0.8896388888888889 0.05376562500000001 0.06044444444444463
0 0.10996354166666666 0.8100231481481482 0.048354166666666684 0.0614351851851851
0 0.16511979166666665 0.8856111111111111 0.039864583333333314 0.040703703703703735
0 0.1824088541666667 0.9378703703703705 0.041921875000000004 0.052740740740740776
0 0.053638020833333334 0.9788101851851851 0.054078125000000005 0.04052777777777776
0 0.21568489583333333 0.9796527777777778 0.037796874999999966 0.03884259259259242
0 0.25071354166666665 0.9675138888888889 0.03386458333333332 0.047027777777777745
0 0.2949947916666667 0.9883055555555554 0.04511458333333328 0.02153703703703724
0 0.3810833333333334 0.9718425925925928 0.042177083333333344 0.04831481481481498
0 0.3712213541666667 0.9251296296296297 0.029671875000000014 0.038981481481481395
0 0.20394270833333333 0.8154305555555555 0.0344375 0.047768518518518654
0 0.2573958333333334 0.8504907407407407 0.038052083333333306 0.032685185185185144
0 0.28391145833333337 0.8180509259259259 0.04095833333333327 0.04586111111111109
0 0.2883020833333333 0.7727962962962963 0.031927083333333425 0.04966666666666676
0 0.2662421875 0.7203240740740741 0.03611979166666668 0.04731481481481473
0 0.3163723958333333 0.7743935185185186 0.024828125000000038 0.03899074074074086
0 0.31989062500000004 0.6757916666666667 0.030343750000000114 0.03434259259259273
0 0.36788281250000004 0.7885277777777778 0.027088541666666664 0.026370370370370388
0 0.372109375 0.878125 0.04546875000000009 0.04758333333333343
0 0.39838541666666666 0.8712407407407408 0.0203125 0.0286666666666667
0 0.4113671875 0.7977222222222222 0.018057291666666704 0.024648148148148048
0 0.41160677083333336 0.7647546296296296 0.036119791666666616 0.03554629629629618
0 0.4001588541666667 0.7273564814814816 0.04321354166666656 0.03439814814814823
0 0.33473958333333337 0.6497037037037038 0.029343750000000075 0.02994444444444458
0 0.34631770833333336 0.6312314814814814 0.03160416666666658 0.024074074074074074
0 0.38388541666666665 0.6442129629629629 0.017729166666666647 0.019351851851851936
0 0.3829947916666666 0.6841759259259259 0.022593750000000058 0.020370370370370372
0 0.42455729166666667 0.5992222222222223 0.019906250000000014 0.024611111111111045
0 0.2695520833333333 0.5875648148148147 0.02560416666666671 0.032074074074073956
0 0.2769036458333333 0.5460462962962963 0.029390625000000035 0.025981481481481432
0 0.3222083333333333 0.5270324074074073 0.02908333333333329 0.030694444444444528
0 0.35554166666666664 0.5117546296296296 0.03296874999999998 0.03317592592592586
0 0.33147656249999996 0.5933240740740741 0.023484375000000075 0.02101851851851835
0 0.43191145833333333 0.5391574074074074 0.021614583333333333 0.026814814814814847
0 0.45615364583333334 0.5390046296296296 0.021744791666666666 0.0268240740740741
0 0.418203125 0.5170555555555555 0.020218750000000084 0.019666666666666676
0 0.4283125 0.45622222222222225 0.01975000000000004 0.015481481481481508
0 0.4755364583333333 0.9497361111111112 0.045229166666666744 0.04343518518518515
0 0.4766171875 0.8950231481481481 0.04743229166666663 0.04723148148148147
0 0.4870807291666666 0.8396527777777778 0.03149479166666656 0.04262037037037056
0 0.46973177083333334 0.7780231481481481 0.03485937500000003 0.049305555555555554
0 0.49475 0.6774953703703703 0.02321874999999996 0.01867592592592599
0 0.4776640625 0.6035277777777778 0.02872395833333338 0.040777777777777746
0 0.5088645833333333 0.596662037037037 0.0225833333333334 0.026879629629629604
0 0.546625 0.6493564814814815 0.040750000000000126 0.03649074074074061
0 0.5470286458333333 0.6992314814814815 0.020526041666666592 0.03185185185185194
0 0.5842005208333333 0.6782222222222223 0.021088541666666554 0.027203703703703806
0 0.6037760416666667 0.8040787037037037 0.0333645833333333 0.02521296296296298
0 0.5258385416666667 0.8596805555555556 0.04147916666666672 0.06413888888888887
0 0.5302395833333333 0.9119305555555556 0.0332187500000001 0.056064814814814776
0 0.5502760416666668 0.8942824074074075 0.029302083333333447 0.06669444444444463
0 0.5907942708333334 0.9066620370370371 0.029859374999999962 0.06204629629629629
0 0.6563932291666668 0.9456064814814814 0.03043229166666682 0.06965740740740742
0 0.6810182291666667 0.8913472222222222 0.03813020833333335 0.04623148148148133
0 0.6948359375000001 0.8407268518518518 0.027901041666666515 0.03393518518518527
0 0.6466510416666668 0.8075694444444445 0.033239583333333184 0.03654629629629611
0 0.68984375 0.7757777777777777 0.036270833333333266 0.04544444444444438
0 0.6875598958333332 0.711875 0.03567187499999989 0.0385648148148149
0 0.6552473958333334 0.7101064814814815 0.03680729166666671 0.04000925925925929
0 0.6462526041666666 0.6771990740740741 0.021151041666666495 0.020324074074074116
0 0.6243151041666667 0.6457222222222222 0.03356770833333324 0.03546296296296292
0 0.5852161458333334 0.5941203703703704 0.029473958333333408 0.030962962962963015
0 0.5411276041666667 0.6066111111111112 0.02861979166666663 0.020481481481481382
0 0.5386744791666668 0.5700879629629629 0.023130208333333315 0.024638888888889005
0 0.5677526041666667 0.5566064814814815 0.023723958333333427 0.028805555555555674
0 0.6356119791666667 0.5909444444444445 0.03519270833333342 0.027203703703703806
0 0.6553489583333333 0.6007314814814815 0.02798958333333322 0.027351851851851818
0 0.6509661458333333 0.6297546296296296 0.016109374999999915 0.024157407407407332
0 0.6710885416666666 0.6376157407407408 0.02007291666666665 0.02943518518518515
0 0.714359375 0.6412083333333334 0.03644791666666668 0.03584259259259263
0 0.6883619791666666 0.5788611111111112 0.03131770833333339 0.03455555555555571
0 0.7095807291666667 0.6074398148148148 0.027536458333333277 0.02080555555555558
0 0.7332708333333334 0.5790509259259259 0.02979166666666657 0.031842592592592686
0 0.7436484374999999 0.6710694444444444 0.027807291666666838 0.02919444444444442
0 0.7702265625 0.6821805555555557 0.020713541666666658 0.02487962962962953
0 0.8077916666666667 0.6754444444444445 0.042177083333333344 0.04048148148148151
0 0.7887005208333332 0.6265092592592593 0.01660937500000017 0.023555555555555607
0 0.7697031249999999 0.5975787037037037 0.03602083333333326 0.026879629629629604
0 0.8330807291666666 0.647412037037037 0.025192708333333275 0.028861111111111178
0 0.7983697916666667 0.5839120370370371 0.02034375000000021 0.02089814814814809
0 0.7887395833333334 0.5494398148148149 0.022208333333333503 0.029861111111111113
0 0.7432942708333333 0.5353055555555556 0.02500520833333345 0.01592592592592597
0 0.6698619791666667 0.5142407407407408 0.02276562500000002 0.028203703703703738
0 0.5923515625 0.5026805555555556 0.03172395833333326 0.022564814814814715
0 0.6736979166666667 0.4681435185185185 0.02687499999999995 0.02654629629629626
0 0.632484375 0.517462962962963 0.02145833333333324 0.031185185185185243
0 0.745421875 0.4752870370370371 0.022770833333333466 0.0169259259259259
0 0.7980677083333333 0.4582037037037037 0.019968750000000077 0.01592592592592597
0 0.8481666666666666 0.5642962962962963 0.024447916666666694 0.023888888888889057
0 0.8437942708333334 0.6084583333333333 0.03191145833333332 0.02952777777777766
0 0.8292734374999999 0.5790648148148148 0.015494791666666667 0.02090740740740734
0 0.7509973958333334 0.8941388888888889 0.0604010416666668 0.06701851851851862
0 0.7699947916666666 0.8347777777777777 0.04407291666666661 0.05016666666666651
0 0.7971354166666667 0.796074074074074 0.05320833333333326 0.052074074074074085
0 0.8070078125 0.9018333333333334 0.04407812500000006 0.07699999999999986
0 0.8512109374999999 0.9479861111111112 0.029473958333333408 0.04787962962962966
0 0.8130807291666666 0.8510972222222222 0.04246354166666677 0.06115740740740758
0 0.8236067708333333 0.7470277777777777 0.027682291666666713 0.03105555555555552
0 0.848734375 0.7760925925925927 0.046760416666666534 0.04203703703703712
0 0.8592161458333334 0.8276898148148147 0.024723958333333466 0.02962037037037038
0 0.9034036458333332 0.9422546296296296 0.02606770833333343 0.03536111111111116
0 0.9366119791666667 0.8205231481481481 0.041921874999999886 0.058287037037036867
0 0.8865807291666667 0.853087962962963 0.028213541666666706 0.03391666666666677
0 0.9629010416666667 0.9599583333333335 0.04971875000000002 0.06675000000000003
0 0.9801822916666667 0.8527731481481482 0.038593749999999954 0.053027777777777764
0 0.8667994791666668 0.6753657407407407 0.021494791666666895 0.020546296296296347
0 0.9494661458333333 0.7701990740740742 0.03950520833333352 0.03917592592592588
0 0.49880989583333335 0.7313472222222223 0.013786458333333347 0.024509259259259286
0 0.895953125 0.6678287037037037 0.028749999999999904 0.028861111111111178
0 0.8709895833333334 0.6357638888888889 0.026135416666666817 0.017361111111111112
0 0.8779921875 0.5964861111111112 0.021046874999999923 0.021527777777777778
0 0.9280598958333334 0.6554722222222222 0.024765625000000093 0.030814814814814788
0 0.9136640625000001 0.5960185185185186 0.03150520833333322 0.0234814814814816
0 0.9328749999999999 0.7140046296296296 0.038979166666666745 0.0430092592592593
0 0.9483671875 0.6987962962962964 0.027286458333333267 0.033018518518518385
0 0.9612864583333334 0.6508055555555554 0.027281250000000055 0.02812962962962973
0 0.9818802083333333 0.6893796296296296 0.03519791666666663 0.047277777777777724
0 0.9582161458333334 0.5893657407407409 0.027171875000000036 0.02649074074074086
0 0.8948177083333333 0.525625 0.02063541666666661 0.018787037037037005
0 0.7219114583333333 0.542537037037037 0.018489583333333334 0.021722222222222257
0 0.7349791666666666 0.49892129629629633 0.024552083333333505 0.025268518518518485
0 0.5411119791666666 0.4711574074074074 0.026411458333333353 0.024944444444444495
0 0.5670989583333333 0.45325 0.020468750000000095 0.021425925925925914
0 0.5138984375 0.49827314814814816 0.030703124999999904 0.02465740740740751
0 0.5225182291666667 0.4360787037037037 0.01122395833333331 0.013212962962962945
0 0.10831770833333333 0.5631759259259259 0.01952083333333334 0.019981481481481413
0 0.27084114583333335 0.4178148148148148 0.03247395833333341 0.016629629629629664
0 0.2248541666666667 0.4753425925925926 0.024208333333333342 0.013203703703703695
0 0.3044713541666667 0.45400000000000007 0.016921875000000006 0.0117407407407408
0 0.285390625 0.49710648148148145 0.01636458333333337 0.015361111111111036
0 0.35813541666666665 0.46478240740740745 0.022562499999999968 0.014916666666666575
0 0.43371093749999995 0.42556944444444444 0.021182291666666703 0.016564814814814803
0 0.3841458333333333 0.5408842592592592 0.025802083333333316 0.03313888888888886
0 0.3974036458333334 0.5000324074074074 0.015703125000000047 0.024046296296296323
0 0.3728880208333333 0.4380509259259259 0.0253177083333334 0.016509259259259192
0 0.6434114583333332 0.43219907407407404 0.02201041666666678 0.016435185185185185
0 0.07414583333333334 0.4863240740740741 0.024531250000000004 0.014203703703703838
0 0.019302083333333334 0.6856018518518519 0.03819791666666667 0.036666666666666584
0 0.028481770833333333 0.6549629629629629 0.03186979166666667 0.020277777777777863
0 0.043583333333333335 0.694675925925926 0.02614583333333333 0.01972222222222218
0 0.046570312499999995 0.6030601851851851 0.020244791666666668 0.02013888888888889
0 0.09527604166666667 0.5657407407407408 0.023374999999999996 0.022277777777777726
0 0.22573958333333335 0.7670833333333333 0.03671875 0.03975925925925931
0 0.24565885416666663 0.487925925925926 0.027515624999999964 0.016777777777777676
0 0.31575000000000003 0.5736527777777779 0.014260416666666723 0.019990740740740875
0 0.31133333333333335 0.5948935185185185 0.0128541666666667 0.017490740740740623
0 0.6860677083333333 0.9540092592592592 0.02660416666666663 0.0286666666666667
0 0.8937578125 0.739125 0.026015624999999907 0.0371203703703703
0 0.4091432291666667 0.4779861111111111 0.018171874999999935 0.022212962962962973
0 0.6823697916666667 0.5050694444444445 0.01885416666666657 0.025472222222222212
0 0.5737734375 0.5338981481481481 0.018098958333333335 0.022796296296296197
0 0.21944010416666665 0.5126527777777777 0.014463541666666658 0.0165833333333332
0 0.28747395833333333 0.5152314814814816 0.026374999999999933 0.027537037037037044
0 0.24313802083333333 0.526986111111111 0.03432812499999998 0.03349074074074081