0 0.04403125 0.6629722222222222 0.039635416666666666 0.034722222222222224
0 0.07082291666666667 0.8768472222222222 0.06116666666666667 0.08850925925925919
0 0.14290624999999998 0.6107407407407407 0.02172916666666668 0.023055555555555638
0 0.17215885416666665 0.7718518518518518 0.03175520833333335 0.041111111111111195
0 0.11622656250000002 0.921324074074074 0.037828125 0.07822222222222223
0 0.1265625 0.9827175925925926 0.03791666666666664 0.032712962962962895
0 0.21605208333333334 0.8094305555555555 0.03664583333333334 0.06947222222222241
0 0.059351562499999996 0.9634351851851852 0.06931770833333334 0.07112962962962978
0 0.28322135416666666 0.907125 0.058484374999999984 0.062083333333333504
0 0.264203125 0.7218564814814815 0.04604166666666672 0.041694444444444416
0 0.2367265625 0.6975231481481482 0.03594270833333333 0.04349074074074055
0 0.16245833333333332 0.8996296296296297 0.056020833333333304 0.07037037037037037
0 0.15171875 0.8660462962962964 0.03008333333333333 0.04537037037037037
0 0.18296354166666665 0.8155092592592592 0.01984374999999995 0.033666666666666574
0 0.18345052083333335 0.7320972222222222 0.03393229166666671 0.03876851851851842
0 0.23664583333333333 0.8823888888888889 0.04702083333333332 0.07188888888888877
0 0.19126302083333335 0.9704722222222223 0.069796875 0.057203703703703576
0 0.28513020833333336 0.9665925925925927 0.0454166666666666 0.06496296296296283
0 0.3603307291666667 0.9036435185185184 0.04690104166666676 0.06010185185185172
0 0.4648984375 0.9842777777777778 0.04561979166666674 0.029592592592592625
0 0.38321875 0.8578472222222221 0.0392916666666667 0.05454629629629616
0 0.39689583333333334 0.8275185185185185 0.03703124999999995 0.037425925925925994
0 0.44109375000000006 0.8536111111111111 0.032770833333333374 0.043462962962963016
0 0.444140625 0.9260879629629629 0.02872916666666671 0.03460185185185175
0 0.49467968749999996 0.7834675925925926 0.026536458333333356 0.03793518518518521
0 0.29567968749999995 0.7546759259259259 0.037348958333333356 0.03790740740740746
0 0.31052343749999994 0.686949074074074 0.0364843750000001 0.04041666666666675
0 0.3645130208333333 0.6629722222222222 0.038515625000000026 0.04290740740740733
0 0.4109791666666666 0.6375787037037037 0.03884374999999996 0.03691666666666656
0 0.37810677083333327 0.7664027777777777 0.023348958333333295 0.02512037037037047
0 0.5025651041666667 0.6850972222222222 0.034296874999999956 0.0459166666666668
0 0.536890625 0.6909675925925925 0.03163541666666661 0.035379629629629664
0 0.4856770833333333 0.6520555555555556 0.026145833333333358 0.03568518518518515
0 0.49497916666666664 0.5612222222222222 0.0272708333333334 0.02477777777777777
0 0.5934739583333333 0.9252268518518518 0.03086458333333345 0.038435185185185176
0 0.5671718749999999 0.7911296296296297 0.04543749999999989 0.06522222222222228
0 0.6088333333333333 0.788236111111111 0.02826041666666678 0.04117592592592595
0 0.6606093749999999 0.8725092592592593 0.0679791666666669 0.06853703703703702
0 0.6667369791666666 0.9641388888888889 0.035953125000000107 0.059500000000000206
0 0.7151015624999999 0.9291296296296296 0.026161458333333106 0.05220370370370381
0 0.8557473958333333 0.9766527777777776 0.038088541666666725 0.044842592592592864
0 0.8117604166666667 0.9757314814814815 0.04147916666666684 0.04668518518518525
0 0.8035520833333333 0.9294768518518519 0.03622916666666664 0.04419444444444446
0 0.7659296875 0.874699074074074 0.0517968749999999 0.07412037037037054
0 0.7083177083333333 0.7856157407407407 0.038593749999999954 0.04782407407407416
0 0.6475260416666667 0.7994768518518518 0.039718750000000115 0.03323148148148136
0 0.6398020833333333 0.7404120370370371 0.029312499999999866 0.036768518518518555
0 0.681703125 0.7180787037037037 0.03378124999999983 0.060750000000000116
0 0.7686822916666666 0.7807638888888888 0.04896875000000023 0.05174999999999988
0 0.80253125 0.7998888888888889 0.044885416666666816 0.05383333333333343
0 0.80253125 0.8466712962962962 0.0271979166666668 0.04582407407407408
0 0.8298203125000001 0.8608703703703704 0.03332812499999989 0.04418518518518521
0 0.8955520833333334 0.875074074074074 0.06774999999999996 0.069111111111111
0 0.8461770833333333 0.763351851851852 0.04680208333333316 0.05131481481481488
0 0.8806562499999999 0.8116712962962963 0.037229166666666674 0.03684259259259256
0 0.9025 0.7722083333333334 0.04654166666666673 0.06482407407407406
0 0.9472786458333334 0.9290694444444444 0.06596354166666647 0.07556481481481493
0 0.9876796875 0.9595740740740742 0.023598958333333305 0.0352962962962963
0 0.9698020833333333 0.7988379629629628 0.05935416666666669 0.04756481481481471
0 0.9777291666666666 0.7397638888888889 0.04349999999999999 0.04699074074074074
0 0.9088984375 0.6903287037037038 0.03082812500000003 0.022805555555555655
0 0.8096223958333333 0.655861111111111 0.04481770833333343 0.04087037037037025
0 0.7077135416666667 0.6343842592592592 0.043947916666666725 0.03715740740740751
0 0.8062421875000001 0.5872453703703703 0.03324479166666663 0.032731481481481396
0 0.7625677083333334 0.6606898148148149 0.035489583333333505 0.036768518518518555
0 0.896828125 0.5933009259259259 0.03405208333333339 0.020435185185185126
0 0.9620859374999999 0.5698009259259259 0.03520312500000008 0.026138888888888906
0 0.8861848958333333 0.7064444444444444 0.019588541666666497 0.025055555555555505
0 0.8931770833333333 0.634986111111111 0.04104166666666676 0.04187962962962965
0 0.6393020833333334 0.5857453703703703 0.027895833333333304 0.029731481481481598
0 0.6684583333333334 0.5586898148148148 0.025187499999999828 0.025231481481481483
0 0.604796875 0.6246157407407408 0.032937499999999884 0.0275833333333333
0 0.6143307291666668 0.5329027777777777 0.03217187499999999 0.024101851851851826
0 0.11253385416666667 0.7121898148148148 0.028890625000000014 0.02382407407407409
0 0.3083515625 0.49794907407407407 0.03543229166666665 0.02823148148148149
0 0.2531171875 0.5783333333333334 0.02421354166666667 0.02388888888888885
0 0.35171874999999997 0.5592777777777778 0.0318749999999999 0.025907407407407424
0 0.3184895833333333 0.6142870370370371 0.032250000000000036 0.031092592592592526
0 0.4100859375 0.5678287037037038 0.036515625000000065 0.02921296296296292
0 0.5002291666666667 0.5169675925925926 0.022083333333333382 0.025564814814814932
0 0.4431432291666667 0.6861574074074074 0.04130729166666664 0.046740740740740756
0 0.45825 0.6190787037037038 0.023416666666666686 0.03363888888888882
0 0.4306640625 0.5280509259259258 0.03364062499999996 0.02637962962962964
0 0.7599401041666667 0.5283749999999999 0.02574479166666682 0.023990740740740608
0 0.0067708333333333336 0.9101851851851852 0.013541666666666667 0.03518518518518519
0 0.020552083333333335 0.7634907407407406 0.037302083333333326 0.04127777777777771
0 0.08970312500000001 0.6988333333333333 0.030385416666666682 0.03618518518518512
0 0.2733567708333334 0.5942731481481482 0.027515624999999964 0.022472222222222206
0 0.35554687500000004 0.7293101851851852 0.016999999999999935 0.024824074074074023
0 0.35145572916666673 0.7652222222222222 0.01910937500000003 0.026481481481481398
0 0.47365885416666664 0.5993472222222221 0.018171874999999935 0.022212962962962973
0 0.6782890625 0.5187037037037038 0.02613020833333337 0.02792592592592579
0 0.8235416666666666 0.639 0.024885416666666535 0.03487037037037045
0 0.6872734375 0.6847407407407408 0.029411458333333466 0.030851851851851794
0 0.015250000000000001 0.6268101851851852 0.02790625 0.03619444444444458
0 0.6360885416666666 0.5595740740740741 0.023885416666666732 0.025703703703703694
0 0.15076041666666665 0.5615370370370371 0.01790625 0.016185185185185202
0 0.16851822916666664 0.5461666666666667 0.02073437499999997 0.018999999999999982
0 0.22303645833333335 0.544212962962963 0.03456250000000001 0.026814814814814847
0 0.22884895833333332 0.5662777777777777 0.023249999999999993 0.021222222222222288
0 0.19153385416666666 0.5341574074074074 0.021526041666666686 0.023462962962962887
0 0.2973567708333333 0.5668333333333334 0.05028645833333343 0.05027777777777795
0 0.407859375 0.733125 0.03242708333333333 0.03217592592592593
0 0.24200520833333333 0.6294537037037037 0.017312500000000005 0.03133333333333347
0 0.07751302083333332 0.5834583333333333 0.034380208333333336 0.033379629629629586
0 0.12839322916666665 0.5192037037037037 0.026619791666666674 0.03194444444444444
0 0.3211354166666666 0.6334861111111111 0.027385416666666627 0.03156481481481495
0 0.264828125 0.6602546296296297 0.03567708333333333 0.038749999999999916