0 0.88934375 0.978050925925926 0.0451666666666668 0.04204629629629616
0 0.05934895833333333 0.6360370370370371 0.022864583333333337 0.014666666666666802
0 0.011458333333333333 0.7518518518518519 0.022916666666666665 0.022222222222222223
0 0.090640625 0.8158564814814815 0.05456249999999999 0.07034259259259262
0 0.14718489583333336 0.5852962962962963 0.02173437500000001 0.023055555555555638
0 0.17868750000000003 0.7324768518518519 0.028989583333333378 0.0349351851851852
0 0.13058333333333333 0.8614305555555556 0.03166666666666667 0.060675925925925904
0 0.13602604166666665 0.9298518518518518 0.04854166666666668 0.057740740740740856
0 0.21955729166666668 0.7631064814814814 0.035593750000000014 0.06025000000000015
0 0.013802083333333333 0.9217592592592593 0.027604166666666666 0.044444444444444446
0 0.08285156249999999 0.8993333333333333 0.05606770833333333 0.05692592592592594
0 0.28500000000000003 0.8437175925925926 0.051874999999999984 0.05460185185185188
0 0.264203125 0.6824861111111111 0.03907291666666666 0.038731481481481415
0 0.2383046875 0.6632268518518518 0.03594270833333333 0.03960185185185183
0 0.1730807291666667 0.8398935185185186 0.0451510416666667 0.045064814814814884
0 0.15723437499999998 0.8109768518518519 0.03008333333333333 0.045379629629629624
0 0.18874479166666666 0.7724537037037037 0.01984375000000001 0.033666666666666574
0 0.18176822916666666 0.6958935185185186 0.027692708333333312 0.03136111111111101
0 0.240703125 0.8293703703703704 0.039249999999999945 0.06011111111111118
0 0.19986197916666668 0.9133148148148149 0.06166145833333333 0.06996296296296291
0 0.14507031250000002 0.9743935185185185 0.051765624999999996 0.049361111111111064
0 0.311984375 0.9755092592592592 0.04383333333333338 0.047129629629629716
0 0.28677083333333336 0.9090277777777778 0.04541666666666669 0.07094444444444434
0 0.3499140625 0.9813425925925925 0.030067708333333342 0.035462962962963133
0 0.35555468749999997 0.8444490740740741 0.041671875 0.05763888888888889
0 0.4710182291666667 0.9794027777777778 0.04589062500000007 0.03934259259259239
0 0.45001822916666673 0.9276805555555555 0.04993229166666661 0.04989814814814803
0 0.3785 0.8009305555555556 0.03283333333333331 0.05454629629629637
0 0.3926484375 0.7776851851851851 0.031057291666666723 0.03170370370370371
0 0.4328307291666667 0.7961342592592593 0.028807291666666637 0.036398148148148096
0 0.43617968749999997 0.8651574074074074 0.02872395833333338 0.03707407407407404
0 0.48213281249999995 0.7387314814814815 0.023776041666666713 0.03218518518518518
0 0.29498697916666666 0.7143888888888889 0.035546875 0.03790740740740746
0 0.3092083333333333 0.6542453703703704 0.033854166666666664 0.03821296296296295
0 0.35754427083333334 0.6301898148148148 0.030640624999999963 0.03471296296296297
0 0.4014036458333333 0.6071805555555555 0.037692708333333276 0.034731481481481474
0 0.3733307291666667 0.7217453703703703 0.023484375000000075 0.02100925925925931
0 0.4900104166666666 0.6522314814814815 0.027708333333333238 0.03792592592592596
0 0.520484375 0.6545277777777778 0.02983333333333332 0.03201851851851845
0 0.4762395833333333 0.6188101851851853 0.023666666666666693 0.029101851851851702
0 0.4854114583333333 0.5365740740740741 0.01975000000000004 0.025074074074074006
0 0.57528125 0.8611851851851852 0.027572916666666693 0.03133333333333347
0 0.550765625 0.7433472222222223 0.04135416666666671 0.055101851851852054
0 0.5886979166666666 0.7449444444444444 0.02582291666666663 0.0301666666666666
0 0.6319192708333332 0.8163564814814814 0.059151041666666515 0.05506481481481484
0 0.6365 0.896263888888889 0.03771875000000004 0.06384259259259263
0 0.6848619791666667 0.8630416666666667 0.023286458333333353 0.04147222222222219
0 0.8225703125 0.921462962962963 0.06292187499999997 0.06527777777777778
0 0.7802109375 0.921310185185185 0.05132812500000009 0.05293518518518525
0 0.7649505208333333 0.865287037037037 0.03332812499999989 0.03849999999999993
0 0.7302708333333333 0.8197731481481482 0.04191666666666644 0.05421296296296292
0 0.6831640625000001 0.737625 0.036161458333333486 0.04267592592592585
0 0.6260625 0.7474907407407407 0.03263541666666659 0.031111111111111027
0 0.6204192708333333 0.6978148148148148 0.02891145833333345 0.03562962962962964
0 0.6594921874999999 0.681449074074074 0.03159895833333337 0.045064814814814884
0 0.7314921875000001 0.7337592592592593 0.035192708333333184 0.03853703703703694
0 0.7681953125 0.7490833333333333 0.034671874999999845 0.03975925925925931
0 0.7681458333333334 0.7972685185185184 0.023093750000000076 0.03244444444444441
0 0.78946875 0.8054629629629629 0.024604166666666552 0.03520370370370369
0 0.8523255208333335 0.818925925925926 0.05159895833333318 0.05338888888888876
0 0.8064088541666666 0.7206805555555555 0.044859375000000055 0.04349074074074077
0 0.8350677083333333 0.7590694444444445 0.03173958333333336 0.029972222222222122
0 0.8639583333333334 0.730212962962963 0.0345208333333332 0.04838888888888888
0 0.8935078125 0.8623148148148148 0.051953125 0.05111111111111094
0 0.9345755208333333 0.8905787037037037 0.032734374999999954 0.03991666666666679
0 0.9746067708333332 0.874611111111111 0.04974479166666678 0.07396296296296306
0 0.947625 0.7963333333333333 0.04806249999999987 0.05857407407407406
0 0.9214010416666667 0.7476342592592592 0.05386458333333337 0.03882407407407392
0 0.9527187500000001 0.7323287037037036 0.03229166666666667 0.03297222222222234
0 0.9343463541666667 0.6942777777777778 0.03889062500000004 0.03477777777777773
0 0.8672734375 0.6530972222222222 0.03082812500000003 0.01991666666666666
0 0.7776276041666667 0.6265416666666667 0.036703125000000135 0.03725000000000002
0 0.6825651041666667 0.608986111111111 0.035786458333333354 0.03200925925925941
0 0.7776276041666667 0.5614166666666666 0.026869791666666743 0.0265370370370369
0 0.7305624999999999 0.6329722222222223 0.02145833333333324 0.031185185185185243
0 0.8667812500000001 0.5710740740740741 0.025687500000000085 0.02092592592592584
0 0.9280494791666667 0.5462777777777778 0.024265625000000075 0.02261111111111118
0 0.9793411458333333 0.6303379629629631 0.04027604166666663 0.03921296296296288
0 0.9908072916666666 0.7242453703703703 0.017343750000000095 0.02058333333333335
0 0.5798307291666667 0.9431388888888889 0.018348958333333342 0.036888888888889027
0 0.8453619791666667 0.666787037037037 0.019588541666666733 0.025055555555555505
0 0.8584427083333334 0.6089583333333333 0.02695833333333345 0.03017592592592606
0 0.6201614583333334 0.5559907407407407 0.0264166666666668 0.024944444444444495
0 0.6486536458333333 0.5358055555555556 0.020473958333333306 0.021425925925925807
0 0.5889088541666666 0.5939305555555555 0.030703124999999904 0.02465740740740751
0 0.5990911458333333 0.5080694444444444 0.03244270833333331 0.025157407407407475
0 0.12377343749999999 0.6777083333333332 0.026442708333333325 0.022009259259259242
0 0.3089895833333333 0.4800740740740741 0.03453124999999998 0.02609259259259265
0 0.25273958333333335 0.5558333333333333 0.024208333333333342 0.023888888888889057
0 0.33969791666666665 0.5284722222222222 0.02354166666666669 0.020203703703703644
0 0.31335937500000005 0.5863796296296296 0.029739583333333285 0.02887037037037022
0 0.40365104166666665 0.5455740740740741 0.028031249999999966 0.02629629629629638
0 0.4884765625 0.4954120370370371 0.021182291666666703 0.016120370370370236
0 0.4311328125000001 0.6519305555555556 0.037703124999999935 0.04560185185185185
0 0.4488723958333333 0.594462962962963 0.02222395833333337 0.03151851851851849
0 0.42276562500000003 0.510101851851852 0.032458333333333415 0.023222222222222155
0 0.7373020833333332 0.5102592592592593 0.02201041666666678 0.015074074074074049
0 0.011197916666666667 0.8240740740740741 0.022395833333333334 0.04537037037037037
0 0.0140625 0.7893518518518519 0.028125 0.032407407407407406
0 0.01940625 0.8605740740740742 0.031125000000000003 0.0322777777777779
0 0.029432291666666666 0.7289907407407407 0.037302083333333326 0.04127777777777771
0 0.09932291666666666 0.6674675925925926 0.027250000000000028 0.031287037037037
0 0.234203125 0.9735000000000001 0.04523958333333334 0.051148148148148054
0 0.2735260416666667 0.5709953703703703 0.02751041666666672 0.022472222222222206
0 0.3518697916666666 0.6863703703703703 0.014260416666666723 0.019999999999999917
0 0.34845572916666673 0.7233148148148149 0.015786458333333305 0.017407407407407576
0 0.46496875 0.5736018518518519 0.018177083333333382 0.022203703703703722
0 0.6592786458333334 0.4991574074074073 0.02613020833333337 0.02792592592592579
0 0.7920963541666667 0.6074629629629629 0.023380208333333267 0.03251851851851842
0 0.6608776041666666 0.6495462962962962 0.02941145833333323 0.030851851851851794
0 0.6181796875 0.5366712962962963 0.023880208333333285 0.025694444444444443
0 0.2942421875 0.5452129629629628 0.03840104166666668 0.03720370370370355
0 0.40084375 0.694513888888889 0.03242708333333333 0.03217592592592593
0 0.2424375 0.6033055555555555 0.015583333333333371 0.025740740740740908
0 0.08824739583333334 0.5586944444444444 0.030973958333333346 0.03199999999999995
0 0.13366666666666666 0.5021342592592594 0.028885416666666684 0.024564814814815
0 0.3179921875 0.5912870370370371 0.026369791666666722 0.027537037037037044
0 0.2676692708333333 0.6269351851851851 0.036328125 0.03662962962962958