0 0.7921875 0.59765625 0.02265625 0.03046875
0 0.66328125 0.80625 0.04453125 0.05078125
0 0.45078125 0.85234375 0.0375 0.0578125
0 0.703125 0.90390625 0.0484375 0.0703125
0 0.34765625 0.7796875 0.0328125 0.05
0 0.90234375 0.74453125 0.03984375 0.053125
0 0.68046875 0.45078125 0.021875 0.021875
0 0.2640625 0.6328125 0.0296875 0.03125
0 0.4296875 0.49921875 0.0234375 0.0234375
0 0.50625 0.7203125 0.02890625 0.0375
0 0.4140625 0.75390625 0.03984375 0.0484375
0 0.30078125 0.81171875 0.0296875 0.0453125
0 0.65390625 0.52890625 0.02578125 0.03125
0 0.1828125 0.55625 0.028125 0.02890625
0 0.8328125 0.825 0.0265625 0.04609375
0 0.41328125 0.83359375 0.0375 0.05
0 0.31015625 0.93125 0.0484375 0.06953125
0 0.771875 0.89375 0.04375 0.06484375
0 0.7375 0.51015625 0.03046875 0.02734375
0 0.51328125 0.790625 0.03125 0.03828125
0 0.78828125 0.77265625 0.034375 0.0484375
0 0.7265625 0.77421875 0.028125 0.03984375
0 0.18984375 0.65234375 0.0296875 0.028125
0 0.596875 0.59296875 0.025 0.025
0 0.11875 0.89921875 0.05078125 0.0625
0 0.628125 0.58125 0.02734375 0.03515625
0 0.19921875 0.92109375 0.0453125 0.06953125
0 0.84453125 0.60390625 0.0328125 0.0359375
0 0.10390625 0.56015625 0.03203125 0.0265625
0 0.7375 0.4765625 0.021875 0.0296875
0 0.10625 0.71328125 0.0265625 0.03359375
0 0.98125 0.8375 0.03671875 0.05078125
0 0.38671875 0.70078125 0.02890625 0.04140625
0 0.81640625 0.87578125 0.03359375 0.0484375
0 0.58828125 0.821875 0.03203125 0.04140625
0 0.753125 0.6109375 0.02109375 0.0265625
0 0.75703125 0.821875 0.0328125 0.046875
0 0.309375 0.6515625 0.028125 0.03203125
0 0.865625 0.43046875 0.0203125 0.025
0 0.2796875 0.70859375 0.0375 0.04296875
0 0.309375 0.73671875 0.0296875 0.0359375
0 0.7796875 0.446875 0.025 0.0234375
0 0.57578125 0.79296875 0.02734375 0.040625
0 0.8890625 0.57109375 0.0234375 0.02890625
0 0.71015625 0.54921875 0.03203125 0.03125
0 0.0875 0.828125 0.0359375 0.04609375
0 0.6875 0.5171875 0.02734375 0.028125
0 0.12265625 0.8171875 0.028125 0.05234375
0 0.13046875 0.6 0.02109375 0.02890625
0 0.190625 0.71484375 0.0234375 0.02890625
0 0.16953125 0.890625 0.040625 0.040625
0 0.56640625 0.50859375 0.02578125 0.0296875
0 0.465625 0.66484375 0.03046875 0.0359375
0 0.81328125 0.740625 0.03828125 0.0453125
0 0.1875 0.784375 0.02734375 0.0328125
0 0.2296875 0.52890625 0.02578125 0.028125
0 0.94921875 0.89609375 0.05234375 0.0578125
0 0.328125 0.68828125 0.03359375 0.0421875
0 0.32421875 0.4546875 0.01875 0.0234375
0 0.71796875 0.6546875 0.02421875 0.03515625
0 0.728125 0.70234375 0.0359375 0.03671875
0 0.2390625 0.771875 0.0359375 0.04140625
0 0.459375 0.784375 0.0234375 0.0359375
0 0.0140625 0.584375 0.02734375 0.0328125
0 0.384375 0.96875 0.034375 0.0515625
0 0.85234375 0.73515625 0.02578125 0.0359375
0 0.2453125 0.56640625 0.025 0.03125
0 0.8296875 0.4640625 0.0171875 0.01875
0 0.2359375 0.87734375 0.02734375 0.04921875
0 0.48515625 0.615625 0.01953125 0.0265625
0 0.21796875 0.55234375 0.02265625 0.0234375
0 0.1109375 0.44765625 0.021875 0.0234375
0 0.9125 0.61640625 0.02578125 0.03203125
0 0.0359375 0.77578125 0.0375 0.03359375
0 0.015625 0.67578125 0.03125 0.03203125
0 0.4578125 0.734375 0.021875 0.03515625
0 0.6625 0.596875 0.02734375 0.03046875
0 0.05703125 0.55 0.02421875 0.025
0 0.67109375 0.9796875 0.02890625 0.03984375
0 0.91640625 0.6671875 0.02890625 0.034375
0 0.59765625 0.4875 0.02890625 0.0265625
0 0.509375 0.609375 0.01875 0.02265625
0 0.3890625 0.41953125 0.01875 0.02109375
0 0.18046875 0.51875 0.02109375 0.0265625
0 0.490625 0.54296875 0.02265625 0.025
0 0.35546875 0.47890625 0.01875 0.021875
0 0.8015625 0.49140625 0.0203125 0.021875
0 0.93671875 0.775 0.02421875 0.02890625
0 0.50234375 0.6265625 0.01640625 0.02109375
0 0.384375 0.59375 0.01875 0.028125
0 0.96484375 0.6609375 0.0296875 0.0390625
0 0.0125 0.5390625 0.025 0.028125
0 0.89453125 0.49609375 0.021875 0.02421875
0 0.09609375 0.52890625 0.0234375 0.03046875
0 0.5703125 0.40390625 0.01953125 0.02578125
0 0.9421875 0.62578125 0.02421875 0.02265625
0 0.26796875 0.51015625 0.02109375 0.025
0 0.74921875 0.646875 0.02421875 0.02421875
0 0.421875 0.53828125 0.01796875 0.025
0 0.28046875 0.43203125 0.015625 0.0171875
0 0.39765625 0.571875 0.01875 0.01953125
0 0.8828125 0.40078125 0.0203125 0.01796875
0 0.93125 0.55 0.02109375 0.02578125
0 0.5234375 0.4875 0.025 0.021875
0 0.1375 0.46953125 0.021875 0.0265625
0 0.36484375 0.5 0.02109375 0.02265625
0 0.13515625 0.76171875 0.01875 0.02578125
0 0.77890625 0.5328125 0.02734375 0.0265625
0 0.9046875 0.52265625 0.02578125 0.025
0 0.4046875 0.43671875 0.02109375 0.021875
0 0.284375 0.45625 0.01796875 0.0203125
0 0.14921875 0.85 0.02421875 0.02890625
0 0.43671875 0.64296875 0.021875 0.04140625
0 0.240625 0.43671875 0.0171875 0.01953125
0 0.4703125 0.4921875 0.01484375 0.02109375
0 0.978125 0.7921875 0.03984375 0.04296875
0 0.9875 0.7328125 0.025 0.04375
0 0.39609375 0.61328125 0.02265625 0.02734375
0 0.76640625 0.98671875 0.03984375 0.0265625
0 0.66484375 0.46796875 0.01875 0.0203125
0 0.17421875 0.4625 0.0203125 0.02265625
0 0.82578125 0.48671875 0.0203125 0.01875
0 0.5203125 0.5125 0.02109375 0.025
0 0.84453125 0.5609375 0.0203125 0.0203125
0 0.50546875 0.4609375 0.0203125 0.01953125
0 0.32265625 0.58515625 0.03359375 0.04140625
0 0.66015625 0.484375 0.02109375 0.01953125
0 0.4640625 0.44375 0.01796875 0.0203125
0 0.79765625 0.69140625 0.0234375 0.03046875
0 0.953125 0.47890625 0.021875 0.02265625
0 0.9296875 0.48203125 0.02109375 0.01953125
0 0.03359375 0.46875 0.02578125 0.0234375
0 0.20078125 0.8640625 0.04609375 0.053125