0 0.02265625 0.928125 0.0453125 0.05625
0 0.0671875 0.89921875 0.06640625 0.06796875
0 0.07421875 0.9390625 0.03828125 0.05390625
0 0.121875 0.92421875 0.06953125 0.075
0 0.13671875 0.97109375 0.07734375 0.05703125
0 0.25078125 0.96953125 0.0765625 0.0609375
0 0.246875 0.91328125 0.04921875 0.05625
0 0.0421875 0.8453125 0.03984375 0.040625
0 0.215625 0.77734375 0.04921875 0.06953125
0 0.06328125 0.746875 0.04609375 0.06328125
0 0.1046875 0.7171875 0.0421875 0.06953125
0 0.06953125 0.65703125 0.040625 0.0515625
0 0.12734375 0.64140625 0.05078125 0.05078125
0 0.16953125 0.7171875 0.05234375 0.05625
0 0.22734375 0.709375 0.03984375 0.05
0 0.17734375 0.61171875 0.053125 0.046875
0 0.07890625 0.59609375 0.04140625 0.046875
0 0.14296875 0.5609375 0.0375 0.04140625
0 0.1875 0.575 0.03828125 0.03359375
0 0.24140625 0.64140625 0.04296875 0.040625
0 0.28046875 0.7234375 0.06484375 0.06328125
0 0.27109375 0.6765625 0.028125 0.034375
0 0.28828125 0.8015625 0.07421875 0.08203125
0 0.275 0.76953125 0.0234375 0.03828125
0 0.34453125 0.94453125 0.059375 0.0796875
0 0.38203125 0.9734375 0.04921875 0.053125
0 0.34296875 0.86328125 0.05 0.06015625
0 0.3625 0.809375 0.06015625 0.04921875
0 0.42734375 0.809375 0.03828125 0.0546875
0 0.4015625 0.74453125 0.0421875 0.0484375
0 0.35234375 0.7109375 0.046875 0.05546875
0 0.3984375 0.65703125 0.04296875 0.05
0 0.44296875 0.71796875 0.04453125 0.04296875
0 0.47109375 0.9703125 0.06015625 0.059375
0 0.525 0.98046875 0.02109375 0.0390625
0 0.496875 0.8875 0.0734375 0.06953125
0 0.56875 0.89609375 0.05703125 0.053125
0 0.50546875 0.79921875 0.04765625 0.06875
0 0.48046875 0.728125 0.03046875 0.078125
0 0.51171875 0.7109375 0.03671875 0.0515625
0 0.51171875 0.6703125 0.03828125 0.03515625
0 0.55078125 0.71953125 0.0359375 0.040625
0 0.57421875 0.790625 0.0578125 0.0609375
0 0.578125 0.740625 0.03984375 0.053125
0 0.615625 0.7515625 0.04765625 0.0609375
0 0.6171875 0.84921875 0.0421875 0.065625
0 0.63203125 0.9609375 0.08046875 0.078125
0 0.3171875 0.61015625 0.03984375 0.04453125
0 0.24921875 0.60625 0.03515625 0.025
0 0.2515625 0.57421875 0.04140625 0.03828125
0 0.2734375 0.54453125 0.0359375 0.03203125
0 0.259375 0.51953125 0.0359375 0.04140625
0 0.12578125 0.50625 0.05703125 0.0296875
0 0.053125 0.5 0.03671875 0.0296875
0 0.1015625 0.53203125 0.03984375 0.021875
0 0.3234375 0.515625 0.03515625 0.0359375
0 0.346875 0.578125 0.06171875 0.0296875
0 0.41171875 0.5765625 0.03515625 0.0390625
0 0.4484375 0.621875 0.04453125 0.0390625
0 0.50859375 0.62265625 0.0375 0.04375
0 0.47109375 0.55546875 0.04140625 0.04453125
0 0.44375 0.534375 0.02734375 0.02890625
0 0.40703125 0.53203125 0.040625 0.0390625
0 0.39375 0.4890625 0.034375 0.03984375
0 0.44453125 0.45625 0.05390625 0.0484375
0 0.49609375 0.49296875 0.03671875 0.03515625
0 0.528125 0.50625 0.03046875 0.046875
0 0.53515625 0.5578125 0.04609375 0.03984375
0 0.59609375 0.60078125 0.028125 0.04921875
0 0.57578125 0.52578125 0.0375 0.03671875
0 0.58671875 0.5515625 0.02734375 0.03359375
0 0.621875 0.48359375 0.0390625 0.03828125
0 0.6140625 0.5234375 0.03203125 0.03046875
0 0.60234375 0.5015625 0.01796875 0.02109375
0 0.57265625 0.4890625 0.02890625 0.02890625
0 0.53984375 0.44453125 0.03515625 0.04375
0 0.58671875 0.44375 0.034375 0.0453125
0 0.61484375 0.45078125 0.03515625 0.03671875
0 0.64296875 0.55703125 0.03515625 0.03828125
0 0.62265625 0.584375 0.040625 0.0359375
0 0.6421875 0.6265625 0.0328125 0.05859375
0 0.678125 0.62890625 0.03359375 0.065625
0 0.68203125 0.5765625 0.03984375 0.040625
0 0.7265625 0.58671875 0.04609375 0.0484375
0 0.7 0.6015625 0.0234375 0.02890625
0 0.67890625 0.696875 0.04375 0.05078125
0 0.67109375 0.75625 0.04921875 0.0453125
0 0.721875 0.896875 0.06171875 0.0640625
0 0.76015625 0.8015625 0.0734375 0.0734375
0 0.7609375 0.72890625 0.05234375 0.05625
0 0.79375 0.696875 0.0484375 0.05546875
0 0.70625 0.4875 0.02421875 0.0359375
0 0.67578125 0.496875 0.02890625 0.02890625
0 0.8171875 0.8890625 0.07265625 0.0734375
0 0.8703125 0.96015625 0.06484375 0.0796875
0 0.93046875 0.96171875 0.06796875 0.07578125
0 0.9109375 0.89921875 0.06484375 0.0515625
0 0.91796875 0.84921875 0.06171875 0.06796875
0 0.84765625 0.75859375 0.04375 0.078125
0 0.925 0.7703125 0.0609375 0.05390625
0 0.97734375 0.8859375 0.04453125 0.103125
0 0.9859375 0.834375 0.028125 0.046875
0 0.971875 0.71875 0.05625 0.05
0 0.9640625 0.68359375 0.04921875 0.05078125
0 0.98203125 0.64765625 0.03515625 0.046875
0 0.946875 0.62109375 0.05078125 0.0296875
0 0.8921875 0.62578125 0.04375 0.04296875
0 0.8828125 0.67421875 0.0359375 0.03671875
0 0.809375 0.640625 0.05546875 0.06484375
0 0.84375 0.6234375 0.04609375 0.046875
0 0.80703125 0.575 0.03125 0.03671875
0 0.7734375 0.57734375 0.04140625 0.04921875
0 0.74375 0.53984375 0.034375 0.040625
0 0.68515625 0.52421875 0.028125 0.0296875
0 0.7359375 0.496875 0.0421875 0.0296875
0 0.7875 0.53046875 0.03359375 0.03515625
0 0.8171875 0.54296875 0.04296875 0.03046875
0 0.82578125 0.4984375 0.0390625 0.034375
0 0.9359375 0.325 0.07734375 0.05703125