0 0.12734375 0.96640625 0.040625 0.06484375
0 0.07890625 0.93359375 0.04453125 0.06484375
0 0.03046875 0.97109375 0.03125 0.04140625
0 0.08125 0.9828125 0.03203125 0.02734375
0 0.06953125 0.77578125 0.03828125 0.04296875
0 0.1078125 0.7421875 0.04296875 0.0453125
0 0.07734375 0.678125 0.03203125 0.0375
0 0.13515625 0.66171875 0.0296875 0.02890625
0 0.18515625 0.7453125 0.0375 0.046875
0 0.22734375 0.803125 0.03046875 0.0390625
0 0.3078125 0.83515625 0.0640625 0.07109375
0 0.28984375 0.8 0.02265625 0.03203125
0 0.29765625 0.75 0.0453125 0.0546875
0 0.2390625 0.72890625 0.02890625 0.03984375
0 0.18984375 0.62734375 0.04296875 0.03515625
0 0.13671875 0.51875 0.040625 0.0234375
0 0.190625 0.5921875 0.02421875 0.03125
0 0.2609375 0.58984375 0.0328125 0.03203125
0 0.25546875 0.66328125 0.02734375 0.034375
0 0.35703125 0.8984375 0.04140625 0.05078125
0 0.37265625 0.9734375 0.0453125 0.053125
0 0.38203125 0.846875 0.04921875 0.05234375
0 0.36796875 0.7375 0.03828125 0.0421875
0 0.42109375 0.76796875 0.03515625 0.03828125
0 0.33125 0.62890625 0.03046875 0.0359375
0 0.27578125 0.53359375 0.03125 0.02890625
0 0.28671875 0.56484375 0.03046875 0.0265625
0 0.3359375 0.525 0.02578125 0.040625
0 0.41328125 0.67734375 0.0359375 0.04375
0 0.459375 0.74375 0.03671875 0.046875
0 0.5015625 0.75546875 0.0375 0.0484375
0 0.534375 0.7421875 0.03125 0.04296875
0 0.53203125 0.82890625 0.0375 0.04453125
0 0.44375 0.84609375 0.0296875 0.0421875
0 0.525 0.93046875 0.059375 0.0609375
0 0.59296875 0.93359375 0.053125 0.0625
0 0.64765625 0.884375 0.04140625 0.053125
0 0.60546875 0.81328125 0.053125 0.05234375
0 0.5984375 0.7671875 0.0359375 0.05
0 0.64140625 0.78671875 0.0359375 0.0453125
0 0.6953125 0.7875 0.04140625 0.0421875
0 0.709375 0.7140625 0.03046875 0.03203125
0 0.76171875 0.94296875 0.05 0.05546875
0 0.796875 0.83515625 0.059375 0.0671875
0 0.86484375 0.934375 0.05078125 0.08359375
0 0.88984375 0.796875 0.0390625 0.04375
0 0.79765625 0.753125 0.04375 0.05625
0 0.9703125 0.8953125 0.05859375 0.0546875
0 0.97109375 0.9453125 0.04765625 0.05
0 0.9765625 0.809375 0.046875 0.05390625
0 0.9296875 0.6484375 0.03046875 0.0359375
0 0.84765625 0.66796875 0.0484375 0.05546875
0 0.88046875 0.6515625 0.03046875 0.03984375
0 0.82734375 0.728125 0.04296875 0.04609375
0 0.70078125 0.6484375 0.0234375 0.03984375
0 0.671875 0.64765625 0.0265625 0.034375
0 0.62265625 0.61328125 0.01953125 0.03515625
0 0.53359375 0.634375 0.03046875 0.03828125
0 0.53359375 0.69375 0.02890625 0.03828125
0 0.4671875 0.64140625 0.0375 0.03828125
0 0.4875 0.57109375 0.0375 0.0375
0 0.4234375 0.54921875 0.02890625 0.03984375
0 0.45703125 0.4625 0.03203125 0.0359375
0 0.546875 0.5203125 0.0296875 0.03046875
0 0.56328125 0.57265625 0.02421875 0.02890625
0 0.6015625 0.540625 0.03203125 0.0296875
0 0.64453125 0.49921875 0.03125 0.03125
0 0.728125 0.50234375 0.0234375 0.028125
0 0.309375 0.46640625 0.03203125 0.0265625
0 0.575 0.74765625 0.03046875 0.034375
0 0.61171875 0.4625 0.02421875 0.0265625
0 0.70859375 0.5953125 0.03359375 0.0296875