0 0.40078125 0.96953125 0.0515625 0.0609375
0 0.28984375 0.93359375 0.03984375 0.06484375
0 0.21875 0.978125 0.04765625 0.04375
0 0.2515625 0.896875 0.03046875 0.03984375
0 0.21796875 0.921875 0.03828125 0.059375
0 0.15078125 0.94296875 0.04296875 0.06328125
0 0.0515625 0.91953125 0.05078125 0.059375
0 0.0421875 0.86015625 0.0375 0.0453125
0 0.0484375 0.75625 0.04609375 0.06171875
0 0.1125 0.8265625 0.040625 0.04921875
0 0.1875 0.87109375 0.034375 0.04453125
0 0.16796875 0.82109375 0.03203125 0.0421875
0 0.11875 0.76171875 0.0359375 0.0453125
0 0.2078125 0.759375 0.025 0.046875
0 0.25234375 0.7890625 0.0375 0.03046875
0 0.36328125 0.8109375 0.03984375 0.04140625
0 0.4609375 0.825 0.03203125 0.04375
0 0.46171875 0.878125 0.034375 0.04375
0 0.37578125 0.903125 0.040625 0.040625
0 0.45859375 0.71953125 0.0296875 0.0328125
0 0.534375 0.8265625 0.03046875 0.0546875
0 0.54921875 0.97265625 0.0421875 0.0546875
0 0.6578125 0.82265625 0.0296875 0.04296875
0 0.62421875 0.75078125 0.0265625 0.0390625
0 0.721875 0.82890625 0.04296875 0.0484375
0 0.7796875 0.7875 0.03671875 0.0453125
0 0.796875 0.94453125 0.04296875 0.06953125
0 0.90078125 0.9265625 0.04453125 0.05390625
0 0.94375 0.97890625 0.03203125 0.04140625
0 0.9859375 0.96796875 0.028125 0.0515625
0 0.8578125 0.971875 0.0328125 0.04765625
0 0.8625 0.8625 0.02265625 0.03515625
0 0.77578125 0.834375 0.0390625 0.05546875
0 0.76796875 0.73671875 0.03828125 0.04453125
0 0.715625 0.70078125 0.03828125 0.04765625
0 0.66875 0.71640625 0.02890625 0.04609375
0 0.665625 0.659375 0.0296875 0.0421875
0 0.63359375 0.659375 0.028125 0.03671875
0 0.77890625 0.62890625 0.03203125 0.03984375
0 0.89765625 0.75625 0.0359375 0.04609375
0 0.3578125 0.73671875 0.02890625 0.0453125
0 0.31171875 0.7234375 0.02578125 0.03515625
0 0.26484375 0.67265625 0.028125 0.0375
0 0.2625 0.63828125 0.02890625 0.03125
0 0.15703125 0.7265625 0.03515625 0.0328125
0 0.1484375 0.69453125 0.028125 0.03046875
0 0.0984375 0.628125 0.03515625 0.03046875
0 0.04765625 0.6953125 0.0265625 0.03515625
0 0.23515625 0.4984375 0.021875 0.02734375
0 0.20625 0.58828125 0.0296875 0.0359375
0 0.4640625 0.5640625 0.0265625 0.0296875
0 0.6375 0.56171875 0.02578125 0.0296875
0 0.696875 0.59921875 0.0328125 0.03203125
0 0.89765625 0.6109375 0.0265625 0.0328125
0 0.57265625 0.83984375 0.028125 0.05625
0 0.6375 0.865625 0.02421875 0.04921875
0 0.5671875 0.63046875 0.01953125 0.03203125
0 0.52890625 0.60546875 0.0328125 0.03125
0 0.57109375 0.559375 0.02578125 0.0296875
0 0.13515625 0.65078125 0.021875 0.0359375
0 0.19296875 0.678125 0.0328125 0.028125
0 0.2375 0.53515625 0.021875 0.02109375
0 0.2859375 0.71875 0.02578125 0.03828125
0 0.60703125 0.6015625 0.025 0.028125
0 0.8171875 0.72109375 0.03203125 0.034375
0 0.3625 0.85546875 0.0265625 0.0375
0 0.66796875 0.540625 0.02734375 0.0296875
0 0.6125 0.55234375 0.021875 0.03046875
0 0.765625 0.5859375 0.02421875 0.03046875
0 0.8078125 0.60234375 0.02265625 0.0265625
0 0.42109375 0.50859375 0.02109375 0.02890625
0 0.35234375 0.47578125 0.01953125 0.02421875
0 0.39375 0.678125 0.034375 0.034375
0 0.0953125 0.67578125 0.03046875 0.034375
0 0.66640625 0.7734375 0.0265625 0.0359375
0 0.390625 0.8046875 0.01953125 0.03359375