0 0.0796875 0.8578125 0.0546875 0.06171875
0 0.065625 0.94375 0.0515625 0.05625
0 0.1265625 0.97265625 0.05 0.0546875
0 0.19140625 0.95234375 0.0546875 0.06875
0 0.28671875 0.9515625 0.0453125 0.07421875
0 0.28515625 0.88359375 0.04453125 0.06484375
0 0.465625 0.96796875 0.05078125 0.0640625
0 0.58828125 0.9015625 0.03359375 0.0453125
0 0.65625 0.934375 0.04140625 0.0625
0 0.80390625 0.96328125 0.04453125 0.0671875
0 0.85078125 0.965625 0.040625 0.06875
0 0.97734375 0.83125 0.0453125 0.05625
0 0.95390625 0.7828125 0.04765625 0.046875
0 0.98359375 0.75859375 0.0328125 0.0421875
0 0.96953125 0.72109375 0.04296875 0.04453125
0 0.890625 0.75390625 0.046875 0.04921875
0 0.8296875 0.7484375 0.03984375 0.0484375
0 0.79140625 0.7828125 0.046875 0.0453125
0 0.878125 0.8546875 0.04765625 0.065625
0 0.86875 0.7921875 0.03125 0.04140625
0 0.79296875 0.82890625 0.02265625 0.034375
0 0.81796875 0.84296875 0.03203125 0.05234375
0 0.74921875 0.8515625 0.04140625 0.07109375
0 0.7859375 0.903125 0.03125 0.0453125
0 0.703125 0.9046875 0.03125 0.0546875
0 0.6515625 0.85078125 0.0484375 0.0609375
0 0.559375 0.7734375 0.03984375 0.0625
0 0.60390625 0.775 0.03125 0.04453125
0 0.64375 0.7828125 0.03671875 0.0375
0 0.6359375 0.72578125 0.0328125 0.04296875
0 0.70078125 0.76796875 0.0375 0.0453125
0 0.75859375 0.76640625 0.0390625 0.05078125
0 0.67578125 0.70546875 0.028125 0.05
0 0.7015625 0.62421875 0.03515625 0.03515625
0 0.678125 0.6734375 0.02890625 0.03203125
0 0.8 0.646875 0.0375 0.0453125
0 0.87109375 0.6875 0.02578125 0.0375
0 0.59921875 0.6140625 0.0296875 0.03671875
0 0.528125 0.67734375 0.0296875 0.04140625
0 0.49921875 0.67421875 0.03046875 0.0421875
0 0.409375 0.6234375 0.03671875 0.03984375
0 0.26484375 0.71171875 0.04140625 0.03828125
0 0.29609375 0.73984375 0.0421875 0.0421875
0 0.26640625 0.65078125 0.02578125 0.03984375
0 0.2375 0.6828125 0.0328125 0.03984375
0 0.18203125 0.7203125 0.0328125 0.04765625
0 0.22109375 0.79921875 0.034375 0.05234375
0 0.18515625 0.80234375 0.028125 0.0359375
0 0.1703125 0.87578125 0.03046875 0.053125
0 0.15234375 0.846875 0.0328125 0.03515625
0 0.13046875 0.915625 0.01875 0.0359375
0 0.121875 0.89296875 0.02109375 0.05
0 0.02109375 0.74765625 0.02890625 0.05390625
0 0.14453125 0.5984375 0.025 0.04296875
0 0.240625 0.62265625 0.0265625 0.03828125
0 0.321875 0.60625 0.03046875 0.04140625
0 0.4421875 0.90703125 0.03359375 0.04609375
0 0.44140625 0.8328125 0.03671875 0.04375
0 0.38046875 0.8375 0.0390625 0.0453125
0 0.365625 0.646875 0.02734375 0.04296875
0 0.309375 0.6734375 0.0359375 0.03984375
0 0.4078125 0.559375 0.0375 0.03515625
0 0.29453125 0.55859375 0.02734375 0.03671875
0 0.48203125 0.4828125 0.03671875 0.02890625
0 0.50078125 0.51171875 0.02421875 0.0359375
0 0.43125 0.52109375 0.03515625 0.034375
0 0.6109375 0.52265625 0.02265625 0.0375
0 0.63671875 0.5765625 0.0234375 0.03671875
0 0.66328125 0.55078125 0.034375 0.04765625
0 0.6734375 0.51328125 0.02265625 0.0328125
0 0.7984375 0.5796875 0.034375 0.0484375
0 0.75546875 0.51796875 0.02421875 0.0390625
0 0.43984375 0.6765625 0.0390625 0.0453125
0 0.40625 0.71875 0.02890625 0.0265625
0 0.378125 0.7484375 0.02421875 0.03828125
0 0.0453125 0.653125 0.03046875 0.040625
0 0.09375 0.690625 0.028125 0.03515625
0 0.0125 0.89765625 0.025 0.0453125
0 0.93359375 0.90703125 0.04921875 0.0671875
0 0.45859375 0.6140625 0.02890625 0.03515625
0 0.48515625 0.63984375 0.02109375 0.034375
0 0.3609375 0.55859375 0.0265625 0.02890625
0 0.490625 0.76796875 0.03125 0.040625
0 0.62109375 0.45078125 0.02734375 0.034375
0 0.953125 0.56015625 0.03203125 0.046875
0 0.834375 0.50546875 0.034375 0.0390625
0 0.6421875 0.4265625 0.028125 0.03984375
0 0.353125 0.49296875 0.0359375 0.02421875
0 0.3109375 0.49375 0.0359375 0.034375
0 0.23671875 0.8640625 0.04140625 0.05234375
0 0.08203125 0.5734375 0.03125 0.03828125