0 0.153125 0.88828125 0.0390625 0.0515625
0 0.0578125 0.8625 0.04375 0.05234375
0 0.01484375 0.921875 0.02890625 0.040625
0 0.0515625 0.96796875 0.03671875 0.04609375
0 0.0484375 0.80859375 0.0375 0.05078125
0 0.11796875 0.78046875 0.04296875 0.04375
0 0.0484375 0.71328125 0.034375 0.05234375
0 0.01171875 0.68203125 0.0234375 0.03359375
0 0.04921875 0.66015625 0.021875 0.03515625
0 0.1859375 0.82109375 0.0359375 0.03984375
0 0.21796875 0.86640625 0.03359375 0.046875
0 0.21875 0.93203125 0.04140625 0.05703125
0 0.2890625 0.87421875 0.0328125 0.0484375
0 0.25234375 0.846875 0.02421875 0.03828125
0 0.1703125 0.7765625 0.03125 0.028125
0 0.1203125 0.71875 0.03125 0.03984375
0 0.15390625 0.6859375 0.0328125 0.0375
0 0.20390625 0.71796875 0.02890625 0.0421875
0 0.1453125 0.65625 0.0296875 0.0328125
0 0.1 0.5984375 0.03046875 0.02890625
0 0.1671875 0.60390625 0.0265625 0.02734375
0 0.20390625 0.55859375 0.02421875 0.0328125
0 0.2609375 0.63984375 0.0265625 0.03984375
0 0.259375 0.60390625 0.03125 0.03359375
0 0.2203125 0.59765625 0.02734375 0.03203125
0 0.19453125 0.64609375 0.03359375 0.0375
0 0.32109375 0.984375 0.02734375 0.03046875
0 0.25078125 0.98359375 0.02578125 0.0328125
0 0.3953125 0.91796875 0.0484375 0.06171875
0 0.36875 0.85234375 0.0359375 0.03828125
0 0.36171875 0.76796875 0.0296875 0.03515625
0 0.3546875 0.6953125 0.021875 0.025
0 0.309375 0.68359375 0.025 0.02578125
0 0.28125 0.68203125 0.0234375 0.02890625
0 0.23125 0.47265625 0.02109375 0.025
0 0.26796875 0.4875 0.0234375 0.0234375
0 0.34453125 0.45625 0.0234375 0.0234375
0 0.20703125 0.49375 0.01953125 0.01875
0 0.41328125 0.4828125 0.0171875 0.028125
0 0.45625 0.53203125 0.021875 0.0265625
0 0.3078125 0.60234375 0.0203125 0.03046875
0 0.35859375 0.80703125 0.021875 0.03203125
0 0.47734375 0.96796875 0.0359375 0.06328125
0 0.45078125 0.82734375 0.02890625 0.0359375
0 0.45078125 0.7796875 0.02734375 0.03828125
0 0.53359375 0.90859375 0.0359375 0.04921875
0 0.56015625 0.95703125 0.03046875 0.0546875
0 0.63984375 0.94296875 0.03046875 0.0421875
0 0.709375 0.97578125 0.03125 0.04765625
0 0.525 0.7765625 0.021875 0.0484375
0 0.5046875 0.796875 0.02109375 0.03203125
0 0.49921875 0.7546875 0.025 0.0421875
0 0.45078125 0.67890625 0.0234375 0.0296875
0 0.51953125 0.575 0.028125 0.0265625
0 0.475 0.6 0.01875 0.02265625
0 0.5140625 0.50703125 0.0203125 0.02421875
0 0.55546875 0.59921875 0.01796875 0.021875
0 0.57109375 0.70703125 0.02890625 0.025
0 0.56015625 0.79140625 0.025 0.046875
0 0.62265625 0.8171875 0.02578125 0.05078125
0 0.6421875 0.77421875 0.02734375 0.0359375
0 0.6109375 0.70859375 0.02734375 0.0359375
0 0.6515625 0.7328125 0.01796875 0.02890625
0 0.775 0.88984375 0.03359375 0.053125
0 0.828125 0.96640625 0.03828125 0.059375
0 0.83359375 0.90625 0.0234375 0.0375
0 0.70625 0.77734375 0.034375 0.03984375
0 0.72265625 0.73046875 0.0296875 0.02890625
0 0.7578125 0.74140625 0.0265625 0.0390625
0 0.75390625 0.78671875 0.02890625 0.04296875
0 0.790625 0.81796875 0.01875 0.03515625
0 0.74921875 0.69921875 0.0296875 0.04375
0 0.696875 0.66171875 0.034375 0.03203125
0 0.65390625 0.6796875 0.025 0.0359375
0 0.62265625 0.5328125 0.0234375 0.02421875
0 0.64921875 0.6296875 0.0203125 0.02890625
0 0.61875 0.625 0.02265625 0.028125
0 0.759375 0.59609375 0.03203125 0.0328125
0 0.68046875 0.57109375 0.0265625 0.0296875
0 0.65390625 0.5171875 0.025 0.03125
0 0.69765625 0.51875 0.0234375 0.03046875
0 0.6734375 0.5390625 0.015625 0.02109375
0 0.7046875 0.59296875 0.021875 0.03046875
0 0.86953125 0.86484375 0.03984375 0.053125
0 0.90625 0.91640625 0.025 0.03828125
0 0.934375 0.9796875 0.034375 0.040625
0 0.9515625 0.9109375 0.025 0.03828125
0 0.96796875 0.846875 0.04765625 0.05859375
0 0.9828125 0.940625 0.02734375 0.034375
0 0.9828125 0.9796875 0.03359375 0.040625
0 0.87109375 0.71796875 0.03125 0.04375
0 0.9125 0.7390625 0.03359375 0.03125
0 0.965625 0.7515625 0.03828125 0.03046875
0 0.79609375 0.68359375 0.025 0.03046875
0 0.840625 0.58984375 0.01875 0.02734375
0 0.87578125 0.58203125 0.02265625 0.02109375
0 0.59921875 0.52421875 0.01796875 0.025
0 0.54609375 0.49765625 0.02578125 0.02578125
0 0.6421875 0.45859375 0.02578125 0.0296875
0 0.74609375 0.55703125 0.01953125 0.02578125
0 0.59453125 0.57421875 0.0203125 0.02578125
0 0.559375 0.53125 0.021875 0.0234375
0 0.32265625 0.57734375 0.021875 0.03125
0 0.321875 0.52890625 0.01875 0.02578125
0 0.2734375 0.44765625 0.0171875 0.01796875
0 0.31015625 0.47109375 0.021875 0.0234375
0 0.23203125 0.51015625 0.02109375 0.02578125
0 0.3703125 0.57109375 0.015625 0.02265625
0 0.02734375 0.609375 0.0265625 0.0234375
0 0.0296875 0.58359375 0.02890625 0.0265625