0 0.03984375 0.94140625 0.0390625 0.046875
0 0.01640625 0.89921875 0.0265625 0.034375
0 0.06484375 0.971875 0.05234375 0.05546875
0 0.1171875 0.925 0.0390625 0.05703125
0 0.20390625 0.9734375 0.0515625 0.053125
0 0.13671875 0.79375 0.0328125 0.053125
0 0.09921875 0.7203125 0.02578125 0.04140625
0 0.07734375 0.81484375 0.03046875 0.04140625
0 0.01875 0.77890625 0.02578125 0.02890625
0 0.2109375 0.84375 0.03125 0.05625
0 0.265625 0.809375 0.0390625 0.05859375
0 0.22734375 0.75625 0.02421875 0.04140625
0 0.19453125 0.7234375 0.04375 0.03828125
0 0.18828125 0.63359375 0.0375 0.0359375
0 0.10546875 0.65546875 0.03046875 0.034375
0 0.046875 0.59609375 0.02578125 0.03125
0 0.01796875 0.51484375 0.0296875 0.034375
0 0.1140625 0.546875 0.0390625 0.02734375
0 0.18203125 0.56015625 0.03046875 0.03359375
0 0.17109375 0.5171875 0.03203125 0.03359375
0 0.15546875 0.5421875 0.03203125 0.015625
0 0.121875 0.50390625 0.0265625 0.03125
0 0.21328125 0.5 0.0203125 0.02734375
0 0.2515625 0.70078125 0.03984375 0.0421875
0 0.240625 0.653125 0.03046875 0.0359375
0 0.265625 0.578125 0.0265625 0.0375
0 0.28046875 0.44140625 0.01953125 0.02421875
0 0.31484375 0.4875 0.0265625 0.0234375
0 0.315625 0.4640625 0.0171875 0.021875
0 0.39140625 0.4890625 0.02734375 0.02109375
0 0.375 0.53359375 0.02109375 0.028125
0 0.3484375 0.56640625 0.021875 0.02109375
0 0.32890625 0.58828125 0.0203125 0.02890625
0 0.33828125 0.61796875 0.02578125 0.025
0 0.3140625 0.7171875 0.03671875 0.05
0 0.346875 0.77578125 0.05 0.05703125
0 0.33359375 0.86953125 0.04765625 0.05546875
0 0.378125 0.90078125 0.04609375 0.07578125
0 0.39375 0.81953125 0.03046875 0.046875
0 0.3984375 0.76171875 0.0296875 0.0421875
0 0.453125 0.740625 0.034375 0.03828125
0 0.4578125 0.8265625 0.0375 0.05234375
0 0.5359375 0.82890625 0.040625 0.04296875
0 0.5453125 0.86875 0.04609375 0.0578125
0 0.63359375 0.8546875 0.05625 0.06640625
0 0.66875 0.96484375 0.0625 0.0703125
0 0.8171875 0.9484375 0.04765625 0.0671875
0 0.76171875 0.9609375 0.05 0.07265625
0 0.715625 0.8125 0.03671875 0.0515625
0 0.74453125 0.86953125 0.04765625 0.05859375
0 0.790625 0.81796875 0.04453125 0.06015625
0 0.81796875 0.77578125 0.046875 0.05078125
0 0.840625 0.87421875 0.03359375 0.0546875
0 0.86796875 0.7703125 0.03515625 0.04921875
0 0.92890625 0.7796875 0.053125 0.0671875
0 0.9734375 0.82265625 0.0265625 0.0296875
0 0.9828125 0.96796875 0.034375 0.0609375
0 0.940625 0.68984375 0.04453125 0.04140625
0 0.9375 0.628125 0.03515625 0.040625
0 0.9734375 0.63984375 0.02109375 0.0234375
0 0.91328125 0.5765625 0.0265625 0.03203125
0 0.86015625 0.60625 0.034375 0.03984375
0 0.79609375 0.60625 0.0328125 0.03125
0 0.74765625 0.65390625 0.03359375 0.03046875
0 0.7484375 0.61875 0.028125 0.0296875
0 0.70703125 0.66875 0.034375 0.0328125
0 0.71640625 0.72734375 0.05078125 0.04375
0 0.73046875 0.709375 0.01484375 0.02421875
0 0.609375 0.58671875 0.0296875 0.0375
0 0.64765625 0.60234375 0.03828125 0.02734375
0 0.69921875 0.54921875 0.03828125 0.03046875
0 0.6765625 0.5125 0.0296875 0.03046875
0 0.640625 0.521875 0.03515625 0.03359375
0 0.7390625 0.50390625 0.03359375 0.0296875
0 0.7875 0.4390625 0.0296875 0.02734375
0 0.8375 0.48046875 0.0234375 0.01953125
0 0.84140625 0.45546875 0.021875 0.021875
0 0.92734375 0.52421875 0.03046875 0.02734375
0 0.91953125 0.49296875 0.025 0.0203125
0 0.88125 0.4203125 0.02109375 0.02890625
0 0.90234375 0.390625 0.0265625 0.01640625
0 0.78203125 0.3859375 0.021875 0.01875
0 0.7421875 0.35078125 0.02109375 0.01953125
0 0.7484375 0.33125 0.0203125 0.01796875
0 0.74140625 0.4734375 0.015625 0.0203125
0 0.67265625 0.4390625 0.02421875 0.021875
0 0.6890625 0.4640625 0.01953125 0.034375
0 0.69296875 0.425 0.01953125 0.01484375
0 0.65078125 0.478125 0.02421875 0.0171875
0 0.6578125 0.45859375 0.02265625 0.02265625
0 0.5765625 0.475 0.0296875 0.02890625
0 0.61171875 0.48984375 0.0203125 0.01640625
0 0.54296875 0.49765625 0.02734375 0.0328125
0 0.5703125 0.59453125 0.0328125 0.03125
0 0.45390625 0.53515625 0.02578125 0.028125
0 0.4984375 0.47578125 0.02890625 0.021875
0 0.4796875 0.45 0.0234375 0.02265625
0 0.434375 0.4265625 0.02265625 0.021875
0 0.4609375 0.63515625 0.01875 0.021875
0 0.47109375 0.6140625 0.0203125 0.0265625
0 0.43828125 0.61875 0.02421875 0.03046875
0 0.44765625 0.5953125 0.02109375 0.02109375
0 0.4171875 0.67109375 0.03125 0.0453125
0 0.3796875 0.6515625 0.03046875 0.04765625
0 0.35859375 0.70078125 0.02265625 0.0453125
0 0.35703125 0.40234375 0.0203125 0.0203125
0 0.371875 0.4234375 0.0203125 0.02265625
0 0.2375 0.41484375 0.015625 0.0203125
0 0.19609375 0.41953125 0.01796875 0.01953125
0 0.075 0.453125 0.02578125 0.0390625
0 0.8046875 0.71015625 0.02734375 0.04140625
0 0.78203125 0.528125 0.0296875 0.03203125
0 0.809375 0.4875 0.0203125 0.021875
0 0.840625 0.540625 0.03515625 0.02734375
0 0.8609375 0.56328125 0.021875 0.02421875
0 0.9390625 0.4328125 0.03125 0.03515625
0 0.55 0.3015625 0.01640625 0.01796875
0 0.40390625 0.403125 0.01796875 0.021875
0 0.9625 0.55546875 0.02890625 0.0296875
0 0.96015625 0.47578125 0.028125 0.02421875