0 0.02265625 0.859375 0.0421875 0.0546875
0 0.05078125 0.95703125 0.05234375 0.04921875
0 0.03203125 0.9125 0.03046875 0.034375
0 0.084375 0.975 0.05078125 0.05
0 0.13203125 0.93203125 0.03984375 0.06171875
0 0.153125 0.8078125 0.04453125 0.05234375
0 0.11484375 0.6625 0.0328125 0.034375
0 0.0578125 0.60703125 0.02734375 0.03046875
0 0.03671875 0.79375 0.03046875 0.03046875
0 0.09375 0.8265625 0.03515625 0.04140625
0 0.03046875 0.565625 0.03203125 0.0234375
0 0.0265625 0.528125 0.0359375 0.0390625
0 0.12421875 0.56015625 0.03203125 0.03046875
0 0.128125 0.51875 0.02578125 0.02734375
0 0.08359375 0.46484375 0.01953125 0.0296875
0 0.17578125 0.5296875 0.0296875 0.03046875
0 0.1609375 0.55625 0.0296875 0.0171875
0 0.18984375 0.5734375 0.028125 0.0359375
0 0.19921875 0.64453125 0.0375 0.0375
0 0.2484375 0.66640625 0.0296875 0.0375
0 0.2046875 0.7328125 0.0484375 0.04453125
0 0.23984375 0.76640625 0.034375 0.0421875
0 0.2203125 0.853125 0.034375 0.0484375
0 0.27578125 0.8171875 0.0390625 0.0546875
0 0.26171875 0.71171875 0.04140625 0.046875
0 0.2203125 0.5109375 0.01875 0.02734375
0 0.0578125 0.44375 0.02421875 0.0234375
0 0.03671875 0.41015625 0.01875 0.01328125
0 0.2734375 0.58828125 0.02734375 0.034375
0 0.35625 0.7875 0.0546875 0.0609375
0 0.34453125 0.88046875 0.04140625 0.05
0 0.3875 0.91484375 0.0484375 0.0671875
0 0.40234375 0.83125 0.02734375 0.04453125
0 0.4078125 0.7671875 0.0265625 0.04375
0 0.325 0.7265625 0.03046875 0.0421875
0 0.46640625 0.83828125 0.03984375 0.05078125
0 0.4609375 0.75390625 0.03359375 0.03984375
0 0.42265625 0.68671875 0.03671875 0.03671875
0 0.3546875 0.5796875 0.021875 0.0171875
0 0.334375 0.6015625 0.02578125 0.028125
0 0.3484375 0.628125 0.0265625 0.03203125
0 0.3203125 0.4765625 0.0140625 0.02265625
0 0.28671875 0.45234375 0.02265625 0.0234375
0 0.24375 0.4546875 0.01953125 0.02109375
0 0.3671875 0.71328125 0.02578125 0.04140625
0 0.38828125 0.66171875 0.02734375 0.0453125
0 0.54375 0.83671875 0.03359375 0.0390625
0 0.55078125 0.88125 0.04140625 0.05859375
0 0.6421875 0.8625 0.0609375 0.07578125
0 0.6765625 0.965625 0.05546875 0.06796875
0 0.97734375 0.971875 0.0453125 0.05625
0 0.7640625 0.96640625 0.04921875 0.06640625
0 0.81875 0.95234375 0.04296875 0.0609375
0 0.840625 0.88046875 0.03046875 0.04609375
0 0.7953125 0.82265625 0.046875 0.07265625
0 0.71953125 0.8234375 0.03359375 0.05625
0 0.7484375 0.8796875 0.04375 0.06328125
0 0.928125 0.7890625 0.053125 0.0640625
0 0.971875 0.83125 0.0265625 0.028125
0 0.8671875 0.778125 0.0375 0.05078125
0 0.8171875 0.784375 0.05078125 0.0578125
0 0.71953125 0.73671875 0.046875 0.04453125
0 0.73125 0.7171875 0.01796875 0.0265625
0 0.75234375 0.62890625 0.02734375 0.03203125
0 0.75 0.66796875 0.03671875 0.0328125
0 0.70859375 0.67890625 0.03359375 0.03515625
0 0.9390625 0.69921875 0.05078125 0.03828125
0 0.97109375 0.6484375 0.0203125 0.0234375
0 0.9390625 0.63984375 0.04140625 0.04453125
0 0.859375 0.6171875 0.0328125 0.0328125
0 0.80078125 0.61484375 0.028125 0.034375
0 0.9109375 0.5875 0.0296875 0.03359375
0 0.91640625 0.50234375 0.02421875 0.01953125
0 0.928125 0.53203125 0.02734375 0.028125
0 0.8421875 0.4671875 0.0203125 0.01796875
0 0.86015625 0.5734375 0.0234375 0.0203125
0 0.74453125 0.5171875 0.0265625 0.0234375
0 0.7015625 0.56015625 0.0375 0.028125
0 0.7875 0.446875 0.02734375 0.0234375
0 0.9015625 0.39921875 0.021875 0.01640625
0 0.8828125 0.43046875 0.02109375 0.028125
0 0.7421875 0.48203125 0.015625 0.028125
0 0.67890625 0.521875 0.02734375 0.0375
0 0.64296875 0.53203125 0.034375 0.03515625
0 0.65 0.6125 0.03046875 0.03359375
0 0.6125 0.59609375 0.03125 0.0359375
0 0.5734375 0.60234375 0.03203125 0.03046875
0 0.665625 0.634375 0.01953125 0.021875
0 0.6609375 0.46875 0.01875 0.01953125
0 0.6765625 0.44921875 0.021875 0.01875
0 0.69453125 0.43125 0.01640625 0.02109375
0 0.690625 0.475 0.01875 0.025
0 0.75 0.340625 0.0171875 0.01953125
0 0.74453125 0.36171875 0.0203125 0.01875
0 0.68828125 0.3484375 0.0140625 0.01328125
0 0.6515625 0.48671875 0.02421875 0.02109375
0 0.578125 0.484375 0.02578125 0.02890625
0 0.54921875 0.51015625 0.0203125 0.03125
0 0.50234375 0.4859375 0.02890625 0.01953125
0 0.49609375 0.5171875 0.0234375 0.0265625
0 0.459375 0.55 0.02265625 0.0265625
0 0.4828125 0.459375 0.01953125 0.01875
0 0.4390625 0.43671875 0.01953125 0.02109375
0 0.39453125 0.49921875 0.02734375 0.0234375
0 0.4515625 0.60625 0.01953125 0.0234375
0 0.475 0.6234375 0.021875 0.02421875
0 0.46640625 0.6453125 0.015625 0.02578125
0 0.4453125 0.63125 0.0203125 0.0265625
0 0.36015625 0.4125 0.01640625 0.01875
0 0.37578125 0.43203125 0.0140625 0.01875
0 0.83671875 0.490625 0.0203125 0.01953125
0 0.809375 0.4953125 0.01953125 0.0203125
0 0.80546875 0.72109375 0.02734375 0.0359375
0 0.2015625 0.42890625 0.01953125 0.021875
0 0.103125 0.51796875 0.015625 0.0234375
0 0.23671875 0.60625 0.01875 0.01875
0 0.1109375 0.7375 0.02734375 0.0390625
0 0.01015625 0.7359375 0.0203125 0.03515625
0 0.34921875 0.32421875 0.021875 0.02265625
0 0.44375 0.49375 0.0140625 0.01875
0 0.95625 0.56328125 0.02421875 0.02109375
0 0.95859375 0.4859375 0.02578125 0.01875
0 0.8421875 0.5515625 0.0328125 0.02578125
0 0.55625 0.39765625 0.01796875 0.02265625