0 0.1265625 0.925 0.03671875 0.0578125
0 0.0765625 0.971875 0.04140625 0.05625
0 0.04453125 0.9453125 0.04296875 0.0609375
0 0.02421875 0.90390625 0.02421875 0.03046875
0 0.01875 0.85390625 0.03671875 0.046875
0 0.03046875 0.7875 0.0265625 0.03828125
0 0.08671875 0.8203125 0.03203125 0.03671875
0 0.1390625 0.80390625 0.0328125 0.053125
0 0.21328125 0.84609375 0.0359375 0.04375
0 0.19921875 0.72734375 0.04453125 0.04765625
0 0.103125 0.7328125 0.02109375 0.04296875
0 0.1109375 0.66015625 0.03125 0.03359375
0 0.11953125 0.5515625 0.0359375 0.0328125
0 0.053125 0.603125 0.0265625 0.0359375
0 0.02578125 0.55625 0.03359375 0.02734375
0 0.19375 0.640625 0.03671875 0.034375
0 0.24609375 0.66171875 0.0328125 0.04140625
0 0.2625 0.70234375 0.03515625 0.04453125
0 0.23359375 0.7640625 0.03828125 0.04140625
0 0.27109375 0.8125 0.0390625 0.0578125
0 0.3375 0.87890625 0.04921875 0.05390625
0 0.38359375 0.9078125 0.0453125 0.071875
0 0.35 0.78515625 0.04921875 0.0640625
0 0.3984375 0.828125 0.028125 0.04765625
0 0.4640625 0.828125 0.03515625 0.04453125
0 0.4578125 0.746875 0.03515625 0.040625
0 0.40390625 0.76328125 0.028125 0.046875
0 0.54765625 0.871875 0.04296875 0.05546875
0 0.5421875 0.8296875 0.025 0.03203125
0 0.6375 0.85546875 0.05625 0.06796875
0 0.67109375 0.96953125 0.05703125 0.0609375
0 0.71875 0.82265625 0.03359375 0.0546875
0 0.76484375 0.96328125 0.05390625 0.0703125
0 0.81953125 0.95234375 0.04375 0.06484375
0 0.74609375 0.8734375 0.0421875 0.059375
0 0.78984375 0.81640625 0.04375 0.06484375
0 0.8203125 0.77734375 0.046875 0.0578125
0 0.86875 0.7734375 0.03203125 0.0453125
0 0.7203125 0.7328125 0.0453125 0.0421875
0 0.73046875 0.7125 0.0171875 0.03125
0 0.8375 0.88046875 0.0375 0.05234375
0 0.9296875 0.7859375 0.04609375 0.06015625
0 0.9734375 0.82734375 0.02265625 0.02734375
0 0.98046875 0.971875 0.0390625 0.05390625
0 0.75078125 0.6609375 0.0359375 0.02890625
0 0.709375 0.67265625 0.0328125 0.03515625
0 0.75078125 0.62265625 0.0265625 0.03203125
0 0.85859375 0.6125 0.034375 0.03515625
0 0.7984375 0.6109375 0.02734375 0.028125
0 0.93671875 0.63359375 0.0359375 0.0375
0 0.9125 0.58203125 0.025 0.025
0 0.94375 0.69609375 0.03515625 0.0375
0 0.971875 0.64375 0.0203125 0.0234375
0 0.92890625 0.53046875 0.02578125 0.025
0 0.91796875 0.49765625 0.0296875 0.02265625
0 0.95703125 0.48046875 0.0234375 0.01953125
0 0.88203125 0.425 0.0234375 0.02890625
0 0.9046875 0.39453125 0.02421875 0.01640625
0 0.83828125 0.484375 0.02265625 0.0203125
0 0.84375 0.46328125 0.0203125 0.015625
0 0.73984375 0.51171875 0.03125 0.02890625
0 0.70234375 0.55546875 0.03828125 0.03359375
0 0.678125 0.51484375 0.0296875 0.03828125
0 0.6421875 0.52734375 0.02890625 0.03359375
0 0.64921875 0.6078125 0.03046875 0.02890625
0 0.6109375 0.590625 0.02890625 0.0359375
0 0.571875 0.6015625 0.0234375 0.028125
0 0.54453125 0.503125 0.02890625 0.02421875
0 0.58046875 0.48125 0.03125 0.028125
0 0.6125 0.49453125 0.02421875 0.01640625
0 0.6515625 0.484375 0.0234375 0.01953125
0 0.659375 0.4640625 0.021875 0.01640625
0 0.675 0.44375 0.02109375 0.021875
0 0.6953125 0.4296875 0.01640625 0.0171875
0 0.74375 0.35703125 0.021875 0.01796875
0 0.7875 0.44296875 0.02890625 0.02734375
0 0.859375 0.56796875 0.025 0.02109375
0 0.80703125 0.490625 0.0234375 0.02265625
0 0.8765625 0.48515625 0.0203125 0.025
0 0.95859375 0.5578125 0.02578125 0.028125
0 0.88125 0.65234375 0.0234375 0.0234375
0 0.8046875 0.7171875 0.0265625 0.03359375
0 0.41875 0.67890625 0.03203125 0.04375
0 0.38125 0.65625 0.02421875 0.04765625
0 0.44140625 0.625 0.02265625 0.028125
0 0.4640625 0.6375 0.01875 0.021875
0 0.4734375 0.61875 0.0203125 0.02578125
0 0.45078125 0.6 0.01796875 0.0203125
0 0.45703125 0.54296875 0.025 0.02421875
0 0.39375 0.49609375 0.0234375 0.02265625
0 0.37734375 0.53671875 0.01875 0.02890625
0 0.35078125 0.5734375 0.02265625 0.01640625
0 0.33203125 0.59453125 0.0203125 0.03203125
0 0.31875 0.49375 0.02421875 0.025
0 0.28515625 0.44609375 0.0203125 0.02578125
0 0.18671875 0.56640625 0.0265625 0.03828125
0 0.175 0.525 0.02734375 0.03125
0 0.15703125 0.54609375 0.02578125 0.025
0 0.08125 0.459375 0.02265625 0.02890625
0 0.125 0.51328125 0.02265625 0.02578125
0 0.26953125 0.584375 0.0265625 0.0359375
0 0.21796875 0.50390625 0.01953125 0.02890625
0 0.31796875 0.4703125 0.01484375 0.02265625
0 0.2421875 0.44765625 0.01796875 0.01953125
0 0.1984375 0.4234375 0.01953125 0.02109375
0 0.24296875 0.41953125 0.0171875 0.01953125
0 0.35859375 0.40703125 0.01875 0.02109375
0 0.3734375 0.42734375 0.0140625 0.02265625
0 0.484375 0.45390625 0.02421875 0.0171875
0 0.43671875 0.4328125 0.02265625 0.0265625
0 0.49921875 0.38671875 0.0125 0.01875
0 0.84375 0.54453125 0.034375 0.03046875
0 0.78125 0.5328125 0.0328125 0.0234375
0 0.73984375 0.47578125 0.01875 0.0296875
0 0.7125 0.36015625 0.01953125 0.01875
0 0.60859375 0.28984375 0.0171875 0.01640625
0 0.49921875 0.4796875 0.02265625 0.02265625
0 0.0875 0.50078125 0.0203125 0.028125