0 0.0546875 0.96796875 0.06171875 0.04453125
0 0.1328125 0.98125 0.03046875 0.03671875
0 0.246875 0.96796875 0.04765625 0.06328125
0 0.390625 0.9453125 0.05625 0.10859375
0 0.4125 0.89453125 0.03828125 0.04609375
0 0.48203125 0.934375 0.046875 0.0375
0 0.52265625 0.97890625 0.0390625 0.0421875
0 0.54765625 0.90078125 0.02734375 0.0390625
0 0.52421875 0.79453125 0.0375 0.07109375
0 0.56328125 0.76484375 0.025 0.04296875
0 0.61484375 0.75234375 0.03984375 0.03984375
0 0.64609375 0.89453125 0.0453125 0.08984375
0 0.396875 0.82734375 0.034375 0.04609375
0 0.37109375 0.784375 0.0296875 0.03984375
0 0.34921875 0.78203125 0.03984375 0.04609375
0 0.30390625 0.82734375 0.0234375 0.05078125
0 0.2890625 0.77734375 0.0234375 0.05234375
0 0.23203125 0.7953125 0.0453125 0.04609375
0 0.153125 0.74453125 0.04609375 0.04609375
0 0.0703125 0.8078125 0.046875 0.05390625
0 0.090625 0.71484375 0.028125 0.02578125
0 0.0734375 0.69921875 0.021875 0.03203125
0 0.028125 0.68046875 0.040625 0.05078125
0 0.04609375 0.621875 0.025 0.04140625
0 0.07890625 0.6359375 0.028125 0.05078125
0 0.11953125 0.65546875 0.025 0.03359375
0 0.109375 0.59765625 0.0265625 0.05
0 0.09609375 0.571875 0.0171875 0.0359375
0 0.14765625 0.5546875 0.03203125 0.04609375
0 0.18046875 0.61640625 0.02890625 0.04140625
0 0.20390625 0.5671875 0.03046875 0.02578125
0 0.24140625 0.63515625 0.03125 0.04453125
0 0.23515625 0.5921875 0.0328125 0.0234375
0 0.2890625 0.60625 0.0296875 0.0421875
0 0.3125 0.6578125 0.03515625 0.04765625
0 0.3796875 0.72421875 0.03203125 0.0484375
0 0.33046875 0.72734375 0.0203125 0.0546875
0 0.375 0.67109375 0.03203125 0.04296875
0 0.43671875 0.7015625 0.0265625 0.040625
0 0.434375 0.63515625 0.03984375 0.053125
0 0.3765625 0.6265625 0.02734375 0.04609375
0 0.3578125 0.5890625 0.03828125 0.05625
0 0.34296875 0.540625 0.02578125 0.040625
0 0.4140625 0.5796875 0.03515625 0.02734375
0 0.41640625 0.5453125 0.0296875 0.03984375
0 0.46015625 0.53671875 0.03828125 0.04765625
0 0.4796875 0.6109375 0.0296875 0.0484375
0 0.49765625 0.634375 0.0296875 0.04453125
0 0.5375 0.69609375 0.0375 0.0390625
0 0.57421875 0.68984375 0.028125 0.046875
0 0.61796875 0.65546875 0.0265625 0.0609375
0 0.08828125 0.51484375 0.040625 0.04453125
0 0.1453125 0.51796875 0.0234375 0.03984375
0 0.1578125 0.4765625 0.02890625 0.03203125
0 0.14765625 0.453125 0.0265625 0.03828125
0 0.215625 0.51640625 0.0203125 0.03125
0 0.271875 0.51875 0.01796875 0.02265625
0 0.24609375 0.4359375 0.028125 0.03125
0 0.41328125 0.49140625 0.0265625 0.0375
0 0.05 0.44921875 0.0328125 0.0265625
0 0.5625 0.5421875 0.0234375 0.03984375
0 0.60859375 0.540625 0.0234375 0.046875
0 0.61015625 0.46640625 0.02734375 0.03515625
0 0.5796875 0.38671875 0.025 0.034375
0 0.66015625 0.596875 0.03828125 0.05078125
0 0.65078125 0.54453125 0.0296875 0.0453125
0 0.69765625 0.6375 0.0234375 0.03046875
0 0.6546875 0.69453125 0.0390625 0.03359375
0 0.684375 0.76640625 0.01640625 0.03046875
0 0.70390625 0.74453125 0.01953125 0.0515625
0 0.72734375 0.77578125 0.0203125 0.04765625
0 0.7328125 0.74375 0.0234375 0.02578125
0 0.75 0.77734375 0.01640625 0.03984375
0 0.74375 0.88046875 0.0390625 0.0609375
0 0.76796875 0.94375 0.04453125 0.0796875
0 0.82421875 0.91171875 0.0234375 0.05078125
0 0.8890625 0.9140625 0.0515625 0.06328125
0 0.9421875 0.975 0.05625 0.05
0 0.8359375 0.82890625 0.03203125 0.06875
0 0.784375 0.7578125 0.02578125 0.0515625
0 0.86171875 0.78984375 0.0375 0.0578125
0 0.928125 0.853125 0.03515625 0.0484375
0 0.9828125 0.7375 0.034375 0.04375
0 0.9203125 0.70546875 0.04296875 0.05546875
0 0.8046875 0.66328125 0.021875 0.0453125
0 0.76953125 0.64453125 0.02109375 0.04296875
0 0.7875 0.5984375 0.0328125 0.053125
0 0.74375 0.50703125 0.0296875 0.04609375
0 0.86953125 0.55859375 0.04140625 0.03828125
0 0.91484375 0.61328125 0.034375 0.03828125
0 0.92109375 0.56953125 0.03671875 0.046875
0 0.6546875 0.4890625 0.0390625 0.0390625
0 0.7296875 0.58828125 0.03125 0.046875
0 0.75625 0.60625 0.02421875 0.03671875