0 0.7984375 0.9625 0.034375 0.04296875
0 0.7015625 0.76875 0.03203125 0.034375
0 0.93671875 0.90703125 0.03984375 0.059375
0 0.89140625 0.846875 0.0359375 0.053125
0 0.1 0.690625 0.03046875 0.03515625
0 0.765625 0.6828125 0.0328125 0.03203125
0 0.65234375 0.90390625 0.03046875 0.046875
0 0.71171875 0.6234375 0.0234375 0.025
0 0.371875 0.78359375 0.0328125 0.03984375
0 0.2890625 0.90859375 0.03515625 0.046875
0 0.325 0.7203125 0.0265625 0.03671875
0 0.659375 0.64140625 0.028125 0.0265625
0 0.3875 0.7234375 0.02421875 0.0328125
0 0.90234375 0.93203125 0.0390625 0.0484375
0 0.73125 0.83046875 0.03671875 0.05
0 0.8109375 0.903125 0.028125 0.03984375
0 0.46328125 0.74140625 0.03515625 0.0390625
0 0.1484375 0.89765625 0.05 0.08828125
0 0.6234375 0.53828125 0.0265625 0.0265625
0 0.68515625 0.93671875 0.03125 0.0515625
0 0.5265625 0.6640625 0.02421875 0.0328125
0 0.80234375 0.8421875 0.03515625 0.0453125
0 0.5640625 0.81953125 0.02890625 0.03828125
0 0.5359375 0.69921875 0.025 0.02734375
0 0.76640625 0.81953125 0.028125 0.03828125
0 0.396875 0.65859375 0.02265625 0.0328125
0 0.5703125 0.70625 0.034375 0.0359375
0 0.45703125 0.5859375 0.0265625 0.03203125
0 0.21171875 0.8578125 0.034375 0.04609375
0 0.66640625 0.8640625 0.0296875 0.03828125
0 0.40625 0.78984375 0.02890625 0.0390625
0 0.5609375 0.76875 0.03515625 0.04140625
0 0.36015625 0.878125 0.0265625 0.03125
0 0.09453125 0.6203125 0.0265625 0.0296875
0 0.834375 0.76015625 0.03203125 0.03671875
0 0.4625 0.69140625 0.0203125 0.02265625
0 0.171875 0.78671875 0.02734375 0.03515625
0 0.5125 0.9109375 0.0359375 0.03828125
0 0.13046875 0.70546875 0.02109375 0.03203125
0 0.66953125 0.77421875 0.028125 0.03203125
0 0.928125 0.77421875 0.03671875 0.03828125
0 0.1671875 0.7171875 0.03046875 0.03046875
0 0.71015625 0.971875 0.03359375 0.04765625
0 0.6 0.85078125 0.03125 0.04140625
0 0.57578125 0.5984375 0.0203125 0.0328125
0 0.3515625 0.93515625 0.03359375 0.0453125
0 0.89375 0.64765625 0.0328125 0.0328125
0 0.50078125 0.81328125 0.0390625 0.04765625
0 0.60078125 0.74140625 0.0328125 0.0296875
0 0.4859375 0.64609375 0.0265625 0.03203125
0 0.89375 0.71484375 0.0328125 0.03671875
0 0.3796875 0.9515625 0.03046875 0.05625
0 0.62109375 0.69375 0.028125 0.02890625
0 0.27890625 0.77109375 0.02890625 0.03046875
0 0.2609375 0.66640625 0.03046875 0.0296875
0 0.81171875 0.81171875 0.02890625 0.0359375
0 0.35703125 0.66328125 0.02734375 0.03359375
0 0.2 0.65234375 0.021875 0.028125
0 0.85546875 0.73359375 0.0296875 0.03828125
0 0.24375 0.71953125 0.02265625 0.02890625
0 0.465625 0.84375 0.0296875 0.05234375
0 0.103125 0.7578125 0.0296875 0.0296875
0 0.43046875 0.59921875 0.02109375 0.025
0 0.41484375 0.734375 0.02421875 0.03203125
0 0.6 0.5609375 0.0234375 0.02578125
0 0.22734375 0.91484375 0.02734375 0.0375
0 0.95078125 0.6890625 0.03125 0.034375
0 0.7484375 0.9875 0.03515625 0.025
0 0.79375 0.66640625 0.02734375 0.0359375
0 0.76328125 0.73203125 0.02578125 0.03359375
0 0.53203125 0.5671875 0.02265625 0.0234375
0 0.2765625 0.74140625 0.02578125 0.028125
0 0.20625 0.896875 0.0265625 0.0375
0 0.76328125 0.6359375 0.02578125 0.028125
0 0.515625 0.86171875 0.03203125 0.0375
0 0.209375 0.69609375 0.02578125 0.02890625
0 0.37109375 0.55390625 0.0203125 0.025
0 0.5015625 0.5375 0.01953125 0.02578125
0 0.28203125 0.51328125 0.02265625 0.0265625
0 0.275 0.62578125 0.0234375 0.0265625
0 0.83984375 0.67421875 0.021875 0.03515625
0 0.225 0.6578125 0.02421875 0.0265625
0 0.296875 0.6546875 0.02421875 0.03203125
0 0.43515625 0.546875 0.0234375 0.02421875
0 0.175 0.67890625 0.03125 0.03359375
0 0.384375 0.59765625 0.0265625 0.028125
0 0.265625 0.80078125 0.034375 0.0328125
0 0.1609375 0.65859375 0.02421875 0.0296875
0 0.30390625 0.5609375 0.02109375 0.0265625
0 0.2234375 0.72421875 0.0234375 0.028125
0 0.55078125 0.98359375 0.04453125 0.03203125
0 0.7828125 0.51484375 0.0203125 0.0203125
0 0.61875 0.96328125 0.021875 0.03828125
0 0.0546875 0.79296875 0.028125 0.034375
0 0.76015625 0.8265625 0.02734375 0.0359375
0 0.28828125 0.7 0.01875 0.0234375
0 0.73125 0.74609375 0.01953125 0.028125
0 0.66171875 0.56640625 0.0234375 0.02578125
0 0.2625 0.4703125 0.0203125 0.021875
0 0.353125 0.54375 0.01953125 0.0203125
0 0.97265625 0.79140625 0.0359375 0.040625
0 0.47890625 0.5546875 0.021875 0.0234375
0 0.4046875 0.52421875 0.021875 0.028125
0 0.5734375 0.825 0.0296875 0.03828125
0 0.8078125 0.70625 0.02578125 0.028125
0 0.465625 0.4640625 0.021875 0.021875
0 0.83984375 0.75234375 0.03203125 0.03828125
0 0.23359375 0.59609375 0.02421875 0.0265625
0 0.62421875 0.55859375 0.021875 0.0203125
0 0.02421875 0.79453125 0.03125 0.0328125
0 0.5765625 0.53125 0.01875 0.02265625
0 0.7921875 0.58828125 0.02109375 0.025
0 0.5265625 0.575 0.02265625 0.02265625
0 0.790625 0.54296875 0.02265625 0.025
0 0.95859375 0.58828125 0.025 0.02421875
0 0.853125 0.546875 0.0203125 0.0234375
0 0.30859375 0.68359375 0.021875 0.0265625
0 0.2609375 0.54140625 0.025 0.0234375
0 0.40703125 0.5734375 0.02109375 0.02421875
0 0.3390625 0.46015625 0.0203125 0.02421875
0 0.69375 0.68828125 0.02265625 0.03671875