0 0.15078125 0.8578125 0.04609375 0.059375
0 0.7046875 0.8546875 0.03984375 0.059375
0 0.42890625 0.796875 0.03359375 0.04453125
0 0.88984375 0.70625 0.0359375 0.0484375
0 0.46484375 0.81171875 0.03515625 0.05390625
0 0.9234375 0.93671875 0.05859375 0.0703125
0 0.66484375 0.765625 0.0421875 0.04609375
0 0.671875 0.93359375 0.03515625 0.05625
0 0.33671875 0.8859375 0.0421875 0.0578125
0 0.78359375 0.57265625 0.02109375 0.02734375
0 0.27734375 0.6109375 0.028125 0.0296875
0 0.93046875 0.84296875 0.04140625 0.04921875
0 0.1890625 0.95546875 0.02734375 0.0484375
0 0.5265625 0.753125 0.03046875 0.0375
0 0.76953125 0.84296875 0.03828125 0.05546875
0 0.7625 0.9375 0.03828125 0.0484375
0 0.32421875 0.77578125 0.0296875 0.04296875
0 0.725 0.7359375 0.02734375 0.0359375
0 0.83359375 0.57578125 0.02890625 0.0296875
0 0.8546875 0.959375 0.040625 0.06171875
0 0.29375 0.6828125 0.03671875 0.03984375
0 0.59765625 0.56796875 0.02578125 0.0265625
0 0.22734375 0.878125 0.03671875 0.05859375
0 0.43046875 0.71953125 0.0375 0.04296875
0 0.1984375 0.540625 0.02890625 0.02734375
0 0.15234375 0.7796875 0.0265625 0.04453125
0 0.11484375 0.79140625 0.03515625 0.0421875
0 0.5984375 0.78125 0.0296875 0.03671875
0 0.3671875 0.74453125 0.03125 0.0484375
0 0.62734375 0.56015625 0.02578125 0.03359375
0 0.209375 0.628125 0.02890625 0.02890625
0 0.04453125 0.89765625 0.0421875 0.05234375
0 0.65234375 0.50859375 0.025 0.0296875
0 0.58515625 0.75 0.0234375 0.028125
0 0.4359375 0.4859375 0.0234375 0.0203125
0 0.80703125 0.7046875 0.034375 0.03984375
0 0.34140625 0.9640625 0.04375 0.05703125
0 0.7140625 0.6265625 0.02421875 0.03046875
0 0.06640625 0.74453125 0.03671875 0.03125
0 0.73125 0.46328125 0.01796875 0.02265625
0 0.47578125 0.63671875 0.0296875 0.03359375
0 0.46796875 0.70546875 0.0203125 0.0328125
0 0.290625 0.98046875 0.04609375 0.03828125
0 0.82265625 0.77734375 0.025 0.034375
0 0.259375 0.73984375 0.03515625 0.03828125
0 0.5125 0.68984375 0.0265625 0.03515625
0 0.725 0.67265625 0.03515625 0.03359375
0 0.51328125 0.584375 0.01875 0.021875
0 0.3921875 0.40546875 0.0203125 0.0203125
0 0.32890625 0.70859375 0.02578125 0.03203125
0 0.4265625 0.97421875 0.02890625 0.04609375
0 0.32578125 0.62578125 0.0265625 0.03046875
0 0.2640625 0.8359375 0.02734375 0.04375
0 0.34140625 0.6640625 0.0328125 0.040625
0 0.39765625 0.67265625 0.02578125 0.03671875
0 0.9640625 0.79140625 0.040625 0.04609375
0 0.68125 0.5 0.0265625 0.02734375
0 0.21328125 0.6859375 0.0234375 0.02890625
0 0.19921875 0.8484375 0.0359375 0.0390625
0 0.0234375 0.56796875 0.0375 0.03125
0 0.74453125 0.58828125 0.0203125 0.0265625
0 0.40546875 0.9234375 0.03359375 0.04765625
0 0.896875 0.59140625 0.02578125 0.03046875
0 0.56640625 0.4875 0.02421875 0.028125
0 0.1265625 0.68515625 0.02578125 0.03046875
0 0.75390625 0.77890625 0.0328125 0.04296875
0 0.97578125 0.70234375 0.03984375 0.0390625
0 0.81015625 0.828125 0.03125 0.04140625
0 0.784375 0.7328125 0.03046875 0.04296875
0 0.7046875 0.53125 0.0296875 0.0296875
0 0.2609375 0.55 0.0234375 0.028125
0 0.2390625 0.5109375 0.0234375 0.02734375
0 0.77109375 0.43515625 0.02578125 0.02265625
0 0.87578125 0.55 0.02265625 0.0265625
0 0.84296875 0.70078125 0.0234375 0.03203125
0 0.50859375 0.446875 0.02109375 0.01953125
0 0.6171875 0.9765625 0.0296875 0.046875
0 0.49609375 0.521875 0.0203125 0.025
0 0.984375 0.59453125 0.02734375 0.034375
0 0.528125 0.95625 0.034375 0.05
0 0.11171875 0.4703125 0.02578125 0.02578125
0 0.11796875 0.4375 0.02421875 0.0234375
0 0.19296875 0.503125 0.0234375 0.025
0 0.7328125 0.4953125 0.0265625 0.025
0 0.66015625 0.57265625 0.0265625 0.028125
0 0.49140625 0.59453125 0.01875 0.0234375
0 0.14921875 0.5796875 0.021875 0.0296875
0 0.89921875 0.6390625 0.0296875 0.03359375
0 0.596875 0.46875 0.0265625 0.02421875
0 0.27578125 0.49765625 0.01796875 0.02265625
0 0.8484375 0.4203125 0.01953125 0.025
0 0.22890625 0.5375 0.02265625 0.021875
0 0.81875 0.45 0.01875 0.01953125
0 0.675 0.4375 0.021875 0.02265625
0 0.1171875 0.54765625 0.03046875 0.0234375
0 0.52890625 0.46875 0.0234375 0.0203125
0 0.959375 0.74765625 0.04296875 0.040625
0 0.8796875 0.47890625 0.021875 0.021875
0 0.28984375 0.4453125 0.01875 0.01953125
0 0.06953125 0.53515625 0.025 0.0234375
0 0.4703125 0.7515625 0.02109375 0.03359375
0 0.46640625 0.4296875 0.01953125 0.02109375
0 0.81015625 0.953125 0.0203125 0.03828125
0 0.74453125 0.61796875 0.02578125 0.02421875
0 0.21328125 0.75234375 0.02421875 0.02890625
0 0.92421875 0.73515625 0.01796875 0.0203125
0 0.8890625 0.50390625 0.02421875 0.02421875
0 0.72890625 0.35703125 0.01875 0.0203125
0 0.40859375 0.425 0.01953125 0.02109375
0 0.1078125 0.51171875 0.02421875 0.0296875
0 0.39375 0.571875 0.01640625 0.02421875
0 0.94375 0.62890625 0.02734375 0.034375
0 0.14921875 0.4578125 0.01953125 0.0265625
0 0.24453125 0.45390625 0.025 0.03125
0 0.2515625 0.42578125 0.01953125 0.02109375
0 0.4265625 0.51953125 0.01640625 0.02265625
0 0.00859375 0.7734375 0.01640625 0.04609375
0 0.0609375 0.70625 0.0375 0.03671875
0 0.771875 0.5109375 0.0265625 0.025
0 0.509375 0.6046875 0.015625 0.01953125
0 0.0359375 0.6546875 0.03203125 0.03125
0 0.02421875 0.52421875 0.03046875 0.02734375
0 0.915625 0.4625 0.02109375 0.01875
0 0.56953125 0.39375 0.01796875 0.025
0 0.44375 0.61640625 0.021875 0.034375
0 0.1609375 0.7296875 0.01953125 0.02578125
0 0.365625 0.4625 0.01640625 0.0203125
0 0.5234375 0.49765625 0.02265625 0.02265625
0 0.8171875 0.46796875 0.0203125 0.0203125
0 0.4046875 0.59453125 0.0203125 0.028125
0 0.328125 0.4765625 0.03671875 0.03125
0 0.33046875 0.44296875 0.01875 0.02109375
0 0.4046875 0.55234375 0.0171875 0.01953125
0 0.37109375 0.48671875 0.01953125 0.021875
0 0.8703125 0.38984375 0.0203125 0.01875
0 0.69140625 0.42421875 0.01875 0.0203125
0 0.67421875 0.59375 0.01796875 0.02265625
0 0.28828125 0.42265625 0.0171875 0.01875
0 0.6625 0.45390625 0.0203125 0.01953125
0 0.01796875 0.69765625 0.0265625 0.0265625
0 0.3359375 0.5640625 0.021875 0.02734375
0 0.175 0.815625 0.0203125 0.02578125
0 0.62421875 0.48359375 0.0171875 0.01796875
0 0.76953125 0.384375 0.01875 0.01796875
0 0.15625 0.490625 0.01484375 0.02265625
0 0.65703125 0.47109375 0.01953125 0.0171875
0 0.78984375 0.47265625 0.0171875 0.01875
0 0.9859375 0.94609375 0.028125 0.04921875
0 0.68984375 0.46171875 0.01875 0.02265625
0 0.82421875 0.51875 0.025 0.02578125
0 0.76015625 0.35859375 0.01640625 0.0171875
0 0.790625 0.659375 0.0234375 0.02890625
0 0.01484375 0.6359375 0.028125 0.03125
0 0.1734375 0.503125 0.015625 0.02109375
0 0.89375 0.4296875 0.021875 0.025
0 0.91484375 0.53046875 0.0203125 0.02265625
0 0.4953125 0.57109375 0.0171875 0.01796875
0 0.8359375 0.54140625 0.01796875 0.01796875
0 0.00546875 0.93203125 0.01015625 0.0328125
0 0.70625 0.36015625 0.01640625 0.0171875
0 0.9765625 0.9875 0.0375 0.025
0 0.87734375 0.35234375 0.02265625 0.0234375
0 0.4796875 0.44765625 0.0140625 0.0171875
0 0.04296875 0.459375 0.0265625 0.02109375
0 0.14453125 0.41953125 0.0234375 0.021875
0 0.75546875 0.99296875 0.034375 0.01328125
0 0.18125 0.45078125 0.01953125 0.0234375
0 0.925 0.59765625 0.0171875 0.0234375
0 0.22890625 0.834375 0.03125 0.0390625
0 0.8125 0.48984375 0.02109375 0.01953125
0 0.9953125 0.73984375 0.00859375 0.02734375
0 0.43828125 0.4109375 0.01796875 0.01796875
0 0.0828125 0.56328125 0.03359375 0.0375
0 0.08671875 0.49609375 0.028125 0.03046875
0 0.265625 0.45859375 0.0234375 0.03359375
0 0.34609375 0.4 0.04140625 0.03125
0 0.3609375 0.42265625 0.03125 0.02421875
0 0.31015625 0.42734375 0.02421875 0.02578125
0 0.30703125 0.578125 0.02109375 0.028125
0 0.85234375 0.6125 0.04453125 0.04453125
0 0.84921875 0.48125 0.03046875 0.05390625
0 0.7390625 0.396875 0.0203125 0.02421875
0 0.56015625 0.43984375 0.03046875 0.0296875
0 0.68671875 0.39765625 0.0390625 0.0390625
0 0.14453125 0.6390625 0.0296875 0.0375