0 0.86484375 0.61328125 0.02265625 0.025
0 0.9421875 0.79765625 0.03125 0.034375
0 0.25390625 0.8234375 0.03125 0.0375
0 0.88828125 0.60625 0.02421875 0.028125
0 0.55625 0.67421875 0.028125 0.0265625
0 0.21484375 0.759375 0.028125 0.0359375
0 0.4609375 0.73984375 0.0359375 0.03515625
0 0.68828125 0.70078125 0.0265625 0.03515625
0 0.35 0.78125 0.034375 0.03984375
0 0.6125 0.6578125 0.0234375 0.025
0 0.15546875 0.95234375 0.03828125 0.04921875
0 0.7625 0.9671875 0.0375 0.05234375
0 0.60546875 0.871875 0.034375 0.04765625
0 0.5375 0.9015625 0.0296875 0.04140625
0 0.79609375 0.94296875 0.03359375 0.05625
0 0.37890625 0.85078125 0.0390625 0.05078125
0 0.54375 0.9765625 0.03671875 0.046875
0 0.55 0.81484375 0.0296875 0.03359375
0 0.76640625 0.88515625 0.034375 0.046875
0 0.44296875 0.80859375 0.03359375 0.0390625
0 0.67578125 0.94453125 0.02578125 0.040625
0 0.36171875 0.62265625 0.02421875 0.02734375
0 0.51328125 0.728125 0.025 0.0265625
0 0.28671875 0.828125 0.02578125 0.0359375
0 0.78203125 0.75 0.03359375 0.03671875
0 0.34453125 0.57734375 0.0234375 0.0234375
0 0.48203125 0.63046875 0.01796875 0.03359375
0 0.0671875 0.7203125 0.0359375 0.03359375
0 0.484375 0.7796875 0.03125 0.03125
0 0.790625 0.67578125 0.025 0.0296875
0 0.4390625 0.85546875 0.028125 0.0359375
0 0.56953125 0.60078125 0.021875 0.02578125
0 0.64296875 0.859375 0.02890625 0.0359375
0 0.38828125 0.58984375 0.02109375 0.0234375
0 0.84453125 0.821875 0.03359375 0.0421875
0 0.4390625 0.6015625 0.021875 0.021875
0 0.6859375 0.84609375 0.02578125 0.034375
0 0.9171875 0.553125 0.02578125 0.0234375
0 0.74140625 0.771875 0.0265625 0.0375
0 0.871875 0.771875 0.02578125 0.025
0 0.7171875 0.7921875 0.028125 0.034375
0 0.5078125 0.59375 0.0203125 0.02421875
0 0.67421875 0.88359375 0.03203125 0.04375
0 0.078125 0.9078125 0.0375 0.04921875
0 0.66015625 0.71796875 0.03046875 0.0359375
0 0.4203125 0.70234375 0.02265625 0.0296875
0 0.29375 0.6953125 0.02109375 0.03125
0 0.33828125 0.88359375 0.02734375 0.0453125
0 0.37734375 0.9515625 0.03515625 0.03828125
0 0.9484375 0.94375 0.03984375 0.0453125
0 0.58125 0.80703125 0.034375 0.034375
0 0.4265625 0.73515625 0.02421875 0.025
0 0.05703125 0.7609375 0.03203125 0.03125
0 0.73671875 0.7078125 0.021875 0.034375
0 0.3875 0.89921875 0.034375 0.0359375
0 0.1609375 0.7046875 0.028125 0.03046875
0 0.65078125 0.76796875 0.02578125 0.03671875
0 0.2171875 0.978125 0.0359375 0.04375
0 0.27578125 0.759375 0.02578125 0.0328125
0 0.5140625 0.94375 0.028125 0.0453125
0 0.8078125 0.8078125 0.03046875 0.0359375
0 0.66171875 0.6703125 0.02578125 0.028125
0 0.38671875 0.678125 0.0234375 0.03125
0 0.46875 0.89375 0.03046875 0.0359375
0 0.12421875 0.6953125 0.025 0.02734375
0 0.53828125 0.5671875 0.025 0.0265625
0 0.840625 0.72109375 0.0265625 0.03203125
0 0.8390625 0.984375 0.03203125 0.03125
0 0.13515625 0.7609375 0.02421875 0.03125
0 0.5359375 0.590625 0.0203125 0.01953125
0 0.88984375 0.5578125 0.02578125 0.0265625
0 0.9234375 0.61640625 0.025 0.02265625
0 0.1625 0.78203125 0.02734375 0.03125
0 0.3546875 0.72421875 0.01796875 0.01953125
0 0.8109375 0.5453125 0.02421875 0.025
0 0.23046875 0.9203125 0.025 0.03203125
0 0.1 0.690625 0.0234375 0.02734375
0 0.9890625 0.665625 0.02109375 0.025
0 0.14609375 0.83828125 0.03515625 0.03359375
0 0.1625 0.81171875 0.028125 0.028125
0 0.334375 0.63125 0.01953125 0.02421875
0 0.2578125 0.7 0.02578125 0.0328125
0 0.1765625 0.6625 0.02109375 0.02734375
0 0.784375 0.63515625 0.01953125 0.0234375
0 0.1953125 0.68984375 0.02421875 0.03203125
0 0.64453125 0.54140625 0.0203125 0.021875
0 0.2890625 0.628125 0.02421875 0.02734375
0 0.2984375 0.771875 0.025 0.03203125
0 0.95703125 0.54609375 0.03046875 0.021875
0 0.86953125 0.95078125 0.03125 0.04296875
0 0.38828125 0.49765625 0.0203125 0.021875
0 0.28125 0.5859375 0.021875 0.0234375
0 0.04921875 0.83359375 0.03125 0.034375
0 0.61640625 0.78515625 0.01953125 0.02734375
0 0.69921875 0.7390625 0.025 0.028125
0 0.77421875 0.52734375 0.021875 0.01953125
0 0.98828125 0.78125 0.02265625 0.03828125
0 0.103125 0.73203125 0.028125 0.0265625
0 0.48984375 0.56171875 0.0171875 0.02109375
0 0.18515625 0.503125 0.0203125 0.0234375
0 0.18203125 0.73515625 0.01796875 0.02421875
0 0.896875 0.984375 0.04296875 0.0296875
0 0.92265625 0.77109375 0.02109375 0.025
0 0.553125 0.5015625 0.015625 0.01875
0 0.06640625 0.9484375 0.03203125 0.03984375
0 0.6265625 0.46328125 0.0171875 0.01796875
0 0.21796875 0.596875 0.02109375 0.025
0 0.7703125 0.575 0.02109375 0.021875
0 0.4015625 0.47578125 0.01953125 0.01953125
0 0.5625 0.55234375 0.021875 0.02265625
0 0.80390625 0.628125 0.0171875 0.02109375
0 0.1125 0.76640625 0.025 0.0265625
0 0.0890625 0.96875 0.03046875 0.03828125
0 0.33984375 0.66328125 0.021875 0.0265625
0 0.58515625 0.725 0.0203125 0.02109375
0 0.1421875 0.63359375 0.0234375 0.02265625
0 0.1578125 0.60234375 0.0234375 0.025
0 0.41484375 0.5671875 0.01875 0.02578125
0 0.33203125 0.51640625 0.01953125 0.021875
0 0.2640625 0.49375 0.0171875 0.02109375
0 0.778125 0.55234375 0.0203125 0.02109375
0 0.06484375 0.62421875 0.0265625 0.02421875
0 0.20078125 0.54921875 0.02421875 0.02421875
0 0.56171875 0.76484375 0.01640625 0.025
0 0.62890625 0.51953125 0.01796875 0.01796875
0 0.175 0.57421875 0.02421875 0.02265625
0 0.20625 0.7234375 0.02109375 0.02421875
0 0.828125 0.7703125 0.01875 0.0265625
0 0.584375 0.49921875 0.015625 0.02109375
0 0.7 0.62109375 0.01796875 0.025
0 0.81015625 0.73203125 0.01953125 0.0265625
0 0.3859375 0.55390625 0.02109375 0.0234375
0 0.653125 0.99140625 0.03046875 0.01640625
0 0.2421875 0.5890625 0.01640625 0.02265625
0 0.54296875 0.48046875 0.015625 0.0171875
0 0.05390625 0.69609375 0.025 0.02734375
0 0.3171875 0.61015625 0.01875 0.021875
0 0.45234375 0.50859375 0.01953125 0.02109375
0 0.46484375 0.9671875 0.025 0.0359375
0 0.42578125 0.515625 0.01796875 0.025
0 0.240625 0.9859375 0.0265625 0.028125
0 0.42109375 0.61875 0.01796875 0.02421875
0 0.9765625 0.48984375 0.02734375 0.02109375
0 0.23125 0.4890625 0.01875 0.02109375
0 0.0171875 0.74921875 0.02421875 0.034375
0 0.14765625 0.6609375 0.01953125 0.02421875
0 0.3578125 0.66484375 0.01640625 0.02421875
0 0.5640625 0.48203125 0.01640625 0.0171875
0 0.2359375 0.65078125 0.0203125 0.021875
0 0.94609375 0.51796875 0.0203125 0.01953125
0 0.78125 0.61015625 0.015625 0.01875
0 0.9390625 0.63125 0.02109375 0.01640625
0 0.7640625 0.69921875 0.021875 0.0265625
0 0.50625 0.5609375 0.0171875 0.0203125
0 0.29921875 0.48046875 0.0171875 0.02109375
0 0.94296875 0.57734375 0.02421875 0.0203125
0 0.80703125 0.6453125 0.01484375 0.0171875
0 0.290625 0.65859375 0.01796875 0.02109375
0 0.759375 0.6609375 0.0203125 0.0265625
0 0.671875 0.46953125 0.01953125 0.01796875
0 0.6078125 0.48046875 0.0171875 0.0171875
0 0.30859375 0.50078125 0.015625 0.01796875
0 0.60546875 0.534375 0.01640625 0.01875
0 0.1546875 0.54296875 0.01875 0.02109375
0 0.65625 0.40859375 0.01796875 0.01875
0 0.1578125 0.5015625 0.0171875 0.0203125
0 0.62265625 0.625 0.0171875 0.01953125
0 0.49375 0.57734375 0.0171875 0.01953125
0 0.5046875 0.4859375 0.01796875 0.0171875
0 0.83828125 0.91015625 0.021875 0.034375
0 0.51796875 0.784375 0.0171875 0.0234375
0 0.01640625 0.6 0.02578125 0.02421875
0 0.70234375 0.60234375 0.0171875 0.01875
0 0.440625 0.521875 0.01484375 0.0234375
0 0.67734375 0.6359375 0.01875 0.021875
0 0.4671875 0.56171875 0.01796875 0.021875
0 0.65 0.484375 0.01875 0.01875
0 0.32109375 0.55546875 0.02109375 0.02421875
0 0.02734375 0.934375 0.025 0.0578125
0 0.1734375 0.61875 0.02421875 0.015625
0 0.1984375 0.6296875 0.02421875 0.01875
0 0.28046875 0.87578125 0.02421875 0.02421875
0 0.2984375 0.9265625 0.0234375 0.03046875
0 0.315625 0.953125 0.01796875 0.0421875
0 0.428125 0.95078125 0.02890625 0.040625
0 0.659375 0.84453125 0.0171875 0.03203125
0 0.64296875 0.61640625 0.0171875 0.02265625
0 0.79921875 0.46171875 0.01640625 0.021875
0 0.8765625 0.51015625 0.02109375 0.0171875
0 0.0671875 0.66875 0.0265625 0.021875