0 0.15234375 0.9328125 0.046875 0.040625
0 0.14609375 0.85625 0.034375 0.0390625
0 0.0515625 0.73359375 0.034375 0.03671875
0 0.08671875 0.7375 0.028125 0.03046875
0 0.0203125 0.67734375 0.03515625 0.03828125
0 0.02265625 0.6390625 0.0328125 0.02890625
0 0.0890625 0.6734375 0.03203125 0.034375
0 0.1265625 0.7875 0.028125 0.03828125
0 0.17578125 0.75703125 0.04296875 0.04375
0 0.17109375 0.80625 0.0328125 0.0359375
0 0.23671875 0.90546875 0.02578125 0.04140625
0 0.3078125 0.96796875 0.028125 0.0421875
0 0.35859375 0.9484375 0.03203125 0.04609375
0 0.3265625 0.91796875 0.03359375 0.0359375
0 0.31484375 0.88203125 0.0390625 0.0578125
0 0.290625 0.84609375 0.028125 0.04375
0 0.31875 0.8109375 0.02890625 0.04375
0 0.25625 0.8015625 0.028125 0.03515625
0 0.234375 0.76640625 0.03203125 0.0359375
0 0.1640625 0.6921875 0.0359375 0.03671875
0 0.12578125 0.61171875 0.02109375 0.03125
0 0.18203125 0.640625 0.01875 0.0203125
0 0.24765625 0.7171875 0.03515625 0.03515625
0 0.42109375 0.9109375 0.03125 0.04140625
0 0.45546875 0.85234375 0.0234375 0.03515625
0 0.54296875 0.87421875 0.03671875 0.053125
0 0.56328125 0.796875 0.034375 0.05078125
0 0.58125 0.8609375 0.0328125 0.0578125
0 0.63046875 0.82265625 0.02421875 0.03125
0 0.653125 0.85859375 0.03046875 0.034375
0 0.67421875 0.9046875 0.04375 0.05078125
0 0.68828125 0.9546875 0.03359375 0.04921875
0 0.7453125 0.928125 0.04765625 0.05703125
0 0.73515625 0.84375 0.034375 0.04140625
0 0.92265625 0.83359375 0.0359375 0.0390625
0 0.84765625 0.8265625 0.02890625 0.0453125
0 0.8109375 0.85625 0.03125 0.0390625
0 0.85546875 0.76953125 0.03671875 0.05
0 0.81484375 0.6984375 0.03828125 0.03671875
0 0.75859375 0.709375 0.028125 0.0328125
0 0.9109375 0.75703125 0.034375 0.04453125
0 0.9453125 0.753125 0.03203125 0.03203125
0 0.94921875 0.71171875 0.0234375 0.0328125
0 0.92421875 0.64921875 0.034375 0.0359375
0 0.8609375 0.678125 0.02421875 0.03203125
0 0.8484375 0.625 0.03203125 0.02734375
0 0.9578125 0.65 0.02421875 0.028125
0 0.8328125 0.58515625 0.021875 0.02578125
0 0.83046875 0.4765625 0.028125 0.021875
0 0.7484375 0.5359375 0.02265625 0.02890625
0 0.7234375 0.5390625 0.021875 0.025
0 0.76015625 0.48828125 0.02109375 0.025
0 0.6578125 0.73515625 0.03125 0.04140625
0 0.621875 0.725 0.03125 0.0359375
0 0.609375 0.66640625 0.03203125 0.0375
0 0.640625 0.65546875 0.02265625 0.034375
0 0.67578125 0.64296875 0.02578125 0.03203125
0 0.6953125 0.690625 0.028125 0.02734375
0 0.61640625 0.89375 0.02890625 0.03203125
0 0.5609375 0.6875 0.021875 0.040625
0 0.5296875 0.7125 0.03046875 0.03125
0 0.63203125 0.596875 0.02734375 0.0296875
0 0.6546875 0.55546875 0.0171875 0.01796875
0 0.6375 0.5609375 0.01796875 0.01953125
0 0.684375 0.471875 0.025 0.02578125
0 0.6453125 0.45625 0.021875 0.0234375
0 0.56640625 0.46796875 0.02421875 0.021875
0 0.54921875 0.54375 0.01484375 0.021875
0 0.521875 0.61953125 0.02890625 0.0296875
0 0.521875 0.659375 0.0234375 0.028125
0 0.4875 0.6375 0.0328125 0.0296875
0 0.4984375 0.59296875 0.02265625 0.0234375
0 0.48828125 0.76328125 0.0234375 0.03203125
0 0.465625 0.7953125 0.03515625 0.04921875
0 0.43671875 0.77109375 0.0328125 0.03515625
0 0.39765625 0.77734375 0.0328125 0.04609375
0 0.465625 0.68359375 0.0296875 0.03125
0 0.35078125 0.72734375 0.0328125 0.02734375
0 0.384375 0.71640625 0.028125 0.028125
0 0.3921875 0.5921875 0.0265625 0.02890625
0 0.41015625 0.64375 0.01875 0.01875
0 0.44921875 0.57890625 0.021875 0.02890625
0 0.509375 0.4 0.01484375 0.01796875
0 0.52890625 0.41640625 0.0171875 0.01875
0 0.29765625 0.690625 0.0265625 0.02890625
0 0.33515625 0.6453125 0.021875 0.02578125
0 0.2875 0.525 0.0234375 0.0171875
0 0.325 0.55390625 0.01640625 0.0296875
0 0.3609375 0.5171875 0.021875 0.02109375
0 0.38828125 0.515625 0.01953125 0.02421875
0 0.39375 0.49453125 0.021875 0.028125
0 0.284375 0.65859375 0.0375 0.0265625
0 0.246875 0.65 0.02109375 0.0234375
0 0.2484375 0.61796875 0.02734375 0.02265625
0 0.2671875 0.540625 0.01796875 0.021875
0 0.24296875 0.51484375 0.01953125 0.0203125
0 0.26015625 0.42890625 0.01796875 0.021875
0 0.2125 0.546875 0.0296875 0.025
0 0.22265625 0.59609375 0.01953125 0.03203125
0 0.17890625 0.584375 0.025 0.021875
0 0.1796875 0.55625 0.02265625 0.0234375
0 0.42109375 0.52578125 0.0234375 0.02421875
0 0.1359375 0.55234375 0.02421875 0.02421875
0 0.13359375 0.51640625 0.02265625 0.0171875
0 0.778125 0.546875 0.028125 0.021875
0 0.7859375 0.484375 0.0265625 0.0234375
0 0.85234375 0.425 0.028125 0.021875
0 0.9859375 0.92890625 0.028125 0.0265625
0 0.93125 0.88671875 0.03046875 0.0328125
0 0.42265625 0.43515625 0.01953125 0.015625
0 0.4171875 0.41171875 0.01484375 0.01640625
0 0.27109375 0.496875 0.01953125 0.02890625