0 0.38125 0.47734375 0.0265625 0.0265625
0 0.715625 0.8078125 0.0359375 0.05078125
0 0.66640625 0.96171875 0.06171875 0.07578125
0 0.765625 0.959375 0.05546875 0.07734375
0 0.628125 0.84296875 0.0625 0.0703125
0 0.31328125 0.865625 0.0453125 0.059375
0 0.5375 0.865625 0.04765625 0.0515625
0 0.3609375 0.89453125 0.05234375 0.06953125
0 0.3328125 0.7671875 0.05546875 0.0640625
0 0.87578125 0.759375 0.03203125 0.0515625
0 0.82265625 0.7671875 0.0484375 0.05625
0 0.44609375 0.81953125 0.04140625 0.04921875
0 0.60625 0.57421875 0.03125 0.03828125
0 0.18359375 0.8359375 0.03671875 0.053125
0 0.2453125 0.79765625 0.04609375 0.06171875
0 0.82265625 0.94765625 0.046875 0.0640625
0 0.08515625 0.9125 0.03515625 0.065625
0 0.8625 0.6 0.03515625 0.0359375
0 0.63671875 0.509375 0.03046875 0.034375
0 0.83984375 0.8703125 0.03671875 0.0484375
0 0.5265625 0.821875 0.03828125 0.04375
0 0.49375 0.46015625 0.028125 0.025
0 0.7984375 0.59609375 0.0296875 0.03671875
0 0.5375 0.48359375 0.03046875 0.03203125
0 0.57421875 0.4625 0.03046875 0.02890625
0 0.71640625 0.71640625 0.04921875 0.0421875
0 0.271875 0.42890625 0.02109375 0.02421875
0 0.4015625 0.6640625 0.03515625 0.0390625
0 0.56484375 0.5796875 0.03203125 0.03203125
0 0.171875 0.61953125 0.03671875 0.03671875
0 0.70078125 0.53828125 0.034375 0.0328125
0 0.0515625 0.8046875 0.0421875 0.0484375
0 0.1 0.53515625 0.034375 0.03203125
0 0.74375 0.8609375 0.03984375 0.065625
0 0.38515625 0.74921875 0.02890625 0.04296875
0 0.9375 0.771875 0.0578125 0.06875
0 0.73984375 0.4953125 0.0328125 0.03046875
0 0.378125 0.81328125 0.03125 0.0546875
0 0.79140625 0.80625 0.046875 0.0640625
0 0.675 0.5015625 0.03046875 0.0328125
0 0.74765625 0.6078125 0.02734375 0.0328125
0 0.07265625 0.71640625 0.0296875 0.040625
0 0.646875 0.59140625 0.0328125 0.03359375
0 0.21171875 0.74765625 0.03828125 0.04140625
0 0.2359375 0.6890625 0.04296875 0.04921875
0 0.44375 0.72890625 0.034375 0.04140625
0 0.1734375 0.709375 0.0515625 0.0484375
0 0.7875 0.428125 0.0296875 0.0265625
0 0.1359375 0.53125 0.0296875 0.0234375
0 0.33515625 0.5546875 0.02421875 0.0234375
0 0.81171875 0.47265625 0.02265625 0.025
0 0.1671875 0.54765625 0.02734375 0.034375
0 0.3484375 0.3890625 0.021875 0.021875
0 0.08125 0.64296875 0.03515625 0.0375
0 0.4296875 0.60703125 0.02265625 0.0296875
0 0.3 0.7046875 0.04296875 0.05234375
0 0.921875 0.56640625 0.0296875 0.03515625
0 0.253125 0.56328125 0.028125 0.034375
0 0.4609375 0.6 0.02265625 0.02734375
0 0.17578125 0.43671875 0.03359375 0.02890625
0 0.184375 0.40546875 0.02265625 0.0234375
0 0.73984375 0.459375 0.0171875 0.02421875
0 0.20078125 0.44296875 0.028125 0.03984375
0 0.2265625 0.43046875 0.0203125 0.02265625
0 0.22421875 0.640625 0.03125 0.03828125
0 0.1140625 0.7859375 0.04375 0.05859375
0 0.70625 0.65859375 0.0328125 0.0328125
0 0.4203125 0.5546875 0.02890625 0.040625
0 0.4453125 0.521875 0.02578125 0.028125
0 0.203125 0.48828125 0.02421875 0.02890625
0 0.94375 0.61640625 0.03828125 0.04296875
0 0.90546875 0.3796875 0.02578125 0.02109375
0 0.88828125 0.4078125 0.02578125 0.02890625
0 0.65 0.46484375 0.02578125 0.0203125
0 0.67265625 0.42890625 0.02421875 0.0234375
0 0.31640625 0.57578125 0.02265625 0.0296875
0 0.15703125 0.503125 0.0296875 0.03125
0 0.925 0.48125 0.0265625 0.0265625
0 0.74296875 0.340625 0.021875 0.0203125
0 0.784375 0.51484375 0.03203125 0.02890625
0 0.10546875 0.490625 0.03046875 0.02890625
0 0.1703125 0.9734375 0.065625 0.053125
0 0.4296875 0.4171875 0.02421875 0.0234375
0 0.93671875 0.5109375 0.03203125 0.02890625
0 0.4765625 0.43671875 0.02421875 0.02109375
0 0.8453125 0.446875 0.0203125 0.021875
0 0.43984375 0.57890625 0.01875 0.021875
0 0.30546875 0.4734375 0.0234375 0.025
0 0.48515625 0.49453125 0.02421875 0.02578125
0 0.98515625 0.81796875 0.02734375 0.034375
0 0.98203125 0.628125 0.02109375 0.02890625
0 0.45 0.61953125 0.01796875 0.0234375
0 0.74921875 0.64921875 0.03359375 0.028125
0 0.84375 0.53515625 0.03203125 0.03046875
0 0.946875 0.68125 0.04375 0.04375
0 0.8421875 0.5109375 0.03125 0.0359375
0 0.840625 0.46796875 0.025 0.0234375
0 0.30234375 0.45 0.0203125 0.021875
0 0.06171875 0.440625 0.025 0.0328125
0 0.02578125 0.58515625 0.02890625 0.03359375
0 0.4328125 0.46640625 0.01640625 0.021875
0 0.6578125 0.446875 0.01953125 0.01953125
0 0.86640625 0.55234375 0.02265625 0.02421875
0 0.36640625 0.5171875 0.0203125 0.0296875
0 0.346875 0.690625 0.0234375 0.040625
0 0.98828125 0.96484375 0.0234375 0.0671875
0 0.60859375 0.4796875 0.021875 0.0203125
0 0.03203125 0.41875 0.028125 0.02421875
0 0.36484375 0.409375 0.02109375 0.02265625
0 0.228125 0.4015625 0.01953125 0.01953125
0 0.91875 0.33828125 0.0234375 0.02109375
0 0.9703125 0.54609375 0.02890625 0.0296875
0 0.36484375 0.6421875 0.025 0.040625
0 0.7453125 0.38828125 0.0234375 0.02109375
0 0.809375 0.7046875 0.0265625 0.03359375
0 0.69375 0.409375 0.01796875 0.021875
0 0.5390625 0.43046875 0.03125 0.028125
0 0.52890625 0.3984375 0.02578125 0.0265625
0 0.5515625 0.37734375 0.0203125 0.02734375
0 0.328125 0.6046875 0.0265625 0.0296875
0 0.5375 0.328125 0.0390625 0.03671875
0 0.546875 0.2875 0.01953125 0.01953125
0 0.01015625 0.9328125 0.01953125 0.0375
0 0.21484375 0.57734375 0.02109375 0.02421875
0 0.4203125 0.328125 0.0171875 0.0203125
0 0.7875 0.37578125 0.02109375 0.01953125
0 0.6609375 0.61171875 0.02109375 0.02421875
0 0.4671875 0.41171875 0.03359375 0.0421875
0 0.4921875 0.3703125 0.015625 0.01875
0 0.00703125 0.5390625 0.0140625 0.028125
0 0.0359375 0.96953125 0.04609375 0.059375
0 0.65390625 0.34140625 0.03046875 0.03671875
0 0.68515625 0.32578125 0.0171875 0.01875
0 0.753125 0.3234375 0.02109375 0.01875
0 0.48828125 0.33046875 0.01640625 0.01796875
0 0.0609375 0.478125 0.0203125 0.0234375
0 0.9453125 0.42578125 0.0328125 0.028125
0 0.6859375 0.4546875 0.0203125 0.028125
0 0.45078125 0.46484375 0.01796875 0.0203125
0 0.99375 0.38359375 0.01171875 0.021875
0 0.84296875 0.48984375 0.025 0.0234375
0 0.76484375 0.41171875 0.0203125 0.01953125
0 0.00625 0.49921875 0.01171875 0.03203125
0 0.078125 0.49375 0.01796875 0.021875
0 0.7640625 0.365625 0.021875 0.01796875
0 0.7 0.38203125 0.028125 0.03203125
0 0.7125 0.34296875 0.0171875 0.01796875
0 0.25 0.409375 0.01953125 0.01875
0 0.30859375 0.3796875 0.02421875 0.01796875
0 0.540625 0.27421875 0.015625 0.01640625
0 0.67734375 0.35 0.01796875 0.01796875
0 0.04765625 0.91796875 0.03125 0.040625
0 0.39765625 0.39140625 0.0171875 0.021875
0 0.4234375 0.36484375 0.01875 0.01953125
0 0.33828125 0.30234375 0.02109375 0.02421875
0 0.43125 0.28828125 0.0140625 0.0171875
0 0.10625 0.43515625 0.0203125 0.02421875
0 0.01953125 0.7359375 0.02421875 0.03203125
0 0.31953125 0.40234375 0.0171875 0.021875
0 0.5 0.34921875 0.01640625 0.01640625
0 0.86796875 0.33671875 0.02109375 0.01796875
0 0.16484375 0.38984375 0.01953125 0.0203125
0 0.8828125 0.46953125 0.025 0.02578125
0 0.60546875 0.275 0.015625 0.01796875
0 0.90859375 0.31015625 0.01875 0.01640625
0 0.86796875 0.98984375 0.03515625 0.01953125
0 0.275 0.9921875 0.0453125 0.01484375
0 0.84921875 0.66484375 0.02265625 0.03515625
0 0.56484375 0.5359375 0.0390625 0.03984375
0 0.78046875 0.33984375 0.0390625 0.0421875
0 0.890625 0.6453125 0.05390625 0.06875