0 0.14453125 0.93125 0.06328125 0.078125
0 0.040625 0.92578125 0.06328125 0.0609375
0 0.09296875 0.790625 0.04375 0.05
0 0.04453125 0.7 0.05390625 0.05
0 0.16328125 0.73671875 0.04921875 0.0515625
0 0.24765625 0.80390625 0.0328125 0.04765625
0 0.2796875 0.86640625 0.028125 0.03203125
0 0.21640625 0.91484375 0.04453125 0.05546875
0 0.290625 0.95703125 0.06171875 0.08515625
0 0.39453125 0.94296875 0.059375 0.06328125
0 0.51953125 0.9671875 0.05 0.06484375
0 0.58125 0.9765625 0.03828125 0.046875
0 0.62734375 0.97265625 0.0375 0.05390625
0 0.68984375 0.978125 0.04375 0.04375
0 0.62578125 0.88125 0.0421875 0.06875
0 0.5328125 0.7875 0.04375 0.05859375
0 0.459375 0.8421875 0.04609375 0.05390625
0 0.61953125 0.7921875 0.03828125 0.0609375
0 0.8859375 0.95 0.04375 0.06640625
0 0.8640625 0.821875 0.0328125 0.0578125
0 0.81640625 0.82109375 0.0421875 0.046875
0 0.74375 0.75546875 0.02421875 0.05
0 0.6578125 0.6859375 0.0390625 0.04765625
0 0.63125 0.61171875 0.034375 0.03359375
0 0.5578125 0.6796875 0.05078125 0.0375
0 0.48515625 0.7015625 0.046875 0.04296875
0 0.7046875 0.63671875 0.04609375 0.0546875
0 0.77578125 0.7359375 0.03359375 0.03828125
0 0.8 0.70546875 0.04375 0.03515625
0 0.85859375 0.73203125 0.0390625 0.0390625
0 0.928125 0.7515625 0.0375 0.046875
0 0.925 0.59921875 0.03671875 0.03515625
0 0.8703125 0.5890625 0.03359375 0.0359375
0 0.75390625 0.63046875 0.03125 0.04140625
0 0.7578125 0.5796875 0.034375 0.04140625
0 0.71171875 0.5203125 0.0296875 0.03359375
0 0.64921875 0.509375 0.0265625 0.03359375
0 0.59296875 0.57578125 0.034375 0.03828125
0 0.51953125 0.51796875 0.03203125 0.040625
0 0.709375 0.44296875 0.02421875 0.0296875
0 0.7421875 0.52890625 0.028125 0.03515625
0 0.4765625 0.6390625 0.03203125 0.05078125
0 0.41015625 0.721875 0.03359375 0.0453125
0 0.38125 0.7078125 0.03125 0.0265625
0 0.34765625 0.75625 0.0375 0.04921875
0 0.26328125 0.7390625 0.03828125 0.028125
0 0.265625 0.6984375 0.0328125 0.05078125
0 0.17734375 0.6890625 0.02890625 0.03515625
0 0.284375 0.60390625 0.0359375 0.04609375
0 0.36171875 0.603125 0.03125 0.0515625
0 0.29765625 0.64609375 0.03515625 0.03828125
0 0.1359375 0.65703125 0.03359375 0.0390625
0 0.05390625 0.6125 0.025 0.03125
0 0.0359375 0.56015625 0.0328125 0.028125
0 0.11875 0.57265625 0.03359375 0.03125
0 0.08515625 0.5140625 0.0265625 0.021875
0 0.33828125 0.5140625 0.0265625 0.0328125
0 0.3078125 0.5484375 0.0359375 0.02890625
0 0.26484375 0.49453125 0.03125 0.03125
0 0.4515625 0.56953125 0.034375 0.03828125
0 0.38984375 0.46171875 0.021875 0.0265625
0 0.31328125 0.44375 0.02109375 0.0234375
0 0.2265625 0.53671875 0.025 0.03125
0 0.15859375 0.5234375 0.02734375 0.025
0 0.1671875 0.58984375 0.02265625 0.0296875
0 0.2140625 0.51171875 0.01953125 0.01328125
0 0.18359375 0.48203125 0.021875 0.02578125
0 0.12265625 0.465625 0.0265625 0.02421875
0 0.0171875 0.50625 0.034375 0.034375
0 0.56875 0.5109375 0.0203125 0.021875
0 0.5609375 0.48828125 0.03046875 0.0296875
0 0.53359375 0.38203125 0.0234375 0.02109375
0 0.49140625 0.4 0.0203125 0.01796875
0 0.46171875 0.4171875 0.02421875 0.02109375
0 0.45625 0.3953125 0.02109375 0.02578125
0 0.465625 0.37734375 0.02265625 0.01875
0 0.43203125 0.3859375 0.01953125 0.02265625
0 0.6765625 0.44140625 0.021875 0.03125
0 0.728125 0.3640625 0.01796875 0.028125
0 0.61171875 0.4109375 0.0203125 0.0234375
0 0.83515625 0.496875 0.021875 0.03046875
0 0.921875 0.428125 0.028125 0.02265625
0 0.93984375 0.525 0.02578125 0.0296875
0 0.9828125 0.50390625 0.028125 0.03359375
0 0.9421875 0.6734375 0.03984375 0.05703125