0 0.928125 0.9171875 0.0609375 0.06328125
0 0.78359375 0.91875 0.04609375 0.0640625
0 0.0546875 0.92421875 0.05859375 0.06875
0 0.415625 0.58359375 0.03515625 0.03359375
0 0.509375 0.71171875 0.03125 0.046875
0 0.61796875 0.821875 0.0328125 0.0453125
0 0.41640625 0.66015625 0.03671875 0.04140625
0 0.3078125 0.71328125 0.03984375 0.03984375
0 0.78359375 0.81484375 0.0359375 0.04921875
0 0.72421875 0.82109375 0.04296875 0.04921875
0 0.28125 0.95 0.04765625 0.07109375
0 0.8640625 0.796875 0.0375 0.0546875
0 0.29296875 0.78671875 0.03515625 0.0453125
0 0.82890625 0.684375 0.0359375 0.04453125
0 0.26171875 0.753125 0.0390625 0.03984375
0 0.4359375 0.546875 0.03203125 0.02734375
0 0.8234375 0.840625 0.0390625 0.05
0 0.93515625 0.81015625 0.0484375 0.05703125
0 0.3703125 0.6828125 0.03359375 0.0453125
0 0.17109375 0.76484375 0.0328125 0.04921875
0 0.54453125 0.71796875 0.02890625 0.04453125
0 0.70078125 0.7484375 0.0359375 0.0484375
0 0.615625 0.6484375 0.03515625 0.03203125
0 0.26328125 0.68046875 0.03125 0.04296875
0 0.17265625 0.853125 0.028125 0.046875
0 0.57421875 0.82265625 0.0421875 0.05546875
0 0.4484375 0.715625 0.03515625 0.04296875
0 0.22890625 0.7203125 0.0328125 0.0421875
0 0.13515625 0.628125 0.0265625 0.0375
0 0.29296875 0.58515625 0.0296875 0.03203125
0 0.22734375 0.93046875 0.04296875 0.0546875
0 0.90625 0.72890625 0.0265625 0.040625
0 0.65703125 0.77109375 0.0296875 0.0390625
0 0.67578125 0.9125 0.04921875 0.06328125
0 0.7234375 0.66015625 0.034375 0.03828125
0 0.2109375 0.84609375 0.0390625 0.059375
0 0.234375 0.653125 0.025 0.0359375
0 0.38125 0.79609375 0.0265625 0.03515625
0 0.503125 0.81875 0.028125 0.0375
0 0.68046875 0.578125 0.028125 0.03046875
0 0.73203125 0.97109375 0.03046875 0.04921875
0 0.13515625 0.9078125 0.03828125 0.046875
0 0.82734375 0.6109375 0.028125 0.04140625
0 0.06796875 0.60078125 0.03203125 0.03359375
0 0.38359375 0.89765625 0.04140625 0.0453125
0 0.4625 0.64609375 0.0234375 0.0359375
0 0.77734375 0.5484375 0.0265625 0.02734375
0 0.8265625 0.88984375 0.02734375 0.0390625
0 0.4828125 0.61953125 0.03359375 0.03984375
0 0.503125 0.57578125 0.03046875 0.03203125
0 0.32265625 0.6359375 0.03203125 0.034375
0 0.31328125 0.515625 0.0359375 0.03046875
0 0.48828125 0.503125 0.03125 0.025
0 0.609375 0.97265625 0.0296875 0.0453125
0 0.90703125 0.84765625 0.0328125 0.03984375
0 0.82578125 0.97734375 0.02890625 0.0421875
0 0.92421875 0.61953125 0.03359375 0.0328125
0 0.8578125 0.52890625 0.03125 0.0296875
0 0.32265625 0.665625 0.02890625 0.0328125
0 0.72421875 0.54921875 0.02421875 0.03125
0 0.44921875 0.97578125 0.03359375 0.04296875
0 0.65390625 0.6046875 0.021875 0.0328125
0 0.15390625 0.93984375 0.04140625 0.0546875
0 0.1 0.9625 0.03125 0.06015625
0 0.0234375 0.6890625 0.03515625 0.03828125
0 0.3046875 0.47890625 0.02265625 0.025
0 0.16171875 0.81015625 0.028125 0.0375
0 0.41015625 0.7640625 0.0234375 0.02890625
0 0.45 0.890625 0.0328125 0.04140625
0 0.98046875 0.97578125 0.0359375 0.0484375
0 0.21484375 0.56171875 0.025 0.02578125
0 0.35859375 0.9515625 0.04765625 0.06640625
0 0.271875 0.615625 0.028125 0.0265625
0 0.35546875 0.5140625 0.03046875 0.02578125
0 0.07890625 0.728125 0.03359375 0.0375
0 0.65859375 0.44296875 0.02421875 0.03125
0 0.35078125 0.47109375 0.02265625 0.0234375
0 0.68203125 0.5875 0.02734375 0.03125
0 0.7 0.7125 0.028125 0.03359375
0 0.69296875 0.53828125 0.02421875 0.0296875
0 0.1234375 0.5359375 0.025 0.02578125
0 0.6640625 0.83515625 0.03671875 0.034375
0 0.63359375 0.46796875 0.02578125 0.028125
0 0.9328125 0.72109375 0.028125 0.03359375
0 0.6015625 0.5125 0.02578125 0.03046875
0 0.85859375 0.90234375 0.0296875 0.04609375
0 0.62421875 0.54765625 0.02109375 0.0296875
0 0.00859375 0.7921875 0.01640625 0.0484375
0 0.9171875 0.66171875 0.0359375 0.046875
0 0.49375 0.67421875 0.021875 0.03203125
0 0.51171875 0.53125 0.0203125 0.025
0 0.65 0.57578125 0.02109375 0.02578125
0 0.3515625 0.796875 0.02421875 0.034375
0 0.6125 0.48125 0.0234375 0.02734375
0 0.31640625 0.6421875 0.03125 0.03671875
0 0.109375 0.9828125 0.0265625 0.034375
0 0.990625 0.71796875 0.01796875 0.05703125
0 0.84765625 0.58984375 0.02421875 0.02890625
0 0.778125 0.6890625 0.04296875 0.04921875
0 0.72890625 0.6234375 0.03984375 0.03515625