0 0.0609375 0.8890625 0.08515625 0.11875
0 0.01796875 0.78515625 0.0359375 0.0640625
0 0.0546875 0.96796875 0.0734375 0.0640625
0 0.10625 0.95078125 0.04921875 0.08125
0 0.1375 0.8890625 0.04375 0.06875
0 0.159375 0.9265625 0.059375 0.075
0 0.17265625 0.85 0.04296875 0.07421875
0 0.1609375 0.79296875 0.04765625 0.05078125
0 0.1796875 0.753125 0.04765625 0.05390625
0 0.11640625 0.72890625 0.03828125 0.04609375
0 0.084375 0.71484375 0.034375 0.06875
0 0.0375 0.6796875 0.05390625 0.06875
0 0.01640625 0.63671875 0.0328125 0.06875
0 0.1375 0.62734375 0.03515625 0.053125
0 0.06875 0.596875 0.05390625 0.03984375
0 0.121875 0.59453125 0.03828125 0.0359375
0 0.23359375 0.7109375 0.040625 0.065625
0 0.2625 0.7390625 0.04453125 0.05625
0 0.3 0.77109375 0.03984375 0.04609375
0 0.21796875 0.83671875 0.05078125 0.084375
0 0.228125 0.91328125 0.05859375 0.0984375
0 0.2828125 0.9203125 0.06796875 0.08515625
0 0.290625 0.978125 0.05078125 0.04375
0 0.35625 0.934375 0.0640625 0.0734375
0 0.38984375 0.86640625 0.065625 0.08203125
0 0.3515625 0.784375 0.0375 0.03671875
0 0.38671875 0.78203125 0.0359375 0.04921875
0 0.3609375 0.74296875 0.028125 0.040625
0 0.41171875 0.7515625 0.03046875 0.04140625
0 0.3140625 0.70625 0.0453125 0.06328125
0 0.2640625 0.66953125 0.02890625 0.05703125
0 0.23828125 0.64140625 0.03125 0.05
0 0.27578125 0.6109375 0.03359375 0.04296875
0 0.24921875 0.58515625 0.02265625 0.040625
0 0.22421875 0.578125 0.02734375 0.034375
0 0.2171875 0.553125 0.02578125 0.04375
0 0.18984375 0.54375 0.01953125 0.0265625
0 0.14609375 0.56640625 0.025 0.0390625
0 0.16640625 0.553125 0.0203125 0.03359375
0 0.171875 0.59453125 0.02734375 0.02421875
0 0.29296875 0.57265625 0.03359375 0.04140625
0 0.32578125 0.65390625 0.04296875 0.0359375
0 0.31953125 0.621875 0.04375 0.04453125
0 0.37109375 0.67421875 0.04921875 0.05078125
0 0.4421875 0.70625 0.0453125 0.0515625
0 0.4140625 0.653125 0.0578125 0.05
0 0.4125 0.58515625 0.040625 0.0484375
0 0.365625 0.58046875 0.03515625 0.0359375
0 0.34609375 0.55546875 0.02578125 0.0359375
0 0.31015625 0.51484375 0.05390625 0.040625
0 0.3078125 0.478125 0.03203125 0.03046875
0 0.3546875 0.51015625 0.03828125 0.04609375
0 0.43515625 0.540625 0.03984375 0.0359375
0 0.12578125 0.53359375 0.03125 0.04453125
0 0.1703125 0.484375 0.0359375 0.03828125
0 0.26640625 0.496875 0.02265625 0.03359375
0 0.4625 0.6375 0.03359375 0.0359375
0 0.49453125 0.6640625 0.04609375 0.04296875
0 0.47734375 0.6078125 0.02421875 0.0453125
0 0.47265625 0.54140625 0.03125 0.03671875
0 0.50078125 0.571875 0.0375 0.03125
0 0.50625 0.52421875 0.02578125 0.03984375
0 0.440625 0.50234375 0.03671875 0.03203125
0 0.48984375 0.4921875 0.040625 0.04375
0 0.50625 0.70390625 0.03515625 0.05546875
0 0.44921875 0.46640625 0.02109375 0.03046875
0 0.428125 0.46796875 0.03125 0.04453125
0 0.4734375 0.47109375 0.03125 0.0296875
0 0.54296875 0.48671875 0.03046875 0.03125
0 0.59921875 0.51171875 0.03203125 0.03203125
0 0.56796875 0.54453125 0.03828125 0.03671875
0 0.53984375 0.70859375 0.04140625 0.0515625
0 0.49609375 0.80703125 0.0359375 0.03984375
0 0.44765625 0.8796875 0.05390625 0.0609375
0 0.4484375 0.95703125 0.04140625 0.053125
0 0.60078125 0.9546875 0.03671875 0.06484375
0 0.56796875 0.8140625 0.05703125 0.08046875
0 0.61875 0.8140625 0.03359375 0.06328125
0 0.6515625 0.7609375 0.046875 0.0515625
0 0.6546875 0.82578125 0.04765625 0.053125
0 0.66875 0.8953125 0.08203125 0.08515625
0 0.671875 0.97109375 0.06015625 0.05703125
0 0.34765625 0.46875 0.02578125 0.03984375
0 0.3765625 0.440625 0.02734375 0.03671875
0 0.4046875 0.46796875 0.025 0.03828125
0 0.4546875 0.425 0.03125 0.03359375
0 0.609375 0.478125 0.03359375 0.03828125
0 0.6328125 0.46484375 0.034375 0.040625
0 0.65546875 0.4359375 0.03046875 0.04921875
0 0.6265625 0.5375 0.025 0.04375
0 0.64453125 0.56953125 0.02734375 0.03125
0 0.65234375 0.59921875 0.02578125 0.03515625
0 0.6125 0.5890625 0.0328125 0.0484375
0 0.61171875 0.6421875 0.05 0.05078125
0 0.55234375 0.45625 0.03671875 0.03515625
0 0.68984375 0.7484375 0.05078125 0.05625
0 0.71953125 0.80546875 0.0609375 0.07578125
0 0.7234375 0.95859375 0.0453125 0.078125
0 0.7796875 0.89921875 0.05546875 0.08671875
0 0.81171875 0.959375 0.065625 0.065625
0 0.82734375 0.8828125 0.06953125 0.05078125
0 0.81875 0.82578125 0.0515625 0.06015625
0 0.77890625 0.80390625 0.04453125 0.06875
0 0.86171875 0.78828125 0.05859375 0.0703125
0 0.9140625 0.89921875 0.07578125 0.08359375
0 0.89921875 0.84296875 0.05625 0.04140625
0 0.9703125 0.9625 0.0578125 0.075
0 0.91640625 0.80390625 0.06015625 0.065625
0 0.9515625 0.77578125 0.03359375 0.03515625
0 0.98125 0.8265625 0.0375 0.071875
0 0.92734375 0.70625 0.03125 0.04609375
0 0.98515625 0.7546875 0.0296875 0.065625
0 0.98359375 0.70625 0.0328125 0.05
0 0.91328125 0.659375 0.02734375 0.0296875
0 0.90078125 0.721875 0.02109375 0.0390625
0 0.875 0.71875 0.0234375 0.04375
0 0.82109375 0.68046875 0.040625 0.04453125
0 0.8453125 0.65234375 0.02890625 0.03828125
0 0.77890625 0.68359375 0.03125 0.05078125
0 0.69140625 0.70546875 0.03515625 0.0390625
0 0.721875 0.70078125 0.02734375 0.0265625
0 0.71796875 0.653125 0.04453125 0.0359375
0 0.7265625 0.61875 0.04375 0.03515625
0 0.67421875 0.57421875 0.03671875 0.0359375
0 0.6765625 0.546875 0.02578125 0.0265625
0 0.68984375 0.5265625 0.03828125 0.04296875
0 0.77265625 0.5390625 0.03671875 0.03359375
0 0.8203125 0.60625 0.03203125 0.0546875
0 0.76171875 0.63203125 0.04453125 0.0390625
0 0.90703125 0.6109375 0.07265625 0.059375
0 0.85390625 0.51953125 0.04375 0.04453125
0 0.88671875 0.51875 0.02421875 0.03515625
0 0.75859375 0.509375 0.021875 0.046875
0 0.7734375 0.50234375 0.01953125 0.0359375
0 0.8046875 0.54921875 0.02578125 0.0390625
0 0.84375 0.4703125 0.03359375 0.06328125
0 0.89609375 0.48125 0.03828125 0.040625
0 0.73671875 0.4734375 0.04921875 0.040625
0 0.80625 0.48046875 0.03125 0.03828125
0 0.8421875 0.421875 0.03359375 0.046875
0 0.228125 0.428125 0.03515625 0.03359375
0 0.27109375 0.46875 0.02734375 0.04140625
0 0.28125 0.4359375 0.0296875 0.034375