0 0.17890625 0.89375 0.03984375 0.05625
0 0.2796875 0.97578125 0.04453125 0.0484375
0 0.934375 0.82109375 0.03828125 0.0578125
0 0.91484375 0.66796875 0.03671875 0.0390625
0 0.38125 0.78046875 0.04375 0.08203125
0 0.8265625 0.975 0.0453125 0.05
0 0.2890625 0.85625 0.0359375 0.05390625
0 0.36015625 0.61875 0.02734375 0.0296875
0 0.10234375 0.89453125 0.04765625 0.06015625
0 0.52578125 0.78828125 0.03515625 0.04609375
0 0.671875 0.64375 0.03203125 0.0359375
0 0.88515625 0.67421875 0.02890625 0.034375
0 0.15234375 0.8046875 0.04765625 0.05234375
0 0.584375 0.678125 0.02890625 0.03984375
0 0.5234375 0.621875 0.02578125 0.0328125
0 0.76484375 0.953125 0.03828125 0.0578125
0 0.19609375 0.7546875 0.03984375 0.040625
0 0.58984375 0.62421875 0.02734375 0.03125
0 0.2328125 0.85078125 0.02578125 0.03671875
0 0.08828125 0.9625 0.03671875 0.04921875
0 0.3015625 0.65390625 0.028125 0.0296875
0 0.4390625 0.7453125 0.03046875 0.04140625
0 0.440625 0.62265625 0.0234375 0.03203125
0 0.5953125 0.76328125 0.02890625 0.03125
0 0.596875 0.81484375 0.0359375 0.046875
0 0.77421875 0.6640625 0.03203125 0.0359375
0 0.66015625 0.59140625 0.021875 0.02578125
0 0.67421875 0.55234375 0.0265625 0.0328125
0 0.72265625 0.70390625 0.0375 0.04140625
0 0.96328125 0.72578125 0.0390625 0.05
0 0.2671875 0.53359375 0.02265625 0.028125
0 0.46015625 0.96015625 0.04375 0.0546875
0 0.78828125 0.7109375 0.02890625 0.03828125
0 0.203125 0.64921875 0.02421875 0.02890625
0 0.325 0.6078125 0.02421875 0.028125
0 0.446875 0.57265625 0.02734375 0.0265625
0 0.8921875 0.784375 0.034375 0.04609375
0 0.2875 0.59140625 0.0296875 0.03125
0 0.58984375 0.565625 0.0265625 0.02890625
0 0.978125 0.85859375 0.0390625 0.0484375
0 0.4375 0.8921875 0.03671875 0.05234375
0 0.62265625 0.68359375 0.0296875 0.0375
0 0.62734375 0.83125 0.03125 0.0546875
0 0.2703125 0.68046875 0.021875 0.03203125
0 0.40703125 0.56328125 0.02578125 0.02578125
0 0.875 0.92265625 0.04140625 0.04609375
0 0.2171875 0.70625 0.03046875 0.0328125
0 0.13125 0.72421875 0.028125 0.03671875
0 0.81171875 0.64453125 0.03359375 0.03046875
0 0.38203125 0.6796875 0.02734375 0.0296875
0 0.396875 0.5984375 0.02421875 0.0296875
0 0.69921875 0.48671875 0.0234375 0.02421875
0 0.7140625 0.57109375 0.025 0.03203125
0 0.67578125 0.92890625 0.03125 0.04609375
0 0.625 0.928125 0.0421875 0.06875
0 0.33125 0.98125 0.03046875 0.0375
0 0.75078125 0.78984375 0.03515625 0.0359375
0 0.69609375 0.73125 0.028125 0.04375
0 0.975 0.59765625 0.0375 0.034375
0 0.6296875 0.50390625 0.02421875 0.028125
0 0.2390625 0.67890625 0.0234375 0.02890625
0 0.36015625 0.58828125 0.0296875 0.03125
0 0.7703125 0.6046875 0.03203125 0.0328125
0 0.59609375 0.9453125 0.03125 0.0484375
0 0.47890625 0.69375 0.03203125 0.034375
0 0.43828125 0.78125 0.02578125 0.0359375
0 0.61640625 0.63203125 0.02421875 0.02890625
0 0.5484375 0.56953125 0.02734375 0.03125
0 0.60625 0.5109375 0.02265625 0.02578125
0 0.3796875 0.559375 0.02265625 0.02734375
0 0.71640625 0.9609375 0.034375 0.04921875
0 0.53828125 0.475 0.01953125 0.02265625
0 0.25859375 0.93203125 0.03515625 0.04140625
0 0.82109375 0.59765625 0.0265625 0.0296875
0 0.7875 0.459375 0.0265625 0.02578125
0 0.83046875 0.73828125 0.03046875 0.03828125
0 0.746875 0.74375 0.03671875 0.03515625
0 0.89609375 0.5390625 0.025 0.02578125
0 0.48046875 0.64296875 0.0265625 0.028125
0 0.76953125 0.4765625 0.02421875 0.02578125
0 0.42265625 0.625 0.02109375 0.0296875
0 0.40546875 0.39921875 0.02109375 0.02421875
0 0.8453125 0.5515625 0.02734375 0.025
0 0.48515625 0.60234375 0.01875 0.02421875
0 0.98515625 0.90390625 0.02890625 0.0390625
0 0.4703125 0.48125 0.0234375 0.028125
0 0.45234375 0.5375 0.02421875 0.02890625
0 0.0734375 0.7140625 0.0203125 0.02421875
0 0.21484375 0.79765625 0.02890625 0.03125
0 0.56640625 0.44765625 0.02421875 0.02734375
0 0.403125 0.5109375 0.02421875 0.02578125
0 0.15703125 0.4828125 0.0234375 0.025
0 0.421875 0.45859375 0.028125 0.02734375
0 0.484375 0.56015625 0.02421875 0.02890625
0 0.62421875 0.3765625 0.0234375 0.0234375
0 0.559375 0.5140625 0.028125 0.028125
0 0.3421875 0.56484375 0.0203125 0.02578125
0 0.73046875 0.60390625 0.02421875 0.02734375
0 0.4390625 0.4390625 0.021875 0.0234375
0 0.62421875 0.54140625 0.0203125 0.02578125
0 0.8125 0.859375 0.03984375 0.04609375
0 0.0765625 0.73359375 0.021875 0.025
0 0.25703125 0.76953125 0.025 0.02890625
0 0.48828125 0.66484375 0.0234375 0.02734375
0 0.0609375 0.690625 0.028125 0.02890625
0 0.015625 0.7546875 0.03125 0.040625
0 0.59921875 0.46484375 0.0234375 0.02578125
0 0.90078125 0.75078125 0.0328125 0.03984375
0 0.4625 0.79765625 0.02578125 0.0359375
0 0.09296875 0.8078125 0.03515625 0.0484375