0 0.01875 0.91640625 0.0375 0.0609375
0 0.0421875 0.95234375 0.0453125 0.06015625
0 0.02578125 0.86328125 0.05078125 0.06796875
0 0.015625 0.7546875 0.03125 0.059375
0 0.02578125 0.671875 0.03046875 0.0515625
0 0.06875 0.659375 0.03515625 0.05625
0 0.0421875 0.62421875 0.03359375 0.034375
0 0.0203125 0.6046875 0.040625 0.05
0 0.0953125 0.85 0.08359375 0.08671875
0 0.12421875 0.7875 0.0484375 0.05
0 0.0796875 0.73203125 0.05390625 0.06953125
0 0.159375 0.95078125 0.053125 0.0984375
0 0.19375 0.8515625 0.0515625 0.06640625
0 0.203125 0.7984375 0.07109375 0.08359375
0 0.25 0.7328125 0.0421875 0.06796875
0 0.2796875 0.8796875 0.05078125 0.1015625
0 0.328125 0.82421875 0.053125 0.06484375
0 0.35859375 0.84375 0.05625 0.08203125
0 0.2515625 0.67890625 0.05234375 0.06640625
0 0.3859375 0.97578125 0.01640625 0.0484375
0 0.44609375 0.8375 0.0796875 0.09375
0 0.48203125 0.953125 0.06875 0.09375
0 0.44921875 0.7484375 0.06171875 0.078125
0 0.415625 0.70625 0.0484375 0.0515625
0 0.3546875 0.74921875 0.03359375 0.04375
0 0.33046875 0.6796875 0.0578125 0.0796875
0 0.3765625 0.6390625 0.03984375 0.053125
0 0.4375 0.64296875 0.0546875 0.06796875
0 0.49921875 0.7453125 0.04296875 0.0484375
0 0.53671875 0.80859375 0.08046875 0.08203125
0 0.596875 0.9625 0.07421875 0.075
0 0.1390625 0.6484375 0.03984375 0.04375
0 0.096875 0.62421875 0.0546875 0.0484375
0 0.165625 0.6203125 0.040625 0.0390625
0 0.18046875 0.58671875 0.02109375 0.028125
0 0.1578125 0.58984375 0.02890625 0.0390625
0 0.140625 0.57734375 0.03984375 0.046875
0 0.11171875 0.56953125 0.03125 0.04921875
0 0.078125 0.55546875 0.03671875 0.04609375
0 0.0703125 0.5359375 0.05078125 0.04375
0 0.11171875 0.52734375 0.04296875 0.03203125
0 0.12578125 0.5015625 0.03671875 0.03671875
0 0.08203125 0.51015625 0.03515625 0.034375
0 0.0203125 0.54140625 0.040625 0.0703125
0 0.15390625 0.5140625 0.03046875 0.040625
0 0.18125 0.51796875 0.0328125 0.0359375
0 0.21015625 0.584375 0.03515625 0.04140625
0 0.20234375 0.55546875 0.02265625 0.0296875
0 0.19609375 0.53828125 0.02109375 0.0234375
0 0.23515625 0.6078125 0.02734375 0.0453125
0 0.28671875 0.61171875 0.05546875 0.06171875
0 0.2546875 0.54609375 0.03515625 0.0484375
0 0.2578125 0.503125 0.02421875 0.03515625
0 0.203125 0.434375 0.025 0.0359375
0 0.1828125 0.425 0.02578125 0.0296875
0 0.08671875 0.43671875 0.03828125 0.02890625
0 0.3 0.48359375 0.02734375 0.025
0 0.3203125 0.48984375 0.03203125 0.03046875
0 0.325 0.56328125 0.05078125 0.0453125
0 0.35 0.59921875 0.0359375 0.02890625
0 0.390625 0.578125 0.03828125 0.03984375
0 0.39375 0.51171875 0.0328125 0.03828125
0 0.36328125 0.5 0.02890625 0.03671875
0 0.3375 0.53046875 0.04765625 0.028125
0 0.13671875 0.428125 0.046875 0.03671875
0 0.3359375 0.44140625 0.03046875 0.03203125
0 0.37265625 0.9375 0.02890625 0.04375
0 0.3859375 0.45625 0.021875 0.025
0 0.3921875 0.42890625 0.03828125 0.028125
0 0.42265625 0.48203125 0.0375 0.03046875
0 0.43515625 0.44375 0.03203125 0.03984375
0 0.4546875 0.409375 0.02421875 0.02890625
0 0.47890625 0.4515625 0.03359375 0.03828125
0 0.47421875 0.4265625 0.04296875 0.0296875
0 0.49296875 0.40078125 0.03515625 0.025
0 0.51484375 0.43515625 0.03046875 0.034375
0 0.521875 0.403125 0.03984375 0.028125
0 0.5078125 0.496875 0.04296875 0.0515625
0 0.42734375 0.41015625 0.01875 0.02578125
0 0.36484375 0.39765625 0.03359375 0.03515625
0 0.5671875 0.45546875 0.03828125 0.04375
0 0.56171875 0.4140625 0.03359375 0.03125
0 0.5625 0.38671875 0.02890625 0.03125
0 0.5078125 0.3609375 0.03359375 0.02578125
0 0.5265625 0.3796875 0.01796875 0.02421875
0 0.59765625 0.40703125 0.03515625 0.040625
0 0.62265625 0.428125 0.03515625 0.0390625
0 0.603125 0.46953125 0.02890625 0.03046875
0 0.6015625 0.44375 0.01953125 0.025
0 0.54140625 0.459375 0.028125 0.04140625
0 0.521875 0.58046875 0.07734375 0.1015625
0 0.57421875 0.54453125 0.034375 0.0546875
0 0.58359375 0.590625 0.03359375 0.04296875
0 0.61328125 0.59375 0.05 0.0484375
0 0.596875 0.6796875 0.06640625 0.06171875
0 0.63125 0.73203125 0.0734375 0.0984375
0 0.559375 0.75546875 0.0234375 0.0265625
0 0.61171875 0.50859375 0.0546875 0.0390625
0 0.61953125 0.4859375 0.03515625 0.03359375
0 0.64921875 0.45703125 0.04140625 0.0390625
0 0.7484375 0.96171875 0.03828125 0.07578125
0 0.83671875 0.8953125 0.06171875 0.08671875
0 0.915625 0.953125 0.0640625 0.09375
0 0.78984375 0.93203125 0.053125 0.07109375
0 0.771875 0.87578125 0.03828125 0.0484375
0 0.69296875 0.87890625 0.0265625 0.0390625
0 0.7359375 0.82421875 0.0421875 0.0640625
0 0.65546875 0.84375 0.07421875 0.090625
0 0.721875 0.759375 0.078125 0.0953125
0 0.78359375 0.778125 0.0515625 0.0640625
0 0.71484375 0.68125 0.03046875 0.053125
0 0.678125 0.578125 0.05078125 0.0546875
0 0.7703125 0.71484375 0.03984375 0.04609375
0 0.8046875 0.7015625 0.06640625 0.08203125
0 0.85390625 0.696875 0.05234375 0.0640625
0 0.8984375 0.728125 0.05390625 0.03828125
0 0.85625 0.77890625 0.07421875 0.05703125
0 0.9125 0.80234375 0.0625 0.0484375
0 0.934375 0.775 0.04609375 0.05078125
0 0.9546875 0.71953125 0.06640625 0.05390625
0 0.975 0.6390625 0.05 0.06015625
0 0.75078125 0.609375 0.06640625 0.05078125
0 0.74296875 0.5640625 0.05859375 0.04140625
0 0.78984375 0.609375 0.04765625 0.0546875
0 0.81328125 0.5640625 0.04375 0.034375
0 0.7640625 0.49296875 0.0453125 0.03984375
0 0.72421875 0.49296875 0.0390625 0.04609375
0 0.71796875 0.446875 0.04140625 0.03203125
0 0.74765625 0.4484375 0.03671875 0.03828125
0 0.7078125 0.40859375 0.03671875 0.03515625
0 0.66484375 0.40703125 0.03984375 0.03984375
0 0.78515625 0.43046875 0.0359375 0.03125
0 0.7953125 0.3953125 0.0453125 0.03984375
0 0.83671875 0.39921875 0.03828125 0.03828125
0 0.803125 0.46171875 0.04609375 0.03984375
0 0.840625 0.540625 0.05703125 0.040625
0 0.85 0.59140625 0.03671875 0.040625
0 0.8625 0.50859375 0.0578125 0.0484375
0 0.896875 0.540625 0.0625 0.034375
0 0.91640625 0.5828125 0.06171875 0.040625
0 0.9703125 0.58515625 0.05625 0.04296875
0 0.98203125 0.53359375 0.0359375 0.0640625
0 0.93828125 0.51328125 0.0625 0.03984375
0 0.91640625 0.48125 0.05234375 0.046875
0 0.9515625 0.45546875 0.04765625 0.0359375
0 0.95078125 0.41875 0.04296875 0.034375
0 0.89921875 0.4296875 0.046875 0.0484375
0 0.85546875 0.42578125 0.03828125 0.0296875
0 0.75 0.38984375 0.04453125 0.0390625
0 0.9765625 0.984375 0.0453125 0.03046875
0 0.0625 0.984375 0.0375 0.03125