0 0.33203125 0.81875 0.0328125 0.053125
0 0.8203125 0.78203125 0.0390625 0.04921875
0 0.4359375 0.9015625 0.03984375 0.0609375
0 0.72734375 0.8203125 0.03046875 0.04296875
0 0.74296875 0.50234375 0.0171875 0.0265625
0 0.8515625 0.6359375 0.03125 0.03359375
0 0.3953125 0.87578125 0.0375 0.04921875
0 0.7734375 0.9515625 0.04609375 0.06640625
0 0.425 0.51953125 0.02578125 0.02421875
0 0.24609375 0.66015625 0.03359375 0.034375
0 0.9140625 0.78828125 0.0421875 0.06328125
0 0.4015625 0.79296875 0.04375 0.05
0 0.96328125 0.9546875 0.04765625 0.06171875
0 0.17109375 0.575 0.03046875 0.0296875
0 0.6984375 0.95625 0.053125 0.07890625
0 0.6609375 0.8515625 0.04609375 0.05703125
0 0.75859375 0.87109375 0.0359375 0.05234375
0 0.28203125 0.85 0.03046875 0.0484375
0 0.2625 0.7375 0.0390625 0.0453125
0 0.50234375 0.640625 0.01875 0.0234375
0 0.49609375 0.75703125 0.028125 0.03828125
0 0.521875 0.50703125 0.02421875 0.02421875
0 0.28515625 0.971875 0.0484375 0.05625
0 0.7421875 0.5390625 0.03125 0.028125
0 0.21796875 0.809375 0.03671875 0.04765625
0 0.92578125 0.6515625 0.0296875 0.0375
0 0.690625 0.54609375 0.02734375 0.03046875
0 0.1734375 0.74375 0.02578125 0.03203125
0 0.79375 0.81875 0.0359375 0.053125
0 0.21953125 0.54765625 0.02578125 0.0296875
0 0.08671875 0.57734375 0.03515625 0.03046875
0 0.82109375 0.93515625 0.034375 0.05
0 0.38515625 0.43515625 0.0203125 0.0203125
0 0.62734375 0.6109375 0.028125 0.03671875
0 0.56484375 0.53046875 0.02890625 0.03046875
0 0.8078125 0.51640625 0.02265625 0.02421875
0 0.90078125 0.603125 0.02421875 0.03046875
0 0.865625 0.778125 0.02734375 0.04296875
0 0.31484375 0.50859375 0.03984375 0.03359375
0 0.31796875 0.47578125 0.0203125 0.0234375
0 0.45703125 0.6984375 0.0328125 0.040625
0 0.0828125 0.94609375 0.05625 0.07109375
0 0.65546875 0.553125 0.028125 0.0328125
0 0.23515625 0.45 0.0203125 0.02421875
0 0.83828125 0.8734375 0.02578125 0.0375
0 0.29609375 0.678125 0.02890625 0.03515625
0 0.20703125 0.571875 0.025 0.0234375
0 0.50390625 0.83046875 0.03125 0.03828125
0 0.37265625 0.7328125 0.0296875 0.04375
0 0.79765625 0.6296875 0.02421875 0.03125
0 0.17265625 0.675 0.0296875 0.03046875
0 0.57265625 0.8328125 0.028125 0.0359375
0 0.78515625 0.46875 0.02734375 0.025
0 0.165625 0.82265625 0.02890625 0.0359375
0 0.21015625 0.91796875 0.02734375 0.05234375
0 0.44765625 0.77265625 0.02421875 0.0375
0 0.75703125 0.6453125 0.02421875 0.0296875
0 0.23515625 0.5875 0.0234375 0.0328125
0 0.7203125 0.69140625 0.02578125 0.03359375
0 0.2921875 0.7734375 0.02734375 0.03984375
0 0.0546875 0.86796875 0.040625 0.05078125
0 0.6640625 0.625 0.0296875 0.03359375
0 0.171875 0.5375 0.02265625 0.02734375
0 0.4265625 0.67109375 0.025 0.040625
0 0.09609375 0.85546875 0.03046875 0.05546875
0 0.31328125 0.71953125 0.03671875 0.0421875
0 0.46171875 0.46015625 0.02265625 0.02421875
0 0.73125 0.74140625 0.03828125 0.040625
0 0.71171875 0.5765625 0.03046875 0.03203125
0 0.5921875 0.61796875 0.0265625 0.028125
0 0.171875 0.96640625 0.046875 0.06640625
0 0.4859375 0.565625 0.025 0.02890625
0 0.08671875 0.49921875 0.02578125 0.03515625
0 0.10078125 0.4609375 0.025 0.025
0 0.9796875 0.70078125 0.03125 0.04375
0 0.11328125 0.62109375 0.02265625 0.03046875
0 0.57890625 0.87265625 0.03359375 0.04453125
0 0.4 0.45390625 0.021875 0.02421875
0 0.14140625 0.934375 0.04453125 0.04453125
0 0.91875 0.553125 0.028125 0.025
0 0.4484375 0.82734375 0.025 0.04140625
0 0.9546875 0.8265625 0.02265625 0.02890625
0 0.5984375 0.50859375 0.02890625 0.0265625
0 0.03984375 0.565625 0.02890625 0.02734375
0 0.0796875 0.73984375 0.02890625 0.0359375
0 0.92890625 0.71015625 0.03203125 0.0375
0 0.9546875 0.66171875 0.01953125 0.02421875
0 0.84140625 0.4875 0.01796875 0.0203125
0 0.1125 0.79140625 0.02109375 0.03203125
0 0.12578125 0.4859375 0.021875 0.0296875
0 0.503125 0.48203125 0.02265625 0.02109375
0 0.37421875 0.61796875 0.0203125 0.0296875
0 0.784375 0.55859375 0.02734375 0.0265625
0 0.2765625 0.4765625 0.01875 0.02265625
0 0.66875 0.4921875 0.02109375 0.02109375
0 0.90546875 0.52109375 0.02578125 0.025
0 0.696875 0.49921875 0.0375 0.040625
0 0.684375 0.471875 0.02265625 0.0234375
0 0.47734375 0.64765625 0.01953125 0.02734375
0 0.3890625 0.59765625 0.02109375 0.02109375
0 0.87421875 0.45234375 0.01953125 0.02421875
0 0.07890625 0.54453125 0.02421875 0.0328125
0 0.94375 0.50703125 0.02421875 0.02421875
0 0.51640625 0.5375 0.02109375 0.025
0 0.89296875 0.4265625 0.0234375 0.0203125
0 0.9859375 0.8390625 0.02734375 0.040625
0 0.4671875 0.51171875 0.01328125 0.02109375
0 0.0140625 0.80703125 0.028125 0.0375
0 0.259375 0.53203125 0.01875 0.02421875
0 0.41484375 0.5609375 0.01875 0.02734375
0 0.12109375 0.89375 0.02421875 0.0328125
0 0.83828125 0.57109375 0.03203125 0.02890625
0 0.571875 0.42578125 0.01953125 0.0265625
0 0.496875 0.659375 0.0171875 0.02109375
0 0.35 0.49765625 0.01953125 0.021875
0 0.75625 0.67734375 0.02734375 0.0265625
0 0.98828125 0.89296875 0.021875 0.04609375
0 0.67734375 0.65 0.01953125 0.02265625
0 0.83515625 0.5109375 0.0203125 0.01953125
0 0.40859375 0.7203125 0.025 0.0359375
0 0.66171875 0.5109375 0.021875 0.01796875
0 0.51875 0.41875 0.01640625 0.01796875
0 0.128125 0.44140625 0.02265625 0.02109375
0 0.80703125 0.728125 0.025 0.034375
0 0.9265625 0.46484375 0.0296875 0.028125
0 0.68203125 0.39765625 0.03046875 0.03515625
0 0.69453125 0.37421875 0.0171875 0.01796875
0 0.74296875 0.3875 0.02109375 0.01796875
0 0.94375 0.5796875 0.02578125 0.02578125
0 0.31640625 0.603125 0.02421875 0.03125
0 0.7171875 0.38984375 0.01796875 0.0203125
0 0.3828125 0.64375 0.021875 0.02890625
0 0.62578125 0.52109375 0.01875 0.01796875
0 0.07578125 0.4296875 0.0171875 0.01875
0 0.484375 0.621875 0.015625 0.01953125
0 0.45234375 0.41015625 0.0203125 0.03046875
0 0.44609375 0.375 0.01484375 0.01875
0 0.36953125 0.34765625 0.01953125 0.0234375
0 0.15 0.5375 0.0171875 0.02265625
0 0.27578125 0.44921875 0.0171875 0.01796875
0 0.56015625 0.3359375 0.0171875 0.0171875
0 0.87109375 0.51328125 0.021875 0.02578125
0 0.3546875 0.51953125 0.021875 0.025
0 0.85390625 0.59140625 0.01953125 0.02109375
0 0.02109375 0.48671875 0.02578125 0.021875
0 0.90078125 0.384375 0.021875 0.02265625
0 0.74765625 0.3671875 0.01796875 0.01875
0 0.0640625 0.5296875 0.01953125 0.021875
0 0.1625 0.47734375 0.0203125 0.02421875
0 0.43359375 0.4390625 0.0171875 0.01953125
0 0.7 0.4546875 0.01796875 0.021875
0 0.70859375 0.42734375 0.01796875 0.021875
0 0.29609375 0.45546875 0.0171875 0.01953125
0 0.34375 0.4296875 0.025 0.0203125
0 0.0203125 0.75546875 0.040625 0.0453125
0 0.134375 0.52265625 0.01640625 0.0234375
0 0.15078125 0.4203125 0.01953125 0.0203125
0 0.5203125 0.3953125 0.015625 0.0171875
0 0.7453125 0.43359375 0.0203125 0.02109375
0 0.27890625 0.625 0.01796875 0.025
0 0.853125 0.42578125 0.0171875 0.01953125
0 0.63203125 0.3359375 0.01796875 0.01796875
0 0.81484375 0.3875 0.01796875 0.01796875
0 0.18359375 0.9109375 0.02421875 0.03515625
0 0.76328125 0.40859375 0.0203125 0.01875
0 0.853125 0.38203125 0.0171875 0.01875
0 0.55546875 0.31953125 0.01484375 0.0171875
0 0.4828125 0.5140625 0.015625 0.01953125
0 0.56328125 0.47421875 0.03671875 0.03125
0 0.5515625 0.44375 0.015625 0.01875
0 0.31640625 0.378125 0.0171875 0.0203125
0 0.76484375 0.4515625 0.0171875 0.01796875
0 0.759375 0.34921875 0.01796875 0.0171875
0 0.21484375 0.3765625 0.01484375 0.01875
0 0.68359375 0.3265625 0.0171875 0.01875
0 0.83359375 0.53671875 0.02109375 0.02109375
0 0.24765625 0.48984375 0.028125 0.03984375
0 0.87578125 0.67421875 0.053125 0.05703125
0 0.784375 0.4171875 0.0234375 0.0328125
0 0.7734375 0.38828125 0.0328125 0.03125
0 0.42265625 0.4140625 0.01953125 0.0265625
0 0.49609375 0.4515625 0.02578125 0.02578125