0 0.04453125 0.9484375 0.040625 0.06796875
0 0.07890625 0.803125 0.053125 0.06015625
0 0.034375 0.73359375 0.03828125 0.0453125
0 0.1546875 0.8546875 0.03671875 0.05
0 0.2171875 0.81484375 0.0484375 0.0625
0 0.1796875 0.759375 0.03515625 0.0421875
0 0.1453125 0.71875 0.04921875 0.04375
0 0.2109375 0.69765625 0.04296875 0.0421875
0 0.20078125 0.65078125 0.0375 0.040625
0 0.14609375 0.6265625 0.04140625 0.04140625
0 0.05 0.65 0.0359375 0.03671875
0 0.2890625 0.884375 0.04609375 0.065625
0 0.3328125 0.92109375 0.0546875 0.0765625
0 0.3546875 0.834375 0.0375 0.0625
0 0.3046875 0.7828125 0.05625 0.07109375
0 0.2796875 0.71328125 0.040625 0.0453125
0 0.3859375 0.67421875 0.03515625 0.04140625
0 0.425 0.73984375 0.0390625 0.04765625
0 0.42734375 0.83359375 0.040625 0.05
0 0.3640625 0.759375 0.03203125 0.0453125
0 0.5203125 0.884375 0.04609375 0.046875
0 0.5109375 0.8375 0.03359375 0.04453125
0 0.62421875 0.8578125 0.06171875 0.06953125
0 0.6640625 0.9703125 0.05703125 0.05859375
0 0.82421875 0.965625 0.05 0.05703125
0 0.759375 0.97421875 0.03984375 0.0515625
0 0.70859375 0.821875 0.0390625 0.0578125
0 0.78984375 0.81171875 0.04140625 0.0734375
0 0.82109375 0.77578125 0.0515625 0.05859375
0 0.8765625 0.76796875 0.03125 0.05234375
0 0.84453125 0.88046875 0.03359375 0.05078125
0 0.94140625 0.77734375 0.06171875 0.07109375
0 0.9890625 0.825 0.021875 0.034375
0 0.95703125 0.6828125 0.0390625 0.053125
0 0.98671875 0.628125 0.02109375 0.0296875
0 0.9484375 0.6203125 0.0375 0.04609375
0 0.86796875 0.59765625 0.03359375 0.04140625
0 0.92109375 0.5609375 0.03125 0.0453125
0 0.92421875 0.4734375 0.03046875 0.034375
0 0.9390625 0.5125 0.02734375 0.02890625
0 0.88515625 0.39921875 0.01953125 0.02890625
0 0.90546875 0.36953125 0.0265625 0.0234375
0 0.84375 0.53125 0.0359375 0.028125
0 0.83984375 0.503125 0.01875 0.02578125
0 0.840625 0.46015625 0.03203125 0.021875
0 0.8453125 0.43828125 0.02109375 0.01953125
0 0.8078125 0.4703125 0.0265625 0.0265625
0 0.78046875 0.51015625 0.03359375 0.03125
0 0.8625 0.54453125 0.0234375 0.02109375
0 0.7984375 0.59375 0.03046875 0.04296875
0 0.7484375 0.65 0.040625 0.0328125
0 0.74453125 0.60625 0.03203125 0.03515625
0 0.7 0.66015625 0.03515625 0.03515625
0 0.71171875 0.72578125 0.046875 0.046875
0 0.725 0.70390625 0.0140625 0.025
0 0.69609375 0.53203125 0.03984375 0.03984375
0 0.6703125 0.49921875 0.0328125 0.02890625
0 0.734375 0.48984375 0.0390625 0.03359375
0 0.78515625 0.4203125 0.0296875 0.0265625
0 0.7359375 0.4578125 0.015625 0.0234375
0 0.63671875 0.5921875 0.03984375 0.0359375
0 0.59609375 0.571875 0.03046875 0.0453125
0 0.5546875 0.5828125 0.03515625 0.0375
0 0.6296875 0.50625 0.0328125 0.03671875
0 0.66640625 0.42265625 0.02109375 0.02734375
0 0.640625 0.4640625 0.02578125 0.028125
0 0.56484375 0.4609375 0.0328125 0.034375
0 0.528125 0.48125 0.0296875 0.03515625
0 0.4125 0.60703125 0.02109375 0.03203125
0 0.4234375 0.58203125 0.02109375 0.0265625
0 0.4359375 0.621875 0.01640625 0.02734375
0 0.44765625 0.60234375 0.021875 0.02421875
0 0.29453125 0.5796875 0.025 0.03515625
0 0.3171875 0.55625 0.0234375 0.02578125
0 0.3625 0.475 0.02890625 0.03125
0 0.07109375 0.540625 0.03828125 0.03359375
0 0.13359375 0.50546875 0.03046875 0.03046875
0 0.1421875 0.55078125 0.028125 0.0484375
0 0.11171875 0.53125 0.0296875 0.025
0 0.165625 0.40546875 0.02109375 0.02421875
0 0.20859375 0.42890625 0.01875 0.02421875
0 0.21015625 0.40234375 0.02109375 0.01796875
0 0.740625 0.87890625 0.0375 0.06953125
0 0.6875 0.40390625 0.0203125 0.025
0 0.7 0.37890625 0.028125 0.02421875
0 0.73984375 0.33359375 0.01953125 0.021875
0 0.6828125 0.32109375 0.01484375 0.01328125
0 0.70859375 0.33515625 0.01953125 0.01875
0 0.759375 0.35546875 0.028125 0.01796875
0 0.8640625 0.328125 0.0234375 0.0171875
0 0.96953125 0.5359375 0.0234375 0.0328125
0 0.6 0.47578125 0.02265625 0.02109375
0 0.4703125 0.49296875 0.0234375 0.0296875
0 0.4296875 0.52421875 0.0265625 0.0234375
0 0.4796875 0.459375 0.0328125 0.025
0 0.4625 0.4328125 0.02109375 0.01875
0 0.534375 0.28203125 0.01796875 0.02109375
0 0.5234375 0.34140625 0.0171875 0.015625
0 0.4109375 0.41171875 0.025 0.0296875
0 0.4171875 0.46796875 0.015625 0.01796875
0 0.334375 0.38515625 0.01953125 0.02265625
0 0.346875 0.40703125 0.02109375 0.028125
0 0.40703125 0.3234375 0.015625 0.0171875
0 0.325 0.3015625 0.02578125 0.025
0 0.2875 0.475 0.02578125 0.02109375
0 0.28828125 0.45078125 0.01875 0.01953125
0 0.25234375 0.42890625 0.02578125 0.02734375
0 0.18046875 0.4875 0.02265625 0.03046875
0 0.2359375 0.40625 0.02265625 0.02109375
0 0.1546875 0.36484375 0.02578125 0.02421875
0 0.08203125 0.49921875 0.03515625 0.03125
0 0.08359375 0.434375 0.025 0.0203125
0 0.0359375 0.44140625 0.02578125 0.028125
0 0.0390625 0.48515625 0.021875 0.02890625
0 0.07421875 0.37421875 0.0203125 0.0234375
0 0.2296875 0.56796875 0.0296875 0.04140625