0 0.4328125 0.76953125 0.04140625 0.08125
0 0.51875 0.9453125 0.04609375 0.05859375
0 0.65234375 0.80390625 0.034375 0.046875
0 0.16015625 0.8734375 0.04453125 0.05859375
0 0.828125 0.94140625 0.04296875 0.0578125
0 0.98046875 0.66484375 0.03828125 0.040625
0 0.64765625 0.753125 0.02890625 0.03125
0 0.34140625 0.83984375 0.03515625 0.0546875
0 0.68359375 0.821875 0.0296875 0.053125
0 0.49375 0.88046875 0.0390625 0.0484375
0 0.72109375 0.6328125 0.03125 0.03515625
0 0.203125 0.784375 0.04296875 0.05
0 0.68671875 0.91328125 0.04609375 0.06484375
0 0.6328125 0.56015625 0.02421875 0.02890625
0 0.42421875 0.55390625 0.0234375 0.02578125
0 0.84140625 0.70546875 0.03125 0.03984375
0 0.40546875 0.6109375 0.02734375 0.02890625
0 0.89375 0.97109375 0.0484375 0.0578125
0 0.3703125 0.6 0.02421875 0.02890625
0 0.15078125 0.9375 0.0328125 0.04609375
0 0.1796875 0.7109375 0.02890625 0.03515625
0 0.57890625 0.77578125 0.034375 0.04453125
0 0.2453125 0.7359375 0.0375 0.040625
0 0.775 0.69765625 0.03671875 0.04140625
0 0.23671875 0.87734375 0.0359375 0.05625
0 0.7203125 0.54765625 0.0265625 0.03359375
0 0.6734375 0.67578125 0.0296875 0.0375
0 0.3484375 0.6453125 0.028125 0.0265625
0 0.4296875 0.67109375 0.0296875 0.0328125
0 0.8203125 0.60390625 0.0359375 0.03515625
0 0.828125 0.65703125 0.0328125 0.0359375
0 0.63359375 0.66875 0.028125 0.0375
0 0.57109375 0.61484375 0.0265625 0.03203125
0 0.8640625 0.63515625 0.03203125 0.0328125
0 0.28515625 0.834375 0.02421875 0.03515625
0 0.49140625 0.73125 0.02734375 0.040625
0 0.25 0.6375 0.02265625 0.02890625
0 0.81171875 0.78046875 0.034375 0.0359375
0 0.3890625 0.965625 0.02890625 0.0453125
0 0.26484375 0.6953125 0.03125 0.03359375
0 0.45234375 0.55703125 0.0265625 0.02734375
0 0.871875 0.5921875 0.02890625 0.0296875
0 0.74609375 0.7234375 0.0296875 0.0421875
0 0.66484375 0.6234375 0.0234375 0.028125
0 0.3375 0.9640625 0.04609375 0.0640625
0 0.67421875 0.4984375 0.02421875 0.028125
0 0.01796875 0.796875 0.03515625 0.03984375
0 0.30625 0.525 0.02578125 0.02890625
0 0.49140625 0.565625 0.02734375 0.02734375
0 0.94375 0.6671875 0.03203125 0.03515625
0 0.76171875 0.56484375 0.025 0.03125
0 0.73515625 0.91171875 0.03046875 0.046875
0 0.44375 0.5921875 0.0234375 0.0296875
0 0.6546875 0.93046875 0.0296875 0.04453125
0 0.5296875 0.55546875 0.02421875 0.028125
0 0.59296875 0.56328125 0.028125 0.03046875
0 0.4875 0.61328125 0.0234375 0.02734375
0 0.70859375 0.58828125 0.01953125 0.0234375
0 0.46484375 0.6171875 0.021875 0.03125
0 0.4890625 0.76796875 0.02578125 0.0375
0 0.1296875 0.71875 0.01953125 0.0234375
0 0.778125 0.94609375 0.03203125 0.05
0 0.52734375 0.68046875 0.03125 0.03359375
0 0.05078125 0.83125 0.02578125 0.03359375
0 0.12421875 0.7 0.01875 0.02265625
0 0.7796875 0.59921875 0.02421875 0.02578125
0 0.38828125 0.559375 0.021875 0.02578125
0 0.80078125 0.73515625 0.03828125 0.0359375
0 0.33125 0.58125 0.0296875 0.02890625
0 0.40546875 0.57890625 0.0296875 0.028125
0 0.64296875 0.46171875 0.02265625 0.02578125
0 0.965625 0.78125 0.06875 0.05703125
0 0.96796875 0.7515625 0.034375 0.040625
0 0.81328125 0.47890625 0.0234375 0.025
0 0.740625 0.4828125 0.02578125 0.025
0 0.26484375 0.78359375 0.02734375 0.0296875
0 0.1953125 0.478125 0.0234375 0.025
0 0.83359375 0.4578125 0.02578125 0.025
0 0.31171875 0.67109375 0.02265625 0.03125
0 0.52734375 0.63046875 0.02578125 0.02734375
0 0.1125 0.6734375 0.021875 0.02578125
0 0.28515625 0.66875 0.021875 0.02734375
0 0.06953125 0.73828125 0.03203125 0.03671875
0 0.64921875 0.50625 0.021875 0.0234375
0 0.521875 0.6359375 0.025 0.02890625
0 0.47890625 0.43515625 0.021875 0.02421875
0 0.6359375 0.6171875 0.02578125 0.0296875
0 0.60234375 0.44609375 0.0234375 0.0265625
0 0.87421875 0.8515625 0.04453125 0.04375
0 0.3046875 0.75625 0.025 0.02890625
0 0.946875 0.91796875 0.05625 0.0484375
0 0.9421875 0.834375 0.02421875 0.04296875
0 0.91015625 0.79609375 0.0328125 0.0375