0 0.71640625 0.76953125 0.034375 0.0359375
0 0.25859375 0.72265625 0.02109375 0.03046875
0 0.48046875 0.74296875 0.0328125 0.03828125
0 0.6859375 0.77578125 0.03046875 0.03359375
0 0.5171875 0.8140625 0.03828125 0.04765625
0 0.30546875 0.909375 0.0359375 0.0484375
0 0.9421875 0.77578125 0.0375 0.04140625
0 0.81484375 0.96171875 0.03515625 0.04375
0 0.77890625 0.68359375 0.03203125 0.03359375
0 0.7453125 0.83046875 0.03359375 0.0484375
0 0.1140625 0.759375 0.02734375 0.0296875
0 0.53125 0.9125 0.03671875 0.03828125
0 0.33828125 0.7234375 0.02734375 0.03671875
0 0.38515625 0.78515625 0.03359375 0.03984375
0 0.3953125 0.95390625 0.03203125 0.0578125
0 0.90859375 0.7171875 0.0359375 0.03828125
0 0.90703125 0.84765625 0.0375 0.05
0 0.61484375 0.740625 0.03359375 0.03125
0 0.4453125 0.54765625 0.0234375 0.0265625
0 0.42421875 0.790625 0.02890625 0.03984375
0 0.11171875 0.69140625 0.03046875 0.03203125
0 0.82734375 0.90625 0.0296875 0.03984375
0 0.90546875 0.64921875 0.03203125 0.03359375
0 0.5875 0.7078125 0.03515625 0.0359375
0 0.57578125 0.77109375 0.03359375 0.040625
0 0.63359375 0.5390625 0.0265625 0.02734375
0 0.7234375 0.62421875 0.02265625 0.025
0 0.41328125 0.659375 0.021875 0.0328125
0 0.6703125 0.64296875 0.02734375 0.0265625
0 0.146875 0.7078125 0.02109375 0.03125
0 0.54765625 0.70078125 0.025 0.0265625
0 0.84765625 0.7609375 0.03203125 0.03671875
0 0.57890625 0.8203125 0.028125 0.0375
0 0.16328125 0.90078125 0.0484375 0.08515625
0 0.22734375 0.86015625 0.03203125 0.046875
0 0.95390625 0.90859375 0.03984375 0.065625
0 0.3703125 0.93515625 0.03515625 0.04609375
0 0.47890625 0.6921875 0.01953125 0.021875
0 0.68125 0.86484375 0.0296875 0.03984375
0 0.77734375 0.73203125 0.0265625 0.03359375
0 0.91796875 0.93203125 0.04375 0.05390625
0 0.53359375 0.86171875 0.03359375 0.03671875
0 0.37734375 0.87890625 0.02421875 0.03046875
0 0.81640625 0.84296875 0.0375 0.0453125
0 0.4671875 0.59140625 0.02578125 0.0296875
0 0.1796875 0.7203125 0.0296875 0.03125
0 0.0140625 0.82421875 0.028125 0.0359375
0 0.82578125 0.81171875 0.028125 0.03515625
0 0.23671875 0.65859375 0.02421875 0.0265625
0 0.1046875 0.62109375 0.02578125 0.03046875
0 0.18515625 0.7890625 0.02734375 0.0328125
0 0.615625 0.8515625 0.03359375 0.04140625
0 0.4 0.7234375 0.02578125 0.03359375
0 0.4171875 0.528125 0.02265625 0.028125
0 0.27265625 0.66796875 0.0265625 0.028125
0 0.6390625 0.69140625 0.0265625 0.02890625
0 0.27734375 0.80078125 0.0328125 0.0328125
0 0.37265625 0.66484375 0.028125 0.03125
0 0.66640625 0.9015625 0.03046875 0.04921875
0 0.5375 0.665625 0.0234375 0.03203125
0 0.50078125 0.646875 0.02578125 0.03125
0 0.7796875 0.821875 0.0265625 0.03515625
0 0.54296875 0.56875 0.021875 0.02421875
0 0.3171875 0.5625 0.02109375 0.02578125
0 0.609375 0.5625 0.0234375 0.02421875
0 0.871875 0.73671875 0.03046875 0.03828125
0 0.2203125 0.896875 0.025 0.03828125
0 0.58984375 0.6 0.01953125 0.03203125
0 0.48515625 0.84453125 0.0296875 0.05078125
0 0.965625 0.690625 0.03359375 0.03828125
0 0.2125 0.65390625 0.02265625 0.02734375
0 0.70234375 0.9390625 0.03203125 0.06015625
0 0.7265625 0.97421875 0.03125 0.0453125
0 0.809375 0.66796875 0.028125 0.0375
0 0.2203125 0.69765625 0.0234375 0.028125
0 0.27109375 0.47109375 0.021875 0.0234375
0 0.234375 0.72734375 0.02265625 0.02890625
0 0.30859375 0.65625 0.02421875 0.03125
0 0.428125 0.734375 0.02421875 0.0296875
0 0.28828125 0.74375 0.02578125 0.02890625
0 0.48984375 0.55703125 0.021875 0.0234375
0 0.24140625 0.9171875 0.0265625 0.040625
0 0.76953125 0.98828125 0.0359375 0.0234375
0 0.17265625 0.659375 0.0203125 0.028125
0 0.290625 0.771875 0.02734375 0.02734375
0 0.36796875 0.5453125 0.01953125 0.0203125
0 0.0625 0.60078125 0.02421875 0.02265625
0 0.18671875 0.68125 0.03203125 0.0328125
0 0.984375 0.78984375 0.03046875 0.0375
0 0.7109375 0.690625 0.02109375 0.02734375
0 0.3 0.70078125 0.01875 0.0234375
0 0.7921875 0.5125 0.02265625 0.0203125
0 0.39453125 0.596875 0.025 0.02734375
0 0.4421875 0.59921875 0.0203125 0.02578125
0 0.42109375 0.575 0.02109375 0.02265625
0 0.63828125 0.96484375 0.021875 0.040625
0 0.0109375 0.75859375 0.021875 0.034375
0 0.5125 0.5375 0.01953125 0.0265625
0 0.775 0.63671875 0.025 0.02734375
0 0.42578125 0.4890625 0.021875 0.02265625
0 0.85234375 0.67578125 0.02265625 0.034375
0 0.47734375 0.465625 0.0203125 0.02265625
0 0.6734375 0.56875 0.02265625 0.025
0 0.071875 0.7921875 0.025 0.03203125
0 0.5453125 0.48203125 0.0203125 0.02421875
0 0.63515625 0.559375 0.0234375 0.02109375
0 0.29140625 0.51484375 0.02265625 0.025
0 0.38203125 0.55546875 0.01875 0.02265625
0 0.74375 0.7484375 0.0203125 0.02734375
0 0.81640625 0.703125 0.025 0.02734375
0 0.48515625 0.52265625 0.01953125 0.021875
0 0.490625 0.446875 0.01953125 0.01953125
0 0.03125 0.8984375 0.0296875 0.034375
0 0.56640625 0.9859375 0.03671875 0.02734375
0 0.86875 0.54921875 0.021875 0.02265625
0 0.04375 0.9828125 0.05234375 0.034375