0 0.28125 0.68984375 0.040625 0.0265625
0 0.22578125 0.7234375 0.0453125 0.0390625
0 0.171875 0.70078125 0.0390625 0.03203125
0 0.13359375 0.628125 0.0390625 0.0296875
0 0.17890625 0.6234375 0.02734375 0.01484375
0 0.19453125 0.65546875 0.028125 0.0265625
0 0.2234375 0.68125 0.0375 0.040625
0 0.0390625 0.92734375 0.05859375 0.0546875
0 0.128125 0.8453125 0.04765625 0.02890625
0 0.19453125 0.9515625 0.025 0.0328125
0 0.21328125 0.925 0.04375 0.05
0 0.2890625 0.953125 0.040625 0.04921875
0 0.3234375 0.8359375 0.0375 0.03984375
0 0.3765625 0.84375 0.05078125 0.05703125
0 0.37734375 0.77578125 0.0390625 0.03828125
0 0.43515625 0.81015625 0.0421875 0.0421875
0 0.43828125 0.740625 0.03984375 0.04453125
0 0.371875 0.71171875 0.05078125 0.03828125
0 0.3375 0.609375 0.02734375 0.0234375
0 0.3453125 0.67109375 0.02578125 0.0234375
0 0.41875 0.65 0.0296875 0.02578125
0 0.34140625 0.90625 0.03828125 0.04921875
0 0.278125 0.8921875 0.0453125 0.0421875
0 0.5359375 0.9125 0.04453125 0.06484375
0 0.57890625 0.87421875 0.0390625 0.04921875
0 0.6296875 0.86953125 0.040625 0.0421875
0 0.7078125 0.890625 0.04609375 0.03515625
0 0.75546875 0.89296875 0.05234375 0.059375
0 0.87890625 0.96171875 0.0546875 0.0640625
0 0.81875 0.88125 0.03828125 0.04296875
0 0.72265625 0.73046875 0.0296875 0.0390625
0 0.6859375 0.68203125 0.03046875 0.0359375
0 0.63125 0.74765625 0.02890625 0.040625
0 0.63046875 0.6125 0.0328125 0.028125
0 0.55859375 0.6421875 0.01640625 0.0328125
0 0.578125 0.61171875 0.0234375 0.01953125
0 0.58671875 0.79921875 0.0375 0.05
0 0.678125 0.796875 0.025 0.0453125
0 0.55078125 0.8125 0.03046875 0.05625
0 0.509375 0.72890625 0.028125 0.0359375
0 0.4875 0.70234375 0.0296875 0.03046875
0 0.57421875 0.725 0.02109375 0.02421875
0 0.38828125 0.9515625 0.0390625 0.0390625
0 0.3703125 0.9171875 0.0234375 0.040625
0 0.303125 0.7453125 0.02734375 0.03203125
0 0.31640625 0.7640625 0.0296875 0.03046875
0 0.25625 0.76328125 0.01796875 0.02890625
0 0.42109375 0.61640625 0.02734375 0.025
0 0.478125 0.61484375 0.0203125 0.03046875
0 0.76171875 0.66796875 0.03515625 0.0234375
0 0.81640625 0.68203125 0.0125 0.0359375
0 0.83125 0.6484375 0.034375 0.02578125
0 0.91328125 0.63828125 0.03046875 0.02890625
0 0.91953125 0.9421875 0.0484375 0.059375
0 0.86015625 0.85078125 0.028125 0.02734375
0 0.79765625 0.7328125 0.03125 0.0296875
0 0.84140625 0.759375 0.028125 0.03359375
0 0.840625 0.7296875 0.028125 0.0296875
0 0.921875 0.77890625 0.03671875 0.03515625
0 0.971875 0.8078125 0.05625 0.05625
0 0.9875 0.784375 0.02421875 0.03359375
0 0.81328125 0.8265625 0.025 0.025
0 0.7375 0.86484375 0.0203125 0.03515625
0 0.7671875 0.86484375 0.03203125 0.0234375
0 0.8125 0.7609375 0.02890625 0.0328125
0 0.78515625 0.696875 0.01875 0.0234375
0 0.76953125 0.56875 0.03125 0.02890625
0 0.80234375 0.5859375 0.02734375 0.021875
0 0.6671875 0.61484375 0.021875 0.021875
0 0.58984375 0.58515625 0.01796875 0.01953125
0 0.628125 0.53359375 0.03046875 0.02265625
0 0.66875 0.56015625 0.03203125 0.025
0 0.68046875 0.58828125 0.02734375 0.02734375
0 0.64609375 0.5796875 0.02734375 0.0265625
0 0.590625 0.546875 0.02265625 0.02734375
0 0.55234375 0.5703125 0.0171875 0.01640625
0 0.2046875 0.5828125 0.0265625 0.02421875
0 0.12890625 0.58828125 0.034375 0.02265625
0 0.07109375 0.57890625 0.03515625 0.0359375
0 0.1484375 0.54140625 0.028125 0.01796875
0 0.16015625 0.5609375 0.03125 0.025
0 0.0609375 0.54609375 0.02265625 0.01875
0 0.10625 0.53203125 0.03671875 0.01484375
0 0.2453125 0.50078125 0.02734375 0.02421875
0 0.265625 0.58125 0.03203125 0.0296875
0 0.2703125 0.55546875 0.015625 0.01640625
0 0.29375 0.559375 0.01953125 0.0171875
0 0.42578125 0.58984375 0.021875 0.01796875
0 0.6828125 0.48828125 0.03203125 0.025
0 0.96171875 0.65078125 0.040625 0.0359375
0 0.9203125 0.68984375 0.02734375 0.025
0 0.96015625 0.72109375 0.04375 0.0484375
0 0.9578125 0.69921875 0.03671875 0.034375
0 0.61171875 0.4703125 0.028125 0.021875
0 0.56015625 0.5078125 0.01796875 0.01484375
0 0.5875 0.5109375 0.0140625 0.01640625
0 0.02265625 0.71015625 0.0421875 0.040625
0 0.059375 0.725 0.03515625 0.0296875
0 0.0875 0.753125 0.0359375 0.03515625
0 0.046875 0.8265625 0.05 0.05
0 0.040625 0.7984375 0.05 0.0578125
0 0.24609375 0.60234375 0.02890625 0.015625
0 0.41484375 0.55 0.025 0.02578125
0 0.45859375 0.5953125 0.01875 0.0203125
0 0.709375 0.54765625 0.0234375 0.02109375
0 0.846875 0.590625 0.03046875 0.02109375
0 0.8890625 0.56875 0.02578125 0.02265625
0 0.9421875 0.5609375 0.03359375 0.02421875
0 0.91640625 0.6078125 0.046875 0.0390625
0 0.5921875 0.43125 0.02421875 0.0203125
0 0.54140625 0.43671875 0.021875 0.01640625
0 0.56484375 0.44375 0.02265625 0.01953125
0 0.509375 0.43984375 0.01953125 0.0171875
0 0.7703125 0.63671875 0.0203125 0.0296875
0 0.7359375 0.6328125 0.01328125 0.0171875
0 0.69921875 0.640625 0.01484375 0.0296875
0 0.72890625 0.6953125 0.0265625 0.0265625
0 0.50703125 0.67578125 0.01484375 0.0234375
0 0.33359375 0.565625 0.02109375 0.0171875
0 0.359375 0.52578125 0.03125 0.01484375
0 0.134375 0.5140625 0.0140625 0.02265625
0 0.10390625 0.4984375 0.02734375 0.01640625
0 0.03046875 0.56328125 0.03359375 0.02109375
0 0.084375 0.6828125 0.040625 0.03125
0 0.07578125 0.6484375 0.03046875 0.0375
0 0.16484375 0.50390625 0.025 0.0171875
0 0.19453125 0.47421875 0.028125 0.0203125