0 0.06484375 0.88203125 0.03359375 0.0640625
0 0.0203125 0.89609375 0.03828125 0.04609375
0 0.05078125 0.97109375 0.0484375 0.0578125
0 0.08515625 0.92265625 0.02578125 0.03203125
0 0.1046875 0.9671875 0.04375 0.053125
0 0.17734375 0.95234375 0.0359375 0.05859375
0 0.19375 0.82890625 0.04765625 0.05078125
0 0.1359375 0.846875 0.02578125 0.03359375
0 0.0828125 0.81484375 0.021875 0.0328125
0 0.053125 0.759375 0.02421875 0.03828125
0 0.14765625 0.76328125 0.028125 0.040625
0 0.14921875 0.69296875 0.0296875 0.0390625
0 0.0921875 0.63671875 0.0234375 0.03515625
0 0.065625 0.58828125 0.028125 0.0296875
0 0.0828125 0.4703125 0.02890625 0.025
0 0.1140625 0.446875 0.02734375 0.0265625
0 0.11875 0.53515625 0.0140625 0.02890625
0 0.06015625 0.55546875 0.02109375 0.03515625
0 0.01640625 0.5765625 0.03046875 0.0234375
0 0.1515625 0.58671875 0.03125 0.02890625
0 0.1546875 0.5453125 0.02109375 0.02890625
0 0.109375 0.49296875 0.02109375 0.03046875
0 0.20234375 0.55546875 0.02734375 0.03515625
0 0.18828125 0.58359375 0.02734375 0.01953125
0 0.21796875 0.6015625 0.025 0.0390625
0 0.24375 0.5390625 0.01953125 0.025
0 0.221875 0.45859375 0.01796875 0.01796875
0 0.2640625 0.4828125 0.01796875 0.02265625
0 0.26328125 0.45546875 0.0140625 0.0171875
0 0.3046875 0.3828125 0.01328125 0.0140625
0 0.3046875 0.48359375 0.0203125 0.03125
0 0.2984375 0.6203125 0.0234375 0.0375
0 0.2625 0.63359375 0.015625 0.01953125
0 0.2265625 0.6734375 0.0328125 0.0375
0 0.2765625 0.69453125 0.0359375 0.040625
0 0.2921875 0.7359375 0.03984375 0.04609375
0 0.23984375 0.7578125 0.04140625 0.04453125
0 0.27109375 0.79453125 0.03359375 0.040625
0 0.309375 0.8421875 0.03671875 0.05546875
0 0.25859375 0.87734375 0.03203125 0.04765625
0 0.37421875 0.9015625 0.03984375 0.05234375
0 0.4171875 0.93046875 0.0453125 0.059375
0 0.43046875 0.85078125 0.02578125 0.0453125
0 0.3828125 0.81328125 0.05078125 0.0609375
0 0.35390625 0.75234375 0.03203125 0.04453125
0 0.3921875 0.7359375 0.0265625 0.040625
0 0.3578125 0.628125 0.02109375 0.0328125
0 0.375 0.609375 0.02109375 0.01796875
0 0.41015625 0.6890625 0.02265625 0.04140625
0 0.44296875 0.71328125 0.03203125 0.0375
0 0.43125 0.79453125 0.02578125 0.03828125
0 0.48359375 0.77734375 0.03125 0.03671875
0 0.4875 0.8578125 0.0390625 0.0390625
0 0.4640625 0.66015625 0.02109375 0.0265625
0 0.4703125 0.6359375 0.01796875 0.021875
0 0.48515625 0.6734375 0.01484375 0.02265625
0 0.49140625 0.65234375 0.021875 0.021875
0 0.41328125 0.5296875 0.0265625 0.02578125
0 0.375 0.43984375 0.01875 0.01875
0 0.39140625 0.46171875 0.01875 0.02265625
0 0.33828125 0.50546875 0.01875 0.02421875
0 0.4734375 0.578125 0.02578125 0.0265625
0 0.56875 0.8953125 0.0390625 0.05390625
0 0.5625 0.85859375 0.03125 0.03984375
0 0.65390625 0.87890625 0.05234375 0.059375
0 0.69296875 0.97890625 0.04375 0.0421875
0 0.76875 0.971875 0.04375 0.05625
0 0.7546875 0.9 0.0359375 0.05546875
0 0.72734375 0.84765625 0.03046875 0.04921875
0 0.8203125 0.96796875 0.0359375 0.0609375
0 0.83984375 0.9015625 0.028125 0.03828125
0 0.79296875 0.84453125 0.03515625 0.06171875
0 0.82109375 0.8046875 0.0375 0.053125
0 0.865625 0.803125 0.02734375 0.04296875
0 0.925 0.8109375 0.0484375 0.0671875
0 0.9640625 0.85546875 0.02265625 0.02734375
0 0.96640625 0.97421875 0.03515625 0.05078125
0 0.93125 0.665625 0.0296875 0.0390625
0 0.96328125 0.67734375 0.01953125 0.025
0 0.984375 0.715625 0.03046875 0.04296875
0 0.85625 0.6484375 0.034375 0.0390625
0 0.79921875 0.6421875 0.025 0.03203125
0 0.9078125 0.61484375 0.02578125 0.03125
0 0.91015625 0.5328125 0.0234375 0.021875
0 0.95 0.515625 0.01875 0.0203125
0 0.87734375 0.459375 0.01875 0.02734375
0 0.83828125 0.5203125 0.021875 0.01953125
0 0.840625 0.49609375 0.0203125 0.02265625
0 0.78671875 0.4765625 0.028125 0.02578125
0 0.7421875 0.5484375 0.03203125 0.03125
0 0.7453125 0.5140625 0.0171875 0.0234375
0 0.840625 0.5828125 0.02578125 0.0265625
0 0.85859375 0.603125 0.02109375 0.01953125
0 0.75546875 0.65703125 0.021875 0.03515625
0 0.75390625 0.69609375 0.0296875 0.0234375
0 0.7171875 0.7078125 0.0265625 0.034375
0 0.728125 0.76171875 0.0421875 0.03671875
0 0.73984375 0.746875 0.0125 0.02109375
0 0.62265625 0.625 0.0328125 0.034375
0 0.65703125 0.640625 0.02734375 0.03125
0 0.6734375 0.6640625 0.0203125 0.01953125
0 0.5859375 0.63515625 0.03125 0.034375
0 0.64921875 0.56328125 0.025 0.034375
0 0.684375 0.55390625 0.02578125 0.0328125
0 0.70859375 0.58984375 0.03046875 0.0296875
0 0.68046875 0.48046875 0.02265625 0.02421875
0 0.7 0.4625 0.01328125 0.02109375
0 0.70390625 0.4328125 0.01640625 0.01796875
0 0.66484375 0.4984375 0.01796875 0.02109375
0 0.75078125 0.371875 0.0140625 0.01796875
0 0.90625 0.38828125 0.01796875 0.02421875
0 0.784375 0.42734375 0.01875 0.01796875
0 0.55625 0.5375 0.02890625 0.03046875
0 0.5921875 0.52109375 0.028125 0.03125
0 0.51015625 0.54609375 0.025 0.02734375
0 0.45859375 0.521875 0.0140625 0.0203125
0 0.49609375 0.48984375 0.021875 0.025
0 0.51328125 0.5171875 0.028125 0.02109375
0 0.4515625 0.465625 0.025 0.0265625