0 0.3125 0.78125 0.0390625 0.05546875
0 0.61171875 0.83828125 0.04453125 0.06640625
0 0.50703125 0.68671875 0.04140625 0.071875
0 0.93046875 0.8453125 0.04375 0.05078125
0 0.50859375 0.9296875 0.0546875 0.05859375
0 0.2328125 0.83515625 0.0359375 0.04921875
0 0.625 0.96328125 0.0453125 0.06640625
0 0.06875 0.9390625 0.053125 0.07109375
0 0.41640625 0.9515625 0.04453125 0.06796875
0 0.18671875 0.90078125 0.04140625 0.059375
0 0.42734375 0.8578125 0.040625 0.05625
0 0.575 0.784375 0.0375 0.05
0 0.07421875 0.81953125 0.03046875 0.040625
0 0.2359375 0.775 0.040625 0.05390625
0 0.10625 0.871875 0.03515625 0.04453125
0 0.421875 0.74921875 0.03671875 0.0515625
0 0.6609375 0.690625 0.03203125 0.0390625
0 0.696875 0.896875 0.05390625 0.06640625
0 0.309375 0.5609375 0.021875 0.028125
0 0.315625 0.65703125 0.034375 0.03671875
0 0.778125 0.815625 0.0421875 0.05546875
0 0.72578125 0.6671875 0.02890625 0.03046875
0 0.77109375 0.73046875 0.02734375 0.0484375
0 0.27734375 0.7 0.040625 0.04296875
0 0.33203125 0.6140625 0.0296875 0.028125
0 0.24609375 0.62734375 0.02578125 0.0328125
0 0.79140625 0.5625 0.02890625 0.0359375
0 0.7328125 0.71484375 0.034375 0.0390625
0 0.7046875 0.965625 0.03203125 0.040625
0 0.7484375 0.5984375 0.028125 0.03046875
0 0.92265625 0.6296875 0.03203125 0.0359375
0 0.3296875 0.96796875 0.04375 0.0546875
0 0.5640625 0.653125 0.02734375 0.03671875
0 0.7609375 0.9015625 0.03515625 0.05390625
0 0.17109375 0.959375 0.03359375 0.0453125
0 0.46796875 0.54140625 0.02734375 0.028125
0 0.48359375 0.4875 0.02265625 0.02734375
0 0.70546875 0.54609375 0.02578125 0.03125
0 0.709375 0.59453125 0.02734375 0.0359375
0 0.3828125 0.59609375 0.021875 0.03125
0 0.30390625 0.934375 0.03828125 0.04375
0 0.365625 0.46171875 0.02109375 0.028125
0 0.553125 0.54375 0.025 0.03125
0 0.890625 0.9328125 0.03515625 0.04921875
0 0.89609375 0.69921875 0.034375 0.03203125
0 0.50703125 0.51796875 0.02265625 0.028125
0 0.903125 0.5828125 0.03359375 0.03515625
0 0.7453125 0.8296875 0.0296875 0.03984375
0 0.64140625 0.54453125 0.0234375 0.03203125
0 0.51171875 0.52265625 0.02265625 0.028125
0 0.5546875 0.5 0.028125 0.02734375
0 0.8265625 0.64453125 0.03125 0.040625
0 0.878125 0.8484375 0.0359375 0.046875
0 0.015625 0.75 0.02578125 0.0328125
0 0.08828125 0.70625 0.0359375 0.03359375
0 0.41171875 0.5671875 0.028125 0.02578125
0 0.36015625 0.74140625 0.021875 0.03125
0 0.01796875 0.60859375 0.0359375 0.0359375
0 0.58984375 0.4890625 0.02578125 0.03046875
0 0.48046875 0.86328125 0.03046875 0.0359375
0 0.8515625 0.6171875 0.03515625 0.03828125
0 0.43125 0.52578125 0.02265625 0.028125
0 0.834375 0.81328125 0.03046875 0.0453125
0 0.78359375 0.4828125 0.02265625 0.02890625
0 0.565625 0.684375 0.025 0.03515625
0 0.19453125 0.63828125 0.0171875 0.02265625
0 0.890625 0.5359375 0.03515625 0.0328125
0 0.1421875 0.6546875 0.02890625 0.0359375
0 0.65703125 0.49765625 0.02578125 0.02890625
0 0.12578125 0.73515625 0.025 0.03046875
0 0.7375 0.55390625 0.02109375 0.0296875
0 0.60234375 0.57734375 0.02265625 0.028125
0 0.34921875 0.59296875 0.025 0.0265625
0 0.59921875 0.6046875 0.03125 0.03203125
0 0.1875 0.61796875 0.01640625 0.021875
0 0.4671875 0.51015625 0.0265625 0.02734375
0 0.384375 0.66875 0.02421875 0.0296875
0 0.32578125 0.61953125 0.02890625 0.028125
0 0.509375 0.4453125 0.025 0.025
0 0.77421875 0.51796875 0.01875 0.02109375
0 0.05625 0.746875 0.02578125 0.03828125
0 0.84921875 0.53203125 0.025 0.02734375
0 0.44609375 0.49296875 0.02109375 0.02421875
0 0.57421875 0.6859375 0.02578125 0.0375
0 0.940625 0.565625 0.034375 0.0359375
0 0.53359375 0.54609375 0.02109375 0.03046875
0 0.7359375 0.4421875 0.021875 0.025
0 0.5953125 0.55859375 0.02265625 0.0265625
0 0.66171875 0.390625 0.0234375 0.02421875
0 0.38984375 0.51171875 0.02734375 0.0296875
0 0.24375 0.421875 0.0234375 0.02578125
0 0.76640625 0.51484375 0.01875 0.021875
0 0.49453125 0.59609375 0.0390625 0.0421875