0 0.078125 0.909375 0.05703125 0.06484375
0 0.17578125 0.93125 0.03671875 0.0453125
0 0.26328125 0.96875 0.0390625 0.06171875
0 0.34140625 0.93671875 0.04453125 0.06953125
0 0.3109375 0.90703125 0.0453125 0.046875
0 0.19453125 0.8734375 0.04609375 0.06796875
0 0.11171875 0.84609375 0.03984375 0.0421875
0 0.084375 0.7953125 0.0359375 0.03671875
0 0.0609375 0.72734375 0.02421875 0.03984375
0 0.09140625 0.684375 0.0421875 0.0328125
0 0.021875 0.6640625 0.04296875 0.0375
0 0.01875 0.73125 0.0265625 0.0296875
0 0.2375 0.80859375 0.034375 0.04921875
0 0.24140625 0.753125 0.04375 0.0625
0 0.196875 0.61796875 0.0171875 0.02421875
0 0.13984375 0.63671875 0.02265625 0.0328125
0 0.10859375 0.62890625 0.0234375 0.03046875
0 0.18984375 0.59921875 0.015625 0.01875
0 0.31953125 0.75390625 0.03515625 0.05546875
0 0.31875 0.63203125 0.03046875 0.0359375
0 0.434375 0.82734375 0.0390625 0.05
0 0.42578125 0.92109375 0.04296875 0.06796875
0 0.515625 0.89921875 0.05234375 0.05859375
0 0.484375 0.834375 0.0265625 0.034375
0 0.628125 0.93046875 0.046875 0.07265625
0 0.6671875 0.96796875 0.01640625 0.03359375
0 0.7109375 0.9296875 0.0359375 0.0421875
0 0.696875 0.8625 0.0546875 0.08125
0 0.61640625 0.80859375 0.0421875 0.071875
0 0.57734375 0.75625 0.034375 0.0453125
0 0.76171875 0.8640625 0.0375 0.0515625
0 0.80859375 0.97109375 0.0453125 0.05703125
0 0.89296875 0.8984375 0.03671875 0.05078125
0 0.784375 0.7828125 0.04765625 0.0703125
0 0.74921875 0.7984375 0.02578125 0.03828125
0 0.9328125 0.81328125 0.0453125 0.046875
0 0.8984375 0.66640625 0.0328125 0.03515625
0 0.7734375 0.7 0.028125 0.04140625
0 0.740625 0.6875 0.03515625 0.046875
0 0.709375 0.56796875 0.034375 0.0328125
0 0.7484375 0.5734375 0.0328125 0.02734375
0 0.66484375 0.66015625 0.03203125 0.0390625
0 0.56796875 0.65625 0.025 0.04296875
0 0.56484375 0.62578125 0.02578125 0.0390625
0 0.51171875 0.66015625 0.04296875 0.078125
0 0.534375 0.5203125 0.021875 0.03125
0 0.5546875 0.5203125 0.025 0.0296875
0 0.596875 0.5796875 0.028125 0.0375
0 0.6390625 0.5203125 0.01875 0.02734375
0 0.60859375 0.55078125 0.0234375 0.02734375
0 0.90390625 0.55625 0.028125 0.0296875
0 0.79453125 0.53671875 0.0265625 0.03359375
0 0.7875 0.45859375 0.0234375 0.0375
0 0.70625 0.51796875 0.03046875 0.03359375
0 0.4828125 0.4671875 0.02734375 0.02890625
0 0.4734375 0.51640625 0.025 0.02890625
0 0.38359375 0.57421875 0.021875 0.03359375
0 0.3515625 0.571875 0.025 0.02890625
0 0.33203125 0.5921875 0.02890625 0.02890625
0 0.378125 0.64140625 0.02109375 0.02734375
0 0.42578125 0.72734375 0.03828125 0.05078125
0 0.3640625 0.71875 0.0203125 0.03359375
0 0.50859375 0.496875 0.02265625 0.02734375
0 0.828125 0.61328125 0.028125 0.0484375
0 0.41484375 0.54765625 0.028125 0.0296875
0 0.31171875 0.54140625 0.0234375 0.0328125
0 0.25078125 0.609375 0.0234375 0.03203125
0 0.36171875 0.44375 0.0203125 0.028125
0 0.590625 0.46640625 0.02421875 0.03046875
0 0.6578125 0.4703125 0.02890625 0.0390625
0 0.6984375 0.46953125 0.02265625 0.02890625
0 0.928125 0.59609375 0.034375 0.04140625
0 0.8328125 0.78203125 0.03046875 0.05234375
0 0.88125 0.8140625 0.03359375 0.0515625
0 0.55703125 0.4765625 0.02578125 0.03515625
0 0.44609375 0.47109375 0.021875 0.0265625