0 0.33203125 0.665625 0.03671875 0.05
0 0.53984375 0.79375 0.05625 0.05546875
0 0.0921875 0.82265625 0.0578125 0.06328125
0 0.4453125 0.8203125 0.05078125 0.06640625
0 0.72421875 0.75 0.053125 0.06328125
0 0.63671875 0.70078125 0.04296875 0.0578125
0 0.45 0.73203125 0.04296875 0.05546875
0 0.953125 0.69375 0.0484375 0.0484375
0 0.83984375 0.859375 0.04609375 0.06875
0 0.6609375 0.8140625 0.0453125 0.0640625
0 0.4828125 0.9390625 0.05546875 0.07109375
0 0.1171875 0.76171875 0.03515625 0.0421875
0 0.43828125 0.6328125 0.0375 0.0453125
0 0.2484375 0.66640625 0.04140625 0.0515625
0 0.92578125 0.91328125 0.05 0.0703125
0 0.7875 0.753125 0.03828125 0.0484375
0 0.19453125 0.840625 0.0375 0.040625
0 0.67734375 0.56796875 0.0328125 0.03671875
0 0.25390625 0.5359375 0.028125 0.03203125
0 0.28125 0.875 0.0421875 0.06796875
0 0.6 0.65703125 0.03671875 0.04140625
0 0.20859375 0.784375 0.03984375 0.05390625
0 0.24921875 0.72109375 0.034375 0.04296875
0 0.76171875 0.92734375 0.0296875 0.05859375
0 0.2859375 0.596875 0.04140625 0.03984375
0 0.52578125 0.5703125 0.04453125 0.06171875
0 0.7375 0.8125 0.02890625 0.03515625
0 0.09375 0.6125 0.04140625 0.03671875
0 0.78828125 0.6 0.02890625 0.0421875
0 0.76171875 0.4859375 0.02890625 0.0296875
0 0.35390625 0.8359375 0.0421875 0.05234375
0 0.596875 0.96171875 0.0484375 0.075
0 0.1625 0.92578125 0.0421875 0.05625
0 0.32578125 0.553125 0.03671875 0.034375
0 0.8 0.675 0.04609375 0.053125
0 0.13125 0.63984375 0.025 0.02890625
0 0.75234375 0.5859375 0.034375 0.040625
0 0.33046875 0.8078125 0.03828125 0.04453125
0 0.57578125 0.53984375 0.02734375 0.0328125
0 0.65 0.4390625 0.0234375 0.0296875
0 0.80390625 0.90078125 0.05703125 0.06171875
0 0.8015625 0.4515625 0.03125 0.03203125
0 0.7140625 0.43828125 0.025 0.0296875
0 0.72109375 0.48359375 0.0265625 0.03046875
0 0.38671875 0.49375 0.0234375 0.0296875
0 0.790625 0.38359375 0.02265625 0.02890625
0 0.0875 0.7125 0.03359375 0.04140625
0 0.378125 0.6296875 0.0234375 0.03203125
0 0.31640625 0.46796875 0.02109375 0.0265625
0 0.58125 0.5671875 0.025 0.03046875
0 0.4796875 0.440625 0.028125 0.0265625
0 0.33828125 0.515625 0.03203125 0.02734375
0 0.36171875 0.38046875 0.021875 0.02578125
0 0.56328125 0.4421875 0.02578125 0.028125
0 0.915625 0.565625 0.0328125 0.028125
0 0.934375 0.50703125 0.034375 0.0328125
0 0.921875 0.775 0.03046875 0.04140625
0 0.865625 0.496875 0.0390625 0.03671875
0 0.48984375 0.39453125 0.025 0.025
0 0.9125 0.46484375 0.0390625 0.03203125
0 0.56171875 0.4015625 0.028125 0.0265625
0 0.01875 0.6546875 0.02734375 0.0296875
0 0.90078125 0.70234375 0.0390625 0.04765625
0 0.5125 0.42578125 0.02265625 0.02578125
0 0.7421875 0.44453125 0.02578125 0.02734375
0 0.7390625 0.54765625 0.02890625 0.028125
0 0.83984375 0.52421875 0.03125 0.03515625
0 0.45078125 0.40234375 0.0234375 0.025
0 0.69921875 0.84609375 0.0171875 0.03359375
0 0.190625 0.5296875 0.0171875 0.02109375
0 0.78203125 0.4171875 0.01953125 0.02265625
0 0.7734375 0.690625 0.03046875 0.0375
0 0.6171875 0.46875 0.02265625 0.028125
0 0.59140625 0.5765625 0.0265625 0.03046875
0 0.01640625 0.52734375 0.03203125 0.03671875
0 0.384375 0.6359375 0.025 0.03359375
0 0.7359375 0.3453125 0.021875 0.02421875
0 0.14375 0.5625 0.0265625 0.03359375
0 0.42265625 0.46953125 0.02890625 0.0234375
0 0.4359375 0.434375 0.0234375 0.025
0 0.4734375 0.41875 0.025 0.0234375
0 0.91328125 0.575 0.03515625 0.02890625
0 0.85234375 0.67265625 0.03046875 0.04375
0 0.51953125 0.396875 0.025 0.02421875
0 0.0125 0.8921875 0.025 0.05703125
0 0.6078125 0.4921875 0.03203125 0.0296875
0 0.8546875 0.42265625 0.0265625 0.02578125
0 0.109375 0.75390625 0.0359375 0.0421875
0 0.38984375 0.56484375 0.0265625 0.03203125
0 0.3484375 0.590625 0.02890625 0.01875
0 0.71953125 0.66875 0.02890625 0.04296875