0 0.15234375 0.90625 0.04296875 0.05703125
0 0.053125 0.8828125 0.046875 0.05390625
0 0.04453125 0.8265625 0.0421875 0.0453125
0 0.04609375 0.72421875 0.0328125 0.0453125
0 0.0453125 0.6734375 0.0234375 0.03515625
0 0.0125 0.69375 0.02265625 0.03125
0 0.1140625 0.79609375 0.034375 0.046875
0 0.1671875 0.79453125 0.02578125 0.03203125
0 0.18515625 0.8359375 0.034375 0.0390625
0 0.2171875 0.88671875 0.0375 0.04921875
0 0.25078125 0.86484375 0.02890625 0.03359375
0 0.21953125 0.95078125 0.04375 0.0640625
0 0.2890625 0.89375 0.03984375 0.05078125
0 0.396875 0.93828125 0.0453125 0.059375
0 0.36484375 0.86875 0.0296875 0.040625
0 0.35703125 0.78125 0.03125 0.03203125
0 0.359375 0.82265625 0.02421875 0.0296875
0 0.4546875 0.84296875 0.02734375 0.0359375
0 0.4796875 0.9765625 0.0359375 0.046875
0 0.53671875 0.93046875 0.0375 0.04921875
0 0.56328125 0.97421875 0.0390625 0.0515625
0 0.3109375 0.98515625 0.03046875 0.02890625
0 0.6453125 0.96171875 0.03203125 0.04296875
0 0.7796875 0.9046875 0.0328125 0.04921875
0 0.71484375 0.9828125 0.0203125 0.034375
0 0.88203125 0.8875 0.0375 0.04609375
0 0.83984375 0.92890625 0.03046875 0.040625
0 0.83828125 0.9796875 0.0359375 0.040625
0 0.91796875 0.93671875 0.0296875 0.0421875
0 0.96328125 0.925 0.0296875 0.04765625
0 0.9765625 0.8609375 0.04140625 0.05
0 0.9265625 0.75390625 0.0375 0.03515625
0 0.9765625 0.76484375 0.04140625 0.03125
0 0.8421875 0.8296875 0.021875 0.02890625
0 0.7953125 0.8328125 0.02109375 0.04140625
0 0.75859375 0.80078125 0.0296875 0.0484375
0 0.7109375 0.79375 0.03359375 0.04375
0 0.64609375 0.7890625 0.0265625 0.034375
0 0.62734375 0.83125 0.02421875 0.04296875
0 0.565625 0.80859375 0.02421875 0.04375
0 0.50234375 0.77109375 0.025 0.03984375
0 0.528125 0.79375 0.02109375 0.04375
0 0.45546875 0.79375 0.03046875 0.034375
0 0.61484375 0.721875 0.025 0.0296875
0 0.65625 0.69140625 0.0234375 0.03046875
0 0.70078125 0.6734375 0.03359375 0.03828125
0 0.75234375 0.71015625 0.0296875 0.034375
0 0.734375 0.74375 0.02734375 0.03046875
0 0.765625 0.75546875 0.0296875 0.03671875
0 0.88046875 0.72890625 0.034375 0.0359375
0 0.76484375 0.60859375 0.03203125 0.03046875
0 0.80390625 0.69140625 0.028125 0.0328125
0 0.878125 0.58828125 0.02265625 0.02734375
0 0.84765625 0.6 0.02265625 0.02421875
0 0.68515625 0.58046875 0.0296875 0.028125
0 0.71171875 0.6015625 0.021875 0.021875
0 0.653125 0.6375 0.021875 0.03203125
0 0.62421875 0.6359375 0.021875 0.02890625
0 0.59765625 0.5796875 0.0234375 0.0265625
0 0.628125 0.54140625 0.0234375 0.02578125