0 0.11015625 0.8625 0.04609375 0.05703125
0 0.03515625 0.8953125 0.04375 0.059375
0 0.14765625 0.97265625 0.03984375 0.0546875
0 0.1875 0.9078125 0.034375 0.04765625
0 0.16953125 0.8515625 0.03046875 0.04296875
0 0.2171875 0.95859375 0.0421875 0.078125
0 0.2546875 0.93671875 0.028125 0.05625
0 0.29609375 0.971875 0.03984375 0.05546875
0 0.37890625 0.94296875 0.040625 0.0515625
0 0.37265625 0.84296875 0.0359375 0.04765625
0 0.46953125 0.9171875 0.03515625 0.05390625
0 0.47109375 0.85546875 0.03046875 0.05
0 0.54609375 0.86171875 0.028125 0.05859375
0 0.52265625 0.878125 0.025 0.034375
0 0.58203125 0.87578125 0.0265625 0.05234375
0 0.67109375 0.85625 0.03046875 0.0484375
0 0.64921875 0.90390625 0.03125 0.0546875
0 0.63515625 0.78203125 0.02578125 0.040625
0 0.73515625 0.8625 0.03828125 0.0515625
0 0.8078125 0.9765625 0.0375 0.046875
0 0.92265625 0.96796875 0.05234375 0.06328125
0 0.92109375 0.790625 0.0390625 0.0484375
0 0.78203125 0.765625 0.03046875 0.04296875
0 0.78984375 0.86640625 0.0421875 0.06015625
0 0.796875 0.81953125 0.03828125 0.05078125
0 0.7265625 0.72578125 0.03671875 0.040625
0 0.68125 0.746875 0.03125 0.0390625
0 0.67734375 0.6875 0.02421875 0.03203125
0 0.46328125 0.74765625 0.0375 0.0359375
0 0.315625 0.75 0.02734375 0.04375
0 0.36484375 0.7609375 0.0234375 0.03671875
0 0.26328125 0.659375 0.0328125 0.03359375
0 0.20859375 0.61328125 0.0265625 0.02734375
0 0.11796875 0.7875 0.0359375 0.0453125
0 0.04765625 0.77734375 0.040625 0.05390625
0 0.10234375 0.64765625 0.03125 0.03046875
0 0.0453125 0.72109375 0.02578125 0.040625
0 0.13515625 0.67109375 0.0234375 0.03203125
0 0.1578125 0.753125 0.0359375 0.03515625
0 0.146875 0.71875 0.03359375 0.03125
0 0.20703125 0.79140625 0.03125 0.04296875
0 0.24140625 0.55625 0.0265625 0.0296875
0 0.2390625 0.5125 0.02265625 0.03203125
0 0.396875 0.84140625 0.01640625 0.03359375
0 0.64296875 0.68359375 0.02734375 0.03203125
0 0.7921875 0.65390625 0.03359375 0.0390625
0 0.709375 0.62265625 0.03359375 0.03515625
0 0.64765625 0.58046875 0.02578125 0.0375
0 0.5375 0.628125 0.0296875 0.0359375
0 0.58125 0.5796875 0.02421875 0.028125
0 0.61640625 0.62421875 0.02421875 0.03359375
0 0.471875 0.5859375 0.025 0.0328125
0 0.6796875 0.5609375 0.02890625 0.0375
0 0.7640625 0.5765625 0.02890625 0.0296875
0 0.78046875 0.609375 0.0296875 0.02890625
0 0.83828125 0.7546875 0.0375 0.046875
0 0.915625 0.6328125 0.028125 0.03359375
0 0.35703125 0.49375 0.025 0.028125
0 0.25703125 0.82265625 0.03671875 0.03046875
0 0.0515625 0.96328125 0.05078125 0.07109375
0 0.09765625 0.69921875 0.0328125 0.03125
0 0.27421875 0.5296875 0.0265625 0.02734375
0 0.32109375 0.50859375 0.025 0.034375
0 0.428125 0.52109375 0.025 0.0359375
0 0.5328125 0.55390625 0.021875 0.0328125
0 0.82265625 0.62578125 0.025 0.0296875
0 0.7546875 0.8046875 0.034375 0.05078125
0 0.88125 0.90390625 0.02421875 0.03671875
0 0.39765625 0.70078125 0.03203125 0.03515625
0 0.315625 0.653125 0.02890625 0.0390625
0 0.2875 0.74765625 0.02890625 0.03671875