0 0.01484375 0.9234375 0.02265625 0.05234375
0 0.08203125 0.9 0.04140625 0.05078125
0 0.1390625 0.92734375 0.04765625 0.04453125
0 0.146875 0.97890625 0.0546875 0.0421875
0 0.08984375 0.8171875 0.04375 0.05390625
0 0.1296875 0.846875 0.01953125 0.04296875
0 0.13828125 0.86640625 0.01875 0.03671875
0 0.175 0.83671875 0.0296875 0.04296875
0 0.16015625 0.8125 0.034375 0.0328125
0 0.19921875 0.9109375 0.04453125 0.0515625
0 0.2875 0.8421875 0.034375 0.0515625
0 0.2875 0.90390625 0.04140625 0.06015625
0 0.31171875 0.97578125 0.0328125 0.0484375
0 0.34921875 0.97890625 0.0359375 0.0421875
0 0.37578125 0.80625 0.034375 0.05
0 0.43671875 0.79609375 0.02890625 0.03828125
0 0.434375 0.8578125 0.028125 0.03984375
0 0.45 0.91875 0.03671875 0.0484375
0 0.46796875 0.97265625 0.04375 0.0484375
0 0.57421875 0.85546875 0.03046875 0.0375
0 0.6328125 0.8125 0.03203125 0.04296875
0 0.68046875 0.85703125 0.02421875 0.0453125
0 0.7703125 0.9078125 0.0375 0.05390625
0 0.81484375 0.91796875 0.02890625 0.05703125
0 0.88671875 0.98046875 0.0484375 0.0390625
0 0.8609375 0.72265625 0.03046875 0.03671875
0 0.91953125 0.74296875 0.040625 0.04140625
0 0.94296875 0.78984375 0.02265625 0.0375
0 0.55 0.73984375 0.04296875 0.05703125
0 0.240625 0.65546875 0.02578125 0.03359375
0 0.2671875 0.6859375 0.03125 0.03671875
0 0.22421875 0.76171875 0.0296875 0.0515625
0 0.190625 0.76796875 0.02421875 0.04453125
0 0.14921875 0.58671875 0.02578125 0.03046875
0 0.034375 0.71640625 0.0328125 0.04140625
0 0.015625 0.78828125 0.03046875 0.046875
0 0.8453125 0.8109375 0.04609375 0.06015625
0 0.89296875 0.85859375 0.040625 0.05625
0 0.9296875 0.8828125 0.03984375 0.0515625
0 0.97578125 0.875 0.0484375 0.06875
0 0.934375 0.69296875 0.04453125 0.0390625
0 0.94609375 0.7296875 0.04453125 0.0453125
0 0.86484375 0.65625 0.0265625 0.03828125
0 0.80078125 0.7171875 0.034375 0.04296875
0 0.76796875 0.753125 0.03671875 0.0484375
0 0.72734375 0.815625 0.02890625 0.05234375
0 0.78671875 0.80390625 0.02890625 0.04296875
0 0.67890625 0.73984375 0.0375 0.04765625
0 0.6578125 0.68046875 0.03359375 0.046875
0 0.61875 0.6953125 0.02578125 0.0390625
0 0.5875 0.7390625 0.02578125 0.04140625
0 0.6234375 0.75078125 0.0328125 0.0328125
0 0.6796875 0.60390625 0.034375 0.03828125
0 0.77734375 0.625 0.03046875 0.0390625
0 0.8578125 0.60859375 0.03828125 0.04140625
0 0.86171875 0.56640625 0.03046875 0.03046875
0 0.734375 0.728125 0.03125 0.04296875
0 0.5875 0.59453125 0.0328125 0.0328125
0 0.51875 0.6546875 0.02578125 0.040625
0 0.49140625 0.64921875 0.028125 0.034375
0 0.40703125 0.61015625 0.03671875 0.05078125
0 0.3609375 0.6265625 0.0375 0.040625
0 0.2953125 0.7125 0.0375 0.03984375
0 0.31015625 0.6484375 0.0359375 0.034375
0 0.3203125 0.61015625 0.0296875 0.021875
0 0.26875 0.62578125 0.0296875 0.02890625
0 0.2421875 0.60078125 0.02421875 0.03515625
0 0.29375 0.54296875 0.02734375 0.0359375
0 0.1875 0.6953125 0.03046875 0.0453125
0 0.40390625 0.540625 0.03203125 0.040625
0 0.221875 0.525 0.02109375 0.03125
0 0.471875 0.471875 0.03515625 0.02734375
0 0.48671875 0.5375 0.02421875 0.03671875
0 0.48984375 0.49765625 0.021875 0.02265625
0 0.61796875 0.5375 0.0203125 0.02734375
0 0.646875 0.53671875 0.02890625 0.04140625
0 0.778125 0.5625 0.025 0.03828125
0 0.79453125 0.5515625 0.02578125 0.03671875
0 0.8109375 0.49765625 0.03203125 0.03203125
0 0.9796875 0.63046875 0.040625 0.04140625
0 0.921875 0.65078125 0.0359375 0.04453125
0 0.78828125 0.60703125 0.0296875 0.0328125
0 0.81875 0.66171875 0.025 0.03359375
0 0.8421875 0.665625 0.0203125 0.040625
0 0.65859375 0.50390625 0.02890625 0.0328125
0 0.68984375 0.51171875 0.02734375 0.03125
0 0.734375 0.51015625 0.0265625 0.021875
0 0.58828125 0.45625 0.025 0.03203125
0 0.42421875 0.5109375 0.03359375 0.03359375
0 0.47578125 0.61953125 0.025 0.02578125
0 0.3734375 0.72109375 0.0265625 0.03046875
0 0.23828125 0.828125 0.03671875 0.04453125
0 0.1796875 0.7328125 0.0265625 0.03671875
0 0.10234375 0.6640625 0.034375 0.03125
0 0.634375 0.89140625 0.0390625 0.06328125
0 0.48046875 0.73515625 0.02890625 0.040625
0 0.44765625 0.59453125 0.02421875 0.0390625