0 0.13046875 0.96796875 0.02890625 0.05078125
0 0.17578125 0.9546875 0.04765625 0.065625
0 0.11875 0.90390625 0.03203125 0.0578125
0 0.13359375 0.85078125 0.0375 0.059375
0 0.09765625 0.68515625 0.02890625 0.04140625
0 0.23671875 0.83125 0.0390625 0.03984375
0 0.2734375 0.87734375 0.04140625 0.04609375
0 0.5109375 0.91484375 0.02734375 0.04296875
0 0.6 0.928125 0.05078125 0.0671875
0 0.6515625 0.9265625 0.034375 0.0546875
0 0.7015625 0.93984375 0.040625 0.0375
0 0.6859375 0.8578125 0.03515625 0.04765625
0 0.7703125 0.925 0.046875 0.05625
0 0.8375 0.9109375 0.04296875 0.059375
0 0.8890625 0.940625 0.03984375 0.05859375
0 0.9328125 0.89375 0.040625 0.06796875
0 0.98515625 0.96015625 0.0296875 0.0453125
0 0.87890625 0.75234375 0.04609375 0.046875
0 0.7359375 0.834375 0.03984375 0.06015625
0 0.73203125 0.784375 0.0328125 0.03984375
0 0.559375 0.790625 0.03359375 0.04453125
0 0.521875 0.78671875 0.0359375 0.04609375
0 0.44921875 0.78828125 0.03828125 0.0515625
0 0.41015625 0.846875 0.02578125 0.0328125
0 0.35859375 0.75 0.034375 0.0453125
0 0.415625 0.71953125 0.0390625 0.03828125
0 0.28984375 0.7828125 0.03828125 0.03828125
0 0.24140625 0.74765625 0.0296875 0.0421875
0 0.21484375 0.709375 0.02734375 0.03828125
0 0.30703125 0.68984375 0.03125 0.0375
0 0.309375 0.725 0.0390625 0.03203125
0 0.27734375 0.63046875 0.03203125 0.03359375
0 0.50078125 0.73984375 0.0265625 0.03125
0 0.6375 0.7046875 0.0375 0.0328125
0 0.7578125 0.72109375 0.03828125 0.0453125
0 0.67734375 0.65625 0.0265625 0.03203125
0 0.8 0.7 0.02734375 0.0328125
0 0.7609375 0.6765625 0.0359375 0.034375
0 0.86875 0.6609375 0.02734375 0.0390625
0 0.81015625 0.58828125 0.02734375 0.0234375
0 0.753125 0.59140625 0.02578125 0.03203125
0 0.71328125 0.57421875 0.0265625 0.034375
0 0.70546875 0.62265625 0.03046875 0.02890625
0 0.6703125 0.62265625 0.0265625 0.03125
0 0.646875 0.5875 0.02421875 0.02890625
0 0.61640625 0.54765625 0.0296875 0.02890625
0 0.6515625 0.4984375 0.0265625 0.02578125
0 0.62734375 0.5109375 0.021875 0.03125
0 0.41171875 0.63125 0.03984375 0.034375
0 0.43671875 0.58828125 0.03203125 0.03125
0 0.44453125 0.540625 0.02578125 0.02421875
0 0.4921875 0.53671875 0.03359375 0.0328125
0 0.5140625 0.56640625 0.01953125 0.03046875
0 0.509375 0.6234375 0.03125 0.03046875
0 0.46953125 0.70234375 0.025 0.03515625
0 0.35390625 0.6296875 0.0234375 0.03046875
0 0.25078125 0.66796875 0.0265625 0.0296875
0 0.0921875 0.56953125 0.025 0.02421875
0 0.29921875 0.54375 0.0375 0.0296875
0 0.29453125 0.50625 0.021875 0.02734375
0 0.34921875 0.54765625 0.03046875 0.02578125
0 0.8984375 0.56484375 0.03984375 0.028125
0 0.79765625 0.55625 0.02265625 0.025
0 0.825 0.52734375 0.02109375 0.02421875
0 0.1625 0.58828125 0.0203125 0.025
0 0.19375 0.603125 0.021875 0.02421875
0 0.2296875 0.6421875 0.0234375 0.0265625
0 0.3359375 0.609375 0.0203125 0.02734375
0 0.45859375 0.446875 0.0203125 0.021875
0 0.37421875 0.471875 0.0234375 0.02265625
0 0.16875 0.5046875 0.01953125 0.02109375
0 0.97890625 0.6765625 0.0390625 0.0421875
0 0.37578125 0.890625 0.03046875 0.04140625
0 0.271875 0.4296875 0.01953125 0.02578125
0 0.32421875 0.38828125 0.0125 0.01796875
0 0.34296875 0.4984375 0.02734375 0.01953125
0 0.678125 0.46796875 0.02890625 0.0296875
0 0.4953125 0.51171875 0.021875 0.0203125
0 0.7734375 0.50625 0.02734375 0.0265625
0 0.884375 0.51015625 0.02890625 0.021875