0 0.934375 0.81796875 0.040625 0.05390625
0 0.04296875 0.80234375 0.04765625 0.0546875
0 0.384375 0.97421875 0.03984375 0.0484375
0 0.15703125 0.7765625 0.0359375 0.03671875
0 0.54453125 0.646875 0.03203125 0.034375
0 0.46875 0.771875 0.03359375 0.03828125
0 0.80546875 0.67421875 0.03203125 0.03828125
0 0.4328125 0.540625 0.02265625 0.03359375
0 0.2125 0.625 0.028125 0.03671875
0 0.1109375 0.8875 0.0453125 0.0515625
0 0.68828125 0.76953125 0.03046875 0.0421875
0 0.7484375 0.890625 0.0421875 0.05234375
0 0.67890625 0.88515625 0.03359375 0.04609375
0 0.79140625 0.790625 0.03671875 0.04765625
0 0.6890625 0.709375 0.02890625 0.0421875
0 0.16875 0.8796875 0.03515625 0.0421875
0 0.375 0.87265625 0.03671875 0.046875
0 0.8109375 0.84765625 0.03671875 0.04921875
0 0.47421875 0.94921875 0.0375 0.04921875
0 0.47578125 0.60078125 0.028125 0.03359375
0 0.03359375 0.91875 0.04296875 0.0578125
0 0.26953125 0.71953125 0.03125 0.04453125
0 0.6890625 0.5765625 0.02578125 0.03359375
0 0.80546875 0.8984375 0.0390625 0.05625
0 0.15 0.73515625 0.0328125 0.03515625
0 0.6453125 0.8078125 0.02890625 0.0375
0 0.2546875 0.965625 0.03046875 0.04375
0 0.18515625 0.9390625 0.0375 0.0453125
0 0.65546875 0.60078125 0.0265625 0.034375
0 0.1171875 0.81484375 0.034375 0.0484375
0 0.3203125 0.77421875 0.02890625 0.0390625
0 0.58828125 0.59609375 0.02578125 0.028125
0 0.265625 0.678125 0.03046875 0.0390625
0 0.62734375 0.5890625 0.02421875 0.03125
0 0.5796875 0.67421875 0.0234375 0.03125
0 0.7390625 0.7515625 0.03828125 0.0421875
0 0.21015625 0.8140625 0.0296875 0.04609375
0 0.240625 0.52890625 0.02265625 0.028125
0 0.32578125 0.52265625 0.02578125 0.03203125
0 0.47578125 0.884375 0.0359375 0.0453125
0 0.5515625 0.88984375 0.0265625 0.053125
0 0.62265625 0.64453125 0.02578125 0.03515625
0 0.71640625 0.6375 0.0328125 0.0328125
0 0.240625 0.56875 0.025 0.02734375
0 0.25859375 0.84453125 0.03515625 0.03359375
0 0.10234375 0.66796875 0.03203125 0.03125
0 0.76875 0.828125 0.03203125 0.046875
0 0.928125 0.65390625 0.03046875 0.03515625
0 0.36796875 0.784375 0.03046875 0.03828125
0 0.8484375 0.77421875 0.03515625 0.040625
0 0.66015625 0.9359375 0.03671875 0.05859375
0 0.65390625 0.70703125 0.02734375 0.0328125
0 0.2875 0.7703125 0.028125 0.040625
0 0.0453125 0.73828125 0.0265625 0.04140625
0 0.83359375 0.6453125 0.0234375 0.0296875
0 0.4 0.721875 0.03203125 0.0328125
0 0.54140625 0.60234375 0.0234375 0.0234375
0 0.22109375 0.98046875 0.034375 0.0390625
0 0.35859375 0.50546875 0.02578125 0.02578125
0 0.17265625 0.67578125 0.0265625 0.03359375
0 0.98203125 0.84921875 0.0359375 0.04609375
0 0.69140625 0.83359375 0.0296875 0.03828125
0 0.278125 0.54453125 0.02890625 0.028125
0 0.5390625 0.56484375 0.021875 0.0265625
0 0.77421875 0.5953125 0.02890625 0.03046875
0 0.2703125 0.58671875 0.0265625 0.02890625
0 0.41484375 0.76171875 0.0328125 0.03046875
0 0.5890625 0.9078125 0.02734375 0.04765625
0 0.84453125 0.6046875 0.02734375 0.03125
0 0.19375 0.725 0.03203125 0.040625
0 0.8984375 0.93671875 0.0265625 0.0359375
0 0.31875 0.51875 0.025 0.03203125
0 0.296875 0.98515625 0.03671875 0.02890625
0 0.64609375 0.67265625 0.0234375 0.0265625
0 0.7875 0.62421875 0.025 0.03046875
0 0.52265625 0.8578125 0.028125 0.04609375
0 0.51015625 0.59921875 0.021875 0.0296875
0 0.09921875 0.71875 0.0328125 0.03515625
0 0.4953125 0.675 0.021875 0.02578125
0 0.0515625 0.9796875 0.04453125 0.040625
0 0.653125 0.98125 0.03046875 0.0359375
0 0.73515625 0.578125 0.02578125 0.03203125
0 0.33515625 0.6453125 0.028125 0.03515625
0 0.31328125 0.7671875 0.028125 0.03671875
0 0.13515625 0.69140625 0.02265625 0.034375
0 0.57109375 0.5546875 0.02578125 0.02890625
0 0.53046875 0.9046875 0.0234375 0.040625
0 0.746875 0.6671875 0.028125 0.034375
0 0.88359375 0.8453125 0.02890625 0.04140625
0 0.2171875 0.55234375 0.02265625 0.028125
0 0.22890625 0.66875 0.02265625 0.03203125
0 0.1796875 0.628125 0.01640625 0.0265625
0 0.16640625 0.6046875 0.01953125 0.025
0 0.17109375 0.57421875 0.02265625 0.01953125
0 0.11484375 0.56796875 0.01328125 0.01328125
0 0.0953125 0.5625 0.0140625 0.01875
0 0.046875 0.6921875 0.015625 0.03984375
0 0.01875 0.6828125 0.02734375 0.03828125
0 0.028125 0.6515625 0.0234375 0.025
0 0.01875 0.6265625 0.0296875 0.03125
0 0.04765625 0.60390625 0.0171875 0.021875
0 0.0109375 0.5515625 0.021875 0.0234375
0 0.05 0.5390625 0.025 0.0171875
0 0.009375 0.7609375 0.01875 0.028125
0 0.22578125 0.76796875 0.034375 0.025
0 0.27890625 0.81875 0.04765625 0.03515625
0 0.36796875 0.9171875 0.03046875 0.03984375
0 0.39921875 0.86640625 0.01484375 0.0234375
0 0.15078125 0.99296875 0.03125 0.01328125
0 0.60234375 0.796875 0.034375 0.03203125
0 0.48125 0.840625 0.0296875 0.03671875
0 0.5828125 0.98828125 0.0203125 0.0234375
0 0.84296875 0.946875 0.034375 0.04296875
0 0.95078125 0.9546875 0.0421875 0.0640625
0 0.9890625 0.91015625 0.021875 0.0296875
0 0.9484375 0.76875 0.0359375 0.03046875
0 0.88828125 0.73125 0.02265625 0.0390625
0 0.92890625 0.71875 0.03359375 0.0390625
0 0.93828125 0.69453125 0.028125 0.0375
0 0.9796875 0.678125 0.040625 0.03359375
0 0.978125 0.71875 0.025 0.02890625
0 0.95546875 0.64609375 0.02578125 0.0234375
0 0.89140625 0.6640625 0.04921875 0.0328125
0 0.8640625 0.6703125 0.025 0.02265625
0 0.8671875 0.6296875 0.025 0.015625
0 0.82421875 0.73828125 0.03984375 0.02265625
0 0.76875 0.6796875 0.0203125 0.0203125
0 0.66953125 0.63203125 0.015625 0.025
0 0.64921875 0.62734375 0.01875 0.0203125
0 0.71171875 0.6015625 0.02265625 0.0234375
0 0.54765625 0.6921875 0.021875 0.03046875
0 0.4125 0.79375 0.01953125 0.03046875
0 0.384375 0.68515625 0.01875 0.025
0 0.3828125 0.63984375 0.01328125 0.021875
0 0.4234375 0.59765625 0.01875 0.01953125
0 0.459375 0.5359375 0.02265625 0.02265625
0 0.38359375 0.54140625 0.025 0.0265625
0 0.415625 0.5125 0.015625 0.02578125
0 0.3921875 0.496875 0.01484375 0.0234375
0 0.33671875 0.5921875 0.01015625 0.01328125
0 0.31328125 0.56796875 0.01640625 0.01640625
0 0.3125 0.5921875 0.009375 0.01484375
0 0.32109375 0.66796875 0.03359375 0.03671875
0 0.353125 0.62890625 0.01953125 0.02265625
0 0.321875 0.715625 0.01796875 0.01171875
0 0.7828125 0.9765625 0.02109375 0.02421875
0 0.8515625 0.8203125 0.02421875 0.025
0 0.796875 0.58203125 0.015625 0.02421875
0 0.7859375 0.559375 0.02421875 0.025
0 0.7390625 0.53203125 0.0203125 0.0140625
0 0.72109375 0.53984375 0.0140625 0.015625
0 0.70234375 0.540625 0.0125 0.01015625
0 0.92109375 0.59921875 0.01953125 0.01796875
0 0.871875 0.5921875 0.01953125 0.0140625
0 0.54765625 0.7484375 0.009375 0.01328125
0 0.49765625 0.73046875 0.01171875 0.01640625