0 0.053125 0.96484375 0.0421875 0.059375
0 0.0484375 0.909375 0.0609375 0.053125
0 0.11171875 0.9203125 0.04453125 0.059375
0 0.10078125 0.890625 0.03046875 0.03984375
0 0.08203125 0.85 0.04375 0.04609375
0 0.1125 0.81640625 0.028125 0.0453125
0 0.1390625 0.815625 0.0328125 0.04140625
0 0.08125 0.78046875 0.03671875 0.053125
0 0.0640625 0.76171875 0.0296875 0.03671875
0 0.01640625 0.81015625 0.02890625 0.03125
0 0.00859375 0.78671875 0.0171875 0.0359375
0 0.1484375 0.9875 0.03671875 0.025
0 0.23671875 0.93046875 0.07265625 0.1203125
0 0.32421875 0.946875 0.03203125 0.05859375
0 0.29609375 0.92578125 0.03203125 0.05390625
0 0.30078125 0.8890625 0.0390625 0.06875
0 0.25078125 0.81796875 0.03359375 0.04453125
0 0.18125 0.78359375 0.0328125 0.03515625
0 0.1625 0.7578125 0.02421875 0.03828125
0 0.34609375 0.8265625 0.04296875 0.04296875
0 0.38125 0.94140625 0.05078125 0.06875
0 0.44921875 0.90703125 0.04140625 0.046875
0 0.44921875 0.9625 0.05546875 0.065625
0 0.48046875 0.97109375 0.0390625 0.05703125
0 0.11171875 0.715625 0.0296875 0.03515625
0 0.17109375 0.7109375 0.04140625 0.0359375
0 0.1546875 0.73984375 0.01875 0.0296875
0 0.20078125 0.73359375 0.0359375 0.05078125
0 0.2421875 0.746875 0.03203125 0.03984375
0 0.28828125 0.7203125 0.0375 0.0421875
0 0.303125 0.753125 0.034375 0.046875
0 0.328125 0.75 0.02734375 0.04765625
0 0.3390625 0.6953125 0.04140625 0.0359375
0 0.371875 0.67890625 0.040625 0.05
0 0.35234375 0.65546875 0.0328125 0.04140625
0 0.3078125 0.68125 0.03359375 0.03515625
0 0.27421875 0.67734375 0.02890625 0.0453125
0 0.25234375 0.70859375 0.04453125 0.0453125
0 0.2375 0.684375 0.028125 0.03203125
0 0.19765625 0.67109375 0.0265625 0.034375
0 0.2171875 0.67265625 0.0171875 0.02890625
0 0.16015625 0.6453125 0.03671875 0.0390625
0 0.30703125 0.6234375 0.03828125 0.025
0 0.31875 0.653125 0.03046875 0.0265625
0 0.3640625 0.79453125 0.0375 0.0375
0 0.3625 0.76875 0.028125 0.04609375
0 0.371875 0.72578125 0.02421875 0.0359375
0 0.396875 0.71015625 0.04296875 0.04765625
0 0.4046875 0.75546875 0.028125 0.04375
0 0.43828125 0.6921875 0.03828125 0.0484375
0 0.48203125 0.68359375 0.040625 0.0453125
0 0.475 0.74921875 0.03671875 0.04765625
0 0.50234375 0.7578125 0.03203125 0.04296875
0 0.45 0.81484375 0.0453125 0.06015625
0 0.4921875 0.81484375 0.034375 0.0515625
0 0.49765625 0.8625 0.034375 0.0375
0 0.52734375 0.91015625 0.03359375 0.05
0 0.56171875 0.94296875 0.02734375 0.0421875
0 0.56875 0.87265625 0.03046875 0.0765625
0 0.59609375 0.83984375 0.0625 0.07109375
0 0.6171875 0.88828125 0.05078125 0.05546875
0 0.61875 0.94453125 0.0609375 0.0609375
0 0.55546875 0.7734375 0.03671875 0.065625
0 0.54609375 0.71640625 0.03515625 0.0421875
0 0.6125 0.7265625 0.0296875 0.0375
0 0.65390625 0.79296875 0.04375 0.04609375
0 0.66171875 0.84375 0.05078125 0.0515625
0 0.66953125 0.93828125 0.03046875 0.0625
0 0.6984375 0.8796875 0.053125 0.05546875
0 0.71328125 0.95 0.03984375 0.046875
0 0.73515625 0.98046875 0.03203125 0.0390625
0 0.82734375 0.98671875 0.046875 0.0265625
0 0.91484375 0.984375 0.05078125 0.03046875
0 0.92109375 0.9390625 0.04296875 0.0515625
0 0.7953125 0.95546875 0.05390625 0.0890625
0 0.7578125 0.92734375 0.03984375 0.06796875
0 0.76484375 0.8890625 0.0453125 0.04296875
0 0.83203125 0.8609375 0.04453125 0.0765625
0 0.86796875 0.8546875 0.0390625 0.05703125
0 0.884375 0.834375 0.03671875 0.0328125
0 0.90546875 0.871875 0.0515625 0.0640625
0 0.91171875 0.83671875 0.04375 0.04296875
0 0.76171875 0.8078125 0.03515625 0.0546875
0 0.7953125 0.79765625 0.040625 0.06328125
0 0.82109375 0.77578125 0.02734375 0.04375
0 0.8546875 0.75625 0.034375 0.04765625
0 0.92890625 0.79140625 0.04375 0.0640625
0 0.8984375 0.7359375 0.03359375 0.034375
0 0.85 0.70859375 0.05078125 0.04140625
0 0.88046875 0.69296875 0.04375 0.05
0 0.8421875 0.6609375 0.03671875 0.0484375
0 0.7828125 0.71328125 0.03515625 0.04296875
0 0.68984375 0.77109375 0.03515625 0.040625
0 0.7046875 0.715625 0.03515625 0.046875
0 0.65390625 0.72890625 0.04609375 0.0609375
0 0.765625 0.75234375 0.0171875 0.0359375
0 0.7890625 0.65 0.0296875 0.04453125
0 0.7421875 0.66796875 0.0328125 0.0359375
0 0.59921875 0.69765625 0.0234375 0.04453125
0 0.5890625 0.67421875 0.025 0.02578125
0 0.559375 0.66875 0.034375 0.05625
0 0.53515625 0.653125 0.02265625 0.0375
0 0.51796875 0.66328125 0.028125 0.05703125
0 0.5328125 0.61796875 0.0296875 0.0390625
0 0.50390625 0.625 0.0296875 0.04609375
0 0.58984375 0.6125 0.03203125 0.03203125
0 0.64140625 0.6296875 0.0328125 0.04375
0 0.6703125 0.590625 0.034375 0.040625
0 0.69453125 0.56171875 0.0359375 0.0265625
0 0.69921875 0.584375 0.0328125 0.0265625
0 0.54765625 0.5828125 0.03046875 0.0328125
0 0.6 0.58984375 0.03125 0.028125
0 0.50390625 0.5734375 0.03203125 0.040625
0 0.4625 0.6234375 0.040625 0.02890625
0 0.4640625 0.65 0.0265625 0.028125
0 0.47890625 0.5984375 0.0265625 0.02421875
0 0.4375 0.58203125 0.0265625 0.0328125
0 0.47109375 0.55234375 0.03203125 0.03125
0 0.4234375 0.56484375 0.03046875 0.03046875
0 0.3765625 0.5875 0.03203125 0.03046875
0 0.359375 0.61953125 0.03125 0.0328125
0 0.65703125 0.5765625 0.025 0.02265625
0 0.72890625 0.596875 0.0265625 0.0453125
0 0.3390625 0.6109375 0.025 0.03515625
0 0.3421875 0.5796875 0.028125 0.0359375
0 0.315625 0.5890625 0.03203125 0.05078125
0 0.34921875 0.54375 0.03125 0.03359375
0 0.38125 0.5625 0.025 0.0234375
0 0.4 0.584375 0.02265625 0.040625
0 0.23359375 0.64296875 0.04140625 0.03671875
0 0.2296875 0.60703125 0.03671875 0.0328125
0 0.240625 0.6625 0.02578125 0.03515625
0 0.28515625 0.60703125 0.01875 0.0328125
0 0.09765625 0.653125 0.02109375 0.0296875
0 0.11953125 0.621875 0.02109375 0.0265625
0 0.928125 0.6984375 0.05546875 0.05703125
0 0.87109375 0.6125 0.03046875 0.02890625
0 0.828125 0.821875 0.025 0.0265625
0 0.32734375 0.56015625 0.03359375 0.0390625
0 0.4078125 0.64296875 0.025 0.03671875
0 0.728125 0.77578125 0.03359375 0.03203125
0 0.628125 0.553125 0.02421875 0.03359375
0 0.64921875 0.55390625 0.02578125 0.0296875
0 0.571875 0.56640625 0.0359375 0.03203125
0 0.78984375 0.61875 0.01796875 0.02578125
0 0.81640625 0.60234375 0.03203125 0.05078125
0 0.98125 0.8703125 0.03671875 0.09609375
0 0.97890625 0.73515625 0.04140625 0.06875
0 0.97890625 0.67890625 0.0421875 0.05390625
0 0.95703125 0.63203125 0.02109375 0.03828125
0 0.9453125 0.76640625 0.04375 0.0640625
0 0.93125 0.57421875 0.04765625 0.04140625
0 0.86484375 0.57109375 0.040625 0.0359375
0 0.85234375 0.5296875 0.03515625 0.03671875
0 0.53125 0.490625 0.0390625 0.03359375
0 0.39765625 0.4859375 0.02109375 0.03984375