0 0.67890625 0.86875 0.0359375 0.04921875
0 0.4890625 0.659375 0.028125 0.02734375
0 0.4640625 0.79609375 0.02734375 0.0296875
0 0.72734375 0.79140625 0.03125 0.03671875
0 0.58046875 0.928125 0.02265625 0.03984375
0 0.13515625 0.73828125 0.03046875 0.03515625
0 0.36015625 0.78515625 0.0328125 0.03671875
0 0.86171875 0.778125 0.03125 0.03203125
0 0.22421875 0.67578125 0.02265625 0.034375
0 0.3515625 0.83515625 0.028125 0.03515625
0 0.44609375 0.9578125 0.0375 0.05859375
0 0.31796875 0.66171875 0.021875 0.02890625
0 0.4453125 0.8828125 0.0296875 0.04140625
0 0.27109375 0.7609375 0.034375 0.03515625
0 0.915625 0.765625 0.0375 0.03984375
0 0.27890625 0.93046875 0.03359375 0.0359375
0 0.5546875 0.840625 0.03046875 0.0359375
0 0.16953125 0.79921875 0.0328125 0.03828125
0 0.7109375 0.73125 0.03125 0.03828125
0 0.76640625 0.80546875 0.03125 0.04140625
0 0.51484375 0.8484375 0.03359375 0.05078125
0 0.2828125 0.70703125 0.0171875 0.021875
0 0.640625 0.77890625 0.02890625 0.03671875
0 0.66875 0.946875 0.0375 0.04921875
0 0.7421875 0.965625 0.02578125 0.03828125
0 0.29140625 0.828125 0.0390625 0.04453125
0 0.82890625 0.59453125 0.02421875 0.028125
0 0.70625 0.92734375 0.034375 0.05546875
0 0.971875 0.8421875 0.04375 0.0546875
0 0.6671875 0.75546875 0.0265625 0.040625
0 0.2953125 0.878125 0.03203125 0.0328125
0 0.80078125 0.97421875 0.04296875 0.05078125
0 0.72421875 0.66171875 0.0296875 0.03125
0 0.2484375 0.8578125 0.02578125 0.0421875
0 0.4984375 0.78828125 0.0296875 0.03046875
0 0.61796875 0.6875 0.02734375 0.0359375
0 0.42265625 0.9234375 0.02421875 0.046875
0 0.5453125 0.64375 0.0234375 0.0234375
0 0.41796875 0.6171875 0.01875 0.028125
0 0.584375 0.8640625 0.03046875 0.0453125
0 0.834375 0.5484375 0.025 0.028125
0 0.134375 0.89765625 0.025 0.0296875
0 0.4390625 0.71171875 0.02421875 0.0265625
0 0.8578125 0.54375 0.0265625 0.0234375
0 0.77578125 0.93125 0.02890625 0.0390625
0 0.2984375 0.6078125 0.02734375 0.02890625
0 0.58671875 0.7046875 0.03125 0.034375
0 0.6046875 0.8328125 0.025 0.03203125
0 0.4453125 0.5765625 0.021875 0.0234375
0 0.22578125 0.61328125 0.0265625 0.028125
0 0.959375 0.74609375 0.0296875 0.0296875
0 0.77109375 0.7078125 0.02734375 0.0328125
0 0.153125 0.57890625 0.02109375 0.02578125
0 0.571875 0.75390625 0.0265625 0.034375
0 0.5953125 0.65625 0.02421875 0.028125
0 0.5078125 0.58359375 0.02109375 0.02421875
0 0.47890625 0.553125 0.025 0.02421875
0 0.93671875 0.9375 0.0421875 0.046875
0 0.2015625 0.73828125 0.025 0.03203125
0 0.55546875 0.98203125 0.034375 0.03515625
0 0.64453125 0.5296875 0.0234375 0.02109375
0 0.9 0.5359375 0.0296875 0.02421875
0 0.79375 0.75625 0.025 0.02578125
0 0.62265625 0.725 0.025 0.0265625
0 0.19453125 0.84765625 0.0390625 0.04375
0 0.20546875 0.80859375 0.02734375 0.034375
0 0.4703125 0.5734375 0.02109375 0.0203125
0 0.34609375 0.71953125 0.025 0.028125
0 0.38046875 0.8734375 0.02734375 0.03671875
0 0.05390625 0.93203125 0.03828125 0.04921875
0 0.1390625 0.971875 0.034375 0.05625
0 0.32734375 0.5734375 0.02265625 0.02109375
0 0.05703125 0.740625 0.025 0.03203125
0 0.26875 0.61640625 0.02109375 0.0234375
0 0.284375 0.56328125 0.02421875 0.0234375
0 0.6671875 0.69375 0.01953125 0.03515625
0 0.80703125 0.6 0.01875 0.02421875
0 0.8609375 0.60234375 0.02265625 0.02109375
0 0.0875 0.68203125 0.0296875 0.02734375
0 0.1828125 0.68046875 0.028125 0.03046875
0 0.43125 0.5484375 0.01796875 0.021875
0 0.94453125 0.68671875 0.0296875 0.02578125
0 0.37734375 0.9859375 0.021875 0.02734375
0 0.371875 0.94453125 0.025 0.034375
0 0.27421875 0.6484375 0.021875 0.025
0 0.221875 0.7515625 0.02421875 0.03203125
0 0.84453125 0.75546875 0.02109375 0.02578125
0 0.07734375 0.78984375 0.028125 0.028125
0 0.9234375 0.6515625 0.02265625 0.025
0 0.22109375 0.57109375 0.0171875 0.0203125
0 0.49921875 0.490625 0.01640625 0.01875
0 0.8578125 0.9234375 0.03984375 0.04375
0 0.75546875 0.75625 0.02109375 0.02734375
0 0.1296875 0.70234375 0.02421875 0.025
0 0.34921875 0.46171875 0.0203125 0.01796875
0 0.3984375 0.4984375 0.01875 0.02109375
0 0.73515625 0.71796875 0.01953125 0.0265625
0 0.053125 0.67265625 0.0265625 0.028125
0 0.11015625 0.64765625 0.021875 0.025
0 0.27734375 0.50546875 0.02109375 0.0203125
0 0.4625 0.98828125 0.028125 0.02265625
0 0.72265625 0.621875 0.01796875 0.021875
0 0.89140625 0.50859375 0.0203125 0.01953125
0 0.5765625 0.45390625 0.01640625 0.01796875
0 0.709375 0.56328125 0.01953125 0.02109375
0 0.33515625 0.48203125 0.01875 0.01875
0 0.76015625 0.53203125 0.025 0.0265625
0 0.26484375 0.54375 0.02265625 0.0234375
0 0.12421875 0.6734375 0.02578125 0.02890625
0 0.10703125 0.715625 0.01796875 0.0234375
0 0.6375 0.60390625 0.01640625 0.02734375
0 0.134375 0.490625 0.021875 0.02109375
0 0.7171875 0.51328125 0.02265625 0.01875
0 0.05390625 0.8203125 0.03203125 0.0375
0 0.34921875 0.55546875 0.01875 0.02578125
0 0.11484375 0.95390625 0.03671875 0.04375
0 0.87265625 0.98828125 0.046875 0.02265625
0 0.146875 0.53515625 0.02109375 0.0234375
0 0.3328125 0.92109375 0.02578125 0.03671875
0 0.6 0.46953125 0.0171875 0.01953125
0 0.4859375 0.746875 0.015625 0.01953125
0 0.08359375 0.765625 0.02734375 0.028125
0 0.5796875 0.6015625 0.02109375 0.02734375
0 0.290625 0.64921875 0.01484375 0.02109375
0 0.4078125 0.55 0.015625 0.01875
0 0.740625 0.6296875 0.01484375 0.01640625
0 0.5359375 0.4890625 0.01796875 0.01953125
0 0.584375 0.52890625 0.021875 0.02109375
0 0.5734375 0.50625 0.01796875 0.01953125
0 0.74375 0.6140625 0.0171875 0.021875
0 0.32890625 0.540625 0.02109375 0.02109375
0 0.97421875 0.9 0.02734375 0.040625
0 0.0234375 0.67109375 0.02578125 0.0265625
0 0.51171875 0.7109375 0.02109375 0.021875
0 0.92109375 0.48046875 0.02265625 0.01875
0 0.53828125 0.76875 0.01953125 0.02578125
0 0.68984375 0.64921875 0.0203125 0.0265625
0 0.50390625 0.53984375 0.0203125 0.021875
0 0.653125 0.621875 0.0171875 0.025
0 0.40390625 0.76171875 0.02265625 0.02578125
0 0.4515625 0.4703125 0.015625 0.0171875
0 0.259375 0.48828125 0.01640625 0.01640625
0 0.1984375 0.51953125 0.0234375 0.0265625
0 0.2125 0.48203125 0.01796875 0.0203125
0 0.5609375 0.46875 0.015625 0.01875
0 0.25546875 0.5953125 0.01640625 0.0203125
0 0.18203125 0.47734375 0.01875 0.01953125
0 0.47734375 0.5046875 0.025 0.034375
0 0.4828125 0.46328125 0.01484375 0.01640625
0 0.75 0.890625 0.02109375 0.0296875
0 0.61953125 0.45703125 0.0171875 0.01796875
0 0.6546875 0.47890625 0.02109375 0.0203125
0 0.6484375 0.559375 0.021875 0.02421875
0 0.446875 0.55 0.01640625 0.02109375
0 0.39453125 0.5375 0.0140625 0.01875
0 0.72265625 0.5390625 0.01953125 0.02109375
0 0.5421875 0.44921875 0.0203125 0.01953125
0 0.98984375 0.78203125 0.01953125 0.0296875
0 0.1078125 0.5984375 0.03671875 0.03203125
0 0.096875 0.58359375 0.02421875 0.02265625
0 0.1171875 0.55859375 0.025 0.02265625
0 0.35078125 0.4421875 0.0171875 0.01875
0 0.7203125 0.603125 0.01640625 0.01875
0 0.93828125 0.55 0.0296875 0.02265625
0 0.03046875 0.74609375 0.028125 0.02421875
0 0.25234375 0.465625 0.01796875 0.01953125
0 0.87578125 0.61875 0.01640625 0.01640625
0 0.225 0.92734375 0.025 0.05234375
0 0.20625 0.89453125 0.034375 0.05
0 0.07890625 0.6484375 0.034375 0.04453125
0 0.07734375 0.615625 0.03125 0.034375
0 0.1359375 0.6078125 0.028125 0.0265625
0 0.1234375 0.571875 0.02109375 0.025
0 0.17734375 0.5765625 0.02578125 0.03984375
0 0.20703125 0.55859375 0.02578125 0.02890625
0 0.4390625 0.76484375 0.0265625 0.03515625
0 0.3953125 0.85546875 0.01875 0.03515625
0 0.5546875 0.609375 0.0265625 0.040625
0 0.89453125 0.63984375 0.02578125 0.02578125
0 0.94375 0.64609375 0.0296875 0.0359375
0 0.9359375 0.6140625 0.0390625 0.0375
0 0.82578125 0.5140625 0.01953125 0.0234375
0 0.82734375 0.49609375 0.0296875 0.02421875
0 0.8015625 0.525 0.021875 0.02578125
0 0.85234375 0.5015625 0.02109375 0.025
0 0.62734375 0.43203125 0.025 0.02265625
0 0.73671875 0.48203125 0.025 0.02265625
0 0.84453125 0.46640625 0.0296875 0.03046875