0 0.7296875 0.81796875 0.0390625 0.0546875
0 0.69140625 0.7375 0.03671875 0.0421875
0 0.40546875 0.91953125 0.04296875 0.0515625
0 0.22109375 0.82109375 0.04375 0.05625
0 0.478125 0.76875 0.03203125 0.04375
0 0.51171875 0.77890625 0.03203125 0.046875
0 0.67109375 0.50546875 0.02421875 0.02734375
0 0.34375 0.66328125 0.034375 0.03671875
0 0.21796875 0.97578125 0.03828125 0.0484375
0 0.39453125 0.8453125 0.04140625 0.053125
0 0.875 0.9078125 0.034375 0.05234375
0 0.35625 0.9390625 0.0390625 0.04921875
0 0.93515625 0.88828125 0.05625 0.0671875
0 0.7015625 0.5 0.02734375 0.025
0 0.4734375 0.70078125 0.0375 0.040625
0 0.1046875 0.940625 0.0453125 0.06171875
0 0.6296875 0.7546875 0.02734375 0.034375
0 0.790625 0.80859375 0.03671875 0.0515625
0 0.5625 0.72734375 0.02734375 0.03046875
0 0.321875 0.60234375 0.0265625 0.028125
0 0.74609375 0.7125 0.025 0.03359375
0 0.496875 0.9734375 0.0453125 0.053125
0 0.26796875 0.9078125 0.02421875 0.040625
0 0.37734375 0.746875 0.02890625 0.03828125
0 0.89921875 0.68515625 0.03359375 0.04453125
0 0.8375 0.746875 0.02265625 0.03046875
0 0.25859375 0.61640625 0.028125 0.02734375
0 0.55078125 0.671875 0.02578125 0.03125
0 0.94296875 0.96796875 0.046875 0.0640625
0 0.509375 0.621875 0.028125 0.0296875
0 0.821875 0.684375 0.03515625 0.03828125
0 0.7875 0.8890625 0.03203125 0.04296875
0 0.12734375 0.8546875 0.0328125 0.04375
0 0.5765625 0.90703125 0.0359375 0.04765625
0 0.0734375 0.7453125 0.04140625 0.04765625
0 0.4171875 0.7234375 0.028125 0.04296875
0 0.66328125 0.925 0.02890625 0.04453125
0 0.82734375 0.79609375 0.02890625 0.0390625
0 0.37890625 0.68828125 0.0265625 0.02890625
0 0.29296875 0.840625 0.03515625 0.0546875
0 0.65234375 0.553125 0.02421875 0.03203125
0 0.26640625 0.81640625 0.03359375 0.03515625
0 0.73359375 0.6140625 0.021875 0.0328125
0 0.3140625 0.71875 0.03125 0.0375
0 0.46328125 0.87890625 0.03046875 0.03828125
0 0.07734375 0.56171875 0.03125 0.02890625
0 0.128125 0.68515625 0.040625 0.03671875
0 0.1828125 0.76328125 0.0328125 0.0359375
0 0.62109375 0.56015625 0.021875 0.02421875
0 0.2390625 0.5359375 0.02578125 0.025
0 0.74453125 0.49375 0.02734375 0.0234375
0 0.80390625 0.71171875 0.02734375 0.0375
0 0.75 0.6546875 0.0328125 0.03125
0 0.38671875 0.65 0.03203125 0.0375
0 0.1859375 0.66875 0.025 0.02890625
0 0.296875 0.54453125 0.025 0.02890625
0 0.7796875 0.43828125 0.02578125 0.02265625
0 0.19453125 0.57109375 0.01953125 0.028125
0 0.5921875 0.4875 0.0234375 0.0265625
0 0.04140625 0.81015625 0.03359375 0.04296875
0 0.05625 0.84609375 0.0390625 0.04609375
0 0.4359375 0.9640625 0.03203125 0.04296875
0 0.32265625 0.8046875 0.0234375 0.03515625
0 0.521875 0.5828125 0.01875 0.02265625
0 0.61953125 0.725 0.02265625 0.0265625
0 0.50703125 0.68359375 0.02109375 0.03046875
0 0.28046875 0.5078125 0.025 0.02734375
0 0.134375 0.72109375 0.0296875 0.02734375
0 0.90234375 0.5796875 0.02578125 0.02734375
0 0.7203125 0.52890625 0.028125 0.0265625
0 0.15703125 0.4390625 0.021875 0.021875
0 0.440625 0.65625 0.025 0.0359375
0 0.68125 0.56640625 0.02578125 0.025
0 0.46328125 0.484375 0.02578125 0.021875
0 0.84765625 0.56953125 0.02734375 0.028125
0 0.16328125 0.5421875 0.02734375 0.02265625
0 0.10078125 0.6421875 0.0265625 0.02734375
0 0.5140625 0.72578125 0.02109375 0.03125
0 0.4859375 0.9234375 0.0265625 0.04140625
0 0.21875 0.75078125 0.028125 0.03515625
0 0.3703125 0.6140625 0.025 0.02890625
0 0.9671875 0.76328125 0.0390625 0.040625
0 0.546875 0.57578125 0.0171875 0.0203125
0 0.775 0.7515625 0.03046875 0.0390625
0 0.8296875 0.9453125 0.02578125 0.0359375
0 0.184375 0.4578125 0.01796875 0.0265625
0 0.98046875 0.6796875 0.0328125 0.034375
0 0.90390625 0.62265625 0.02421875 0.03046875
0 0.27109375 0.53203125 0.02109375 0.0203125
0 0.0890625 0.67578125 0.02734375 0.025
0 0.93984375 0.81015625 0.0375 0.040625
0 0.70546875 0.88671875 0.03125 0.053125
0 0.43125 0.5625 0.01796875 0.025
0 0.0765625 0.51953125 0.02734375 0.02578125
0 0.7859375 0.95234375 0.0328125 0.03828125
0 0.08671875 0.9015625 0.03515625 0.04921875
0 0.85390625 0.6796875 0.021875 0.03046875
0 0.23515625 0.50078125 0.0203125 0.02421875
0 0.93046875 0.7125 0.01796875 0.02109375
0 0.153125 0.509375 0.02265625 0.02734375
0 0.83125 0.903125 0.01953125 0.0328125
0 0.7421875 0.4640625 0.01953125 0.0234375
0 0.79609375 0.56484375 0.0203125 0.02578125
0 0.85234375 0.425 0.01953125 0.021875
0 0.76328125 0.5765625 0.01953125 0.02421875
0 0.10703125 0.98359375 0.0359375 0.0328125
0 0.965625 0.7234375 0.040625 0.03515625
0 0.2203125 0.71015625 0.01484375 0.02265625
0 0.946875 0.615625 0.028125 0.03515625
0 0.11953125 0.53046875 0.02265625 0.021875
0 0.5703125 0.98828125 0.03515625 0.02265625
0 0.325 0.44609375 0.01875 0.01953125
0 0.42109375 0.409375 0.01796875 0.01875
0 0.03984375 0.57109375 0.02421875 0.02265625
0 0.26484375 0.6703125 0.021875 0.025
0 0.8453125 0.9875 0.040625 0.025
0 0.70234375 0.4640625 0.028125 0.03046875
0 0.69375 0.43984375 0.01875 0.02109375
0 0.45703125 0.51484375 0.01796875 0.0234375
0 0.27109375 0.73046875 0.02109375 0.02578125
0 0.53359375 0.44921875 0.02109375 0.01953125
0 0.88203125 0.54453125 0.021875 0.02421875
0 0.3109375 0.49609375 0.0203125 0.021875
0 0.55234375 0.46953125 0.02421875 0.02109375
0 0.490625 0.43359375 0.01796875 0.01875
0 0.82578125 0.45234375 0.0171875 0.01953125
0 0.9859375 0.58671875 0.02578125 0.02890625
0 0.48046875 0.6078125 0.021875 0.03125
0 0.4375 0.428125 0.01875 0.01953125
0 0.31953125 0.42421875 0.01640625 0.01796875
0 0.98828125 0.946875 0.0234375 0.04609375
0 0.071875 0.6203125 0.0265625 0.03046875
0 0.28125 0.428125 0.01796875 0.0203125
0 0.359375 0.44375 0.01796875 0.02109375
0 0.67734375 0.45546875 0.0171875 0.01875
0 0.09140625 0.459375 0.02421875 0.021875
0 0.18515625 0.4234375 0.0203125 0.0203125
0 0.91953125 0.528125 0.02265625 0.0234375
0 0.76328125 0.60703125 0.02109375 0.021875
0 0.44296875 0.5828125 0.01953125 0.0234375
0 0.015625 0.66640625 0.02265625 0.021875
0 0.528125 0.56328125 0.01640625 0.0203125
0 0.0296875 0.60390625 0.02578125 0.02421875
0 0.70625 0.42734375 0.01640625 0.01953125
0 0.55078125 0.49609375 0.0203125 0.021875
0 0.503125 0.478125 0.01484375 0.01875
0 0.54296875 0.59375 0.01484375 0.0171875
0 0.69765625 0.58203125 0.0171875 0.0203125
0 0.3953125 0.46171875 0.01640625 0.0203125
0 0.6734375 0.4703125 0.01796875 0.01640625
0 0.61640625 0.46875 0.0265625 0.0234375
0 0.88515625 0.4796875 0.02109375 0.02109375
0 0.92890625 0.58984375 0.01796875 0.01953125
0 0.990625 0.896875 0.01875 0.06015625
0 0.5203125 0.515625 0.01953125 0.01953125
0 0.4421875 0.54765625 0.0171875 0.0171875
0 0.48046875 0.45 0.0171875 0.01875
0 0.08515625 0.83359375 0.01953125 0.02890625
0 0.8921875 0.50390625 0.0234375 0.02265625
0 0.02890625 0.55078125 0.0234375 0.02265625
0 0.74375 0.40859375 0.02890625 0.03046875
0 0.73671875 0.36875 0.01953125 0.01796875
0 0.6453125 0.4828125 0.0203125 0.01875
0 0.00546875 0.5296875 0.01015625 0.02265625
0 0.13046875 0.40859375 0.0171875 0.0171875
0 0.8046875 0.64609375 0.01953125 0.025
0 0.20703125 0.62265625 0.01953125 0.02265625
0 0.52734375 0.425 0.0171875 0.01875
0 0.21953125 0.45234375 0.01953125 0.02265625
0 0.40234375 0.48515625 0.01953125 0.01875
0 0.9171875 0.4640625 0.0203125 0.01640625
0 0.1984375 0.49140625 0.015625 0.0234375
0 0.5390625 0.38984375 0.015625 0.0171875
0 0.87109375 0.39609375 0.01953125 0.0171875
0 0.0234375 0.9265625 0.04609375 0.0453125
0 0.29140625 0.79296875 0.04296875 0.0515625
0 0.05078125 0.60234375 0.0234375 0.0296875
0 0.3421875 0.56875 0.03125 0.0390625
0 0.37578125 0.40546875 0.040625 0.03515625
0 0.61796875 0.52421875 0.02734375 0.02890625
0 0.77890625 0.5125 0.0359375 0.03125
0 0.796875 0.47734375 0.03046875 0.034375
0 0.83984375 0.534375 0.0296875 0.0296875
0 0.821875 0.48828125 0.0265625 0.01484375
0 0.828125 0.5078125 0.02109375 0.02578125
0 0.86796875 0.59921875 0.04375 0.0375
0 0.5796875 0.440625 0.03203125 0.02578125
0 0.5734375 0.41640625 0.01484375 0.021875
0 0.5890625 0.3953125 0.0203125 0.03359375
0 0.3734375 0.55390625 0.0296875 0.03984375
0 0.0578125 0.4953125 0.0359375 0.0359375
0 0.134375 0.4953125 0.01875 0.0390625