0 0.21640625 0.9015625 0.04296875 0.05
0 0.12734375 0.825 0.0453125 0.03984375
0 0.28828125 0.92109375 0.0453125 0.046875
0 0.33984375 0.8765625 0.0390625 0.040625
0 0.3765625 0.8203125 0.04765625 0.04453125
0 0.321875 0.815625 0.03671875 0.03984375
0 0.22265625 0.70859375 0.0390625 0.0296875
0 0.17109375 0.68203125 0.03984375 0.03046875
0 0.08515625 0.66953125 0.03828125 0.03359375
0 0.025 0.69453125 0.040625 0.04140625
0 0.059375 0.7109375 0.03828125 0.02890625
0 0.07734375 0.634375 0.02578125 0.03515625
0 0.071875 0.56796875 0.03671875 0.034375
0 0.1265625 0.57265625 0.03515625 0.03203125
0 0.134375 0.6125 0.03984375 0.028125
0 0.19375 0.63828125 0.0296875 0.02265625
0 0.37265625 0.6953125 0.03828125 0.0296875
0 0.43671875 0.71953125 0.04375 0.04921875
0 0.4328125 0.78515625 0.0359375 0.04140625
0 0.375 0.75234375 0.0421875 0.04296875
0 0.31328125 0.74375 0.03046875 0.03125
0 0.278125 0.67265625 0.03203125 0.028125
0 0.22109375 0.6671875 0.03203125 0.03203125
0 0.33828125 0.59609375 0.02890625 0.02109375
0 0.575 0.846875 0.05390625 0.0515625
0 0.53125 0.88671875 0.04296875 0.05703125
0 0.76328125 0.98046875 0.03046875 0.0390625
0 0.6484375 0.9859375 0.01875 0.02734375
0 0.38515625 0.92421875 0.04765625 0.03671875
0 0.36953125 0.8890625 0.0203125 0.04296875
0 0.48359375 0.684375 0.03125 0.03046875
0 0.56796875 0.7046875 0.0203125 0.03046875
0 0.62421875 0.728125 0.025 0.04296875
0 0.6765625 0.66796875 0.03046875 0.028125
0 0.71640625 0.71328125 0.02734375 0.0375
0 0.66953125 0.771875 0.025 0.04765625
0 0.69765625 0.8640625 0.03671875 0.03671875
0 0.74921875 0.871875 0.05078125 0.0625
0 0.72734375 0.8421875 0.01953125 0.03046875
0 0.809375 0.85625 0.03515625 0.04140625
0 0.62421875 0.8453125 0.0390625 0.0453125
0 0.58125 0.7796875 0.0421875 0.0453125
0 0.54375 0.7921875 0.0265625 0.05
0 0.50546875 0.7125 0.03203125 0.03984375
0 0.57265625 0.59609375 0.02265625 0.0234375
0 0.6203125 0.52265625 0.03046875 0.01953125
0 0.58203125 0.56875 0.0265625 0.015625
0 0.58125 0.5359375 0.0234375 0.0203125
0 0.6625 0.5453125 0.0296875 0.02421875
0 0.62421875 0.60078125 0.02265625 0.02734375
0 0.659375 0.5984375 0.01953125 0.02890625
0 0.86640625 0.93046875 0.05546875 0.06484375
0 0.9078125 0.9140625 0.0484375 0.05546875
0 0.98046875 0.98125 0.0390625 0.0375
0 0.95390625 0.7796875 0.0515625 0.05390625
0 0.7515625 0.65078125 0.03125 0.03359375
0 0.80859375 0.665625 0.01875 0.03671875
0 0.79453125 0.74375 0.0359375 0.03125
0 0.790625 0.7140625 0.02734375 0.03125
0 0.8296875 0.73828125 0.025 0.03203125
0 0.80234375 0.8015625 0.0234375 0.02421875
0 0.85078125 0.8296875 0.025 0.0265625
0 0.91015625 0.7578125 0.03203125 0.03125
0 0.8265625 0.63359375 0.0375 0.0328125
0 0.865625 0.6515625 0.02734375 0.02734375
0 0.90078125 0.6203125 0.03046875 0.03359375
0 0.95078125 0.63359375 0.040625 0.0375
0 0.946875 0.68203125 0.0328125 0.0328125
0 0.76328125 0.55546875 0.028125 0.03203125
0 0.7953125 0.5734375 0.02265625 0.0171875
0 0.83671875 0.578125 0.025 0.0171875
0 0.41875 0.634375 0.02734375 0.02421875
0 0.3453125 0.653125 0.0203125 0.02734375
0 0.040625 0.9046875 0.05859375 0.07421875
0 0.04765625 0.81171875 0.04296875 0.05234375
0 0.04453125 0.771875 0.05 0.053125
0 0.08984375 0.73203125 0.03828125 0.0328125
0 0.2046875 0.56953125 0.02265625 0.0265625
0 0.1765625 0.6078125 0.0265625 0.0203125
0 0.15703125 0.54765625 0.03125 0.02734375
0 0.246875 0.5109375 0.0265625 0.02890625
0 0.24609375 0.49140625 0.03515625 0.02265625
0 0.103125 0.48515625 0.03515625 0.0234375
0 0.2546875 0.74375 0.01953125 0.02734375
0 0.41796875 0.60234375 0.03671875 0.02265625
0 0.478125 0.59921875 0.025 0.02734375
0 0.26328125 0.571875 0.03984375 0.01796875
0 0.82734375 0.7109375 0.03828125 0.02890625
0 0.91015625 0.67109375 0.0265625 0.028125
0 0.89765625 0.68828125 0.03515625 0.034375
0 0.725 0.67890625 0.01875 0.02890625
0 0.67265625 0.5734375 0.0234375 0.02890625
0 0.63984375 0.56796875 0.028125 0.0234375
0 0.41328125 0.53984375 0.02109375 0.01875
0 0.421875 0.5765625 0.01796875 0.0171875
0 0.4515625 0.5859375 0.02265625 0.0171875
0 0.89765625 0.59140625 0.0328125 0.03046875
0 0.878125 0.55625 0.02578125 0.0171875
0 0.515625 0.55 0.0296875 0.0171875
0 0.54765625 0.5546875 0.0234375 0.0203125
0 0.55546875 0.6265625 0.01796875 0.0328125
0 0.67578125 0.4765625 0.03125 0.0265625
0 0.77578125 0.67890625 0.01875 0.025
0 0.29140625 0.5421875 0.0203125 0.0234375
0 0.14765625 0.52890625 0.03125 0.0203125
0 0.10546875 0.5203125 0.03046875 0.01953125
0 0.0625 0.534375 0.0203125 0.02265625
0 0.16328125 0.4921875 0.03203125 0.01875
0 0.3234375 0.9921875 0.0140625 0.015625
0 0.1390625 0.98359375 0.05703125 0.0328125
0 0.19609375 0.925 0.02421875 0.02578125
0 0.778125 0.89140625 0.02734375 0.05859375
0 0.75859375 0.83828125 0.03203125 0.021875