0 0.27734375 0.9609375 0.0453125 0.06640625
0 0.22578125 0.9375 0.0453125 0.0578125
0 0.14921875 0.9453125 0.04609375 0.04765625
0 0.1328125 0.915625 0.03359375 0.05078125
0 0.0953125 0.96875 0.0359375 0.0515625
0 0.0484375 0.93359375 0.05859375 0.071875
0 0.20625 0.8578125 0.0390625 0.0609375
0 0.171875 0.8625 0.02734375 0.046875
0 0.4515625 0.98046875 0.028125 0.0375
0 0.61171875 0.97734375 0.0375 0.0453125
0 0.67890625 0.9234375 0.05234375 0.065625
0 0.790625 0.92890625 0.0484375 0.0703125
0 0.7390625 0.978125 0.02734375 0.04375
0 0.9328125 0.93046875 0.071875 0.07734375
0 0.83046875 0.846875 0.0390625 0.06015625
0 0.78828125 0.82109375 0.04140625 0.05234375
0 0.86875 0.80546875 0.03671875 0.05625
0 0.9359375 0.81796875 0.05234375 0.0640625
0 0.91484375 0.8578125 0.034375 0.04140625
0 0.85859375 0.91328125 0.03203125 0.04296875
0 0.83125 0.8984375 0.02265625 0.03984375
0 0.83359375 0.68984375 0.03984375 0.05390625
0 0.72578125 0.82890625 0.0453125 0.04921875
0 0.66796875 0.846875 0.0375 0.0375
0 0.62265625 0.83203125 0.03359375 0.04375
0 0.57734375 0.83046875 0.04453125 0.06015625
0 0.4484375 0.8984375 0.03984375 0.04140625
0 0.38203125 0.90625 0.04921875 0.0484375
0 0.29140625 0.790625 0.03515625 0.04140625
0 0.38125 0.80546875 0.025 0.03125
0 0.446875 0.71796875 0.03828125 0.03984375
0 0.41640625 0.66171875 0.03671875 0.04140625
0 0.16640625 0.76953125 0.028125 0.04453125
0 0.02109375 0.6953125 0.0359375 0.04140625
0 0.1296875 0.6359375 0.02890625 0.0328125
0 0.22734375 0.7265625 0.02890625 0.04140625
0 0.25546875 0.75703125 0.03515625 0.04375
0 0.234375 0.65390625 0.02421875 0.0359375
0 0.26171875 0.6859375 0.03046875 0.04765625
0 0.30859375 0.71640625 0.0359375 0.04140625
0 0.3203125 0.66953125 0.03515625 0.0390625
0 0.11875 0.53671875 0.0203125 0.0234375
0 0.18515625 0.553125 0.0140625 0.0203125
0 0.29140625 0.58671875 0.028125 0.03359375
0 0.246875 0.5984375 0.02109375 0.0203125
0 0.221875 0.5859375 0.021875 0.0203125
0 0.30859375 0.51328125 0.03828125 0.03203125
0 0.303125 0.47890625 0.01953125 0.025
0 0.41171875 0.58984375 0.03515625 0.028125
0 0.46328125 0.64765625 0.02265625 0.0375
0 0.49375 0.67734375 0.02265625 0.025
0 0.51328125 0.7203125 0.02734375 0.03984375
0 0.54453125 0.721875 0.03125 0.04609375
0 0.41015625 0.76875 0.0203125 0.02578125
0 0.65625 0.77734375 0.0328125 0.0390625
0 0.7 0.75234375 0.03046875 0.04375
0 0.70078125 0.71640625 0.025 0.0359375
0 0.78359375 0.69765625 0.03046875 0.0390625
0 0.725 0.66484375 0.0359375 0.0359375
0 0.9234375 0.66875 0.0328125 0.034375
0 0.6171875 0.65078125 0.0328125 0.0328125
0 0.653125 0.61015625 0.0265625 0.0390625
0 0.68203125 0.58125 0.0265625 0.0328125
0 0.4875 0.50390625 0.0296875 0.025
0 0.4359375 0.5484375 0.02890625 0.028125
0 0.06328125 0.60234375 0.0296875 0.03125
0 0.3546875 0.51640625 0.025 0.02578125
0 0.35078125 0.47421875 0.01875 0.021875
0 0.9125 0.7390625 0.0203125 0.03671875
0 0.925 0.62578125 0.03046875 0.0328125
0 0.8609375 0.53203125 0.03203125 0.0328125
0 0.77890625 0.5515625 0.028125 0.02578125
0 0.6921875 0.5390625 0.02421875 0.03359375
0 0.62890625 0.5515625 0.02421875 0.0375
0 0.50546875 0.58046875 0.0296875 0.028125
0 0.3671875 0.6890625 0.03046875 0.040625
0 0.66015625 0.44296875 0.02109375 0.03515625
0 0.6 0.51484375 0.02734375 0.03359375
0 0.61328125 0.48203125 0.025 0.02578125
0 0.5671875 0.434375 0.01953125 0.021875
0 0.6359375 0.471875 0.02578125 0.02890625
0 0.78125 0.50859375 0.02265625 0.021875
0 0.83046875 0.61484375 0.028125 0.03984375
0 0.73125 0.62734375 0.03203125 0.03515625
0 0.50234375 0.825 0.0296875 0.03671875
0 0.32109375 0.63671875 0.02734375 0.03515625
0 0.26796875 0.6171875 0.02734375 0.02890625