0 0.83671875 0.934375 0.0328125 0.05859375
0 0.5875 0.803125 0.02890625 0.0328125
0 0.2453125 0.75 0.02734375 0.0375
0 0.61796875 0.79375 0.03203125 0.034375
0 0.2859375 0.8140625 0.0328125 0.0390625
0 0.45625 0.7234375 0.025 0.02734375
0 0.8 0.87421875 0.03515625 0.05078125
0 0.81640625 0.7375 0.0328125 0.03515625
0 0.88046875 0.8125 0.03359375 0.040625
0 0.64296875 0.64921875 0.025 0.02421875
0 0.41875 0.94140625 0.034375 0.0375
0 0.5859375 0.6640625 0.02734375 0.0265625
0 0.3078125 0.7484375 0.025 0.0328125
0 0.91796875 0.59765625 0.0234375 0.028125
0 0.69140625 0.70859375 0.03203125 0.03359375
0 0.32421875 0.81875 0.02734375 0.03515625
0 0.1953125 0.93984375 0.0359375 0.04765625
0 0.3890625 0.71484375 0.01953125 0.02265625
0 0.32578125 0.68203125 0.0203125 0.03125
0 0.678125 0.84765625 0.02890625 0.03828125
0 0.84140625 0.7953125 0.03359375 0.0375
0 0.44921875 0.690625 0.0234375 0.03046875
0 0.384375 0.7703125 0.03203125 0.0375
0 0.16796875 0.74765625 0.0234375 0.03046875
0 0.5203125 0.76953125 0.03359375 0.03046875
0 0.64140625 0.85703125 0.03515625 0.04921875
0 0.57421875 0.89140625 0.02890625 0.040625
0 0.9796875 0.7875 0.03359375 0.03359375
0 0.47890625 0.846875 0.02890625 0.03828125
0 0.77734375 0.76171875 0.0265625 0.0375
0 0.0921875 0.74609375 0.03125 0.03046875
0 0.74921875 0.7828125 0.0296875 0.0359375
0 0.715625 0.9328125 0.02578125 0.0390625
0 0.178125 0.82890625 0.03203125 0.0375
0 0.1953125 0.79765625 0.03046875 0.028125
0 0.49453125 0.73046875 0.0359375 0.0359375
0 0.37734375 0.875 0.028125 0.04765625
0 0.15546875 0.68203125 0.025 0.025
0 0.4640625 0.5921875 0.02265625 0.021875
0 0.8 0.95703125 0.0390625 0.05234375
0 0.390625 0.61328125 0.0234375 0.0265625
0 0.69375 0.6609375 0.0265625 0.028125
0 0.05 0.94609375 0.05234375 0.09296875
0 0.875 0.71171875 0.02734375 0.0328125
0 0.71328125 0.871875 0.0328125 0.0453125
0 0.4125 0.840625 0.0390625 0.04921875
0 0.19609375 0.771875 0.02890625 0.03125
0 0.41640625 0.5765625 0.01953125 0.021875
0 0.3734375 0.56796875 0.02421875 0.025
0 0.14765625 0.75546875 0.02578125 0.028125
0 0.509375 0.6203125 0.01796875 0.03125
0 0.47578125 0.79609375 0.0359375 0.04296875
0 0.59921875 0.5875 0.02265625 0.025
0 0.4171875 0.66875 0.02421875 0.03125
0 0.015625 0.790625 0.03125 0.0359375
0 0.50703125 0.88203125 0.03203125 0.03828125
0 0.890625 0.6046875 0.021875 0.02265625
0 0.821875 0.665625 0.03125 0.03359375
0 0.0203125 0.71953125 0.03359375 0.034375
0 0.72265625 0.8359375 0.02421875 0.03359375
0 0.725 0.53125 0.02265625 0.0203125
0 0.6828125 0.75859375 0.0265625 0.03515625
0 0.54765625 0.71640625 0.02734375 0.02890625
0 0.090625 0.684375 0.0265625 0.02890625
0 0.5625 0.578125 0.021875 0.021875
0 0.42734375 0.8890625 0.034375 0.0359375
0 0.5828125 0.96875 0.0375 0.0546875
0 0.5359375 0.58046875 0.02109375 0.025
0 0.30546875 0.57578125 0.02109375 0.0234375
0 0.94375 0.98046875 0.04765625 0.0390625
0 0.1015625 0.7109375 0.034375 0.03203125
0 0.90078125 0.76015625 0.028125 0.025
0 0.65078125 0.77421875 0.01875 0.02890625
0 0.28515625 0.6875 0.0265625 0.034375
0 0.4390625 0.5578125 0.0171875 0.02734375
0 0.19296875 0.69140625 0.0265625 0.028125
0 0.26953125 0.90703125 0.02421875 0.03203125
0 0.721875 0.6921875 0.02734375 0.03671875
0 0.3640625 0.621875 0.021875 0.025
0 0.22578125 0.68203125 0.02578125 0.0328125
0 0.33359375 0.76171875 0.0234375 0.03203125
0 0.2421875 0.58671875 0.02109375 0.0265625
0 0.88203125 0.978125 0.0328125 0.04296875
0 0.55625 0.93359375 0.02890625 0.046875
0 0.91171875 0.9421875 0.0328125 0.040625
0 0.128125 0.678125 0.02265625 0.0265625
0 0.5625 0.5578125 0.0234375 0.025
0 0.9484375 0.6078125 0.025 0.021875
0 0.28046875 0.978125 0.0296875 0.04375
0 0.76875 0.69765625 0.021875 0.034375
0 0.31796875 0.61875 0.02578125 0.02734375
0 0.22421875 0.53984375 0.0234375 0.02421875
0 0.21484375 0.725 0.0171875 0.021875
0 0.1203125 0.89375 0.03359375 0.04375
0 0.2578125 0.96328125 0.03515625 0.04609375
0 0.371875 0.65625 0.02109375 0.02578125
0 0.1296875 0.95390625 0.02890625 0.03828125
0 0.0859375 0.8203125 0.0296875 0.03515625
0 0.69765625 0.9859375 0.03828125 0.02734375
0 0.79296875 0.565625 0.021875 0.02265625
0 0.13359375 0.721875 0.02734375 0.02890625
0 0.4265625 0.46328125 0.0203125 0.0203125
0 0.9859375 0.93359375 0.028125 0.0515625
0 0.728125 0.7296875 0.02421875 0.02734375
0 0.11015625 0.93203125 0.028125 0.040625
0 0.409375 0.4859375 0.0203125 0.021875
0 0.209375 0.49453125 0.0203125 0.0234375
0 0.58515625 0.54296875 0.0234375 0.0234375
0 0.6203125 0.71484375 0.02109375 0.028125
0 0.0546875 0.73359375 0.02109375 0.0328125
0 0.34140625 0.59921875 0.0203125 0.021875
0 0.41015625 0.5453125 0.01953125 0.02265625
0 0.596875 0.75546875 0.0171875 0.02265625
0 0.57578125 0.49375 0.0171875 0.0203125
0 0.17265625 0.65234375 0.03046875 0.0234375
0 0.1703125 0.62109375 0.021875 0.025
0 0.3546875 0.5078125 0.0203125 0.0203125
0 0.9859375 0.5375 0.02734375 0.02265625
0 0.8140625 0.625 0.01875 0.021875
0 0.94140625 0.54453125 0.0265625 0.02265625
0 0.021875 0.6484375 0.03203125 0.03125
0 0.20703125 0.653125 0.021875 0.02421875
0 0.65234375 0.615625 0.01875 0.02265625
0 0.184375 0.590625 0.025 0.02421875
0 0.49609375 0.5515625 0.0171875 0.02265625
0 0.56328125 0.46796875 0.01640625 0.01953125
0 0.95859375 0.7640625 0.02265625 0.025
0 0.72578125 0.6109375 0.0203125 0.0234375
0 0.6046875 0.990625 0.03203125 0.01875
0 0.61015625 0.48984375 0.01640625 0.01953125
0 0.44609375 0.6078125 0.01875 0.02109375
0 0.47890625 0.5 0.01953125 0.02265625
0 0.83828125 0.72265625 0.0203125 0.02578125
0 0.2859375 0.484375 0.0171875 0.02109375
0 0.86328125 0.7609375 0.021875 0.0265625
0 0.44765625 0.50625 0.01640625 0.02421875
0 0.23515625 0.71171875 0.021875 0.02578125
0 0.66953125 0.52421875 0.01875 0.02109375
0 0.5296875 0.47109375 0.01953125 0.0203125
0 0.3890625 0.65546875 0.01640625 0.0234375
0 0.25390625 0.4796875 0.01875 0.0203125
0 0.4796875 0.5421875 0.015625 0.02265625
0 0.334375 0.4921875 0.015625 0.01796875
0 0.34453125 0.54609375 0.02109375 0.025
0 0.15625 0.5234375 0.02265625 0.021875
0 0.671875 0.47109375 0.01796875 0.0203125
0 0.50625 0.95546875 0.028125 0.0359375
0 0.82890625 0.61953125 0.0171875 0.02109375
0 0.5546875 0.77421875 0.0171875 0.021875
0 0.2578125 0.55859375 0.015625 0.0203125
0 0.42265625 0.4421875 0.01484375 0.01875
0 0.19765625 0.5640625 0.021875 0.0234375
0 0.73359375 0.56171875 0.021875 0.02421875
0 0.79453125 0.51875 0.0234375 0.02109375
0 0.35390625 0.47109375 0.0171875 0.01953125
0 0.46171875 0.51484375 0.0171875 0.01953125
0 0.8109375 0.60625 0.01640625 0.0203125
0 0.52109375 0.990625 0.0265625 0.01796875
0 0.096875 0.64296875 0.02265625 0.021875
0 0.09765625 0.6109375 0.025 0.0234375
0 0.65078125 0.45546875 0.0171875 0.01953125
0 0.65546875 0.51015625 0.0171875 0.01875
0 0.51328125 0.553125 0.015625 0.02109375
0 0.31796875 0.65 0.0203125 0.0203125
0 0.26796875 0.57890625 0.01640625 0.0203125
0 0.74453125 0.62734375 0.01796875 0.0234375
0 0.584375 0.4734375 0.015625 0.01796875
0 0.72734375 0.48046875 0.01953125 0.02109375
0 0.27890625 0.53046875 0.01875 0.01875
0 0.67109375 0.6046875 0.02109375 0.025
0 0.42109375 0.51796875 0.015625 0.01953125
0 0.99375 0.47890625 0.01171875 0.02421875
0 0.96484375 0.575 0.028125 0.02265625
0 0.62578125 0.4265625 0.01484375 0.01875
0 0.8375 0.5359375 0.02265625 0.02265625
0 0.92109375 0.5515625 0.01953125 0.02421875
0 0.21171875 0.5765625 0.0171875 0.0203125
0 0.3234375 0.46796875 0.0171875 0.0203125
0 0.25703125 0.50859375 0.02109375 0.0234375
0 0.62734375 0.521875 0.0171875 0.01875
0 0.83828125 0.63515625 0.01484375 0.02109375
0 0.2296875 0.49765625 0.01640625 0.02109375
0 0.80703125 0.48359375 0.01953125 0.01953125
0 0.4671875 0.940625 0.028125 0.03984375
0 0.3546875 0.94375 0.0171875 0.03203125
0 0.33671875 0.91796875 0.02265625 0.028125
0 0.31640625 0.86484375 0.02890625 0.028125
0 0.06484375 0.67890625 0.01640625 0.01640625
0 0.05234375 0.675 0.028125 0.02578125
0 0.14765625 0.60859375 0.0203125 0.021875
0 0.28984375 0.56796875 0.02421875 0.0234375
0 0.875 0.903125 0.0328125 0.040625
0 0.8203125 0.4546875 0.01875 0.02421875
0 0.2 0.6109375 0.0203125 0.01640625
0 0.6921875 0.83046875 0.02421875 0.03125