0 0.71484375 0.696875 0.0328125 0.03515625
0 0.83203125 0.85703125 0.034375 0.0484375
0 0.44375 0.828125 0.0390625 0.05078125
0 0.834375 0.93984375 0.0390625 0.05234375
0 0.22890625 0.92734375 0.03515625 0.04765625
0 0.671875 0.84296875 0.03359375 0.04765625
0 0.87109375 0.9171875 0.03359375 0.059375
0 0.31640625 0.796875 0.0328125 0.03828125
0 0.19140625 0.73515625 0.02421875 0.0328125
0 0.709375 0.8328125 0.028125 0.03828125
0 0.73046875 0.97734375 0.03359375 0.04140625
0 0.17734375 0.66953125 0.0234375 0.02578125
0 0.2734375 0.7359375 0.0265625 0.03515625
0 0.08125 0.9171875 0.05390625 0.08203125
0 0.60546875 0.878125 0.03046875 0.040625
0 0.5890625 0.9171875 0.028125 0.0453125
0 0.3078125 0.675 0.0265625 0.03515625
0 0.43671875 0.565625 0.0234375 0.025
0 0.5078125 0.8328125 0.02890625 0.03828125
0 0.66484375 0.634375 0.0234375 0.0234375
0 0.115625 0.73359375 0.03125 0.03125
0 0.4484375 0.92578125 0.0359375 0.0375
0 0.4125 0.60234375 0.025 0.02890625
0 0.778125 0.77109375 0.03125 0.0359375
0 0.153125 0.66484375 0.02265625 0.02890625
0 0.5328125 0.609375 0.01953125 0.03359375
0 0.5234375 0.71953125 0.03515625 0.03671875
0 0.48828125 0.57734375 0.02265625 0.02109375
0 0.74453125 0.91875 0.0265625 0.0390625
0 0.4140625 0.759375 0.03203125 0.03515625
0 0.840625 0.7265625 0.03203125 0.0359375
0 0.803125 0.74609375 0.0296875 0.03828125
0 0.6453125 0.78125 0.03359375 0.03359375
0 0.6109375 0.653125 0.02734375 0.02578125
0 0.0484375 0.70546875 0.0359375 0.0375
0 0.61328125 0.78828125 0.02890625 0.03046875
0 0.35078125 0.80625 0.028125 0.0375
0 0.484375 0.7125 0.02578125 0.028125
0 0.34921875 0.6703125 0.02109375 0.03359375
0 0.07890625 0.7203125 0.021875 0.03125
0 0.50625 0.78359375 0.03359375 0.04140625
0 0.4546875 0.875 0.03203125 0.0375
0 0.540625 0.86953125 0.03046875 0.03828125
0 0.57109375 0.7046875 0.02734375 0.02890625
0 0.41640625 0.70234375 0.01953125 0.02265625
0 0.4765625 0.67578125 0.02265625 0.0328125
0 0.90703125 0.79765625 0.03203125 0.0390625
0 0.89765625 0.7 0.02890625 0.0359375
0 0.28984375 0.9484375 0.034375 0.04609375
0 0.440625 0.65703125 0.02265625 0.03125
0 0.73984375 0.85625 0.03125 0.04296875
0 0.55625 0.5703125 0.02265625 0.0265625
0 0.61796875 0.9546875 0.0375 0.0578125
0 0.8703125 0.784375 0.034375 0.03828125
0 0.93125 0.75 0.0296875 0.0265625
0 0.74765625 0.67578125 0.025 0.0375
0 0.71171875 0.7421875 0.02578125 0.034375
0 0.91875 0.965625 0.034375 0.04375
0 0.84375 0.65703125 0.028125 0.03125
0 0.2515625 0.66796875 0.02421875 0.03203125
0 0.75390625 0.8234375 0.02578125 0.03203125
0 0.31640625 0.96640625 0.03125 0.0546875
0 0.93984375 0.5875 0.025 0.02734375
0 0.12578125 0.696875 0.03203125 0.03515625
0 0.2421875 0.52734375 0.021875 0.025
0 0.54765625 0.75625 0.0328125 0.03125
0 0.40625 0.8546875 0.0296875 0.05078125
0 0.33671875 0.734375 0.025 0.0328125
0 0.2140625 0.678125 0.0265625 0.03046875
0 0.165625 0.9375 0.02734375 0.03984375
0 0.225 0.784375 0.0296875 0.02890625
0 0.38515625 0.61015625 0.02109375 0.02578125
0 0.3921875 0.55703125 0.02421875 0.02578125
0 0.20859375 0.815625 0.034375 0.03359375
0 0.153125 0.87890625 0.0375 0.04765625
0 0.0453125 0.77421875 0.0328125 0.03515625
0 0.340625 0.60859375 0.0265625 0.02890625
0 0.35859375 0.75 0.02578125 0.034375
0 0.14375 0.9140625 0.028125 0.0390625
0 0.97734375 0.971875 0.0421875 0.05625
0 0.64375 0.98359375 0.03046875 0.03203125
0 0.2234375 0.759375 0.02734375 0.028125
0 0.45859375 0.546875 0.0171875 0.0265625
0 0.44296875 0.453125 0.021875 0.02265625
0 0.42890625 0.4765625 0.02109375 0.02265625
0 0.22890625 0.63984375 0.02109375 0.0265625
0 0.9140625 0.59375 0.0234375 0.025
0 0.58125 0.546875 0.025 0.02734375
0 0.9859375 0.75390625 0.02734375 0.0296875
0 0.04765625 0.634375 0.03046875 0.0296875
0 0.55390625 0.9828125 0.0234375 0.03359375
0 0.328125 0.565625 0.02109375 0.025
0 0.71640625 0.65 0.02421875 0.0265625
0 0.81484375 0.5546875 0.021875 0.02421875
0 0.61796875 0.575 0.021875 0.02578125
0 0.75703125 0.71796875 0.025 0.025
0 0.88828125 0.75 0.025 0.0296875
0 0.67734375 0.76171875 0.01875 0.02578125
0 0.74140625 0.51875 0.0234375 0.0203125
0 0.23828125 0.71328125 0.0171875 0.02109375
0 0.790625 0.6828125 0.0203125 0.0359375
0 0.265625 0.5734375 0.02265625 0.02734375
0 0.646875 0.70234375 0.02265625 0.0265625
0 0.08984375 0.98984375 0.04453125 0.0203125
0 0.85078125 0.61015625 0.0171875 0.0203125
0 0.171875 0.7390625 0.025 0.028125
0 0.2984375 0.8921875 0.0234375 0.03046875
0 0.1125 0.67265625 0.0234375 0.02734375
0 0.16015625 0.71015625 0.0265625 0.02734375
0 0.2625 0.7 0.021875 0.02578125
0 0.93828125 0.540625 0.02578125 0.0265625
0 0.6234375 0.5859375 0.021875 0.025
0 0.58125 0.56796875 0.021875 0.021875
0 0.746875 0.6 0.01875 0.0234375
0 0.2046875 0.578125 0.0234375 0.0265625
0 0.94453125 0.93125 0.03203125 0.0421875
0 0.49765625 0.490625 0.01953125 0.0234375
0 0.465625 0.49609375 0.01953125 0.0265625
0 0.390625 0.6453125 0.02265625 0.028125
0 0.30078125 0.47109375 0.01953125 0.02421875
0 0.18984375 0.609375 0.021875 0.025
0 0.37578125 0.49765625 0.021875 0.0234375
0 0.58203125 0.45703125 0.0171875 0.01875
0 0.53828125 0.5421875 0.015625 0.02265625
0 0.753125 0.55234375 0.0234375 0.0234375
0 0.11484375 0.60234375 0.0265625 0.0234375
0 0.115625 0.8046875 0.02890625 0.03359375