0 0.36015625 0.86953125 0.040625 0.05390625
0 0.2203125 0.86875 0.04453125 0.05546875
0 0.53203125 0.85703125 0.03359375 0.0453125
0 0.37734375 0.5109375 0.0265625 0.0265625
0 0.4484375 0.65625 0.0375 0.03671875
0 0.46796875 0.9265625 0.04375 0.0609375
0 0.20390625 0.55078125 0.02265625 0.02890625
0 0.72265625 0.703125 0.02734375 0.0375
0 0.26796875 0.7109375 0.0375 0.03828125
0 0.53984375 0.70703125 0.03984375 0.04609375
0 0.603125 0.93125 0.0390625 0.06015625
0 0.1703125 0.9359375 0.03984375 0.05703125
0 0.83515625 0.83125 0.0453125 0.05
0 0.97890625 0.621875 0.04140625 0.040625
0 0.42578125 0.83125 0.0515625 0.05
0 0.284375 0.5546875 0.03125 0.03203125
0 0.421875 0.71640625 0.04296875 0.04375
0 0.821875 0.97265625 0.0546875 0.0546875
0 0.76328125 0.7015625 0.0375 0.0390625
0 0.28046875 0.91640625 0.04921875 0.053125
0 0.4703125 0.4859375 0.021875 0.02890625
0 0.340625 0.5484375 0.028125 0.02734375
0 0.51015625 0.59296875 0.0359375 0.0328125
0 0.29921875 0.8421875 0.0375 0.04140625
0 0.290625 0.60234375 0.04296875 0.0390625
0 0.68984375 0.81015625 0.0453125 0.03984375
0 0.23203125 0.76015625 0.03359375 0.0390625
0 0.29609375 0.79453125 0.0390625 0.04921875
0 0.71484375 0.50390625 0.03046875 0.034375
0 0.69140625 0.65703125 0.03046875 0.03984375
0 0.18359375 0.82265625 0.03671875 0.04609375
0 0.88515625 0.80078125 0.04140625 0.04140625
0 0.653125 0.6046875 0.0328125 0.0390625
0 0.828125 0.55234375 0.03203125 0.03046875
0 0.3296875 0.6375 0.02265625 0.04140625
0 0.34609375 0.6078125 0.0359375 0.0296875
0 0.665625 0.55859375 0.03046875 0.03671875
0 0.540625 0.63203125 0.02578125 0.0328125
0 0.690625 0.54375 0.03046875 0.03125
0 0.83203125 0.77265625 0.0421875 0.04140625
0 0.73359375 0.74453125 0.0328125 0.040625
0 0.490625 0.8109375 0.02578125 0.04296875
0 0.81484375 0.65390625 0.03125 0.0453125
0 0.88125 0.65390625 0.03359375 0.034375
0 0.7703125 0.6328125 0.03515625 0.03515625
0 0.55625 0.928125 0.040625 0.0546875
0 0.209375 0.7265625 0.03125 0.03828125
0 0.04453125 0.784375 0.03984375 0.05234375
0 0.3328125 0.68359375 0.03046875 0.0359375
0 0.54453125 0.5734375 0.02578125 0.03359375
0 0.171875 0.7109375 0.04296875 0.03671875
0 0.165625 0.675 0.028125 0.0328125
0 0.603125 0.49296875 0.01875 0.025
0 0.1296875 0.659375 0.0234375 0.028125
0 0.14609375 0.55390625 0.028125 0.0296875
0 0.353125 0.71015625 0.03359375 0.0390625
0 0.0484375 0.634375 0.0359375 0.03125
0 0.9625 0.7546875 0.05 0.04921875
0 0.859375 0.61328125 0.0296875 0.0328125
0 0.46171875 0.54765625 0.021875 0.028125
0 0.21328125 0.98046875 0.05390625 0.03828125
0 0.4078125 0.55078125 0.02421875 0.028125
0 0.6015625 0.53671875 0.02265625 0.02734375
0 0.2625 0.45859375 0.02421875 0.025
0 0.2328125 0.584375 0.0203125 0.02578125
0 0.44140625 0.55703125 0.025 0.034375
0 0.61875 0.6625 0.0328125 0.03125
0 0.27890625 0.4375 0.0234375 0.02421875
0 0.43984375 0.44140625 0.0265625 0.02578125
0 0.11640625 0.56875 0.02890625 0.02734375
0 0.88984375 0.5765625 0.0296875 0.03203125
0 0.91015625 0.55859375 0.03203125 0.03046875
0 0.5828125 0.575 0.02578125 0.02890625
0 0.19921875 0.48046875 0.03046875 0.028125
0 0.45859375 0.5984375 0.02890625 0.0296875
0 0.109375 0.57890625 0.02734375 0.02734375
0 0.78515625 0.5875 0.02890625 0.03359375
0 0.3109375 0.48046875 0.025 0.0234375
0 0.9171875 0.6234375 0.03671875 0.034375
0 0.81328125 0.9203125 0.0390625 0.0453125
0 0.51796875 0.5625 0.02578125 0.03203125
0 0.984375 0.87734375 0.03046875 0.05390625
0 0.87578125 0.59609375 0.02578125 0.0296875
0 0.83671875 0.63203125 0.03515625 0.03984375
0 0.5765625 0.49140625 0.021875 0.0265625
0 0.76328125 0.6390625 0.03515625 0.03515625
0 0.51015625 0.7703125 0.0453125 0.04375
0 0.5 0.6609375 0.0328125 0.0421875
0 0.68203125 0.72890625 0.02578125 0.04453125
0 0.0953125 0.83671875 0.0296875 0.05078125
0 0.028125 0.73828125 0.046875 0.03671875
0 0.1140625 0.734375 0.02734375 0.0296875
0 0.0734375 0.70234375 0.0265625 0.03984375
0 0.921875 0.884375 0.07265625 0.06875