0 0.09609375 0.975 0.0484375 0.05
0 0.08515625 0.80078125 0.04296875 0.0515625
0 0.13125 0.771875 0.04375 0.04453125
0 0.09921875 0.69453125 0.028125 0.03671875
0 0.15859375 0.684375 0.040625 0.0359375
0 0.20859375 0.771875 0.04765625 0.053125
0 0.2625 0.7625 0.0328125 0.046875
0 0.25234375 0.84140625 0.02890625 0.04375
0 0.3234375 0.78515625 0.04375 0.053125
0 0.3375 0.87421875 0.07578125 0.053125
0 0.31953125 0.8359375 0.025 0.0375
0 0.41953125 0.89140625 0.05625 0.05390625
0 0.39296875 0.95078125 0.05078125 0.0546875
0 0.46015625 0.81171875 0.0359375 0.0453125
0 0.40234375 0.771875 0.0484375 0.05390625
0 0.28359375 0.690625 0.03359375 0.0328125
0 0.21015625 0.64609375 0.04140625 0.0390625
0 0.2171875 0.61171875 0.02734375 0.028125
0 0.2890625 0.6125 0.03359375 0.0390625
0 0.3609375 0.6484375 0.0359375 0.0375
0 0.36640625 0.5421875 0.02890625 0.03125
0 0.2984375 0.54453125 0.02890625 0.0328125
0 0.3109375 0.57890625 0.0296875 0.0296875
0 0.1546875 0.53203125 0.03984375 0.02265625
0 0.0828125 0.51875 0.03125 0.0328125
0 0.45703125 0.565625 0.03203125 0.040625
0 0.5265625 0.5890625 0.03046875 0.0421875
0 0.48984375 0.471875 0.02890625 0.03515625
0 0.45234375 0.70625 0.0484375 0.04140625
0 0.4046875 0.61640625 0.034375 0.0359375
0 0.4640625 0.60859375 0.03359375 0.04453125
0 0.5046875 0.665625 0.03125 0.0421875
0 0.575 0.6671875 0.03984375 0.04609375
0 0.57578125 0.72578125 0.02890625 0.04296875
0 0.5765625 0.78046875 0.03125 0.0421875
0 0.54296875 0.7921875 0.04375 0.06328125
0 0.49921875 0.78125 0.034375 0.04609375
0 0.57578125 0.87265625 0.0484375 0.06015625
0 0.62421875 0.7890625 0.03515625 0.04453125
0 0.65390625 0.80703125 0.04453125 0.0546875
0 0.65625 0.86796875 0.05703125 0.0578125
0 0.709375 0.94296875 0.03671875 0.0703125
0 0.69765625 0.8296875 0.0390625 0.0609375
0 0.7546875 0.8328125 0.04609375 0.053125
0 0.76640625 0.75546875 0.0328125 0.053125
0 0.7578125 0.675 0.028125 0.04375
0 0.7234375 0.67734375 0.03046875 0.0453125
0 0.60625 0.59453125 0.0296875 0.0328125
0 0.5828125 0.5390625 0.0234375 0.04375
0 0.64140625 0.56171875 0.0375 0.046875
0 0.6703125 0.6375 0.025 0.04296875
0 0.87109375 0.89375 0.059375 0.0796875
0 0.865625 0.8 0.046875 0.0609375
0 0.89921875 0.77265625 0.0453125 0.04453125
0 0.91484375 0.70703125 0.05078125 0.07109375
0 0.9546875 0.68828125 0.0375 0.04765625
0 0.80625 0.6296875 0.02734375 0.04375
0 0.68671875 0.5171875 0.0328125 0.02890625
0 0.7140625 0.60078125 0.0296875 0.03203125
0 0.7609375 0.6234375 0.03203125 0.0296875
0 0.3390625 0.475 0.034375 0.0265625
0 0.484375 0.89453125 0.0375 0.04609375
0 0.675 0.4734375 0.025 0.034375
0 0.178125 0.5875 0.02265625 0.03125
0 0.825 0.5765625 0.0328125 0.040625
0 0.875 0.5640625 0.03359375 0.03984375
0 0.90078125 0.621875 0.03515625 0.02890625
0 0.7765625 0.5234375 0.03125 0.0375
0 0.53671875 0.4671875 0.0234375 0.0265625
0 0.1875 0.48984375 0.02421875 0.028125