0 0.240625 0.8765625 0.0375 0.06015625
0 0.83203125 0.94375 0.04296875 0.05703125
0 0.90390625 0.97109375 0.04921875 0.05703125
0 0.49765625 0.8796875 0.03828125 0.05078125
0 0.340625 0.9609375 0.0453125 0.065625
0 0.409375 0.6125 0.028125 0.02890625
0 0.15625 0.9375 0.0328125 0.04765625
0 0.525 0.946875 0.04609375 0.05859375
0 0.34453125 0.84140625 0.03515625 0.0546875
0 0.84765625 0.70703125 0.03125 0.03984375
0 0.9484375 0.66953125 0.0328125 0.03515625
0 0.72421875 0.55 0.025 0.03203125
0 0.7796875 0.6984375 0.0375 0.0421875
0 0.65234375 0.75390625 0.02890625 0.03125
0 0.65703125 0.80546875 0.03359375 0.04296875
0 0.72578125 0.63828125 0.0296875 0.0359375
0 0.16484375 0.8703125 0.04375 0.05703125
0 0.309375 0.52578125 0.0234375 0.0296875
0 0.58359375 0.7765625 0.03359375 0.04375
0 0.35234375 0.6453125 0.028125 0.02734375
0 0.434375 0.6703125 0.02890625 0.03203125
0 0.18359375 0.7109375 0.02890625 0.03359375
0 0.20703125 0.784375 0.04375 0.05
0 0.4359375 0.76953125 0.04453125 0.08046875
0 0.63984375 0.6703125 0.028125 0.0359375
0 0.253125 0.7375 0.03671875 0.03984375
0 0.86875 0.6375 0.03203125 0.034375
0 0.98359375 0.6671875 0.0328125 0.0375
0 0.67734375 0.675 0.03046875 0.03828125
0 0.49296875 0.73203125 0.02734375 0.04140625
0 0.83125 0.659375 0.034375 0.03671875
0 0.81484375 0.78125 0.03515625 0.03515625
0 0.371875 0.60078125 0.025 0.028125
0 0.690625 0.821875 0.03125 0.05078125
0 0.45703125 0.5578125 0.02578125 0.0265625
0 0.69140625 0.91015625 0.04296875 0.0625
0 0.76640625 0.56640625 0.02578125 0.03203125
0 0.42734375 0.553125 0.0234375 0.0265625
0 0.26953125 0.69453125 0.03125 0.0328125
0 0.73984375 0.9125 0.03046875 0.0453125
0 0.66015625 0.93046875 0.0296875 0.04453125
0 0.57578125 0.61640625 0.025 0.03359375
0 0.4921875 0.61484375 0.02265625 0.02890625
0 0.2546875 0.634375 0.0234375 0.0296875
0 0.64296875 0.6171875 0.02578125 0.03125
0 0.4484375 0.5921875 0.0234375 0.028125
0 0.6765625 0.5015625 0.025 0.02734375
0 0.321875 0.6703125 0.021875 0.03203125
0 0.49609375 0.5671875 0.0265625 0.02734375
0 0.82421875 0.60546875 0.03515625 0.03515625
0 0.0203125 0.79765625 0.03984375 0.040625
0 0.390625 0.96875 0.02890625 0.0421875
0 0.2890625 0.834375 0.025 0.03515625
0 0.596875 0.5640625 0.028125 0.03046875
0 0.41328125 0.578125 0.0296875 0.028125
0 0.5328125 0.55546875 0.02421875 0.02890625
0 0.33359375 0.58203125 0.02890625 0.0296875
0 0.63984375 0.56171875 0.025 0.02890625
0 0.7125 0.58984375 0.02109375 0.02265625
0 0.0546875 0.83203125 0.02890625 0.03359375
0 0.83671875 0.459375 0.0265625 0.02734375
0 0.75078125 0.725 0.02890625 0.04140625
0 0.66875 0.6265625 0.02421875 0.0296875
0 0.49375 0.76953125 0.0234375 0.0375
0 0.128125 0.7 0.0171875 0.0234375
0 0.7453125 0.4859375 0.02578125 0.02578125
0 0.5328125 0.63203125 0.025 0.02578125
0 0.78125 0.9484375 0.03515625 0.0515625
0 0.81484375 0.47734375 0.0234375 0.02578125
0 0.80390625 0.73671875 0.03828125 0.0359375
0 0.76015625 0.5765625 0.0265625 0.03046875
0 0.390625 0.56015625 0.021875 0.02421875
0 0.07421875 0.7375 0.0296875 0.03828125
0 0.46875 0.61796875 0.02265625 0.0296875
0 0.584375 0.621875 0.025 0.0328125
0 0.528125 0.68359375 0.0328125 0.03515625
0 0.78359375 0.6 0.02421875 0.02578125
0 0.875 0.59453125 0.02890625 0.02890625
0 0.6453125 0.46328125 0.02265625 0.02421875
0 0.97421875 0.75234375 0.03515625 0.0390625
0 0.53515625 0.596875 0.01953125 0.0234375
0 0.32890625 0.5921875 0.02890625 0.02890625
0 0.9515625 0.9203125 0.0484375 0.04140625
0 0.89296875 0.7328125 0.03125 0.0359375
0 0.134375 0.71796875 0.01875 0.02421875
0 0.87578125 0.840625 0.07421875 0.07265625
0 0.86953125 0.78125 0.02578125 0.03828125
0 0.26953125 0.784375 0.0265625 0.02890625
0 0.290625 0.66796875 0.0234375 0.0265625
0 0.52734375 0.63828125 0.025 0.0265625
0 0.19765625 0.4796875 0.021875 0.0234375
0 0.82265625 0.47890625 0.0234375 0.02421875
0 0.67421875 0.5390625 0.0203125 0.02734375
0 0.60546875 0.50703125 0.02734375 0.02734375
0 0.61171875 0.44609375 0.021875 0.02578125
0 0.96875 0.7828125 0.0359375 0.04375
0 0.44921875 0.50546875 0.02265625 0.025