0 0.31171875 0.8421875 0.05859375 0.06328125
0 0.38671875 0.8515625 0.0546875 0.0453125
0 0.44765625 0.85390625 0.03046875 0.034375
0 0.52890625 0.9453125 0.05859375 0.05625
0 0.603125 0.9453125 0.0484375 0.04765625
0 0.65390625 0.9015625 0.03671875 0.04296875
0 0.6109375 0.82734375 0.0484375 0.05078125
0 0.50546875 0.7640625 0.03359375 0.05078125
0 0.5359375 0.74609375 0.0328125 0.0359375
0 0.58359375 0.7578125 0.03046875 0.02421875
0 0.371875 0.746875 0.03828125 0.03046875
0 0.42890625 0.78359375 0.0359375 0.040625
0 0.4625 0.75546875 0.03984375 0.0328125
0 0.296875 0.75546875 0.0453125 0.0484375
0 0.2296875 0.81171875 0.02421875 0.02890625
0 0.36328125 0.9125 0.034375 0.04296875
0 0.2390625 0.7390625 0.03671875 0.0359375
0 0.25625 0.6671875 0.02421875 0.03671875
0 0.334375 0.63125 0.03203125 0.03359375
0 0.378125 0.603125 0.025 0.028125
0 0.43359375 0.59453125 0.03046875 0.0265625
0 0.46875 0.6453125 0.03671875 0.034375
0 0.53984375 0.6421875 0.0265625 0.03125
0 0.5359375 0.7 0.025 0.03359375
0 0.42109375 0.6859375 0.0390625 0.034375
0 0.5390625 0.84453125 0.0421875 0.04765625
0 0.703125 0.79921875 0.0421875 0.03359375
0 0.80546875 0.84140625 0.06015625 0.04453125
0 0.88125 0.9453125 0.05078125 0.06875
0 0.76875 0.95546875 0.04453125 0.04375
0 0.80703125 0.76171875 0.04921875 0.04375
0 0.8359375 0.7375 0.0453125 0.0359375
0 0.85703125 0.67109375 0.04296875 0.04453125
0 0.7171875 0.725 0.03359375 0.03359375
0 0.70859375 0.65625 0.0234375 0.03203125
0 0.62890625 0.61796875 0.0171875 0.0265625
0 0.56875 0.575 0.02890625 0.0234375
0 0.60859375 0.54765625 0.0328125 0.03828125
0 0.64140625 0.5375 0.02265625 0.0203125
0 0.65234375 0.503125 0.03046875 0.02421875
0 0.52109375 0.50859375 0.02578125 0.01875
0 0.5515625 0.5265625 0.02421875 0.0203125
0 0.49140625 0.57890625 0.03515625 0.0296875
0 0.46328125 0.46875 0.04296875 0.03359375
0 0.428125 0.5546875 0.02265625 0.01796875
0 0.33984375 0.53046875 0.02578125 0.02578125
0 0.27734375 0.53828125 0.03203125 0.028125
0 0.26640625 0.62421875 0.02578125 0.0171875
0 0.2640625 0.59921875 0.03515625 0.03203125
0 0.1890625 0.63125 0.04609375 0.02734375
0 0.196875 0.5953125 0.0171875 0.01875
0 0.13359375 0.66875 0.04140625 0.0375
0 0.11171875 0.75078125 0.04296875 0.04375
0 0.13203125 0.97734375 0.0609375 0.04140625
0 0.0765625 0.95078125 0.05234375 0.05625
0 0.08125 0.98671875 0.02890625 0.0265625
0 0.03125 0.98359375 0.0296875 0.0328125
0 0.1875 0.74921875 0.04296875 0.0421875
0 0.06953125 0.78359375 0.04375 0.0296875
0 0.0859375 0.609375 0.034375 0.034375
0 0.13515625 0.52265625 0.0421875 0.0140625
0 0.078125 0.6875 0.0234375 0.02890625
0 0.03046875 0.48046875 0.034375 0.0234375
0 0.64921875 0.79609375 0.04453125 0.04609375
0 0.609375 0.77578125 0.034375 0.03125
0 0.61796875 0.76640625 0.0203125 0.03125
0 0.678125 0.65546875 0.0296875 0.03203125
0 0.75703125 0.60546875 0.0296875 0.02578125
0 0.76953125 0.51171875 0.028125 0.0265625
0 0.7359375 0.50625 0.034375 0.02421875
0 0.6515625 0.60390625 0.0328125 0.02109375
0 0.67265625 0.584375 0.02890625 0.0265625
0 0.40234375 0.53671875 0.0265625 0.02578125
0 0.40703125 0.50703125 0.02890625 0.01875
0 0.31328125 0.4703125 0.02734375 0.0171875
0 0.06328125 0.51796875 0.0265625 0.01640625
0 0.978125 0.89375 0.04375 0.053125
0 0.97734375 0.9484375 0.0453125 0.0578125
0 0.903125 0.80859375 0.05078125 0.0375
0 0.97890625 0.81796875 0.0421875 0.0453125
0 0.9890625 0.84765625 0.021875 0.0234375
0 0.93984375 0.65625 0.03984375 0.025
0 0.8875 0.6578125 0.0359375 0.034375
0 0.928125 0.70546875 0.021875 0.02109375
0 0.37890625 0.98203125 0.034375 0.03515625
0 0.2640625 0.97265625 0.0421875 0.04765625
0 0.353125 0.603125 0.03125 0.0234375
0 0.77734375 0.5609375 0.02890625 0.02734375
0 0.85 0.596875 0.02421875 0.01640625
0 0.71640625 0.59921875 0.0265625 0.0203125
0 0.8140625 0.60078125 0.03671875 0.03203125
0 0.86796875 0.515625 0.03046875 0.0171875
0 0.94453125 0.540625 0.03359375 0.025
0 0.95234375 0.5171875 0.02890625 0.01875
0 0.97421875 0.54765625 0.02109375 0.01796875
0 0.8625 0.5671875 0.0265625 0.01328125
0 0.28515625 0.5671875 0.03046875 0.02578125
0 0.290625 0.4953125 0.02734375 0.025
0 0.16640625 0.4859375 0.01640625 0.02109375
0 0.1578125 0.58203125 0.0265625 0.0203125
0 0.1765625 0.5328125 0.015625 0.01640625
0 0.09765625 0.47890625 0.0265625 0.015625
0 0.12890625 0.44375 0.0234375 0.015625
0 0.1578125 0.45 0.0203125 0.01953125
0 0.56328125 0.45703125 0.02578125 0.0171875
0 0.59765625 0.50390625 0.01953125 0.01875
0 0.640625 0.46796875 0.01875 0.02109375
0 0.61875 0.4625 0.0234375 0.01796875
0 0.609375 0.43984375 0.02109375 0.02421875
0 0.59140625 0.403125 0.0203125 0.0171875
0 0.61796875 0.40546875 0.01953125 0.02109375
0 0.71484375 0.54140625 0.0203125 0.01953125
0 0.70859375 0.51484375 0.01484375 0.01328125
0 0.73515625 0.6203125 0.021875 0.01796875
0 0.04765625 0.89140625 0.025 0.02734375
0 0.2515625 0.4640625 0.02109375 0.01484375
0 0.31796875 0.4453125 0.02734375 0.01484375
0 0.33046875 0.43125 0.01953125 0.0125
0 0.29140625 0.41953125 0.01875 0.009375
0 0.37421875 0.41328125 0.028125 0.01171875
0 0.35703125 0.43359375 0.0171875 0.01171875
0 0.46328125 0.553125 0.015625 0.01953125
0 0.98828125 0.640625 0.02265625 0.01484375