0 0.10234375 0.909375 0.0390625 0.06640625
0 0.0515625 0.9671875 0.053125 0.065625
0 0.02265625 0.93125 0.03828125 0.0453125
0 0.1859375 0.965625 0.06875 0.06875
0 0.19609375 0.83515625 0.0390625 0.05625
0 0.128125 0.7828125 0.04609375 0.05546875
0 0.0640625 0.80703125 0.0359375 0.03515625
0 0.0828125 0.71640625 0.025 0.0484375
0 0.18359375 0.7109375 0.05 0.0421875
0 0.2203125 0.74453125 0.03828125 0.04453125
0 0.25546875 0.8 0.04375 0.06484375
0 0.2296875 0.64296875 0.034375 0.03984375
0 0.24609375 0.6890625 0.03984375 0.04921875
0 0.1796875 0.62109375 0.0390625 0.0421875
0 0.09453125 0.64140625 0.03125 0.03515625
0 0.03671875 0.58515625 0.0265625 0.0375
0 0.10703125 0.5390625 0.0359375 0.03515625
0 0.16484375 0.50703125 0.0296875 0.0328125
0 0.1140625 0.49453125 0.028125 0.034375
0 0.06953125 0.440625 0.021875 0.03203125
0 0.1921875 0.4078125 0.01796875 0.025
0 0.27578125 0.43203125 0.0234375 0.0265625
0 0.25859375 0.56796875 0.0265625 0.034375
0 0.2078125 0.490625 0.02421875 0.03359375
0 0.33984375 0.76484375 0.06171875 0.071875
0 0.32421875 0.8640625 0.05078125 0.0578125
0 0.3671875 0.89375 0.0515625 0.07109375
0 0.38359375 0.809375 0.03125 0.05625
0 0.38984375 0.75 0.034375 0.04609375
0 0.44765625 0.73359375 0.0359375 0.046875
0 0.4515625 0.81640625 0.040625 0.0453125
0 0.40859375 0.66484375 0.03359375 0.04296875
0 0.371875 0.6390625 0.0203125 0.0421875
0 0.3078125 0.703125 0.0390625 0.0484375
0 0.321875 0.578125 0.021875 0.0328125
0 0.45625 0.62265625 0.0171875 0.01875
0 0.465625 0.6015625 0.02109375 0.03046875
0 0.43359375 0.60546875 0.02265625 0.034375
0 0.45234375 0.5234375 0.025 0.03125
0 0.38671875 0.47890625 0.02734375 0.02421875
0 0.3421875 0.5578125 0.0234375 0.025
0 0.6359375 0.84296875 0.06171875 0.06796875
0 0.53828125 0.8640625 0.04375 0.0453125
0 0.5328125 0.8203125 0.0359375 0.04453125
0 0.6671875 0.96015625 0.065625 0.07578125
0 0.765625 0.95703125 0.05703125 0.0703125
0 0.821875 0.94609375 0.03984375 0.06171875
0 0.746875 0.8625 0.03828125 0.06015625
0 0.7140625 0.80859375 0.0390625 0.05625
0 0.71640625 0.71796875 0.0484375 0.0484375
0 0.72890625 0.7 0.01875 0.028125
0 0.9828125 0.9609375 0.034375 0.053125
0 0.9828125 0.81796875 0.0296875 0.03671875
0 0.9359375 0.77734375 0.05 0.06640625
0 0.87109375 0.76328125 0.03359375 0.04609375
0 0.81953125 0.76796875 0.04765625 0.0578125
0 0.7921875 0.80703125 0.04140625 0.0578125
0 0.84140625 0.865625 0.0359375 0.05
0 0.70703125 0.66171875 0.03359375 0.03671875
0 0.75 0.65 0.0375 0.03203125
0 0.7484375 0.61171875 0.03046875 0.03671875
0 0.79765625 0.596875 0.03125 0.03046875
0 0.8609375 0.6015625 0.03515625 0.03515625
0 0.91796875 0.5703125 0.0328125 0.0375
0 0.940625 0.62109375 0.03359375 0.0390625
0 0.9765625 0.63203125 0.02109375 0.02578125
0 0.94609375 0.68515625 0.04140625 0.04375
0 0.80546875 0.70234375 0.0296875 0.03671875
0 0.70234375 0.5421875 0.0375 0.0375
0 0.646875 0.59296875 0.03203125 0.02734375
0 0.6078125 0.57890625 0.0328125 0.03984375
0 0.56796875 0.58671875 0.034375 0.0296875
0 0.63984375 0.5140625 0.03046875 0.03125
0 0.67734375 0.503125 0.03125 0.03671875
0 0.73984375 0.4984375 0.03359375 0.0328125
0 0.73984375 0.4609375 0.02109375 0.03046875
0 0.64921875 0.46796875 0.0234375 0.02265625
0 0.65859375 0.45078125 0.0234375 0.02421875
0 0.6734375 0.43203125 0.02421875 0.025
0 0.78984375 0.4296875 0.034375 0.028125
0 0.8421875 0.47265625 0.025 0.02421875
0 0.846875 0.44921875 0.02109375 0.0234375
0 0.88828125 0.4109375 0.0265625 0.02734375
0 0.921875 0.4828125 0.0265625 0.025
0 0.80859375 0.478125 0.028125 0.02890625
0 0.8453125 0.5328125 0.03203125 0.03046875
0 0.86171875 0.55625 0.0234375 0.02421875
0 0.93359375 0.51640625 0.034375 0.03125
0 0.6875 0.45703125 0.02109375 0.03515625
0 0.5765625 0.46796875 0.02890625 0.02421875
0 0.540625 0.48671875 0.034375 0.03515625
0 0.3515625 0.390625 0.021875 0.01953125
0 0.30859375 0.45390625 0.01953125 0.0234375
0 0.4765625 0.43828125 0.021875 0.01953125
0 0.49609375 0.46640625 0.0296875 0.02734375
0 0.43125 0.41796875 0.02421875 0.021875
0 0.9625 0.46640625 0.03046875 0.0171875
0 0.90546875 0.38359375 0.0265625 0.021875
0 0.784375 0.5203125 0.0328125 0.0234375
0 0.8859375 0.63984375 0.03359375 0.02734375
0 0.65859375 0.61796875 0.02421875 0.02734375
0 0.17421875 0.55 0.02734375 0.0328125
0 0.14609375 0.53203125 0.0328125 0.01796875
0 0.23359375 0.4046875 0.0140625 0.01875
0 0.284375 0.334375 0.01328125 0.021875
0 0.43515625 0.471875 0.01484375 0.02421875
0 0.60859375 0.48203125 0.021875 0.01875
0 0.546875 0.29375 0.021875 0.0203125
0 0.4203125 0.33125 0.01640625 0.015625
0 0.34140625 0.30703125 0.021875 0.0234375
0 0.0125 0.54140625 0.025 0.028125
0 0.0125 0.50546875 0.02421875 0.02890625
0 0.04140625 0.4234375 0.02734375 0.025
0 0.0234375 0.38828125 0.0171875 0.01875