0 0.728125 0.7109375 0.03515625 0.040625
0 0.2796875 0.7953125 0.0375 0.0515625
0 0.2859375 0.93671875 0.03515625 0.04765625
0 0.525 0.73828125 0.03046875 0.03984375
0 0.390625 0.64609375 0.0328125 0.03515625
0 0.78046875 0.6859375 0.025 0.0328125
0 0.55390625 0.93359375 0.0453125 0.0609375
0 0.4609375 0.8875 0.03984375 0.05859375
0 0.76875 0.78359375 0.03671875 0.05234375
0 0.3296875 0.8765625 0.021875 0.040625
0 0.58671875 0.65078125 0.02578125 0.03125
0 0.653125 0.54375 0.021875 0.025
0 0.55859375 0.75390625 0.0328125 0.04453125
0 0.70859375 0.88125 0.028125 0.04375
0 0.67890625 0.5359375 0.0234375 0.03125
0 0.04765625 0.70546875 0.0421875 0.04375
0 0.134375 0.72890625 0.04140625 0.04296875
0 0.18984375 0.70390625 0.03046875 0.03046875
0 0.92578125 0.6609375 0.034375 0.04296875
0 0.3 0.60078125 0.02734375 0.02578125
0 0.6265625 0.8703125 0.03359375 0.04375
0 0.82734375 0.84921875 0.0328125 0.03984375
0 0.42734375 0.7234375 0.03046875 0.03828125
0 0.496875 0.92109375 0.0296875 0.04140625
0 0.23984375 0.73828125 0.03125 0.034375
0 0.3609375 0.58515625 0.0265625 0.0265625
0 0.6984375 0.49140625 0.025 0.0265625
0 0.515625 0.67578125 0.0328125 0.03828125
0 0.415625 0.89921875 0.03515625 0.04921875
0 0.8890625 0.9546875 0.0359375 0.05
0 0.321875 0.78671875 0.03203125 0.03359375
0 0.17734375 0.903125 0.04296875 0.059375
0 0.8296875 0.90703125 0.0328125 0.034375
0 0.7515625 0.846875 0.0328125 0.05234375
0 0.4484375 0.815625 0.0390625 0.05
0 0.97734375 0.91953125 0.04140625 0.0609375
0 0.90703125 0.8671875 0.034375 0.0484375
0 0.4828125 0.6328125 0.0234375 0.03359375
0 0.6703125 0.72421875 0.0265625 0.034375
0 0.62578125 0.9625 0.0453125 0.0578125
0 0.7109375 0.55 0.02734375 0.02578125
0 0.19453125 0.82578125 0.0328125 0.040625
0 0.0515625 0.77421875 0.0484375 0.0484375
0 0.43046875 0.6265625 0.02890625 0.034375
0 0.46171875 0.69765625 0.02734375 0.04140625
0 0.8484375 0.6578125 0.0328125 0.03671875
0 0.2796875 0.52109375 0.02421875 0.02421875
0 0.21484375 0.97734375 0.03984375 0.0453125
0 0.15234375 0.62265625 0.02578125 0.028125
0 0.36171875 0.69765625 0.03046875 0.03515625
0 0.57734375 0.56015625 0.01796875 0.02109375
0 0.5484375 0.60390625 0.02734375 0.0296875
0 0.775 0.62890625 0.03046875 0.0296875
0 0.23515625 0.65234375 0.02421875 0.02734375
0 0.5390625 0.884375 0.025 0.03671875
0 0.11171875 0.78046875 0.03203125 0.03828125
0 0.5515625 0.6640625 0.01953125 0.0296875
0 0.60546875 0.70234375 0.0234375 0.02734375
0 0.37734375 0.77578125 0.02265625 0.03359375
0 0.8609375 0.76484375 0.0296875 0.03828125
0 0.8265625 0.7734375 0.034375 0.04453125
0 0.275 0.728125 0.028125 0.03125
0 0.86953125 0.7171875 0.0234375 0.02890625
0 0.9671875 0.84765625 0.0578125 0.059375
0 0.425 0.66796875 0.02578125 0.02734375
0 0.7640625 0.59375 0.021875 0.0265625
0 0.3484375 0.8140625 0.03203125 0.04765625
0 0.409375 0.5984375 0.025 0.02890625
0 0.12734375 0.81796875 0.03203125 0.03984375
0 0.88359375 0.65625 0.021875 0.028125
0 0.65859375 0.70078125 0.01953125 0.02421875
0 0.12421875 0.60390625 0.025 0.02890625
0 0.3140625 0.65234375 0.021875 0.0234375
0 0.8671875 0.90078125 0.025 0.034375
0 0.515625 0.84140625 0.028125 0.03359375
0 0.9671875 0.77265625 0.0359375 0.04140625
0 0.565625 0.98125 0.03828125 0.0375
0 0.3375 0.53125 0.02265625 0.0265625
0 0.31796875 0.49609375 0.02421875 0.02734375
0 0.72421875 0.4859375 0.0265625 0.0234375
0 0.159375 0.865625 0.03203125 0.046875
0 0.803125 0.72109375 0.0296875 0.03828125
0 0.83203125 0.68203125 0.0265625 0.03515625
0 0.2375 0.55703125 0.01796875 0.03046875
0 0.7453125 0.5078125 0.02734375 0.0265625
0 0.1234375 0.5515625 0.028125 0.02734375
0 0.18046875 0.66484375 0.0359375 0.03203125
0 0.0203125 0.61953125 0.02890625 0.03515625
0 0.86796875 0.54921875 0.0296875 0.028125
0 0.30546875 0.51796875 0.021875 0.02109375
0 0.090625 0.94375 0.025 0.0421875
0 0.20625 0.53046875 0.02578125 0.021875
0 0.1453125 0.659375 0.025 0.02265625
0 0.034375 0.8265625 0.0359375 0.03984375
0 0.578125 0.45625 0.02265625 0.0203125
0 0.075 0.65 0.01953125 0.02109375
0 0.7984375 0.425 0.025 0.02109375
0 0.08671875 0.55859375 0.021875 0.02578125
0 0.76640625 0.4515625 0.0203125 0.021875
0 0.18125 0.94296875 0.034375 0.03828125
0 0.11875 0.509375 0.02421875 0.025
0 0.61875 0.47265625 0.02421875 0.02578125
0 0.49609375 0.46953125 0.0234375 0.0203125
0 0.7703125 0.478125 0.0265625 0.021875
0 0.16015625 0.5203125 0.02578125 0.0265625
0 0.3546875 0.43671875 0.0171875 0.01796875
0 0.55859375 0.70234375 0.02109375 0.03046875
0 0.46640625 0.54921875 0.0171875 0.02421875
0 0.93125 0.603125 0.0265625 0.03046875
0 0.44765625 0.4 0.0171875 0.01796875
0 0.9265625 0.56015625 0.02421875 0.028125
0 0.5578125 0.565625 0.0171875 0.021875
0 0.05078125 0.5171875 0.02578125 0.02265625
0 0.19140625 0.4984375 0.02109375 0.0265625
0 0.04609375 0.5578125 0.03203125 0.0265625
0 0.34765625 0.484375 0.0203125 0.02265625
0 0.32421875 0.71015625 0.02109375 0.02421875
0 0.2734375 0.6875 0.01484375 0.021875
0 0.1890625 0.43203125 0.0203125 0.0203125
0 0.98828125 0.73359375 0.02265625 0.03359375
0 0.2203125 0.4484375 0.01796875 0.0234375
0 0.09921875 0.8890625 0.034375 0.06484375
0 0.5578125 0.5 0.0234375 0.0328125