0 0.425 0.85390625 0.05703125 0.06484375
0 0.36796875 0.90234375 0.03984375 0.0578125
0 0.290625 0.88046875 0.0546875 0.05703125
0 0.18046875 0.9140625 0.040625 0.05
0 0.1609375 0.975 0.05703125 0.04453125
0 0.07734375 0.95625 0.034375 0.0375
0 0.04921875 0.86796875 0.0515625 0.05625
0 0.04296875 0.8171875 0.0484375 0.05390625
0 0.121875 0.73359375 0.0484375 0.0515625
0 0.1875 0.675 0.04296875 0.03671875
0 0.21484375 0.57890625 0.03125 0.025
0 0.26328125 0.5921875 0.03046875 0.01953125
0 0.309375 0.5640625 0.01953125 0.03125
0 0.39921875 0.625 0.02890625 0.034375
0 0.39453125 0.58359375 0.03359375 0.0265625
0 0.45234375 0.653125 0.034375 0.025
0 0.403125 0.68046875 0.034375 0.03984375
0 0.3546875 0.671875 0.03984375 0.03203125
0 0.3328125 0.746875 0.0421875 0.0453125
0 0.3203125 0.70703125 0.03671875 0.03046875
0 0.26953125 0.7375 0.02890625 0.0328125
0 0.36796875 0.81640625 0.015625 0.0484375
0 0.440625 0.809375 0.03203125 0.03984375
0 0.53828125 0.721875 0.0375 0.06015625
0 0.58125 0.64453125 0.028125 0.03828125
0 0.54375 0.6546875 0.03203125 0.03125
0 0.4875 0.5765625 0.03125 0.02578125
0 0.50859375 0.5953125 0.03046875 0.0359375
0 0.44921875 0.6046875 0.028125 0.03125
0 0.43359375 0.54296875 0.03359375 0.02578125
0 0.3578125 0.509375 0.02890625 0.0234375
0 0.371875 0.55703125 0.02421875 0.01796875
0 0.27421875 0.45234375 0.03515625 0.021875
0 0.26875 0.43125 0.028125 0.025
0 0.23671875 0.49609375 0.025 0.0328125
0 0.171875 0.5265625 0.0375 0.03125
0 0.1671875 0.49765625 0.040625 0.02109375
0 0.08515625 0.5875 0.0328125 0.03046875
0 0.11796875 0.59375 0.01953125 0.028125
0 0.1234375 0.66640625 0.03671875 0.0296875
0 0.115625 0.64921875 0.0328125 0.021875
0 0.06953125 0.63203125 0.03203125 0.01484375
0 0.13203125 0.87265625 0.0421875 0.05390625
0 0.115625 0.4921875 0.034375 0.03125
0 0.1234375 0.54296875 0.021875 0.034375
0 0.1390625 0.56875 0.03125 0.0265625
0 0.14921875 0.6109375 0.0328125 0.0265625
0 0.40859375 0.9859375 0.07578125 0.02734375
0 0.4984375 0.840625 0.0421875 0.04140625
0 0.55390625 0.8140625 0.03515625 0.03203125
0 0.54609375 0.8890625 0.04140625 0.08046875
0 0.61640625 0.609375 0.01953125 0.03125
0 0.65546875 0.64453125 0.021875 0.03515625
0 0.6203125 0.69375 0.0359375 0.03359375
0 0.65859375 0.5625 0.025 0.03671875
0 0.61171875 0.51484375 0.0328125 0.03046875
0 0.5671875 0.51171875 0.01953125 0.0171875
0 0.53984375 0.47890625 0.02109375 0.021875
0 0.48046875 0.51640625 0.021875 0.025
0 0.42578125 0.46953125 0.0203125 0.025
0 0.42890625 0.5171875 0.02890625 0.02734375
0 0.3734375 0.715625 0.034375 0.0359375
0 0.340625 0.6203125 0.03359375 0.04140625
0 0.4171875 0.75234375 0.03359375 0.03671875
0 0.40234375 0.72890625 0.03203125 0.0234375
0 0.646875 0.8046875 0.04296875 0.0515625
0 0.7640625 0.92578125 0.05078125 0.05078125
0 0.83828125 0.9140625 0.06953125 0.07265625
0 0.865625 0.82421875 0.05625 0.0671875
0 0.82109375 0.7546875 0.0296875 0.03984375
0 0.68359375 0.7046875 0.02421875 0.03671875
0 0.728125 0.809375 0.02109375 0.03203125
0 0.74296875 0.8546875 0.0234375 0.03125
0 0.70390625 0.68984375 0.0203125 0.03046875
0 0.771875 0.69921875 0.02265625 0.0328125
0 0.74609375 0.71796875 0.021875 0.03046875
0 0.73359375 0.68515625 0.02109375 0.02421875
0 0.71953125 0.70859375 0.0265625 0.0453125
0 0.84375 0.7296875 0.03984375 0.03359375
0 0.85859375 0.628125 0.0203125 0.02578125
0 0.89296875 0.646875 0.04375 0.04453125
0 0.96484375 0.81328125 0.04921875 0.05
0 0.92890625 0.88359375 0.06328125 0.0671875
0 0.91171875 0.9015625 0.05859375 0.0640625
0 0.95078125 0.97578125 0.0484375 0.0484375
0 0.9109375 0.78515625 0.03671875 0.040625
0 0.971875 0.7296875 0.03125 0.02578125
0 0.97890625 0.76640625 0.02265625 0.02578125
0 0.95390625 0.68515625 0.03046875 0.03359375
0 0.775 0.56484375 0.02890625 0.03203125
0 0.69453125 0.6015625 0.03046875 0.02890625
0 0.72421875 0.55546875 0.021875 0.02578125
0 0.74609375 0.57421875 0.01953125 0.0234375
0 0.7859375 0.540625 0.03125 0.0296875
0 0.85 0.5109375 0.03671875 0.02421875
0 0.8953125 0.54375 0.0296875 0.01953125
0 0.85078125 0.53671875 0.028125 0.01796875
0 0.76328125 0.49296875 0.0265625 0.021875
0 0.7296875 0.48125 0.025 0.01796875
0 0.79296875 0.61875 0.021875 0.02109375
0 0.64453125 0.475 0.01875 0.01875
0 0.60859375 0.45546875 0.0234375 0.025
0 0.65546875 0.4984375 0.01953125 0.02109375
0 0.62265625 0.490625 0.02890625 0.01484375
0 0.57734375 0.6953125 0.03984375 0.03515625
0 0.2609375 0.5671875 0.02109375 0.0328125
0 0.28203125 0.55546875 0.02578125 0.02109375
0 0.23046875 0.54765625 0.02578125 0.028125
0 0.21328125 0.52578125 0.02890625 0.015625
0 0.28984375 0.621875 0.02421875 0.0203125
0 0.19609375 0.47890625 0.02578125 0.01796875
0 0.18359375 0.4640625 0.0296875 0.01875
0 0.16484375 0.44140625 0.01875 0.01484375
0 0.1390625 0.45625 0.021875 0.021875
0 0.10625 0.46640625 0.02109375 0.0203125
0 0.31015625 0.47109375 0.02421875 0.02109375
0 0.1921875 0.434375 0.0328125 0.01640625
0 0.215625 0.4078125 0.01796875 0.0171875
0 0.3125 0.4109375 0.01953125 0.01953125
0 0.04765625 0.45703125 0.0328125 0.01171875
0 0.07734375 0.4765625 0.01796875 0.0203125
0 0.028125 0.478125 0.0203125 0.015625
0 0.0171875 0.44140625 0.02421875 0.01640625
0 0.03828125 0.4421875 0.03046875 0.01875
0 0.07578125 0.43984375 0.02578125 0.02265625
0 0.8234375 0.55234375 0.02421875 0.02578125
0 0.84765625 0.58203125 0.0203125 0.025
0 0.8890625 0.5953125 0.03515625 0.01640625
0 0.8890625 0.575 0.03203125 0.01875
0 0.86171875 0.57578125 0.02109375 0.02421875
0 0.7890625 0.59375 0.025 0.015625