0 0.1375 0.946875 0.03046875 0.05390625
0 0.18359375 0.93984375 0.04296875 0.0546875
0 0.128125 0.8859375 0.03828125 0.04453125
0 0.14140625 0.8359375 0.0375 0.053125
0 0.03515625 0.7921875 0.040625 0.03828125
0 0.10546875 0.67578125 0.02734375 0.03984375
0 0.2078125 0.7796875 0.03046875 0.0421875
0 0.24140625 0.8171875 0.04140625 0.04609375
0 0.27734375 0.85859375 0.04140625 0.0546875
0 0.378125 0.98828125 0.034375 0.0234375
0 0.4515625 0.98125 0.0375 0.03671875
0 0.375 0.87265625 0.03046875 0.0421875
0 0.3609375 0.73984375 0.0359375 0.05625
0 0.41484375 0.71171875 0.046875 0.04921875
0 0.4484375 0.77421875 0.03671875 0.04921875
0 0.59453125 0.9078125 0.05390625 0.0671875
0 0.64375 0.90703125 0.0359375 0.05234375
0 0.69296875 0.91875 0.04140625 0.03828125
0 0.759375 0.9046875 0.046875 0.05703125
0 0.82578125 0.89296875 0.0453125 0.06171875
0 0.875 0.9234375 0.04453125 0.0609375
0 0.91953125 0.87578125 0.05078125 0.05859375
0 0.97265625 0.9375 0.03828125 0.0515625
0 0.86875 0.73671875 0.04921875 0.04296875
0 0.72578125 0.81796875 0.03828125 0.06484375
0 0.68046875 0.84296875 0.03671875 0.04765625
0 0.5546875 0.778125 0.028125 0.0484375
0 0.51953125 0.77265625 0.0296875 0.04609375
0 0.74921875 0.709375 0.03671875 0.04140625
0 0.72578125 0.77578125 0.03203125 0.03359375
0 0.41328125 0.625 0.0328125 0.03125
0 0.28203125 0.62109375 0.0328125 0.03125
0 0.253125 0.6578125 0.02421875 0.02734375
0 0.21796875 0.69921875 0.03046875 0.03125
0 0.096875 0.5640625 0.02421875 0.025
0 0.0328125 0.640625 0.0296875 0.0328125
0 0.29921875 0.5375 0.03359375 0.03203125
0 0.29609375 0.5015625 0.021875 0.025
0 0.17421875 0.50078125 0.01953125 0.0203125
0 0.509375 0.61484375 0.028125 0.03046875
0 0.46796875 0.6921875 0.02265625 0.0359375
0 0.49921875 0.72734375 0.02421875 0.0296875
0 0.671875 0.64609375 0.02265625 0.03203125
0 0.6328125 0.6953125 0.03671875 0.028125
0 0.6421875 0.58359375 0.02109375 0.0265625
0 0.66640625 0.6171875 0.02109375 0.03046875
0 0.7015625 0.61796875 0.02890625 0.03671875
0 0.71171875 0.56796875 0.025 0.02421875
0 0.64921875 0.49453125 0.025 0.021875
0 0.62421875 0.50546875 0.02421875 0.03125
0 0.61015625 0.540625 0.028125 0.02734375
0 0.75546875 0.671875 0.0296875 0.025
0 0.79375 0.690625 0.03046875 0.0265625
0 0.86015625 0.65234375 0.02734375 0.03828125
0 0.80390625 0.58125 0.025 0.0234375
0 0.8359375 0.5578125 0.02421875 0.02734375
0 0.79140625 0.5484375 0.021875 0.028125
0 0.7484375 0.58125 0.021875 0.034375
0 0.67265625 0.4609375 0.0234375 0.0296875
0 0.490625 0.5296875 0.0296875 0.025
0 0.43671875 0.5796875 0.03046875 0.0296875
0 0.35390625 0.6203125 0.02421875 0.02734375
0 0.33828125 0.59765625 0.025 0.02890625
0 0.16484375 0.58046875 0.01796875 0.02421875
0 0.40703125 0.83046875 0.0234375 0.03046875
0 0.51328125 0.56171875 0.0203125 0.0296875
0 0.88984375 0.56015625 0.0359375 0.02578125
0 0.92890625 0.553125 0.0265625 0.03125
0 0.83984375 0.5078125 0.025 0.0234375
0 0.76796875 0.50390625 0.02578125 0.025
0 0.96640625 0.665625 0.040625 0.03359375
0 0.965625 0.7125 0.04921875 0.04921875
0 0.51015625 0.89765625 0.028125 0.0421875
0 0.46015625 0.44453125 0.0171875 0.02265625
0 0.3484375 0.540625 0.03046875 0.02421875
0 0.40390625 0.4984375 0.0203125 0.02265625
0 0.24375 0.7359375 0.0296875 0.0421875
0 0.296875 0.76796875 0.04375 0.03671875
0 0.3140625 0.71640625 0.03046875 0.03984375
0 0.31328125 0.67890625 0.028125 0.0390625
0 0.3765625 0.465625 0.01796875 0.01953125
0 0.44453125 0.534375 0.02421875 0.0234375