0 0.12890625 0.96171875 0.04140625 0.0484375
0 0.065625 0.93671875 0.03359375 0.0421875
0 0.14609375 0.90390625 0.0234375 0.03046875
0 0.153125 0.975 0.03125 0.05
0 0.0671875 0.746875 0.028125 0.03828125
0 0.0890625 0.79453125 0.028125 0.03125
0 0.14765625 0.74453125 0.03046875 0.03828125
0 0.18046875 0.8078125 0.03359375 0.03515625
0 0.2140625 0.8125 0.0265625 0.03515625
0 0.2640625 0.86640625 0.02890625 0.0375
0 0.29140625 0.93671875 0.034375 0.034375
0 0.303125 0.8359375 0.04296875 0.046875
0 0.30859375 0.8828125 0.0421875 0.034375
0 0.28046875 0.76640625 0.03359375 0.03359375
0 0.234375 0.6796875 0.02265625 0.0375
0 0.2109375 0.74609375 0.02265625 0.03203125
0 0.06015625 0.68046875 0.025 0.028125
0 0.0359375 0.678125 0.02109375 0.02109375
0 0.096875 0.690625 0.0265625 0.0203125
0 0.11640625 0.721875 0.01640625 0.025
0 0.1265625 0.5625 0.0265625 0.0265625
0 0.08515625 0.61796875 0.02265625 0.021875
0 0.309375 0.6109375 0.0265625 0.03515625
0 0.328125 0.66640625 0.0265625 0.025
0 0.28203125 0.6515625 0.0203125 0.01875
0 0.2796875 0.6203125 0.01953125 0.028125
0 0.23515625 0.61875 0.02578125 0.02890625
0 0.3578125 0.7203125 0.028125 0.0234375
0 0.36953125 0.790625 0.0375 0.04765625
0 0.36171875 0.84140625 0.03125 0.03203125
0 0.459375 0.96015625 0.03515625 0.06328125
0 0.43203125 0.928125 0.02421875 0.05390625
0 0.39140625 0.875 0.021875 0.0421875
0 0.4578125 0.8875 0.03046875 0.04296875
0 0.4796875 0.79921875 0.0328125 0.03046875
0 0.5109375 0.79375 0.03125 0.03046875
0 0.39453125 0.728125 0.03125 0.034375
0 0.41484375 0.7671875 0.02421875 0.03125
0 0.33359375 0.57890625 0.0203125 0.02578125
0 0.2921875 0.7109375 0.0171875 0.025
0 0.48203125 0.58125 0.02109375 0.02109375
0 0.48359375 0.559375 0.02421875 0.0265625
0 0.45625 0.5828125 0.01953125 0.01953125
0 0.3625 0.60859375 0.01875 0.0234375
0 0.38125 0.59296875 0.01953125 0.021875
0 0.49453125 0.75234375 0.015625 0.0265625
0 0.49921875 0.6640625 0.02890625 0.0234375
0 0.55234375 0.64765625 0.02578125 0.02421875
0 0.528125 0.85234375 0.0328125 0.05625
0 0.59375 0.93125 0.0234375 0.03984375
0 0.5671875 0.984375 0.03125 0.03125
0 0.5671875 0.84609375 0.0328125 0.0390625
0 0.5984375 0.87265625 0.02734375 0.04296875
0 0.6140625 0.83984375 0.02265625 0.03046875
0 0.584375 0.75546875 0.0234375 0.03359375
0 0.67890625 0.95078125 0.04140625 0.0484375
0 0.690625 0.8734375 0.03359375 0.04765625
0 0.71953125 0.93046875 0.03203125 0.053125
0 0.75625 0.97421875 0.028125 0.0390625
0 0.8140625 0.9765625 0.03828125 0.046875
0 0.78828125 0.93671875 0.02734375 0.0421875
0 0.77734375 0.809375 0.02578125 0.04453125
0 0.73984375 0.79609375 0.03046875 0.03359375
0 0.92421875 0.77109375 0.03828125 0.040625
0 0.98125 0.85078125 0.03671875 0.0515625
0 0.94921875 0.94453125 0.03515625 0.03984375
0 0.8734375 0.7859375 0.0296875 0.0390625
0 0.85546875 0.76015625 0.0171875 0.0234375
0 0.8046875 0.75859375 0.025 0.0296875
0 0.77890625 0.7109375 0.025 0.03515625
0 0.71953125 0.7390625 0.0265625 0.0375
0 0.67734375 0.76015625 0.02265625 0.04140625
0 0.64921875 0.784375 0.0265625 0.034375
0 0.59609375 0.70703125 0.028125 0.03515625
0 0.55 0.77265625 0.01796875 0.02578125
0 0.62734375 0.68828125 0.02578125 0.0375
0 0.60390625 0.66171875 0.02265625 0.02578125
0 0.7328125 0.665625 0.0296875 0.0296875
0 0.86953125 0.609375 0.02421875 0.02109375
0 0.8828125 0.6234375 0.02109375 0.02109375
0 0.81171875 0.60546875 0.0171875 0.0265625
0 0.83671875 0.5984375 0.03046875 0.03203125
0 0.97109375 0.75390625 0.0265625 0.02734375
0 0.95390625 0.69609375 0.02890625 0.02734375
0 0.909375 0.53984375 0.0296875 0.0234375
0 0.8421875 0.55234375 0.021875 0.02890625
0 0.86796875 0.54375 0.0234375 0.025
0 0.8984375 0.515625 0.02421875 0.0203125
0 0.72421875 0.51953125 0.02421875 0.021875
0 0.7296875 0.628125 0.01875 0.02109375
0 0.75 0.6375 0.01484375 0.01796875
0 0.74921875 0.62109375 0.0171875 0.02109375
0 0.6328125 0.72890625 0.02421875 0.0265625
0 0.6765625 0.69453125 0.01328125 0.03515625
0 0.65078125 0.53125 0.0234375 0.01796875
0 0.64453125 0.6125 0.01796875 0.03203125
0 0.5171875 0.59140625 0.02265625 0.02109375
0 0.50703125 0.49453125 0.015625 0.01640625
0 0.35625 0.6890625 0.02421875 0.02578125
0 0.3421875 0.48671875 0.01875 0.02421875
0 0.35703125 0.46796875 0.015625 0.0171875
0 0.16640625 0.58515625 0.025 0.0234375
0 0.14140625 0.7078125 0.028125 0.0328125
0 0.13359375 0.67734375 0.025 0.02890625
0 0.38046875 0.9515625 0.03046875 0.0421875
0 0.39140625 0.98671875 0.0171875 0.02578125
0 0.51015625 0.54296875 0.01875 0.021875
0 0.540625 0.4921875 0.01640625 0.0203125
0 0.3359375 0.5453125 0.0171875 0.01796875
0 0.29375 0.5703125 0.021875 0.02265625
0 0.7171875 0.56796875 0.021875 0.0234375
0 0.74453125 0.72265625 0.025 0.03359375
0 0.375 0.50625 0.01640625 0.025
0 0.36015625 0.55859375 0.015625 0.0265625
0 0.14140625 0.49609375 0.0171875 0.01875