0 0.70625 0.76875 0.0328125 0.0359375
0 0.6734375 0.77578125 0.0265625 0.03203125
0 0.90703125 0.93203125 0.040625 0.05078125
0 0.171875 0.71875 0.02890625 0.0296875
0 0.575 0.70625 0.034375 0.03671875
0 0.80390625 0.9609375 0.03359375 0.04375
0 0.53984375 0.7 0.025 0.0265625
0 0.46796875 0.7421875 0.03359375 0.03828125
0 0.50625 0.8140625 0.0375 0.04609375
0 0.15234375 0.8984375 0.04921875 0.0875
0 0.2953125 0.9078125 0.034375 0.04765625
0 0.4 0.659375 0.0234375 0.03046875
0 0.37578125 0.784375 0.0328125 0.0375
0 0.76953125 0.68203125 0.03359375 0.03515625
0 0.5171875 0.9125 0.0359375 0.03828125
0 0.20390625 0.6515625 0.02265625 0.0296875
0 0.6640625 0.6421875 0.02578125 0.02578125
0 0.60625 0.7421875 0.034375 0.03125
0 0.715625 0.621875 0.02265625 0.02421875
0 0.8984375 0.853125 0.0390625 0.053125
0 0.7359375 0.83125 0.0375 0.05078125
0 0.4109375 0.79140625 0.0296875 0.03671875
0 0.65703125 0.90078125 0.03125 0.04921875
0 0.8171875 0.9046875 0.02890625 0.040625
0 0.8078125 0.8421875 0.0359375 0.04453125
0 0.67265625 0.8640625 0.0296875 0.0390625
0 0.5359375 0.56640625 0.02265625 0.02421875
0 0.1046875 0.6875 0.0296875 0.0328125
0 0.134375 0.70546875 0.021875 0.03203125
0 0.2171875 0.86015625 0.03359375 0.0453125
0 0.79765625 0.66640625 0.028125 0.03828125
0 0.62734375 0.53984375 0.02578125 0.02578125
0 0.76875 0.73125 0.02578125 0.034375
0 0.10546875 0.75859375 0.02890625 0.03046875
0 0.56953125 0.81953125 0.0296875 0.03828125
0 0.28203125 0.7421875 0.02421875 0.028125
0 0.86328125 0.7390625 0.0296875 0.0390625
0 0.9421875 0.9078125 0.0375 0.0625
0 0.9328125 0.77421875 0.03828125 0.04140625
0 0.690625 0.9375 0.03046875 0.053125
0 0.565625 0.7703125 0.0359375 0.04140625
0 0.0984375 0.61875 0.0265625 0.02890625
0 0.22890625 0.6578125 0.025 0.0265625
0 0.490625 0.64609375 0.0265625 0.03125
0 0.53046875 0.6640625 0.025 0.03203125
0 0.8390625 0.76015625 0.03125 0.0375
0 0.4609375 0.590625 0.02578125 0.03125
0 0.36015625 0.93515625 0.034375 0.04375
0 0.36015625 0.66328125 0.02734375 0.034375
0 0.771875 0.81953125 0.028125 0.0390625
0 0.26640625 0.66640625 0.0265625 0.028125
0 0.815625 0.81171875 0.02734375 0.03515625
0 0.36796875 0.87734375 0.02578125 0.0328125
0 0.7140625 0.971875 0.034375 0.05
0 0.32890625 0.7203125 0.02578125 0.0359375
0 0.38671875 0.95390625 0.0296875 0.05703125
0 0.63046875 0.690625 0.028125 0.02890625
0 0.47421875 0.84453125 0.03046875 0.05078125
0 0.3078125 0.56171875 0.021875 0.025
0 0.3921875 0.72421875 0.0234375 0.03046875
0 0.89765625 0.6484375 0.03203125 0.03359375
0 0.2828125 0.7703125 0.028125 0.0296875
0 0.29921875 0.6546875 0.02421875 0.0328125
0 0.38828125 0.59765625 0.02578125 0.02734375
0 0.6 0.8546875 0.03203125 0.04140625
0 0.17578125 0.7875 0.028125 0.034375
0 0.2328125 0.91953125 0.0265625 0.03828125
0 0.8984375 0.71640625 0.0328125 0.03671875
0 0.7578125 0.9875 0.03515625 0.02421875
0 0.43828125 0.54765625 0.0234375 0.025
0 0.2265625 0.725 0.021875 0.028125
0 0.4671875 0.6921875 0.01953125 0.0234375
0 0.24765625 0.72109375 0.021875 0.02734375
0 0.2109375 0.896875 0.02734375 0.03828125
0 0.57890625 0.5984375 0.01875 0.0328125
0 0.178125 0.6796875 0.03203125 0.034375
0 0.7671875 0.6359375 0.02734375 0.02890625
0 0.5203125 0.8578125 0.03203125 0.03984375
0 0.48203125 0.55546875 0.0234375 0.025
0 0.603125 0.56015625 0.021875 0.02421875
0 0.434375 0.59921875 0.02109375 0.025
0 0.50546875 0.53671875 0.0203125 0.02734375
0 0.29296875 0.70078125 0.0203125 0.02265625
0 0.26953125 0.8015625 0.03359375 0.03515625
0 0.41796875 0.734375 0.025 0.03203125
0 0.97734375 0.7890625 0.034375 0.03984375
0 0.95390625 0.69296875 0.03125 0.0328125
0 0.21328125 0.69609375 0.0265625 0.02890625
0 0.84375 0.67421875 0.021875 0.03515625
0 0.278125 0.62578125 0.0234375 0.02734375
0 0.28515625 0.51328125 0.02265625 0.025
0 0.375 0.55390625 0.0203125 0.0234375
0 0.26484375 0.4703125 0.01953125 0.021875
0 0.7859375 0.5109375 0.02109375 0.01953125
0 0.7359375 0.7453125 0.01953125 0.02734375
0 0.62421875 0.96328125 0.0203125 0.03828125
0 0.79375 0.54296875 0.0234375 0.02421875
0 0.16015625 0.659375 0.01953125 0.02734375
0 0.62734375 0.55859375 0.0234375 0.01953125
0 0.059375 0.7921875 0.02890625 0.03359375
0 0.80859375 0.70390625 0.0265625 0.02734375
0 0.44609375 0.6328125 0.0234375 0.02578125
0 0.4109375 0.57421875 0.02109375 0.02421875
0 0.55546875 0.98515625 0.04453125 0.02890625
0 0.4078125 0.52578125 0.021875 0.0265625
0 0.6671875 0.56796875 0.0234375 0.02734375
0 0.46796875 0.46484375 0.021875 0.021875
0 0.765625 0.82578125 0.028125 0.03828125
0 0.2640625 0.5421875 0.02578125 0.0234375
0 0.35703125 0.54375 0.01875 0.02109375
0 0.02890625 0.79375 0.0328125 0.03203125
0 0.98984375 0.578125 0.0203125 0.028125
0 0.79453125 0.59140625 0.01953125 0.02421875
0 0.48046875 0.4453125 0.02109375 0.02109375
0 0.7 0.6890625 0.0234375 0.0296875