0 0.94609375 0.78203125 0.0421875 0.04375
0 0.70078125 0.76875 0.02734375 0.040625
0 0.3796875 0.73203125 0.025 0.025
0 0.4421875 0.628125 0.01796875 0.03203125
0 0.31953125 0.946875 0.03515625 0.03671875
0 0.25625 0.6921875 0.0203125 0.03359375
0 0.39375 0.80390625 0.0328125 0.04296875
0 0.59140625 0.85703125 0.0296875 0.0375
0 0.7609375 0.80703125 0.03125 0.03828125
0 0.4390625 0.7765625 0.0296875 0.03125
0 0.20546875 0.81796875 0.03203125 0.0375
0 0.79765625 0.71875 0.0265625 0.03515625
0 0.85234375 0.60546875 0.025 0.028125
0 0.328125 0.8453125 0.040625 0.0484375
0 0.553125 0.86640625 0.03359375 0.05078125
0 0.7390625 0.7453125 0.0328125 0.034375
0 0.5 0.81171875 0.028125 0.03046875
0 0.303125 0.77734375 0.03359375 0.0375
0 0.3875 0.8515625 0.028125 0.0375
0 0.534375 0.80390625 0.03203125 0.03203125
0 0.46796875 0.725 0.02421875 0.0265625
0 0.096875 0.94921875 0.03671875 0.05
0 0.2859375 0.553125 0.0359375 0.03515625
0 0.3 0.515625 0.02109375 0.021875
0 0.2375 0.82421875 0.02578125 0.0375
0 0.715625 0.884375 0.0359375 0.0484375
0 0.828125 0.61171875 0.021875 0.0265625
0 0.34453125 0.675 0.025 0.03046875
0 0.3515625 0.58828125 0.02109375 0.02265625
0 0.48359375 0.9 0.02890625 0.040625
0 0.88203125 0.55234375 0.0265625 0.025
0 0.796875 0.81875 0.03125 0.04296875
0 0.3265625 0.6203125 0.0265625 0.03046875
0 0.378125 0.565625 0.01640625 0.0265625
0 0.89375 0.7953125 0.03203125 0.03671875
0 0.7078125 0.965625 0.0375 0.05078125
0 0.61953125 0.9421875 0.0234375 0.040625
0 0.6140625 0.715625 0.03203125 0.03515625
0 0.31484375 0.72109375 0.0171875 0.01953125
0 0.6703125 0.7921875 0.02890625 0.0359375
0 0.16875 0.75390625 0.028125 0.03671875
0 0.2140625 0.69765625 0.02734375 0.03203125
0 0.459375 0.940625 0.0265625 0.0453125
0 0.2875 0.8796875 0.02734375 0.046875
0 0.41953125 0.7375 0.03515625 0.03359375
0 0.665625 0.53984375 0.025 0.021875
0 0.74921875 0.67421875 0.028125 0.03125
0 0.63671875 0.84609375 0.02421875 0.03359375
0 0.48671875 0.97109375 0.03515625 0.05234375
0 0.37734375 0.69921875 0.0234375 0.0296875
0 0.3328125 0.89375 0.034375 0.03671875
0 0.6046875 0.765625 0.02421875 0.0359375
0 0.8546875 0.5578125 0.025 0.028125
0 0.74140625 0.94375 0.03515625 0.0578125
0 0.9875 0.7625 0.025 0.03125
0 0.23125 0.75625 0.028125 0.03359375
0 0.978125 0.95625 0.0390625 0.05078125
0 0.62265625 0.88046875 0.0328125 0.04765625
0 0.64921875 0.7 0.02578125 0.0359375
0 0.41796875 0.88984375 0.02890625 0.0390625
0 0.36328125 0.528125 0.02421875 0.028125
0 0.35546875 0.496875 0.0203125 0.0203125
0 0.82421875 0.76953125 0.028125 0.02734375
0 0.11640625 0.77890625 0.028125 0.03046875
0 0.6984375 0.70625 0.01953125 0.03671875
0 0.11875 0.69921875 0.028125 0.03046875
0 0.46953125 0.5921875 0.021875 0.02265625
0 0.30859375 0.57578125 0.02421875 0.02265625
0 0.29453125 0.628125 0.02109375 0.025
0 0.39921875 0.6 0.021875 0.0234375
0 0.15859375 0.975 0.03828125 0.046875
0 0.0828125 0.69140625 0.02578125 0.02578125
0 0.89296875 0.934375 0.03984375 0.04296875
0 0.92578125 0.5453125 0.02890625 0.0234375
0 0.7828125 0.9828125 0.028125 0.0328125
0 0.65390625 0.73828125 0.02421875 0.0265625
0 0.184375 0.59140625 0.02265625 0.02578125
0 0.37578125 0.47265625 0.0203125 0.01796875
0 0.62109375 0.66875 0.02421875 0.02890625
0 0.97421875 0.70390625 0.03203125 0.02734375
0 0.815625 0.9453125 0.03125 0.0421875
0 0.1578125 0.68828125 0.0234375 0.03125
0 0.24453125 0.5828125 0.01953125 0.021875
0 0.56875 0.7828125 0.0203125 0.0265625
0 0.8859375 0.61640625 0.0234375 0.021875
0 0.7796875 0.5421875 0.02421875 0.0265625
0 0.7328125 0.57421875 0.021875 0.021875
0 0.1375 0.73359375 0.0171875 0.025
0 0.08984375 0.75703125 0.02734375 0.03203125
0 0.840625 0.98203125 0.0421875 0.03515625
0 0.09453125 0.8328125 0.03671875 0.03515625
0 0.13984375 0.66015625 0.021875 0.025
0 0.253125 0.765625 0.025 0.034375
0 0.053125 0.684375 0.025 0.02734375
0 0.45390625 0.56015625 0.01640625 0.02265625
0 0.2546875 0.62578125 0.02421875 0.028125
0 0.57421875 0.6546875 0.01796875 0.0203125
0 0.021875 0.90703125 0.03359375 0.046875
0 0.746875 0.63359375 0.02109375 0.021875
0 0.11484375 0.80703125 0.02890625 0.0265625
0 0.3765625 0.6109375 0.01875 0.02109375
0 0.18359375 0.98046875 0.0296875 0.0390625
0 0.01171875 0.75703125 0.0234375 0.0328125
0 0.6 0.46328125 0.01875 0.01875
0 0.17578125 0.91328125 0.02578125 0.03203125
0 0.7390625 0.528125 0.0234375 0.01875
0 0.3 0.66171875 0.02109375 0.02578125
0 0.1625 0.71875 0.0234375 0.025
0 0.87578125 0.76953125 0.0203125 0.025
0 0.61015625 0.53984375 0.0234375 0.02109375
0 0.1203125 0.6 0.02421875 0.02421875
0 0.6625 0.6171875 0.01796875 0.0265625
0 0.5953125 0.99140625 0.03203125 0.0171875
0 0.559375 0.459375 0.01953125 0.01953125
0 0.9140625 0.51796875 0.0203125 0.0203125
0 0.42265625 0.5078125 0.01796875 0.02109375
0 0.16953125 0.5453125 0.02109375 0.02421875
0 0.67109375 0.57890625 0.02265625 0.02265625
0 0.71953125 0.659375 0.02109375 0.0296875
0 0.3515625 0.55234375 0.01953125 0.02265625
0 0.22109375 0.53515625 0.02265625 0.0296875
0 0.23359375 0.49296875 0.0171875 0.0203125
0 0.01484375 0.69453125 0.02890625 0.02890625
0 0.515625 0.7640625 0.01640625 0.0234375
0 0.76640625 0.73203125 0.01953125 0.0265625
0 0.94140625 0.48828125 0.02578125 0.02109375
0 0.76640625 0.62734375 0.01640625 0.021875
0 0.5703125 0.53359375 0.0171875 0.01953125
0 0.1078125 0.65859375 0.01875 0.0234375
0 0.603125 0.60625 0.0171875 0.025
0 0.24765625 0.65625 0.01796875 0.021875
0 0.62421875 0.48046875 0.01953125 0.0203125
0 0.065625 0.76328125 0.03359375 0.03203125
0 0.5984375 0.5171875 0.0171875 0.01875
0 0.90703125 0.5765625 0.02734375 0.021875
0 0.1578125 0.50078125 0.0203125 0.02109375
0 0.46953125 0.78203125 0.01640625 0.021875
0 0.94765625 0.66484375 0.02421875 0.0234375
0 0.41171875 0.965625 0.02578125 0.0359375
0 0.44609375 0.465625 0.0171875 0.01953125
0 0.55546875 0.49921875 0.01640625 0.01953125
0 0.39296875 0.51328125 0.0171875 0.0234375
0 0.74375 0.5515625 0.02109375 0.01953125
0 0.78359375 0.90703125 0.02265625 0.03359375
0 0.20546875 0.4875 0.01875 0.01953125
0 0.42109375 0.5484375 0.0140625 0.02109375
0 0.27265625 0.4796875 0.01796875 0.02109375
0 0.1421875 0.57109375 0.02421875 0.0234375
0 0.67421875 0.4890625 0.0203125 0.0203125
0 0.28046875 0.49921875 0.01640625 0.01796875
0 0.99296875 0.85 0.0125 0.04609375
0 0.19296875 0.6234375 0.02265625 0.03125
0 0.20703125 0.58828125 0.01953125 0.0203125
0 0.0234375 0.71875 0.0328125 0.03046875
0 0.5796875 0.48203125 0.01953125 0.01875
0 0.053125 0.73125 0.03046875 0.03046875
0 0.30234375 0.4828125 0.01796875 0.01796875
0 0.471875 0.484375 0.0171875 0.01796875
0 0.14296875 0.61328125 0.01875 0.01875
0 0.9 0.6296875 0.01953125 0.01875
0 0.10546875 0.62734375 0.02265625 0.02421875
0 0.3734375 0.9421875 0.02734375 0.0390625
0 0.48046875 0.509375 0.01640625 0.015625
0 0.37265625 0.45 0.01640625 0.01796875
0 0.6421875 0.46640625 0.01953125 0.01953125
0 0.1609375 0.62421875 0.01875 0.0234375
0 0.20390625 0.515625 0.02109375 0.02109375
0 0.3203125 0.66171875 0.0140625 0.02265625
0 0.784375 0.7703125 0.01953125 0.02578125
0 0.76796875 0.64375 0.01484375 0.0171875
0 0.5828125 0.62421875 0.0171875 0.01953125
0 0.96171875 0.56171875 0.0296875 0.0234375
0 0.2609375 0.94921875 0.02421875 0.04921875
0 0.24609375 0.91640625 0.03203125 0.0546875
0 0.2265625 0.86953125 0.04453125 0.03984375
0 0.03203125 0.9609375 0.02890625 0.03984375
0 0.021875 0.62578125 0.04375 0.04296875
0 0.19765625 0.6484375 0.02265625 0.0234375
0 0.2765625 0.6015625 0.02421875 0.03828125
0 0.19453125 0.56328125 0.03203125 0.025
0 0.84609375 0.5078125 0.025 0.02890625
0 0.68046875 0.63515625 0.03203125 0.03515625
0 0.6109375 0.8390625 0.03203125 0.03828125
0 0.3140625 0.4640625 0.02265625 0.021875
0 0.10234375 0.5296875 0.03359375 0.03515625
0 0.14609375 0.55 0.034375 0.03359375