0 0.0625 0.75 0.03984375 0.05625
0 0.1078125 0.79921875 0.0296875 0.034375
0 0.18046875 0.89140625 0.0390625 0.065625
0 0.21484375 0.93671875 0.06171875 0.06171875
0 0.0890625 0.9671875 0.065625 0.065625
0 0.25390625 0.97734375 0.04921875 0.04453125
0 0.2828125 0.878125 0.04765625 0.0578125
0 0.18984375 0.7875 0.034375 0.03984375
0 0.225 0.82890625 0.03828125 0.0546875
0 0.24140625 0.72734375 0.03984375 0.0375
0 0.2109375 0.69765625 0.03359375 0.03125
0 0.17578125 0.653125 0.03671875 0.02734375
0 0.26796875 0.6828125 0.03984375 0.0375
0 0.33125 0.6609375 0.03515625 0.03359375
0 0.35234375 0.684375 0.0359375 0.028125
0 0.18359375 0.6796875 0.02734375 0.025
0 0.1390625 0.63671875 0.03046875 0.03046875
0 0.10859375 0.653125 0.0234375 0.02421875
0 0.0875 0.675 0.02890625 0.0203125
0 0.0453125 0.7046875 0.03515625 0.028125
0 0.05703125 0.61484375 0.03671875 0.025
0 0.29453125 0.5828125 0.03671875 0.0390625
0 0.346875 0.58828125 0.03359375 0.0265625
0 0.4421875 0.6359375 0.0421875 0.0296875
0 0.49140625 0.6375 0.0265625 0.03046875
0 0.528125 0.6765625 0.03984375 0.04140625
0 0.5046875 0.57265625 0.03515625 0.02734375
0 0.45078125 0.5796875 0.028125 0.028125
0 0.41484375 0.6890625 0.0453125 0.04296875
0 0.45703125 0.6890625 0.0203125 0.02578125
0 0.48046875 0.7703125 0.028125 0.034375
0 0.41640625 0.796875 0.05546875 0.05
0 0.4625 0.8765625 0.04921875 0.059375
0 0.36015625 0.83046875 0.04609375 0.06171875
0 0.30078125 0.80390625 0.03203125 0.046875
0 0.29921875 0.7578125 0.03359375 0.0453125
0 0.41484375 0.95390625 0.03203125 0.03671875
0 0.38046875 0.98828125 0.0390625 0.0234375
0 0.34375 0.94453125 0.01796875 0.02734375
0 0.5875 0.88203125 0.04140625 0.05546875
0 0.53828125 0.8734375 0.0421875 0.06953125
0 0.51796875 0.81640625 0.03203125 0.0484375
0 0.7328125 0.9609375 0.04375 0.05859375
0 0.790625 0.93046875 0.0625 0.0875
0 0.78203125 0.87734375 0.05078125 0.05078125
0 0.8859375 0.8421875 0.0546875 0.053125
0 0.80703125 0.79375 0.05703125 0.0453125
0 0.7140625 0.7125 0.0375 0.04140625
0 0.67265625 0.6328125 0.02734375 0.03203125
0 0.73984375 0.66953125 0.0359375 0.03515625
0 0.69921875 0.66953125 0.0296875 0.034375
0 0.665625 0.69765625 0.02734375 0.028125
0 0.6703125 0.77265625 0.04296875 0.0390625
0 0.640625 0.5859375 0.04140625 0.02734375
0 0.6765625 0.53203125 0.034375 0.02109375
0 0.64921875 0.54140625 0.03203125 0.028125
0 0.74921875 0.6125 0.03203125 0.03359375
0 0.85546875 0.62734375 0.03046875 0.0265625
0 0.7890625 0.63125 0.02734375 0.034375
0 0.80625 0.53515625 0.02890625 0.0234375
0 0.69921875 0.4921875 0.03515625 0.03046875
0 0.8078125 0.74375 0.0453125 0.03359375
0 0.85703125 0.76953125 0.04140625 0.04375
0 0.6 0.63671875 0.0234375 0.025
0 0.57265625 0.56015625 0.02890625 0.0203125
0 0.49921875 0.73828125 0.03671875 0.04296875
0 0.534375 0.72890625 0.021875 0.0234375
0 0.76328125 0.7390625 0.0203125 0.02421875
0 0.81484375 0.8625 0.025 0.0265625
0 0.94765625 0.83359375 0.06015625 0.05
0 0.928125 0.71953125 0.05234375 0.0484375
0 0.94609375 0.68671875 0.03671875 0.03984375
0 0.953125 0.60078125 0.05078125 0.034375
0 0.89140625 0.6234375 0.03671875 0.01484375
0 0.890625 0.60390625 0.0328125 0.0234375
0 0.8390625 0.59296875 0.02734375 0.0203125
0 0.80625 0.603125 0.03515625 0.0234375
0 0.9328125 0.540625 0.0359375 0.0296875
0 0.9609375 0.80546875 0.04453125 0.0453125
0 0.86875 0.56328125 0.02890625 0.02734375
0 0.8890625 0.5421875 0.03046875 0.02890625
0 0.88671875 0.50625 0.0296875 0.0296875
0 0.434375 0.5390625 0.02265625 0.03359375
0 0.40625 0.53671875 0.03203125 0.0234375
0 0.2859375 0.53671875 0.0296875 0.03203125
0 0.31171875 0.46484375 0.0203125 0.01796875
0 0.37421875 0.49921875 0.03125 0.01875
0 0.4140625 0.47578125 0.025 0.01796875
0 0.46640625 0.47265625 0.0140625 0.01953125
0 0.490625 0.4328125 0.0171875 0.01796875
0 0.5296875 0.61171875 0.02734375 0.03203125
0 0.534375 0.559375 0.0234375 0.0171875
0 0.48828125 0.53671875 0.01875 0.01875
0 0.50625 0.54609375 0.01796875 0.01796875
0 0.45546875 0.53046875 0.0296875 0.021875
0 0.37578125 0.55078125 0.02109375 0.0265625
0 0.340625 0.534375 0.0328125 0.0234375
0 0.59140625 0.51875 0.021875 0.0234375
0 0.5921875 0.48046875 0.021875 0.01796875
0 0.57109375 0.4828125 0.02265625 0.025
0 0.1265625 0.553125 0.0265625 0.01640625
0 0.14765625 0.53828125 0.028125 0.01640625
0 0.20390625 0.5375 0.0203125 0.01875
0 0.2421875 0.53125 0.025 0.02265625
0 0.0140625 0.51328125 0.028125 0.02421875
0 0.16640625 0.48984375 0.02109375 0.01640625
0 0.20078125 0.47109375 0.0296875 0.015625
0 0.26171875 0.45078125 0.01796875 0.0234375
0 0.23984375 0.56796875 0.01640625 0.01796875
0 0.38828125 0.58828125 0.0171875 0.01640625
0 0.434375 0.43046875 0.02890625 0.0203125
0 0.38984375 0.446875 0.025 0.01640625
0 0.384375 0.41796875 0.02578125 0.01953125
0 0.34765625 0.45 0.02109375 0.02265625
0 0.31953125 0.40390625 0.02109375 0.01953125
0 0.9875 0.696875 0.025 0.0125
0 0.91171875 0.4640625 0.03125 0.0203125
0 0.80703125 0.51640625 0.02421875 0.01953125
0 0.76328125 0.48125 0.0265625 0.01953125
0 0.765625 0.56953125 0.025 0.021875
0 0.72734375 0.48359375 0.02265625 0.02109375
0 0.828125 0.49609375 0.021875 0.01953125
0 0.8078125 0.47890625 0.02265625 0.0203125
0 0.91484375 0.5984375 0.0140625 0.0296875
0 0.990625 0.6 0.01875 0.03984375
0 0.9875 0.54765625 0.0203125 0.015625
0 0.9640625 0.45859375 0.02578125 0.01640625
0 0.92421875 0.425 0.02734375 0.02421875
0 0.88828125 0.47734375 0.0234375 0.01875
0 0.85625 0.49296875 0.015625 0.01640625
0 0.8203125 0.46171875 0.02109375 0.01640625
0 0.85546875 0.43203125 0.0234375 0.015625
0 0.5609375 0.3875 0.02109375 0.0171875
0 0.634375 0.45078125 0.0125 0.01796875
0 0.6546875 0.42265625 0.02109375 0.0171875
0 0.6796875 0.446875 0.01015625 0.0171875
0 0.7015625 0.44765625 0.01640625 0.0109375
0 0.42109375 0.3625 0.0265625 0.0140625
0 0.32734375 0.61640625 0.01953125 0.0203125
0 0.2578125 0.4890625 0.01875 0.01640625
0 0.21015625 0.446875 0.02421875 0.0171875
0 0.0125 0.5625 0.025 0.01875
0 0.0359375 0.484375 0.0296875 0.01640625
0 0.1078125 0.69609375 0.025 0.01796875
0 0.12734375 0.70859375 0.021875 0.02109375
0 0.88203125 0.68828125 0.034375 0.03046875