0 0.08203125 0.95234375 0.03515625 0.06015625
0 0.05078125 0.8640625 0.05625 0.0640625
0 0.0453125 0.80390625 0.05390625 0.06953125
0 0.1609375 0.96875 0.05703125 0.06171875
0 0.1859375 0.903125 0.05625 0.06796875
0 0.12734375 0.86796875 0.06328125 0.0765625
0 0.12265625 0.734375 0.05703125 0.065625
0 0.2921875 0.875 0.06875 0.08515625
0 0.36953125 0.89921875 0.05546875 0.08984375
0 0.41328125 0.975 0.08828125 0.05
0 0.54453125 0.8890625 0.0578125 0.07109375
0 0.50546875 0.8390625 0.053125 0.06015625
0 0.421875 0.85625 0.06953125 0.0859375
0 0.44453125 0.80625 0.05 0.05
0 0.36875 0.81328125 0.0515625 0.0515625
0 0.3359375 0.74765625 0.04921875 0.053125
0 0.2703125 0.7328125 0.04453125 0.06015625
0 0.19296875 0.67734375 0.05390625 0.06171875
0 0.41796875 0.75078125 0.05 0.04140625
0 0.403125 0.72109375 0.03515625 0.03671875
0 0.375 0.71171875 0.03828125 0.0515625
0 0.31953125 0.7046875 0.04375 0.03671875
0 0.35859375 0.66953125 0.04765625 0.03671875
0 0.40625 0.67421875 0.04765625 0.0609375
0 0.45390625 0.64921875 0.04375 0.0484375
0 0.4015625 0.62265625 0.04765625 0.04375
0 0.34140625 0.61640625 0.046875 0.05390625
0 0.55859375 0.8109375 0.03671875 0.04140625
0 0.5390625 0.7203125 0.04765625 0.06484375
0 0.64921875 0.8015625 0.05390625 0.05703125
0 0.7640625 0.91171875 0.0671875 0.08203125
0 0.75078125 0.828125 0.08359375 0.109375
0 0.8375 0.90859375 0.06640625 0.0984375
0 0.61953125 0.6890625 0.0375 0.04140625
0 0.57734375 0.6890625 0.04140625 0.05703125
0 0.58046875 0.63828125 0.04296875 0.0453125
0 0.61484375 0.603125 0.03984375 0.04140625
0 0.65546875 0.640625 0.034375 0.05078125
0 0.94765625 0.97265625 0.0671875 0.0546875
0 0.86640625 0.81796875 0.06328125 0.0765625
0 0.96328125 0.859375 0.0453125 0.0515625
0 0.9640625 0.81015625 0.05078125 0.040625
0 0.92578125 0.88671875 0.0609375 0.08671875
0 0.9046875 0.90625 0.04375 0.06796875
0 0.82265625 0.74140625 0.046875 0.05703125
0 0.97734375 0.76328125 0.02734375 0.03203125
0 0.97265625 0.7265625 0.04609375 0.04375
0 0.953125 0.6828125 0.05546875 0.0453125
0 0.6796875 0.70625 0.03203125 0.034375
0 0.77421875 0.69921875 0.03359375 0.0390625
0 0.8765625 0.6703125 0.025 0.03125
0 0.89375 0.63359375 0.04140625 0.0515625
0 0.74765625 0.71640625 0.02734375 0.03984375
0 0.71640625 0.70859375 0.03984375 0.06015625
0 0.70625 0.6859375 0.0265625 0.04375
0 0.69140625 0.5984375 0.0328125 0.03515625
0 0.55234375 0.65234375 0.02734375 0.05625
0 0.51328125 0.59453125 0.02734375 0.0359375
0 0.490625 0.57109375 0.03984375 0.03828125
0 0.45 0.596875 0.0390625 0.05
0 0.3953125 0.578125 0.046875 0.0453125
0 0.43046875 0.53984375 0.0328125 0.02578125
0 0.20703125 0.7859375 0.06484375 0.06171875
0 0.12421875 0.66640625 0.040625 0.0484375
0 0.11171875 0.64140625 0.05 0.04140625
0 0.06640625 0.63046875 0.03828125 0.053125
0 0.153125 0.609375 0.0359375 0.04375
0 0.11953125 0.59296875 0.0390625 0.03359375
0 0.08828125 0.584375 0.04921875 0.046875
0 0.14765625 0.56484375 0.0625 0.04296875
0 0.1296875 0.53828125 0.040625 0.034375
0 0.1765625 0.5265625 0.0453125 0.03671875
0 0.215625 0.578125 0.03984375 0.04140625
0 0.23359375 0.54453125 0.0421875 0.03046875
0 0.2671875 0.59375 0.05 0.04453125
0 0.25859375 0.5640625 0.03671875 0.034375
0 0.2859375 0.5515625 0.03515625 0.02890625
0 0.3140625 0.5671875 0.03984375 0.03203125
0 0.37421875 0.55078125 0.03359375 0.03125
0 0.36015625 0.5328125 0.03046875 0.025
0 0.36171875 0.51015625 0.05 0.021875
0 0.4296875 0.5125 0.05 0.0234375
0 0.421875 0.4640625 0.03046875 0.03515625
0 0.48125 0.5140625 0.03671875 0.03125
0 0.11328125 0.49375 0.04296875 0.0359375
0 0.04609375 0.45625 0.03984375 0.02578125
0 0.07578125 0.4765625 0.0375 0.028125
0 0.1046875 0.46328125 0.02890625 0.03359375
0 0.19453125 0.4765625 0.03671875 0.03203125
0 0.23828125 0.49140625 0.0328125 0.04140625
0 0.653125 0.9328125 0.02578125 0.034375
0 0.9 0.5390625 0.0484375 0.0390625
0 0.6578125 0.56171875 0.03671875 0.0296875
0 0.7609375 0.61171875 0.0296875 0.05
0 0.79375 0.58203125 0.0328125 0.03046875
0 0.790625 0.53671875 0.04609375 0.03515625
0 0.771875 0.5671875 0.02265625 0.034375
0 0.85078125 0.58125 0.025 0.04140625
0 0.828125 0.553125 0.02265625 0.03203125
0 0.8515625 0.5359375 0.03359375 0.02890625
0 0.85 0.503125 0.0328125 0.03984375
0 0.61015625 0.5140625 0.03671875 0.03203125
0 0.56796875 0.5125 0.02734375 0.02890625
0 0.54453125 0.4796875 0.025 0.02421875
0 0.5734375 0.48984375 0.02421875 0.021875
0 0.60625 0.453125 0.040625 0.0296875
0 0.56953125 0.434375 0.02890625 0.0203125
0 0.72421875 0.55546875 0.02734375 0.028125
0 0.74453125 0.5734375 0.02265625 0.03515625
0 0.7609375 0.49296875 0.0328125 0.0265625
0 0.64375 0.471875 0.03359375 0.034375
0 0.6546875 0.49609375 0.03203125 0.03046875
0 0.84609375 0.72265625 0.03984375 0.03984375
0 0.9109375 0.77578125 0.06328125 0.046875
0 0.7328125 0.4796875 0.03828125 0.03671875
0 0.6546875 0.41796875 0.04296875 0.03203125
0 0.57578125 0.371875 0.02890625 0.0359375
0 0.2734375 0.45078125 0.0421875 0.025
0 0.26640625 0.42578125 0.04375 0.04375
0 0.315625 0.4703125 0.02890625 0.0296875
0 0.31484375 0.41640625 0.03671875 0.04375
0 0.190625 0.43046875 0.03359375 0.03046875
0 0.14140625 0.4515625 0.0359375 0.0390625
0 0.02421875 0.41875 0.0453125 0.03125
0 0.215625 0.40703125 0.0296875 0.02890625
0 0.07734375 0.43359375 0.03984375 0.04296875
0 0.6 0.40703125 0.03515625 0.0359375
0 0.79296875 0.6171875 0.03203125 0.03828125
0 0.01953125 0.6609375 0.03828125 0.05078125
0 0.68359375 0.98125 0.0453125 0.03671875
0 0.421875 0.384375 0.0265625 0.03046875
0 0.88515625 0.475 0.03671875 0.03125
0 0.54921875 0.384375 0.02734375 0.03046875