0 0.0328125 0.97734375 0.03828125 0.0453125
0 0.00703125 0.91875 0.0140625 0.04296875
0 0.12421875 0.98515625 0.04453125 0.02890625
0 0.16484375 0.9328125 0.03515625 0.06484375
0 0.1703125 0.8640625 0.05625 0.0734375
0 0.2453125 0.87265625 0.05 0.075
0 0.259375 0.95546875 0.02421875 0.0359375
0 0.32265625 0.91015625 0.0421875 0.0421875
0 0.34296875 0.96328125 0.05703125 0.0703125
0 0.40078125 0.9640625 0.03515625 0.05078125
0 0.3515625 0.840625 0.0375 0.046875
0 0.29609375 0.83515625 0.0265625 0.04375
0 0.275 0.78828125 0.025 0.02265625
0 0.2125 0.7859375 0.05625 0.05546875
0 0.15859375 0.790625 0.0359375 0.0296875
0 0.06171875 0.8296875 0.03046875 0.0390625
0 0.025 0.80078125 0.040625 0.04140625
0 0.25625 0.73984375 0.04453125 0.03984375
0 0.19296875 0.7125 0.0328125 0.03203125
0 0.14609375 0.71640625 0.02578125 0.02421875
0 0.15 0.7546875 0.03359375 0.03125
0 0.08359375 0.73359375 0.03515625 0.04296875
0 0.10390625 0.7859375 0.03046875 0.0328125
0 0.09609375 0.7609375 0.0203125 0.02265625
0 0.1171875 0.7484375 0.02265625 0.02421875
0 0.05390625 0.728125 0.03671875 0.03515625
0 0.02109375 0.71015625 0.0265625 0.0234375
0 0.01796875 0.67578125 0.03203125 0.040625
0 0.06171875 0.678125 0.0375 0.0265625
0 0.0921875 0.67265625 0.0328125 0.03203125
0 0.11640625 0.6734375 0.0328125 0.02265625
0 0.1296875 0.6953125 0.03515625 0.02734375
0 0.271875 0.69140625 0.04375 0.0265625
0 0.32265625 0.7546875 0.0375 0.03125
0 0.44765625 0.77109375 0.0625 0.07421875
0 0.5359375 0.95078125 0.05703125 0.07578125
0 0.5046875 0.8796875 0.04765625 0.06328125
0 0.603125 0.98125 0.05625 0.03671875
0 0.67109375 0.98671875 0.0421875 0.0265625
0 0.70234375 0.91640625 0.0484375 0.0734375
0 0.6703125 0.9375 0.0421875 0.05859375
0 0.6203125 0.90859375 0.0265625 0.0390625
0 0.75234375 0.921875 0.0359375 0.05703125
0 0.74609375 0.8921875 0.01796875 0.02578125
0 0.79375 0.95546875 0.04921875 0.075
0 0.846875 0.95 0.05078125 0.08125
0 0.909375 0.96796875 0.06328125 0.06328125
0 0.9609375 0.92734375 0.0484375 0.059375
0 0.9640625 0.8484375 0.03125 0.06171875
0 0.8890625 0.8671875 0.05859375 0.05234375
0 0.9296875 0.8046875 0.03046875 0.03046875
0 0.98203125 0.79296875 0.0359375 0.05390625
0 0.98515625 0.75625 0.028125 0.02578125
0 0.9015625 0.74140625 0.03984375 0.03828125
0 0.82265625 0.7828125 0.0546875 0.03828125
0 0.81796875 0.74140625 0.04765625 0.03515625
0 0.8546875 0.70625 0.03828125 0.0390625
0 0.96328125 0.6796875 0.03515625 0.03515625
0 0.984375 0.6640625 0.03125 0.04375
0 0.87734375 0.64140625 0.025 0.04296875
0 0.8375 0.6640625 0.0375 0.0390625
0 0.784375 0.6953125 0.04921875 0.0515625
0 0.7640625 0.728125 0.03359375 0.0375
0 0.734375 0.759375 0.02265625 0.03515625
0 0.7640625 0.78359375 0.0234375 0.0359375
0 0.69921875 0.81875 0.025 0.0546875
0 0.66484375 0.80234375 0.03359375 0.0515625
0 0.6578125 0.75625 0.0265625 0.04375
0 0.6 0.7796875 0.0453125 0.0515625
0 0.53046875 0.79375 0.04296875 0.04140625
0 0.50078125 0.78046875 0.03125 0.03984375
0 0.49921875 0.73515625 0.0359375 0.046875
0 0.43828125 0.66796875 0.0296875 0.0578125
0 0.5328125 0.69140625 0.0375 0.046875
0 0.54609375 0.6625 0.021875 0.028125
0 0.5390625 0.62890625 0.03671875 0.04296875
0 0.58125 0.615625 0.025 0.0453125
0 0.646875 0.675 0.04375 0.040625
0 0.68671875 0.67265625 0.0453125 0.0359375
0 0.73671875 0.63515625 0.03671875 0.0359375
0 0.646875 0.62265625 0.02734375 0.02734375
0 0.675 0.62265625 0.0234375 0.0328125
0 0.71796875 0.5921875 0.01875 0.015625
0 0.5015625 0.6125 0.025 0.0390625
0 0.48046875 0.61875 0.015625 0.03125
0 0.45390625 0.58828125 0.01875 0.0234375
0 0.42109375 0.60703125 0.02578125 0.02421875
0 0.41953125 0.5796875 0.028125 0.02265625
0 0.378125 0.59765625 0.0296875 0.0265625
0 0.35625 0.64296875 0.0234375 0.0296875
0 0.32890625 0.68046875 0.01796875 0.03203125
0 0.32734375 0.60234375 0.01796875 0.0203125
0 0.3390625 0.5859375 0.02421875 0.02265625
0 0.30234375 0.67109375 0.02421875 0.02890625
0 0.26015625 0.6390625 0.01640625 0.03203125
0 0.2421875 0.6234375 0.02265625 0.02265625
0 0.1984375 0.6484375 0.01484375 0.01875
0 0.0734375 0.6375 0.03046875 0.02734375
0 0.03203125 0.63828125 0.034375 0.0234375
0 0.8375 0.61484375 0.034375 0.03046875
0 0.79296875 0.603125 0.03359375 0.02734375
0 0.77421875 0.56953125 0.02890625 0.021875
0 0.7328125 0.55234375 0.028125 0.0203125
0 0.90859375 0.55078125 0.03515625 0.0125
0 0.88359375 0.590625 0.025 0.028125