0 0.09453125 0.953125 0.053125 0.0796875
0 0.17890625 0.875 0.03984375 0.05703125
0 0.21640625 0.92109375 0.0546875 0.0515625
0 0.2578125 0.97109375 0.04375 0.0578125
0 0.278125 0.86015625 0.0375 0.05078125
0 0.22578125 0.81875 0.046875 0.05234375
0 0.19296875 0.775 0.03359375 0.0453125
0 0.0671875 0.7421875 0.0390625 0.04921875
0 0.06328125 0.6109375 0.03046875 0.0296875
0 0.18125 0.675 0.03203125 0.02734375
0 0.17734375 0.6453125 0.028125 0.0390625
0 0.14140625 0.62890625 0.02421875 0.02734375
0 0.21484375 0.690625 0.0265625 0.03359375
0 0.23828125 0.7203125 0.040625 0.0328125
0 0.271875 0.671875 0.0328125 0.03671875
0 0.3 0.75078125 0.03828125 0.0390625
0 0.30078125 0.796875 0.0390625 0.0375
0 0.35625 0.8171875 0.034375 0.05078125
0 0.415625 0.7796875 0.04375 0.0390625
0 0.459375 0.865625 0.0390625 0.053125
0 0.415625 0.67890625 0.03828125 0.0390625
0 0.33125 0.65234375 0.02890625 0.03359375
0 0.35234375 0.67578125 0.0328125 0.03828125
0 0.29375 0.57734375 0.03828125 0.03515625
0 0.28828125 0.53125 0.02890625 0.0328125
0 0.20859375 0.5296875 0.021875 0.02578125
0 0.12734375 0.546875 0.02890625 0.0265625
0 0.34375 0.58125 0.02890625 0.028125
0 0.58125 0.86953125 0.03515625 0.0546875
0 0.53828125 0.865625 0.03671875 0.05625
0 0.51640625 0.80546875 0.0296875 0.04453125
0 0.47734375 0.76484375 0.025 0.03984375
0 0.52578125 0.6703125 0.03046875 0.03359375
0 0.43984375 0.62734375 0.034375 0.0296875
0 0.5015625 0.56875 0.0328125 0.03203125
0 0.52734375 0.60546875 0.01875 0.0296875
0 0.503125 0.54140625 0.01953125 0.0265625
0 0.4640625 0.46875 0.01796875 0.02421875
0 0.33671875 0.52890625 0.02421875 0.02578125
0 0.37421875 0.49375 0.0203125 0.025
0 0.2625 0.4484375 0.02265625 0.02890625
0 0.66484375 0.76640625 0.040625 0.0328125
0 0.72578125 0.95 0.040625 0.05234375
0 0.78125 0.9171875 0.04765625 0.075
0 0.775 0.86171875 0.03671875 0.0453125
0 0.8 0.7859375 0.0421875 0.04140625
0 0.940625 0.8234375 0.046875 0.04921875
0 0.70859375 0.70625 0.0265625 0.04296875
0 0.66953125 0.6265625 0.025 0.03203125
0 0.63515625 0.58046875 0.03125 0.0375
0 0.646875 0.5390625 0.025 0.034375
0 0.67421875 0.52421875 0.03203125 0.0296875
0 0.6984375 0.48984375 0.0296875 0.0375
0 0.74609375 0.6109375 0.03046875 0.0359375
0 0.7359375 0.665625 0.02734375 0.03515625
0 0.69921875 0.6671875 0.02578125 0.03515625
0 0.94609375 0.59765625 0.04453125 0.028125
0 0.8515625 0.625 0.028125 0.0265625
0 0.7890625 0.63203125 0.02890625 0.040625
0 0.8046875 0.53203125 0.028125 0.025
0 0.8625 0.559375 0.02421875 0.02734375
0 0.5984375 0.634375 0.02890625 0.02265625
0 0.8484375 0.7609375 0.03671875 0.03828125
0 0.80078125 0.7375 0.03828125 0.03984375
0 0.92109375 0.71640625 0.03671875 0.04375
0 0.92734375 0.53828125 0.03046875 0.03046875
0 0.5921875 0.47578125 0.0171875 0.01875
0 0.40234375 0.5296875 0.0234375 0.0234375
0 0.45546875 0.52734375 0.025 0.01953125
0 0.24296875 0.52578125 0.02265625 0.0234375
0 0.15078125 0.53515625 0.0234375 0.0234375