0 0.07421875 0.62265625 0.0421875 0.0328125
0 0.13828125 0.67578125 0.03828125 0.0359375
0 0.17265625 0.753125 0.040625 0.040625
0 0.0828125 0.73828125 0.0421875 0.03671875
0 0.0203125 0.76171875 0.03984375 0.04453125
0 0.08984375 0.8140625 0.03515625 0.0390625
0 0.0375 0.90546875 0.0546875 0.0640625
0 0.034375 0.8625 0.05625 0.05390625
0 0.12734375 0.9234375 0.0578125 0.03984375
0 0.23125 0.7859375 0.04765625 0.0484375
0 0.28984375 0.74609375 0.04609375 0.0390625
0 0.28359375 0.9796875 0.0515625 0.03828125
0 0.33046875 0.91875 0.04453125 0.04296875
0 0.39140625 0.9265625 0.06015625 0.0765625
0 0.3875 0.77734375 0.04296875 0.04765625
0 0.36015625 0.72421875 0.0296875 0.034375
0 0.203125 0.70546875 0.03046875 0.02734375
0 0.2296875 0.73828125 0.03203125 0.03671875
0 0.35625 0.66015625 0.0421875 0.02578125
0 0.4375 0.70625 0.034375 0.02578125
0 0.4375 0.6671875 0.03515625 0.025
0 0.3921875 0.84609375 0.04140625 0.0484375
0 0.45234375 0.88828125 0.04765625 0.04375
0 0.575 0.896875 0.03671875 0.07109375
0 0.6125 0.87890625 0.04765625 0.06484375
0 0.66484375 0.96484375 0.03671875 0.0453125
0 0.60625 0.965625 0.05 0.06015625
0 0.55390625 0.984375 0.025 0.03125
0 0.509375 0.765625 0.03671875 0.0359375
0 0.45703125 0.80859375 0.04921875 0.0515625
0 0.5359375 0.796875 0.03671875 0.03671875
0 0.659375 0.81953125 0.03359375 0.0484375
0 0.71171875 0.87421875 0.02734375 0.0578125
0 0.74765625 0.98515625 0.0359375 0.0296875
0 0.778125 0.9609375 0.0265625 0.03828125
0 0.8703125 0.98046875 0.03125 0.034375
0 0.76171875 0.80234375 0.034375 0.04296875
0 0.7203125 0.7453125 0.03515625 0.0390625
0 0.8015625 0.73125 0.0328125 0.02734375
0 0.8640625 0.75390625 0.021875 0.03203125
0 0.8828125 0.8015625 0.04296875 0.04140625
0 0.828125 0.76328125 0.021875 0.028125
0 0.84765625 0.815625 0.0265625 0.04921875
0 0.87890625 0.71015625 0.0421875 0.03203125
0 0.66015625 0.66640625 0.04140625 0.02890625
0 0.57734375 0.61328125 0.0234375 0.0203125
0 0.58359375 0.69609375 0.01796875 0.03671875
0 0.6046875 0.6640625 0.0265625 0.02265625
0 0.49765625 0.6671875 0.02578125 0.0328125
0 0.43359375 0.5921875 0.025 0.02421875
0 0.54375 0.6078125 0.02734375 0.0203125
0 0.61484375 0.63203125 0.02109375 0.02421875
0 0.61484375 0.58828125 0.02578125 0.0234375
0 0.6546875 0.57578125 0.0359375 0.02734375
0 0.70859375 0.63515625 0.03125 0.028125
0 0.7 0.60703125 0.03125 0.02265625
0 0.8078125 0.98359375 0.015625 0.0328125
0 0.8140625 0.9609375 0.0375 0.034375
0 0.86328125 0.9140625 0.0265625 0.03515625
0 0.9203125 0.94921875 0.03359375 0.03515625
0 0.7 0.66484375 0.028125 0.028125
0 0.8078125 0.61640625 0.03203125 0.02890625
0 0.25625 0.5375 0.03203125 0.021875
0 0.2640625 0.56171875 0.021875 0.01953125
0 0.21171875 0.6234375 0.0265625 0.02734375
0 0.18359375 0.66953125 0.02578125 0.0203125
0 0.078125 0.696875 0.03515625 0.0421875
0 0.05625 0.78671875 0.04140625 0.03984375
0 0.165625 0.6 0.03359375 0.03125
0 0.1140625 0.56640625 0.03046875 0.0265625
0 0.06875 0.58359375 0.01640625 0.02265625
0 0.2609375 0.82890625 0.02265625 0.0359375
0 0.3234375 0.834375 0.03828125 0.0359375
0 0.3125 0.81484375 0.0265625 0.03125
0 0.34921875 0.9875 0.0453125 0.025
0 0.59765625 0.7890625 0.0265625 0.03359375
0 0.74140625 0.590625 0.021875 0.01953125
0 0.71328125 0.52421875 0.03203125 0.02734375
0 0.63984375 0.50234375 0.0265625 0.0171875
0 0.85234375 0.67265625 0.034375 0.02578125
0 0.84296875 0.63359375 0.03046875 0.02734375
0 0.67578125 0.6296875 0.028125 0.01953125
0 0.61875 0.46015625 0.0265625 0.01796875
0 0.9671875 0.6953125 0.03515625 0.04296875
0 0.9296875 0.73125 0.02421875 0.021875
0 0.8125 0.69765625 0.025 0.03125
0 0.61640625 0.5484375 0.02578125 0.02265625
0 0.30546875 0.5984375 0.021875 0.021875
0 0.25703125 0.72265625 0.028125 0.01796875
0 0.27578125 0.62578125 0.0328125 0.03046875
0 0.2546875 0.64765625 0.02734375 0.01953125
0 0.17265625 0.5375 0.03125 0.02421875
0 0.20390625 0.5046875 0.028125 0.02265625
0 0.11171875 0.52734375 0.03984375 0.02265625
0 0.13203125 0.628125 0.03984375 0.0328125
0 0.478125 0.64921875 0.01640625 0.01796875
0 0.8890625 0.64140625 0.04140625 0.0171875
0 0.9640625 0.7734375 0.03828125 0.0390625
0 0.98203125 0.7546875 0.03515625 0.03984375
0 0.93359375 0.6125 0.0375 0.02890625
0 0.771875 0.68828125 0.0171875 0.0203125
0 0.20625 0.99140625 0.02578125 0.01640625
0 0.14296875 0.54921875 0.0203125 0.01640625
0 0.15546875 0.58046875 0.02734375 0.02578125
0 0.0109375 0.56796875 0.021875 0.021875
0 0.009375 0.54375 0.01875 0.021875
0 0.04375 0.5453125 0.0296875 0.0234375
0 0.0359375 0.59921875 0.034375 0.01953125
0 0.49453125 0.5109375 0.0328125 0.02265625
0 0.30546875 0.53359375 0.021875 0.01328125
0 0.31953125 0.50859375 0.02890625 0.0328125
0 0.34765625 0.60546875 0.0234375 0.01640625
0 0.890625 0.8359375 0.034375 0.03984375
0 0.81328125 0.54765625 0.02890625 0.025
0 0.97109375 0.6625 0.0484375 0.03671875
0 0.76640625 0.7578125 0.0296875 0.0296875
0 0.53125 0.67734375 0.015625 0.0328125
0 0.5859375 0.54609375 0.02109375 0.01796875
0 0.984375 0.86640625 0.03046875 0.03515625
0 0.73515625 0.696875 0.01875 0.02734375
0 0.81484375 0.5109375 0.021875 0.01484375
0 0.7375 0.50625 0.02109375 0.01328125
0 0.703125 0.49140625 0.0140625 0.01640625
0 0.65703125 0.4640625 0.0203125 0.015625
0 0.58828125 0.47421875 0.02734375 0.0203125
0 0.5328125 0.471875 0.01953125 0.0171875
0 0.48828125 0.45390625 0.02421875 0.0140625
0 0.51796875 0.4421875 0.01953125 0.021875
0 0.43671875 0.4796875 0.0203125 0.01796875
0 0.38203125 0.58515625 0.02734375 0.02265625
0 0.44453125 0.63671875 0.01953125 0.02109375
0 0.375 0.56484375 0.02890625 0.01640625