0 0.78984375 0.87734375 0.03515625 0.05078125
0 0.790625 0.95703125 0.0359375 0.05
0 0.62890625 0.86171875 0.03515625 0.05078125
0 0.31796875 0.68828125 0.0203125 0.03203125
0 0.60703125 0.79921875 0.0359375 0.03515625
0 0.278125 0.81640625 0.03203125 0.03828125
0 0.53828125 0.7203125 0.02578125 0.02734375
0 0.40234375 0.84375 0.040625 0.0484375
0 0.6671875 0.85 0.028125 0.0375
0 0.80703125 0.73984375 0.0328125 0.0359375
0 0.2375 0.753125 0.02734375 0.0359375
0 0.50859375 0.7734375 0.03203125 0.0296875
0 0.3796875 0.71875 0.01875 0.02109375
0 0.56328125 0.89453125 0.0296875 0.04140625
0 0.3765625 0.77421875 0.03359375 0.0375
0 0.31171875 0.8609375 0.0390625 0.0515625
0 0.3109375 0.8234375 0.02578125 0.03515625
0 0.96796875 0.790625 0.034375 0.03359375
0 0.18515625 0.94453125 0.03515625 0.0484375
0 0.7046875 0.93828125 0.025 0.0390625
0 0.57734375 0.66875 0.028125 0.02890625
0 0.57421875 0.80859375 0.02890625 0.03359375
0 0.18125 0.69765625 0.02890625 0.03046875
0 0.4046875 0.94453125 0.0359375 0.03828125
0 0.52890625 0.58828125 0.02109375 0.025
0 0.8265625 0.9359375 0.03125 0.05859375
0 0.40625 0.671875 0.02421875 0.03125
0 0.68125 0.71328125 0.03125 0.034375
0 0.46484375 0.8484375 0.02734375 0.0375
0 0.73984375 0.78671875 0.02890625 0.0359375
0 0.87109375 0.8171875 0.03125 0.040625
0 0.7015625 0.875 0.0328125 0.04375
0 0.63125 0.6515625 0.02421875 0.02421875
0 0.4671875 0.8 0.034375 0.040625
0 0.7125 0.69453125 0.0265625 0.0375
0 0.5453125 0.93671875 0.02890625 0.0484375
0 0.43203125 0.56015625 0.01953125 0.02890625
0 0.37890625 0.6140625 0.02421875 0.028125
0 0.0421875 0.94375 0.0421875 0.0765625
0 0.86171875 0.71484375 0.02890625 0.03515625
0 0.8125 0.6703125 0.03046875 0.03203125
0 0.88359375 0.60859375 0.02265625 0.02421875
0 0.76796875 0.76484375 0.02734375 0.0375
0 0.44296875 0.69296875 0.02421875 0.0328125
0 0.89296875 0.7640625 0.028125 0.02578125
0 0.71484375 0.840625 0.025 0.03203125
0 0.57265625 0.97109375 0.03671875 0.05546875
0 0.1484375 0.68515625 0.02421875 0.0265625
0 0.48671875 0.73359375 0.0359375 0.0359375
0 0.8328125 0.8 0.034375 0.0390625
0 0.93203125 0.98046875 0.0484375 0.0390625
0 0.16953125 0.83203125 0.034375 0.034375
0 0.90703125 0.6 0.025 0.028125
0 0.675 0.76171875 0.025 0.0359375
0 0.5 0.625 0.01796875 0.0328125
0 0.41328125 0.89296875 0.034375 0.03828125
0 0.2984375 0.7546875 0.025 0.03203125
0 0.159375 0.75390625 0.025 0.03125
0 0.36484375 0.571875 0.0234375 0.02421875
0 0.4484375 0.72890625 0.025 0.0265625
0 0.0921875 0.715625 0.0359375 0.03046875
0 0.71640625 0.53515625 0.0234375 0.021875
0 0.259375 0.9109375 0.02421875 0.03203125
0 0.30703125 0.62265625 0.0265625 0.0265625
0 0.45625 0.59609375 0.02421875 0.0234375
0 0.36484375 0.87890625 0.0265625 0.0484375
0 0.8703125 0.98046875 0.03046875 0.03828125
0 0.4984375 0.8859375 0.03203125 0.040625
0 0.2359375 0.5921875 0.0234375 0.0265625
0 0.18671875 0.80390625 0.02890625 0.028125
0 0.20703125 0.728125 0.01796875 0.025
0 0.55546875 0.56171875 0.025 0.025
0 0.1203125 0.68046875 0.02265625 0.028125
0 0.325 0.76484375 0.02578125 0.034375
0 0.35234375 0.625 0.02109375 0.02421875
0 0.07890625 0.7515625 0.03046875 0.03125
0 0.24453125 0.9703125 0.0375 0.04453125
0 0.1078125 0.89765625 0.03515625 0.04765625
0 0.40546875 0.5796875 0.0203125 0.0234375
0 0.21796875 0.684375 0.025 0.02734375
0 0.8984375 0.94453125 0.03359375 0.0421875
0 0.5546875 0.58203125 0.02265625 0.021875
0 0.11875 0.95703125 0.0296875 0.0390625
0 0.0984375 0.93984375 0.028125 0.03984375
0 0.68515625 0.9875 0.03828125 0.0234375
0 0.18515625 0.77578125 0.0265625 0.02890625
0 0.13515625 0.76015625 0.02578125 0.02890625
0 0.2 0.6578125 0.02265625 0.02578125
0 0.7609375 0.7 0.01953125 0.034375
0 0.06171875 0.68203125 0.01953125 0.03828125
0 0.07890625 0.6890625 0.02578125 0.02890625
0 0.0109375 0.79453125 0.021875 0.0375
0 0.28671875 0.565625 0.028125 0.03984375
0 0.2984375 0.5796875 0.0203125 0.02421875
0 0.0125 0.72265625 0.025 0.0359375
0 0.9046875 0.55390625 0.02890625 0.028125
0 0.40234375 0.490625 0.02109375 0.02109375
0 0.934375 0.54765625 0.02578125 0.02421875
0 0.27109375 0.98046875 0.02890625 0.0390625
0 0.68203125 0.66328125 0.025 0.02890625
0 0.78671875 0.56796875 0.021875 0.0234375
0 0.20390625 0.4984375 0.01953125 0.021875
0 0.33515625 0.6046875 0.02109375 0.02265625
0 0.36015625 0.659375 0.021875 0.02578125
0 0.6109375 0.71875 0.0203125 0.0234375
0 0.940625 0.61015625 0.025 0.02109375
0 0.125 0.72578125 0.02734375 0.03046875
0 0.01484375 0.65234375 0.0296875 0.03125
0 0.590625 0.59453125 0.021875 0.0265625
0 0.71875 0.6140625 0.01953125 0.02578125
0 0.98046875 0.9390625 0.03671875 0.0453125
0 0.58515625 0.76015625 0.0171875 0.02265625
0 0.47109375 0.53984375 0.02265625 0.03671875
0 0.46875 0.50390625 0.01953125 0.0234375
0 0.278125 0.6953125 0.02578125 0.03125
0 0.71796875 0.7359375 0.02578125 0.02734375
0 0.3484375 0.5109375 0.02109375 0.02109375
0 0.38046875 0.659375 0.0171875 0.025
0 0.19765625 0.56796875 0.02734375 0.02578125
0 0.98125 0.54140625 0.0328125 0.02421875
0 0.4421875 0.51015625 0.01953125 0.02421875
0 0.4203125 0.4671875 0.02109375 0.02109375
0 0.52109375 0.47890625 0.01875 0.021875
0 0.64453125 0.4578125 0.01875 0.01875
0 0.64375 0.77734375 0.0171875 0.02578125
0 0.07578125 0.825 0.0296875 0.03515625
0 0.4890625 0.5546875 0.0203125 0.03125
0 0.5078125 0.55546875 0.0171875 0.0203125
0 0.16328125 0.62421875 0.021875 0.02578125
0 0.66171875 0.53515625 0.0203125 0.02109375
0 0.94609375 0.76484375 0.021875 0.02421875
0 0.865625 0.90234375 0.02265625 0.034375
0 0.30703125 0.65234375 0.0171875 0.021875
0 0.2265625 0.715625 0.02109375 0.02421875
0 0.3375 0.54921875 0.021875 0.025
0 0.83125 0.72578125 0.02109375 0.0265625
0 0.2078125 0.5453125 0.0265625 0.025
0 0.56953125 0.496875 0.0171875 0.0203125
0 0.80390625 0.6328125 0.01875 0.02109375
0 0.04453125 0.7390625 0.02265625 0.03359375
0 0.66640625 0.47734375 0.0203125 0.02109375
0 0.8515625 0.76484375 0.0234375 0.0265625
0 0.403125 0.54765625 0.02109375 0.02421875
0 0.2796875 0.4875 0.01875 0.02265625
0 0.48125 0.46015625 0.0203125 0.0203125
0 0.43984375 0.61015625 0.0171875 0.01875
0 0.825 0.62890625 0.01484375 0.02265625
0 0.55859375 0.47109375 0.01640625 0.01875
0 0.16796875 0.65703125 0.01796875 0.021875
0 0.3484375 0.4765625 0.01953125 0.02109375
0 0.31796875 0.47109375 0.0171875 0.02109375
0 0.95859375 0.625 0.0203125 0.01875
0 0.578125 0.546875 0.02265625 0.0234375
0 0.175 0.596875 0.0234375 0.02578125
0 0.9890625 0.484375 0.02109375 0.02109375
0 0.19453125 0.61015625 0.01875 0.01953125
0 0.41796875 0.4453125 0.01875 0.01953125
0 0.24609375 0.4828125 0.01796875 0.02109375
0 0.50546875 0.99296875 0.02734375 0.01328125
0 0.15390625 0.52109375 0.021875 0.021875
0 0.246875 0.51171875 0.0203125 0.02265625
0 0.49609375 0.95859375 0.02578125 0.03125
0 0.72265625 0.56484375 0.021875 0.02265625
0 0.14296875 0.6078125 0.02265625 0.025
0 0.259375 0.64453125 0.0171875 0.021875
0 0.6484375 0.51328125 0.01640625 0.01796875
0 0.68359375 0.46015625 0.01796875 0.01953125
0 0.803125 0.60625 0.01640625 0.021875
0 0.66484375 0.6046875 0.01875 0.02421875
0 0.6203125 0.52578125 0.02265625 0.03359375
0 0.640625 0.61640625 0.02109375 0.03046875
0 0.24765625 0.565625 0.021875 0.025
0 0.08359375 0.6140625 0.03984375 0.03203125
0 0.0421875 0.675 0.03359375 0.04296875
0 0.2140625 0.62109375 0.034375 0.028125
0 0.26171875 0.58125 0.02578125 0.0390625
0 0.51640625 0.57109375 0.01875 0.02890625
0 0.6 0.490625 0.02578125 0.0265625
0 0.77578125 0.6515625 0.03359375 0.04921875
0 0.721875 0.48359375 0.034375 0.0328125
0 0.34921875 0.940625 0.03046875 0.05234375
0 0.32578125 0.91640625 0.034375 0.0484375