0 0.05 0.8875 0.04453125 0.05859375
0 0.10234375 0.84921875 0.04921875 0.05703125
0 0.07578125 0.7546875 0.03515625 0.0390625
0 0.13828125 0.75 0.0359375 0.04296875
0 0.190625 0.86015625 0.0484375 0.04140625
0 0.24453125 0.93125 0.0484375 0.06875
0 0.25859375 0.84375 0.03125 0.0421875
0 0.32734375 0.87109375 0.05859375 0.0671875
0 0.34453125 0.96953125 0.090625 0.0609375
0 0.4171875 0.8625 0.05546875 0.0546875
0 0.48828125 0.92109375 0.0609375 0.05625
0 0.5328125 0.87578125 0.04453125 0.046875
0 0.59296875 0.89765625 0.04453125 0.06171875
0 0.63125 0.87890625 0.03125 0.04609375
0 0.678125 0.89453125 0.03671875 0.04765625
0 0.7171875 0.9765625 0.059375 0.046875
0 0.715625 0.921875 0.03984375 0.05078125
0 0.765625 0.96484375 0.0484375 0.0578125
0 0.84296875 0.95625 0.06640625 0.078125
0 0.84765625 0.8546875 0.046875 0.053125
0 0.97265625 0.925 0.0546875 0.071875
0 0.83125 0.75078125 0.025 0.059375
0 0.79140625 0.771875 0.03046875 0.04375
0 0.8015625 0.7421875 0.01953125 0.03828125
0 0.72578125 0.70234375 0.03046875 0.03515625
0 0.62265625 0.73984375 0.034375 0.05078125
0 0.61875 0.80546875 0.03203125 0.04609375
0 0.53984375 0.7265625 0.0421875 0.034375
0 0.4703125 0.77421875 0.05625 0.06015625
0 0.375 0.7109375 0.0359375 0.040625
0 0.2796875 0.74921875 0.03828125 0.0390625
0 0.19921875 0.69453125 0.04921875 0.03515625
0 0.08984375 0.6609375 0.03515625 0.04375
0 0.16875 0.61796875 0.01953125 0.0203125
0 0.21015625 0.64921875 0.02421875 0.028125
0 0.2921875 0.69140625 0.02421875 0.0234375
0 0.2921875 0.659375 0.0296875 0.0296875
0 0.321875 0.61015625 0.03046875 0.0390625
0 0.30625 0.57890625 0.025 0.0453125
0 0.37578125 0.571875 0.01875 0.03046875
0 0.40234375 0.66328125 0.03125 0.03203125
0 0.43046875 0.67265625 0.0234375 0.0265625
0 0.47890625 0.61015625 0.04453125 0.0390625
0 0.49453125 0.6625 0.04296875 0.046875
0 0.55859375 0.6375 0.0390625 0.04609375
0 0.528125 0.609375 0.0296875 0.03203125
0 0.62734375 0.58046875 0.0359375 0.04453125
0 0.5890625 0.56015625 0.04140625 0.03671875
0 0.6515625 0.63828125 0.03671875 0.0421875
0 0.6921875 0.603125 0.03515625 0.04765625
0 0.7546875 0.68515625 0.03046875 0.046875
0 0.78671875 0.66015625 0.0359375 0.03203125
0 0.7375 0.596875 0.034375 0.0328125
0 0.74375 0.5609375 0.040625 0.040625
0 0.859375 0.709375 0.034375 0.03046875
0 0.83203125 0.6828125 0.025 0.0234375
0 0.88671875 0.6921875 0.040625 0.0390625
0 0.90859375 0.6328125 0.0328125 0.034375
0 0.84453125 0.56484375 0.0265625 0.03046875
0 0.9640625 0.6140625 0.0296875 0.03984375
0 0.96796875 0.6921875 0.0375 0.02578125
0 0.8921875 0.5734375 0.03515625 0.028125
0 0.91640625 0.53515625 0.02734375 0.028125
0 0.70234375 0.50546875 0.01796875 0.021875
0 0.7296875 0.50390625 0.02109375 0.04765625
0 0.6875 0.478125 0.02421875 0.0328125
0 0.63984375 0.4921875 0.0234375 0.0171875
0 0.5734375 0.49375 0.0203125 0.02421875
0 0.5640625 0.4734375 0.02109375 0.02421875
0 0.5234375 0.50078125 0.03046875 0.03515625
0 0.46328125 0.5390625 0.02421875 0.02265625
0 0.325 0.525 0.021875 0.0234375
0 0.3515625 0.49296875 0.02890625 0.02734375
0 0.35859375 0.46484375 0.0265625 0.0140625
0 0.77578125 0.5453125 0.01796875 0.0234375
0 0.790625 0.59296875 0.02421875 0.01953125
0 0.8078125 0.55859375 0.03359375 0.0265625
0 0.09375 0.58046875 0.01640625 0.01484375
0 0.1328125 0.58046875 0.0234375 0.02109375
0 0.14921875 0.54609375 0.03203125 0.0359375
0 0.08203125 0.53984375 0.021875 0.0296875
0 0.19296875 0.50859375 0.01796875 0.028125
0 0.4109375 0.5453125 0.0203125 0.015625
0 0.37890625 0.5125 0.02421875 0.025
0 0.41328125 0.49609375 0.01640625 0.0140625
0 0.19921875 0.56328125 0.01796875 0.01953125
0 0.2234375 0.5421875 0.02109375 0.02109375
0 0.25546875 0.509375 0.015625 0.01640625
0 0.1515625 0.50390625 0.02890625 0.0171875
0 0.0359375 0.49453125 0.0609375 0.028125
0 0.821875 0.60625 0.015625 0.0203125
0 0.8578125 0.5171875 0.02265625 0.02578125
0 0.90703125 0.50390625 0.01328125 0.0140625
0 0.8140625 0.48203125 0.01953125 0.01328125