0 0.80078125 0.79765625 0.03359375 0.0375
0 0.2609375 0.74453125 0.028125 0.03046875
0 0.25703125 0.928125 0.0421875 0.0734375
0 0.47421875 0.81171875 0.03125 0.0390625
0 0.18671875 0.71328125 0.028125 0.03125
0 0.803125 0.9625 0.03515625 0.059375
0 0.403125 0.93671875 0.03515625 0.0453125
0 0.4890625 0.68359375 0.0265625 0.03203125
0 0.66484375 0.73046875 0.03359375 0.0359375
0 0.6078125 0.8390625 0.0375 0.04609375
0 0.24375 0.684375 0.0203125 0.02734375
0 0.77109375 0.8 0.0296875 0.03515625
0 0.1953125 0.78203125 0.0265625 0.0296875
0 0.85625 0.7109375 0.03359375 0.0328125
0 0.509375 0.81875 0.028125 0.0375
0 0.6265625 0.72578125 0.02421875 0.028125
0 0.5640625 0.77109375 0.03203125 0.0359375
0 0.27265625 0.81640625 0.02578125 0.0328125
0 0.57578125 0.87265625 0.0296875 0.04921875
0 0.484375 0.74765625 0.02421875 0.0328125
0 0.5 0.9765625 0.03046875 0.04609375
0 0.1734375 0.64765625 0.025 0.02890625
0 0.7453125 0.66640625 0.028125 0.0265625
0 0.421875 0.75078125 0.025 0.03515625
0 0.62578125 0.9375 0.034375 0.0375
0 0.38359375 0.590625 0.0203125 0.02421875
0 0.67109375 0.84375 0.028125 0.03828125
0 0.66328125 0.79453125 0.03359375 0.03828125
0 0.875 0.8484375 0.02890625 0.040625
0 0.540625 0.61484375 0.0265625 0.03125
0 0.66015625 0.6234375 0.0234375 0.0328125
0 0.88671875 0.6953125 0.03125 0.0390625
0 0.37890625 0.796875 0.02734375 0.0296875
0 0.70078125 0.76875 0.03515625 0.03125
0 0.79609375 0.65 0.021875 0.02421875
0 0.934375 0.93984375 0.034375 0.04375
0 0.57421875 0.66953125 0.0265625 0.034375
0 0.15625 0.815625 0.02421875 0.03359375
0 0.91640625 0.87578125 0.04375 0.046875
0 0.33671875 0.746875 0.02265625 0.02890625
0 0.6140625 0.6921875 0.02578125 0.03359375
0 0.67578125 0.58828125 0.02265625 0.02578125
0 0.10390625 0.84375 0.03359375 0.0328125
0 0.34765625 0.69609375 0.028125 0.028125
0 0.7109375 0.87890625 0.0328125 0.04140625
0 0.70234375 0.56328125 0.02578125 0.025
0 0.31171875 0.6828125 0.0234375 0.02578125
0 0.36640625 0.82734375 0.0296875 0.034375
0 0.83984375 0.86015625 0.03828125 0.05
0 0.4703125 0.9046875 0.02578125 0.03203125
0 0.765625 0.928125 0.03203125 0.04765625
0 0.31953125 0.88671875 0.03125 0.04609375
0 0.4703125 0.9625 0.03515625 0.04921875
0 0.77734375 0.890625 0.03203125 0.040625
0 0.7171875 0.71640625 0.028125 0.03125
0 0.93984375 0.7875 0.03515625 0.04140625
0 0.509375 0.76328125 0.025 0.03203125
0 0.48046875 0.5515625 0.0234375 0.02578125
0 0.221875 0.7296875 0.01953125 0.02890625
0 0.92265625 0.8390625 0.03515625 0.03828125
0 0.38515625 0.67890625 0.0234375 0.03125
0 0.33984375 0.94375 0.025 0.034375
0 0.4640625 0.62109375 0.0265625 0.02734375
0 0.06875 0.90390625 0.04140625 0.046875
0 0.5109375 0.571875 0.02265625 0.02578125
0 0.29609375 0.7203125 0.02421875 0.02890625
0 0.4484375 0.69296875 0.02734375 0.03125
0 0.62578125 0.88671875 0.034375 0.03828125
0 0.09609375 0.7765625 0.025 0.03125
0 0.315625 0.7546875 0.025 0.0328125
0 0.55625 0.58046875 0.0234375 0.025
0 0.37421875 0.7703125 0.02421875 0.028125
0 0.1296875 0.6234375 0.02109375 0.02265625
0 0.315625 0.9265625 0.02421875 0.0359375
0 0.28359375 0.67578125 0.01953125 0.02421875
0 0.61015625 0.5953125 0.02265625 0.0234375
0 0.7046875 0.58359375 0.02421875 0.021875
0 0.5125 0.62421875 0.02109375 0.025
0 0.584375 0.6703125 0.02421875 0.0328125
0 0.328125 0.49765625 0.01953125 0.0234375
0 0.2640625 0.71171875 0.0296875 0.0296875
0 0.4484375 0.57890625 0.01953125 0.025
0 0.12890625 0.81640625 0.02578125 0.0265625
0 0.55703125 0.71640625 0.01875 0.0203125
0 0.84921875 0.6625 0.025 0.0296875
0 0.8609375 0.76015625 0.02578125 0.0375
0 0.38125 0.72578125 0.01953125 0.02421875
0 0.4890625 0.60234375 0.02109375 0.02421875
0 0.33359375 0.5671875 0.025 0.025
0 0.74140625 0.5953125 0.02421875 0.02734375
0 0.92890625 0.9875 0.04375 0.025
0 0.571875 0.7640625 0.03125 0.03671875
0 0.9859375 0.67421875 0.028125 0.0359375
0 0.83671875 0.9875 0.0390625 0.025
0 0.54921875 0.4703125 0.0203125 0.0203125
0 0.5390625 0.49296875 0.021875 0.02265625
0 0.378125 0.76328125 0.0234375 0.02578125
0 0.353125 0.5421875 0.02109375 0.02578125
0 0.83203125 0.77421875 0.0203125 0.02578125
0 0.959375 0.76796875 0.0328125 0.03828125
0 0.57734375 0.56015625 0.01875 0.025
0 0.08515625 0.96171875 0.02890625 0.0296875
0 0.12265625 0.82109375 0.025 0.02578125
0 0.31484375 0.621875 0.02109375 0.0234375
0 0.9375 0.70703125 0.02734375 0.03515625
0 0.546875 0.6578125 0.0171875 0.02578125
0 0.85625 0.53828125 0.021875 0.021875
0 0.5296875 0.65625 0.0203125 0.025
0 0.43203125 0.56953125 0.01875 0.0203125
0 0.40625 0.48984375 0.01875 0.02109375
0 0.35703125 0.65390625 0.02265625 0.028125
0 0.99140625 0.746875 0.0171875 0.034375
0 0.328125 0.57421875 0.025 0.02421875
0 0.17109375 0.734375 0.0171875 0.02421875