0 0.5234375 0.58828125 0.04296875 0.06328125
0 0.09765625 0.8421875 0.0578125 0.06328125
0 0.5375 0.81484375 0.05546875 0.0546875
0 0.45 0.75390625 0.0421875 0.05625
0 0.2546875 0.7390625 0.0359375 0.0453125
0 0.1671875 0.94765625 0.03828125 0.05859375
0 0.63671875 0.72265625 0.0421875 0.05859375
0 0.44453125 0.840625 0.05 0.06640625
0 0.32890625 0.57109375 0.0375 0.0328125
0 0.95234375 0.71640625 0.04296875 0.04609375
0 0.47890625 0.96171875 0.053125 0.06953125
0 0.83203125 0.8859375 0.04765625 0.07421875
0 0.79375 0.3921875 0.0234375 0.0296875
0 0.28359375 0.8953125 0.04140625 0.071875
0 0.334375 0.68984375 0.0375 0.053125
0 0.8 0.6953125 0.0421875 0.0515625
0 0.37890625 0.6515625 0.0234375 0.03046875
0 0.915625 0.9390625 0.053125 0.07109375
0 0.75390625 0.6078125 0.03046875 0.03515625
0 0.59921875 0.9765625 0.04296875 0.046875
0 0.5984375 0.67578125 0.03515625 0.04140625
0 0.25546875 0.68515625 0.0421875 0.05234375
0 0.784375 0.771875 0.03984375 0.04921875
0 0.65546875 0.83671875 0.04296875 0.06484375
0 0.12578125 0.7796875 0.0375 0.04296875
0 0.2125 0.8046875 0.040625 0.053125
0 0.67734375 0.5875 0.03125 0.0359375
0 0.440625 0.6546875 0.03515625 0.04453125
0 0.9125 0.8 0.03515625 0.04453125
0 0.7328125 0.8359375 0.03125 0.034375
0 0.196875 0.859375 0.034375 0.0421875
0 0.25859375 0.55234375 0.02578125 0.03203125
0 0.353125 0.85546875 0.0421875 0.04921875
0 0.7203125 0.7734375 0.0515625 0.06796875
0 0.7875 0.61875 0.0296875 0.0421875
0 0.72109375 0.49765625 0.02734375 0.03359375
0 0.76171875 0.50078125 0.02890625 0.03203125
0 0.653125 0.453125 0.025 0.03125
0 0.803125 0.465625 0.03046875 0.03203125
0 0.39375 0.5109375 0.02421875 0.02890625
0 0.5765625 0.55625 0.02734375 0.03515625
0 0.715625 0.44921875 0.025 0.02890625
0 0.0953125 0.734375 0.03203125 0.0390625
0 0.58125 0.58359375 0.02421875 0.028125
0 0.33046875 0.82890625 0.03984375 0.0421875
0 0.56328125 0.41875 0.028125 0.028125
0 0.89765625 0.728125 0.03984375 0.0484375
0 0.9140625 0.48359375 0.03828125 0.03203125
0 0.2890625 0.6125 0.0390625 0.0375
0 0.740625 0.56328125 0.03046875 0.0296875
0 0.9125 0.58203125 0.03203125 0.03125
0 0.4765625 0.45625 0.0265625 0.02421875
0 0.51328125 0.43671875 0.02265625 0.025
0 0.1421875 0.65703125 0.02421875 0.03046875
0 0.86328125 0.51328125 0.040625 0.03671875
0 0.3203125 0.4875 0.021875 0.02578125
0 0.4921875 0.4078125 0.0234375 0.02578125
0 0.840625 0.53984375 0.0296875 0.03515625
0 0.34140625 0.53515625 0.028125 0.0265625
0 0.7546875 0.9546875 0.03046875 0.05625
0 0.103125 0.628125 0.04140625 0.034375
0 0.5640625 0.45625 0.025 0.028125
0 0.36640625 0.38984375 0.021875 0.02578125
0 0.76953125 0.7125 0.02578125 0.03515625
0 0.028125 0.67421875 0.02734375 0.03203125
0 0.01640625 0.9109375 0.0328125 0.05546875
0 0.934375 0.5234375 0.0328125 0.0328125
0 0.42578125 0.4875 0.02890625 0.025
0 0.15 0.57890625 0.028125 0.03359375
0 0.784375 0.928125 0.03671875 0.05390625
0 0.4390625 0.4484375 0.02265625 0.025
0 0.61796875 0.48828125 0.02265625 0.0265625
0 0.8515625 0.6921875 0.0296875 0.04296875
0 0.7421875 0.3546875 0.02109375 0.0234375
0 0.74296875 0.45703125 0.0234375 0.0265625
0 0.525 0.409375 0.02421875 0.025
0 0.47890625 0.43359375 0.02578125 0.025
0 0.196875 0.54609375 0.0171875 0.02421875
0 0.69375 0.871875 0.0171875 0.03125
0 0.02265625 0.546875 0.040625 0.03515625
0 0.83671875 0.40703125 0.02265625 0.02734375
0 0.06953125 0.66796875 0.0265625 0.0375
0 0.20625 0.5609375 0.0171875 0.02109375
0 0.953125 0.46171875 0.03203125 0.0296875
0 0.02578125 0.60859375 0.034375 0.0328125
0 0.709375 0.40625 0.02265625 0.02578125
0 0.59921875 0.403125 0.0234375 0.028125
0 0.6109375 0.509375 0.0328125 0.0296875
0 0.453125 0.4171875 0.02265625 0.02421875
0 0.11015625 0.584375 0.025 0.0296875
0 0.9 0.43671875 0.03671875 0.03203125
0 0.603125 0.46875 0.0234375 0.02421875
0 0.54453125 0.45859375 0.01953125 0.02734375
0 0.0921875 0.50234375 0.025 0.028125
0 0.503125 0.75859375 0.03203125 0.03359375
0 0.36328125 0.5109375 0.0234375 0.025
0 0.51328125 0.36640625 0.0203125 0.02265625
0 0.665625 0.315625 0.0203125 0.02265625
0 0.18203125 0.52421875 0.0203125 0.025
0 0.128125 0.5015625 0.028125 0.025
0 0.78359375 0.428125 0.01953125 0.02109375
0 0.38828125 0.45703125 0.015625 0.0171875
0 0.39609375 0.43828125 0.0265625 0.025
0 0.50703125 0.50625 0.028125 0.028125
0 0.6671875 0.4140625 0.02734375 0.02734375
0 0.96484375 0.590625 0.02578125 0.03203125
0 0.98671875 0.54453125 0.02578125 0.03671875
0 0.3515625 0.60859375 0.025 0.0234375
0 0.153125 0.52421875 0.0234375 0.02578125
0 0.98203125 0.6453125 0.0359375 0.040625
0 0.70234375 0.328125 0.02265625 0.021875
0 0.2984375 0.47890625 0.0203125 0.021875
0 0.62109375 0.42734375 0.021875 0.0265625
0 0.71328125 0.36015625 0.02109375 0.0203125
0 0.53515625 0.3078125 0.0203125 0.02265625
0 0.86171875 0.43515625 0.0234375 0.0265625
0 0.00859375 0.778125 0.0171875 0.04921875
0 0.88046875 0.334375 0.01953125 0.021875
0 0.16796875 0.6 0.025 0.02734375
0 0.21484375 0.58984375 0.02421875 0.03046875
0 0.41953125 0.71484375 0.03515625 0.03515625
0 0.25625 0.503125 0.01796875 0.0234375
0 0.74921875 0.33671875 0.0203125 0.02109375
0 0.61328125 0.5984375 0.03125 0.0296875
0 0.7140625 0.6875 0.028125 0.02890625
0 0.81953125 0.56796875 0.0234375 0.03359375
0 0.85 0.5890625 0.0234375 0.0265625
0 0.89296875 0.5484375 0.0390625 0.028125
0 0.93203125 0.76875 0.03359375 0.04296875
0 0.86484375 0.77734375 0.034375 0.046875
0 0.77265625 0.8765625 0.0265625 0.0328125
0 0.3859375 0.98828125 0.0125 0.0234375
0 0.04765625 0.94453125 0.03046875 0.0421875
0 0.0234375 0.85703125 0.03515625 0.0421875
0 0.0765625 0.55625 0.0328125 0.02890625
0 0.07578125 0.54296875 0.0390625 0.03046875
0 0.11796875 0.53515625 0.02578125 0.021875
0 0.09140625 0.4421875 0.03203125 0.021875
0 0.13515625 0.43671875 0.025 0.01640625
0 0.171875 0.625 0.01796875 0.021875
0 0.23203125 0.62109375 0.02578125 0.03125
0 0.38984375 0.58359375 0.02421875 0.02265625
0 0.3359375 0.44375 0.0171875 0.01171875
0 0.31484375 0.42421875 0.0140625 0.01875
0 0.20234375 0.4390625 0.02421875 0.02421875
0 0.04453125 0.62890625 0.028125 0.0234375
0 0.35390625 0.7609375 0.0234375 0.0234375
0 0.74140625 0.3890625 0.0265625 0.01953125
0 0.8078125 0.33984375 0.021875 0.01484375
0 0.89609375 0.31640625 0.028125 0.0203125
0 0.90703125 0.33203125 0.025 0.015625
0 0.6390625 0.33125 0.02734375 0.02734375
0 0.56484375 0.3859375 0.01953125 0.021875
0 0.51875 0.3296875 0.02421875 0.021875
0 0.42265625 0.3671875 0.02421875 0.01953125