0 0.66640625 0.96171875 0.0625 0.07578125
0 0.62890625 0.84296875 0.0609375 0.06875
0 0.715625 0.8078125 0.03671875 0.0515625
0 0.3140625 0.86484375 0.04375 0.059375
0 0.53828125 0.86484375 0.046875 0.05234375
0 0.3828125 0.47734375 0.02734375 0.02578125
0 0.0875 0.91484375 0.034375 0.059375
0 0.33359375 0.76796875 0.05625 0.065625
0 0.49453125 0.4609375 0.02734375 0.02421875
0 0.27265625 0.4296875 0.021875 0.02578125
0 0.82265625 0.7671875 0.04765625 0.0546875
0 0.765625 0.959375 0.05546875 0.0765625
0 0.83984375 0.86953125 0.03515625 0.04765625
0 0.3625 0.89375 0.0515625 0.06953125
0 0.44765625 0.8171875 0.040625 0.0453125
0 0.875 0.76015625 0.03203125 0.05078125
0 0.1859375 0.8359375 0.0359375 0.05234375
0 0.60625 0.57421875 0.03046875 0.03828125
0 0.403125 0.66484375 0.03515625 0.03828125
0 0.5390625 0.484375 0.0296875 0.03203125
0 0.44453125 0.7296875 0.034375 0.04140625
0 0.79921875 0.596875 0.0296875 0.0375
0 0.63671875 0.5109375 0.03046875 0.03359375
0 0.1734375 0.61875 0.03671875 0.0359375
0 0.24765625 0.8 0.04609375 0.0609375
0 0.8109375 0.47265625 0.02265625 0.025
0 0.82265625 0.9484375 0.04609375 0.06484375
0 0.85078125 0.6609375 0.053125 0.0625
0 0.86328125 0.6 0.034375 0.0359375
0 0.175 0.709375 0.05078125 0.0484375
0 0.10078125 0.53515625 0.034375 0.03203125
0 0.57421875 0.46328125 0.03125 0.02890625
0 0.7390625 0.4953125 0.03203125 0.0296875
0 0.7921875 0.80625 0.0453125 0.06328125
0 0.71796875 0.7171875 0.04765625 0.04453125
0 0.5265625 0.821875 0.0390625 0.04375
0 0.93671875 0.77265625 0.0578125 0.0703125
0 0.3859375 0.74921875 0.02890625 0.04375
0 0.23671875 0.68984375 0.04296875 0.0484375
0 0.64765625 0.59140625 0.03203125 0.0328125
0 0.3375 0.5546875 0.0234375 0.0234375
0 0.70078125 0.53828125 0.0359375 0.03359375
0 0.37890625 0.8125 0.03125 0.0515625
0 0.56484375 0.58046875 0.03125 0.03203125
0 0.675 0.5015625 0.03046875 0.034375
0 0.1140625 0.7859375 0.04453125 0.059375
0 0.21015625 0.74453125 0.0375 0.04140625
0 0.3 0.7046875 0.0421875 0.05234375
0 0.7484375 0.60859375 0.0265625 0.03359375
0 0.0515625 0.80703125 0.03828125 0.04453125
0 0.07421875 0.71640625 0.0296875 0.0421875
0 0.94375 0.61796875 0.03984375 0.0453125
0 0.15859375 0.503125 0.03046875 0.03203125
0 0.22578125 0.63984375 0.03203125 0.03984375
0 0.921875 0.56640625 0.03046875 0.03515625
0 0.1859375 0.40546875 0.02109375 0.02421875
0 0.140625 0.53125 0.02890625 0.0234375
0 0.70703125 0.659375 0.03203125 0.03203125
0 0.43046875 0.6078125 0.021875 0.02890625
0 0.74453125 0.8609375 0.040625 0.065625
0 0.31796875 0.575 0.0234375 0.03203125
0 0.46171875 0.60078125 0.021875 0.02734375
0 0.73984375 0.4609375 0.01875 0.02578125
0 0.1671875 0.5484375 0.02734375 0.03515625
0 0.0828125 0.64296875 0.034375 0.0375
0 0.65 0.46640625 0.02578125 0.0203125
0 0.22734375 0.43125 0.01953125 0.0234375
0 0.3484375 0.3890625 0.02109375 0.0203125
0 0.203125 0.4875 0.021875 0.02890625
0 0.7890625 0.42890625 0.03046875 0.025
0 0.78359375 0.515625 0.03359375 0.0296875
0 0.43046875 0.4171875 0.02421875 0.02421875
0 0.67265625 0.42890625 0.0234375 0.0234375
0 0.84453125 0.446875 0.02109375 0.02265625
0 0.10703125 0.49140625 0.02890625 0.03046875
0 0.4765625 0.4375 0.0234375 0.02109375
0 0.946875 0.68046875 0.04375 0.0453125
0 0.74921875 0.64921875 0.034375 0.02890625
0 0.984375 0.81875 0.03046875 0.0390625
0 0.45078125 0.6203125 0.01796875 0.02421875
0 0.30390625 0.45078125 0.01953125 0.021875
0 0.9359375 0.51171875 0.03203125 0.0296875
0 0.4328125 0.4671875 0.01640625 0.021875
0 0.44609375 0.521875 0.0265625 0.0265625
0 0.440625 0.5796875 0.01875 0.021875
0 0.3671875 0.5171875 0.01796875 0.02734375
0 0.88828125 0.4125 0.0265625 0.02890625
0 0.90625 0.38046875 0.02578125 0.021875
0 0.83984375 0.46875 0.025 0.02421875
0 0.92421875 0.48203125 0.0265625 0.0265625
0 0.2546875 0.56484375 0.02734375 0.0328125
0 0.34921875 0.690625 0.0265625 0.04375
0 0.17109375 0.97421875 0.06640625 0.05078125
0 0.81015625 0.7046875 0.0265625 0.034375
0 0.0625 0.43984375 0.02265625 0.03125
0 0.01171875 0.93125 0.0234375 0.0390625
0 0.74296875 0.34140625 0.01953125 0.01875
0 0.48671875 0.49453125 0.02421875 0.025
0 0.84375 0.53515625 0.0328125 0.03125
0 0.65859375 0.446875 0.02109375 0.02109375
0 0.30546875 0.478125 0.0234375 0.02421875
0 0.98203125 0.628125 0.02109375 0.028125
0 0.0265625 0.58046875 0.028125 0.03359375
0 0.9859375 0.9625 0.028125 0.071875
0 0.22890625 0.403125 0.01796875 0.01953125
0 0.36484375 0.409375 0.0203125 0.02265625
0 0.328125 0.6046875 0.028125 0.03203125
0 0.00859375 0.53984375 0.0171875 0.02734375
0 0.4203125 0.328125 0.0171875 0.01953125
0 0.0375 0.96875 0.046875 0.0625
0 0.61015625 0.4796875 0.02265625 0.01953125
0 0.69296875 0.4125 0.01875 0.021875
0 0.865625 0.553125 0.0234375 0.025
0 0.25078125 0.4109375 0.0203125 0.021875
0 0.7140625 0.34375 0.01875 0.01875
0 0.0328125 0.4203125 0.02734375 0.02265625
0 0.5421875 0.325 0.03125 0.03046875
0 0.546875 0.28828125 0.01875 0.01953125
0 0.9703125 0.54609375 0.02890625 0.028125
0 0.10625 0.4359375 0.02265625 0.02421875
0 0.91875 0.3390625 0.02421875 0.021875
0 0.0078125 0.5 0.015625 0.03125
0 0.2171875 0.578125 0.02109375 0.02265625
0 0.74609375 0.38828125 0.021875 0.02109375
0 0.7875 0.3765625 0.02109375 0.01953125
0 0.68984375 0.32734375 0.0171875 0.01796875
0 0.36640625 0.640625 0.02421875 0.03984375
0 0.6609375 0.6125 0.021875 0.0234375
0 0.7640625 0.36640625 0.021875 0.01875
0 0.49296875 0.37109375 0.015625 0.01875
0 0.08359375 0.49140625 0.01796875 0.02421875
0 0.11796875 0.67421875 0.01796875 0.02578125
0 0.0640625 0.478125 0.01875 0.0234375
0 0.30859375 0.38046875 0.025 0.0171875
0 0.99375 0.384375 0.0125 0.02109375
0 0.75234375 0.3234375 0.0203125 0.01796875
0 0.046875 0.91328125 0.03046875 0.03828125
0 0.8828125 0.46875 0.025 0.02578125
0 0.84296875 0.49140625 0.025 0.0234375
0 0.865625 0.38125 0.021875 0.01875
0 0.33828125 0.30390625 0.02109375 0.02421875
0 0.6859375 0.4546875 0.01953125 0.028125
0 0.20078125 0.44296875 0.01796875 0.021875
0 0.77578125 0.34375 0.01953125 0.0203125
0 0.7640625 0.4125 0.021875 0.01875
0 0.34140625 0.340625 0.0203125 0.02109375
0 0.43203125 0.28828125 0.01484375 0.0171875
0 0.54140625 0.27421875 0.01484375 0.01640625
0 0.86875 0.33671875 0.02109375 0.01796875
0 0.65234375 0.34296875 0.03515625 0.03046875
0 0.67890625 0.35078125 0.01640625 0.01796875
0 0.4234375 0.365625 0.015625 0.01875
0 0.70390625 0.38203125 0.0203125 0.02265625
0 0.45078125 0.465625 0.0171875 0.01875
0 0.48828125 0.3296875 0.015625 0.0171875
0 0.396875 0.39375 0.0171875 0.021875
0 0.9078125 0.309375 0.01875 0.0171875
0 0.60546875 0.275 0.01640625 0.01953125
0 0.4625 0.6890625 0.021875 0.028125
0 0.54140625 0.42890625 0.0390625 0.034375
0 0.528125 0.4015625 0.02578125 0.03046875
0 0.55234375 0.37890625 0.0203125 0.025
0 0.8875 0.63671875 0.03125 0.03359375
0 0.94453125 0.4265625 0.03359375 0.0296875
0 0.46953125 0.40625 0.01875 0.02109375
0 0.8171875 0.34375 0.02109375 0.01953125