0 0.61015625 0.80625 0.03515625 0.04609375
0 0.19375 0.88515625 0.0390625 0.06328125
0 0.54296875 0.7796875 0.0359375 0.0484375
0 0.2109375 0.74296875 0.04140625 0.03984375
0 0.16640625 0.79296875 0.0453125 0.05078125
0 0.1171875 0.88515625 0.0453125 0.0609375
0 0.39296875 0.77265625 0.04453125 0.084375
0 0.29453125 0.96640625 0.04453125 0.06015625
0 0.78125 0.6015625 0.03515625 0.03515625
0 0.30234375 0.8453125 0.0359375 0.0546875
0 0.6828125 0.6375 0.03359375 0.03828125
0 0.6015625 0.56015625 0.0265625 0.0296875
0 0.37421875 0.6140625 0.02734375 0.0296875
0 0.95234375 0.8125 0.0375 0.06015625
0 0.5984375 0.66953125 0.02890625 0.0390625
0 0.89765625 0.66640625 0.03046875 0.034375
0 0.4515625 0.8859375 0.03828125 0.05078125
0 0.98125 0.71796875 0.0375 0.0484375
0 0.2765625 0.525 0.025 0.02890625
0 0.22890625 0.69921875 0.03125 0.0328125
0 0.3125 0.646875 0.02890625 0.02734375
0 0.7796875 0.94375 0.04140625 0.059375
0 0.24609375 0.840625 0.025 0.0359375
0 0.63515625 0.6765625 0.0296875 0.0375
0 0.39296875 0.6734375 0.0296875 0.03203125
0 0.33515625 0.6015625 0.02421875 0.02890625
0 0.83125 0.590625 0.02890625 0.03125
0 0.73515625 0.6984375 0.03671875 0.04375
0 0.8890625 0.91171875 0.04375 0.04453125
0 0.64453125 0.82421875 0.03125 0.05234375
0 0.28125 0.6734375 0.021875 0.0328125
0 0.68515625 0.5484375 0.0265625 0.0328125
0 0.29765625 0.58671875 0.03046875 0.03046875
0 0.4515625 0.61640625 0.025 0.03203125
0 0.82265625 0.6359375 0.03203125 0.03046875
0 0.53828125 0.61640625 0.02578125 0.03515625
0 0.3453125 0.97578125 0.0328125 0.0453125
0 0.4765625 0.94921875 0.04609375 0.05625
0 0.6078125 0.7546875 0.028125 0.03046875
0 0.409375 0.59296875 0.025 0.0296875
0 0.72578125 0.5640625 0.0265625 0.03359375
0 0.10859375 0.95 0.03359375 0.0484375
0 0.60078125 0.615625 0.02734375 0.03125
0 0.146875 0.715625 0.028125 0.03515625
0 0.93125 0.66015625 0.034375 0.0375
0 0.5578125 0.5625 0.02890625 0.03203125
0 0.8421875 0.9703125 0.0453125 0.05859375
0 0.44921875 0.7359375 0.0296875 0.0421875
0 0.80234375 0.70390625 0.02890625 0.0390625
0 0.78515625 0.65703125 0.0328125 0.0328125
0 0.7296875 0.95078125 0.034375 0.05546875
0 0.64453125 0.91484375 0.0421875 0.065625
0 0.575 0.4421875 0.025 0.028125
0 0.21484375 0.64140625 0.02265625 0.0296875
0 0.76640625 0.78046875 0.03515625 0.03515625
0 0.61015625 0.93359375 0.03046875 0.0453125
0 0.7078125 0.72421875 0.0296875 0.04609375
0 0.71171875 0.48046875 0.025 0.025
0 0.64375 0.4984375 0.02421875 0.03046875
0 0.49453125 0.55390625 0.02421875 0.03046875
0 0.42265625 0.55703125 0.0265625 0.02578125
0 0.628125 0.625 0.02421875 0.03046875
0 0.984375 0.5859375 0.03125 0.03359375
0 0.4890625 0.68203125 0.03203125 0.03515625
0 0.25234375 0.67265625 0.02421875 0.02734375
0 0.68984375 0.91796875 0.03046875 0.046875
0 0.7421875 0.596875 0.02421875 0.02890625
0 0.37421875 0.57890625 0.02890625 0.028125
0 0.79765625 0.453125 0.02734375 0.025
0 0.38984375 0.55390625 0.021875 0.0265625
0 0.7796875 0.4734375 0.0234375 0.025
0 0.76015625 0.7359375 0.0375 0.0359375
0 0.3515625 0.56015625 0.021875 0.02734375
0 0.825 0.85078125 0.0390625 0.04296875
0 0.90859375 0.7765625 0.03671875 0.0453125
0 0.165625 0.478125 0.02421875 0.025
0 0.9875 0.846875 0.02421875 0.04375
0 0.08828125 0.70234375 0.01796875 0.021875
0 0.61015625 0.46015625 0.02421875 0.02578125
0 0.44765625 0.43515625 0.02421875 0.02421875
0 0.45 0.7734375 0.025 0.0359375
0 0.91171875 0.53359375 0.02578125 0.02578125
0 0.62578125 0.38984375 0.0234375 0.02421875
0 0.071875 0.6796875 0.02578125 0.02890625
0 0.4328125 0.61875 0.021875 0.0328125
0 0.671875 0.584375 0.0171875 0.02109375
0 0.26875 0.76171875 0.0265625 0.03203125
0 0.45859375 0.565625 0.028125 0.028125
0 0.48828125 0.63828125 0.025 0.0265625
0 0.63359375 0.62890625 0.02421875 0.03125
0 0.6140625 0.50859375 0.02109375 0.0234375
0 0.22734375 0.78984375 0.0265625 0.028125
0 0.8578125 0.546875 0.02734375 0.025
0 0.50078125 0.6578125 0.0234375 0.03046875
0 0.56796875 0.50390625 0.025 0.02734375
0 0.41796875 0.50859375 0.02265625 0.02421875
0 0.4953125 0.59609375 0.02109375 0.02421875
0 0.27265625 0.92421875 0.03671875 0.04375
0 0.84296875 0.73125 0.03203125 0.03828125
0 0.43203125 0.4546875 0.025 0.02578125