0 0.69765625 0.7359375 0.0375 0.04375
0 0.0796875 0.74375 0.0421875 0.04765625
0 0.271875 0.9046875 0.0234375 0.04296875
0 0.73203125 0.815625 0.03984375 0.05625
0 0.3484375 0.6625 0.03515625 0.0375
0 0.9359375 0.8875 0.0578125 0.06640625
0 0.79140625 0.80625 0.03671875 0.0484375
0 0.4 0.84453125 0.03984375 0.053125
0 0.48046875 0.7671875 0.03125 0.04140625
0 0.32578125 0.6 0.0265625 0.02734375
0 0.56484375 0.72734375 0.0359375 0.0296875
0 0.36015625 0.93671875 0.0390625 0.046875
0 0.7515625 0.71328125 0.0265625 0.03203125
0 0.8765625 0.90390625 0.034375 0.0515625
0 0.42109375 0.72109375 0.028125 0.04375
0 0.44140625 0.95703125 0.03203125 0.0421875
0 0.22109375 0.9703125 0.0375 0.05
0 0.7109375 0.88359375 0.0328125 0.05390625
0 0.665625 0.921875 0.028125 0.046875
0 0.9 0.684375 0.03515625 0.0453125
0 0.1875 0.759375 0.0359375 0.0421875
0 0.2421875 0.53671875 0.02421875 0.02578125
0 0.65390625 0.553125 0.0234375 0.0328125
0 0.38046875 0.74453125 0.02890625 0.03984375
0 0.8234375 0.68046875 0.03359375 0.03828125
0 0.553125 0.67109375 0.0265625 0.03203125
0 0.79140625 0.88671875 0.034375 0.0421875
0 0.9453125 0.9625 0.04921875 0.06875
0 0.26953125 0.81484375 0.03515625 0.034375
0 0.31875 0.71796875 0.03359375 0.0375
0 0.51484375 0.778125 0.0328125 0.0453125
0 0.75078125 0.6546875 0.03203125 0.03125
0 0.29609375 0.83671875 0.03671875 0.05703125
0 0.47734375 0.69921875 0.03671875 0.04140625
0 0.83984375 0.74453125 0.02421875 0.02890625
0 0.78125 0.4375 0.0265625 0.02265625
0 0.2625 0.61640625 0.028125 0.02734375
0 0.80546875 0.709375 0.028125 0.03671875
0 0.746875 0.49375 0.028125 0.02421875
0 0.67265625 0.50546875 0.025 0.02734375
0 0.5125 0.62265625 0.02890625 0.03046875
0 0.734375 0.61171875 0.02265625 0.0328125
0 0.4984375 0.97265625 0.046875 0.0546875
0 0.3828125 0.6875 0.02734375 0.02734375
0 0.2234375 0.8203125 0.0453125 0.05625
0 0.63359375 0.75234375 0.0265625 0.0328125
0 0.40859375 0.9171875 0.0421875 0.05390625
0 0.38984375 0.64765625 0.03046875 0.03671875
0 0.70390625 0.49921875 0.0265625 0.025
0 0.1421875 0.7203125 0.03203125 0.028125
0 0.18828125 0.6671875 0.02578125 0.028125
0 0.6234375 0.56015625 0.02265625 0.02578125
0 0.13359375 0.8515625 0.0328125 0.04296875
0 0.8296875 0.79140625 0.028125 0.0375
0 0.78984375 0.946875 0.034375 0.0390625
0 0.6234375 0.72421875 0.02109375 0.02734375
0 0.584375 0.90546875 0.03359375 0.04609375
0 0.4890625 0.92109375 0.02890625 0.04140625
0 0.22265625 0.75234375 0.02734375 0.034375
0 0.85703125 0.678125 0.02265625 0.0296875
0 0.721875 0.52421875 0.02890625 0.0265625
0 0.3265625 0.80390625 0.0234375 0.03671875
0 0.6828125 0.565625 0.02890625 0.028125
0 0.08203125 0.5625 0.03203125 0.0296875
0 0.98203125 0.67890625 0.034375 0.0375
0 0.11796875 0.53046875 0.02421875 0.02421875
0 0.46640625 0.8765625 0.03046875 0.03984375
0 0.11171875 0.9328125 0.04453125 0.059375
0 0.903125 0.578125 0.025 0.02734375
0 0.84921875 0.56796875 0.02890625 0.028125
0 0.44453125 0.6546875 0.02421875 0.0359375
0 0.77734375 0.75 0.03046875 0.03671875
0 0.59453125 0.48671875 0.02421875 0.0265625
0 0.04765625 0.8078125 0.034375 0.04296875
0 0.0625 0.84296875 0.03828125 0.0453125
0 0.9421875 0.8078125 0.03671875 0.040625
0 0.275 0.53203125 0.0234375 0.02109375
0 0.196875 0.56953125 0.0203125 0.0296875
0 0.28203125 0.5078125 0.02578125 0.02890625
0 0.69609375 0.43984375 0.02109375 0.02109375
0 0.46640625 0.48046875 0.025 0.0203125
0 0.3734375 0.6140625 0.02421875 0.0296875
0 0.13125 0.68125 0.03671875 0.03359375
0 0.3015625 0.54296875 0.02421875 0.028125
0 0.9328125 0.7125 0.01875 0.0203125
0 0.51171875 0.6859375 0.0203125 0.03125
0 0.51875 0.72421875 0.021875 0.03046875
0 0.16640625 0.54140625 0.02734375 0.02265625
0 0.90625 0.621875 0.02421875 0.0296875
0 0.8328125 0.9421875 0.025 0.03515625
0 0.1046875 0.63984375 0.028125 0.02890625
0 0.23671875 0.50078125 0.021875 0.02578125
0 0.26640625 0.66875 0.021875 0.025
0 0.57421875 0.9859375 0.03671875 0.02734375
0 0.159375 0.43984375 0.021875 0.021875
0 0.434375 0.56171875 0.0203125 0.02734375
0 0.54921875 0.57421875 0.01875 0.021875
0 0.553125 0.46796875 0.02421875 0.0203125
0 0.52734375 0.58125 0.01875 0.0234375
0 0.0890625 0.90078125 0.03828125 0.05390625
0 0.284375 0.428125 0.01875 0.02109375
0 0.42265625 0.409375 0.01875 0.01796875
0 0.07890625 0.51875 0.0265625 0.02578125
0 0.98671875 0.9453125 0.02578125 0.05703125
0 0.76484375 0.57578125 0.0203125 0.0234375
0 0.190625 0.45703125 0.0203125 0.025
0 0.7984375 0.56484375 0.021875 0.0265625
0 0.11328125 0.98125 0.0359375 0.03671875
0 0.15625 0.50859375 0.02109375 0.02890625
0 0.85078125 0.98515625 0.0421875 0.028125
0 0.225 0.70859375 0.01796875 0.025
0 0.32734375 0.44609375 0.01875 0.01953125
0 0.5359375 0.44921875 0.01953125 0.01953125
0 0.96796875 0.7234375 0.03828125 0.03359375
0 0.834375 0.89921875 0.01875 0.03046875
0 0.46015625 0.51484375 0.0203125 0.0234375
0 0.31796875 0.49140625 0.02109375 0.02265625
0 0.9453125 0.6109375 0.028125 0.03359375
0 0.07578125 0.61796875 0.040625 0.03828125
0 0.27578125 0.728125 0.02109375 0.0265625
0 0.98671875 0.58515625 0.025 0.028125
0 0.43828125 0.428125 0.01953125 0.0203125
0 0.97265625 0.7625 0.0546875 0.05
0 0.02734375 0.91640625 0.034375 0.05546875