0 0.74375 0.6984375 0.03515625 0.03828125
0 0.25703125 0.55078125 0.01640625 0.0296875
0 0.978125 0.83125 0.04296875 0.0515625
0 0.3546875 0.85859375 0.021875 0.0390625
0 0.7828125 0.76875 0.03828125 0.05078125
0 0.3171875 0.92109375 0.0328125 0.04453125
0 0.54296875 0.72578125 0.03046875 0.03828125
0 0.40703125 0.63515625 0.034375 0.03515625
0 0.3015625 0.78125 0.0359375 0.05078125
0 0.840625 0.8328125 0.03125 0.03984375
0 0.16015625 0.71640625 0.03984375 0.040625
0 0.03203125 0.8671875 0.03984375 0.0421875
0 0.44609375 0.7109375 0.0296875 0.03828125
0 0.6203125 0.68984375 0.02578125 0.02578125
0 0.33203125 0.490625 0.02421875 0.0265625
0 0.76875 0.82890625 0.0296875 0.04921875
0 0.32109375 0.590625 0.02890625 0.02734375
0 0.1703125 0.6140625 0.0234375 0.028125
0 0.24375 0.95859375 0.03984375 0.0484375
0 0.7921875 0.67421875 0.025 0.03125
0 0.90546875 0.934375 0.03515625 0.04921875
0 0.4734375 0.80390625 0.03828125 0.04921875
0 0.64921875 0.9390625 0.0421875 0.05546875
0 0.7078125 0.48203125 0.0234375 0.0265625
0 0.57734375 0.73671875 0.03203125 0.04296875
0 0.68984375 0.71015625 0.025 0.0328125
0 0.34375 0.77578125 0.03359375 0.0328125
0 0.2234375 0.81171875 0.03046875 0.04140625
0 0.69375 0.5265625 0.02265625 0.02890625
0 0.48828125 0.86875 0.03828125 0.05234375
0 0.44375 0.884375 0.03359375 0.04609375
0 0.73046875 0.865625 0.028125 0.04140625
0 0.0703125 0.69609375 0.03984375 0.04140625
0 0.1859375 0.85078125 0.02734375 0.04140625
0 0.6046875 0.63671875 0.02578125 0.03046875
0 0.6484375 0.85234375 0.03359375 0.04140625
0 0.93671875 0.64453125 0.03046875 0.0421875
0 0.534375 0.66484375 0.0328125 0.0359375
0 0.859375 0.646875 0.03203125 0.034375
0 0.56328125 0.59609375 0.02734375 0.0296875
0 0.26484375 0.7265625 0.03046875 0.03046875
0 0.384375 0.684375 0.03125 0.0328125
0 0.92421875 0.846875 0.034375 0.046875
0 0.8453125 0.88828125 0.03203125 0.03359375
0 0.84140625 0.75859375 0.0328125 0.04375
0 0.57578125 0.91640625 0.0421875 0.05546875
0 0.675 0.6859375 0.0203125 0.02578125
0 0.73359375 0.4734375 0.02578125 0.025
0 0.98359375 0.896875 0.0328125 0.05078125
0 0.3984375 0.76484375 0.021875 0.03203125
0 0.38046875 0.57421875 0.025 0.02578125
0 0.4828125 0.68671875 0.02578125 0.0390625
0 0.51796875 0.9015625 0.0265625 0.03828125
0 0.29296875 0.51328125 0.02265625 0.0234375
0 0.5625 0.86953125 0.0265625 0.03671875
0 0.98125 0.75703125 0.034375 0.04140625
0 0.15625 0.80625 0.03203125 0.03828125
0 0.88125 0.70546875 0.02421875 0.028125
0 0.59453125 0.9671875 0.0375 0.04921875
0 0.29609375 0.71875 0.0265625 0.02890625
0 0.875 0.74609375 0.028125 0.0359375
0 0.84375 0.66875 0.025 0.03359375
0 0.540625 0.82890625 0.0265625 0.03359375
0 0.42890625 0.58828125 0.0234375 0.028125
0 0.35234375 0.51953125 0.02265625 0.025
0 0.25234375 0.64453125 0.025 0.02578125
0 0.21328125 0.69296875 0.0296875 0.02578125
0 0.775 0.5796875 0.0203125 0.025
0 0.07734375 0.7609375 0.0453125 0.04453125
0 0.6640625 0.5359375 0.02109375 0.0234375
0 0.21953125 0.5203125 0.025 0.021875
0 0.37578125 0.796875 0.0328125 0.05
0 0.14375 0.5453125 0.028125 0.0265625
0 0.20703125 0.8875 0.034375 0.0484375
0 0.77890625 0.46640625 0.028125 0.0234375
0 0.21484375 0.9296875 0.03515625 0.0390625
0 0.1875 0.98125 0.02890625 0.0375
0 0.04375 0.6125 0.028125 0.03203125
0 0.72265625 0.540625 0.025 0.0234375
0 0.7890625 0.61484375 0.03046875 0.0296875
0 0.20390625 0.65625 0.03671875 0.0328125
0 0.57890625 0.68671875 0.03359375 0.04296875
0 0.5671875 0.653125 0.01875 0.02890625
0 0.10625 0.58828125 0.04453125 0.03671875
0 0.10625 0.553125 0.021875 0.025
0 0.44765625 0.61640625 0.0296875 0.03359375
0 0.81953125 0.70703125 0.0296875 0.0359375
0 0.121875 0.9234375 0.02265625 0.03984375
0 0.33125 0.6421875 0.02109375 0.02421875
0 0.2078125 0.49140625 0.02109375 0.028125
0 0.44375 0.65703125 0.02578125 0.02734375
0 0.17734375 0.51171875 0.021875 0.021875
0 0.14609375 0.59609375 0.0234375 0.02734375
0 0.5 0.6234375 0.02265625 0.0328125
0 0.09921875 0.6421875 0.0171875 0.01953125
0 0.75859375 0.49921875 0.02421875 0.02421875
0 0.2875 0.48515625 0.01796875 0.02265625
0 0.8953125 0.64375 0.021875 0.02734375
0 0.5921875 0.4484375 0.0234375 0.02109375
0 0.29296875 0.67734375 0.01640625 0.02265625
0 0.1640625 0.65 0.025 0.02265625
0 0.62890625 0.4625 0.021875 0.02265625
0 0.8765625 0.540625 0.0296875 0.0265625
0 0.32421875 0.51015625 0.02265625 0.01953125
0 0.940625 0.59375 0.02734375 0.03046875
0 0.3859375 0.58359375 0.0265625 0.02578125
0 0.5953125 0.55 0.01640625 0.01875
0 0.79765625 0.54921875 0.0203125 0.02421875
0 0.13828125 0.503125 0.02421875 0.02421875
0 0.76796875 0.5890625 0.0203125 0.02578125
0 0.01953125 0.80078125 0.0359375 0.0421875
0 0.57265625 0.55625 0.01796875 0.021875
0 0.2046875 0.42578125 0.0203125 0.0203125
0 0.51328125 0.4609375 0.021875 0.01953125
0 0.13984375 0.7671875 0.04921875 0.04609375
0 0.9578125 0.98671875 0.05 0.02578125
0 0.56953125 0.49609375 0.01875 0.02265625
0 0.065625 0.815625 0.03046875 0.03671875
0 0.81015625 0.4171875 0.021875 0.02109375
0 0.484375 0.53984375 0.0171875 0.02421875
0 0.4578125 0.3921875 0.01640625 0.01796875
0 0.2328125 0.44453125 0.0171875 0.02578125
0 0.97734375 0.58046875 0.025 0.0296875
0 0.39921875 0.54609375 0.0171875 0.02421875
0 0.19609375 0.540625 0.0234375 0.03046875
0 0.13125 0.8734375 0.0359375 0.059375
0 0.0890625 0.865625 0.05078125 0.0546875
0 0.03671875 0.95234375 0.03828125 0.05546875
0 0.53359375 0.58203125 0.03359375 0.0453125