0 0.3796875 0.68046875 0.03671875 0.05078125
0 0.4 0.60625 0.03671875 0.03125
0 0.37109375 0.78515625 0.021875 0.04765625
0 0.4015625 0.69140625 0.02421875 0.034375
0 0.45078125 0.6265625 0.0390625 0.040625
0 0.421875 0.825 0.0640625 0.07421875
0 0.43671875 0.78359375 0.0359375 0.04453125
0 0.41796875 0.96015625 0.08203125 0.0796875
0 0.53984375 0.6890625 0.04296875 0.0640625
0 0.29375 0.84765625 0.0578125 0.06171875
0 0.5453125 0.86171875 0.05703125 0.0765625
0 0.503125 0.8140625 0.03515625 0.03671875
0 0.41875 0.7171875 0.0390625 0.040625
0 0.165625 0.92578125 0.04375 0.05859375
0 0.1859375 0.871875 0.0390625 0.0703125
0 0.059375 0.82734375 0.05703125 0.07421875
0 0.04609375 0.78984375 0.05546875 0.0578125
0 0.13203125 0.84453125 0.0546875 0.053125
0 0.0875 0.96328125 0.03984375 0.03828125
0 0.08515625 0.921875 0.03984375 0.046875
0 0.128125 0.7140625 0.05078125 0.0515625
0 0.22265625 0.765625 0.040625 0.03203125
0 0.25703125 0.72578125 0.01796875 0.0265625
0 0.275 0.71171875 0.02890625 0.0359375
0 0.19453125 0.6578125 0.0453125 0.04921875
0 0.34453125 0.6 0.02890625 0.03671875
0 0.44765625 0.57265625 0.028125 0.0359375
0 0.4875 0.55859375 0.0234375 0.0265625
0 0.54609375 0.6234375 0.0328125 0.0390625
0 0.5671875 0.66796875 0.03671875 0.05
0 0.64453125 0.78203125 0.0375 0.05546875
0 0.68203125 0.96640625 0.0546875 0.0671875
0 0.50625 0.5765625 0.02421875 0.0265625
0 0.55859375 0.57109375 0.01796875 0.02578125
0 0.57265625 0.6125 0.0234375 0.0421875
0 0.61015625 0.58828125 0.0296875 0.03203125
0 0.6140625 0.67109375 0.03515625 0.025
0 0.646875 0.6109375 0.0234375 0.0390625
0 0.684375 0.5734375 0.02734375 0.02578125
0 0.6484375 0.89375 0.01484375 0.02578125
0 0.5546875 0.778125 0.02109375 0.04296875
0 0.3703125 0.86875 0.04140625 0.06640625
0 0.33515625 0.715625 0.03828125 0.0390625
0 0.31796875 0.678125 0.04296875 0.03203125
0 0.3578125 0.65 0.034375 0.0328125
0 0.56171875 0.4921875 0.02578125 0.01640625
0 0.565625 0.471875 0.0234375 0.025
0 0.60625 0.50078125 0.03515625 0.0296875
0 0.4625 0.50625 0.0234375 0.0234375
0 0.4765625 0.49921875 0.02578125 0.0234375
0 0.3953125 0.56015625 0.028125 0.03125
0 0.37265625 0.5390625 0.0265625 0.021875
0 0.35859375 0.4953125 0.0359375 0.02578125
0 0.34609375 0.45859375 0.01953125 0.0171875
0 0.50859375 0.459375 0.025 0.0125
0 0.5375 0.45859375 0.021875 0.0203125
0 0.65234375 0.54609375 0.0296875 0.02578125
0 0.7140625 0.53125 0.0265625 0.0265625
0 0.74453125 0.5828125 0.028125 0.034375
0 0.73515625 0.55 0.01796875 0.0234375
0 0.76640625 0.67421875 0.0234375 0.03203125
0 0.5453125 0.50859375 0.01953125 0.0296875
0 0.64375 0.475 0.02421875 0.025
0 0.42890625 0.5171875 0.025 0.015625
0 0.675 0.68046875 0.03203125 0.0265625
0 0.64765625 0.4109375 0.02890625 0.025
0 0.5984375 0.43671875 0.0265625 0.0234375
0 0.68984375 0.546875 0.01875 0.0265625
0 0.71484375 0.684375 0.04296875 0.05
0 0.7390625 0.77109375 0.04140625 0.05546875
0 0.73828125 0.69453125 0.0203125 0.03515625
0 0.40390625 0.65546875 0.03828125 0.0453125
0 0.46484375 0.39453125 0.0296875 0.028125
0 0.56875 0.3578125 0.021875 0.01875
0 0.5890625 0.396875 0.02421875 0.02578125
0 0.63203125 0.45390625 0.028125 0.01484375
0 0.69296875 0.48203125 0.0203125 0.01640625
0 0.7234375 0.51015625 0.01484375 0.01953125
0 0.76171875 0.5375 0.02265625 0.03984375
0 0.49765625 0.37578125 0.01796875 0.0140625
0 0.42734375 0.49296875 0.0328125 0.0203125
0 0.75703125 0.59296875 0.015625 0.01953125
0 0.646875 0.67265625 0.0171875 0.021875
0 0.640625 0.34375 0.01328125 0.015625
0 0.72421875 0.46875 0.028125 0.025
0 0.746875 0.4796875 0.025 0.025
0 0.56953125 0.446875 0.0203125 0.021875
0 0.66875 0.39375 0.0140625 0.01484375
0 0.52734375 0.371875 0.01953125 0.02265625
0 0.56484375 0.41875 0.0125 0.015625
0 0.41875 0.45 0.021875 0.02109375
0 0.50234375 0.534375 0.015625 0.01953125
0 0.54296875 0.4171875 0.02734375 0.01796875
0 0.78203125 0.59453125 0.02421875 0.0296875
0 0.15 0.59609375 0.025 0.025
0 0.1203125 0.5796875 0.03359375 0.03125
0 0.1359375 0.54921875 0.0359375 0.03046875
0 0.02734375 0.4671875 0.02578125 0.015625
0 0.1125 0.48203125 0.034375 0.02890625
0 0.125 0.52734375 0.028125 0.03515625
0 0.17265625 0.5078125 0.034375 0.0265625
0 0.21328125 0.55859375 0.034375 0.02578125
0 0.2640625 0.57890625 0.03828125 0.0359375
0 0.25703125 0.55 0.0296875 0.0328125
0 0.1640625 0.475 0.03359375 0.03515625
0 0.1890625 0.46015625 0.02734375 0.0234375
0 0.23515625 0.47421875 0.021875 0.02421875
0 0.30703125 0.553125 0.02734375 0.02578125
0 0.13515625 0.43359375 0.0296875 0.03046875
0 0.30546875 0.40625 0.0296875 0.02421875
0 0.41484375 0.3796875 0.01875 0.021875
0 0.8296875 0.86796875 0.06484375 0.06875
0 0.7546875 0.86875 0.05546875 0.0609375
0 0.91328125 0.84765625 0.0546875 0.07109375
0 0.85078125 0.7890625 0.05078125 0.071875
0 0.95078125 0.778125 0.05625 0.0515625
0 0.92890625 0.97890625 0.059375 0.0421875
0 0.9328125 0.93125 0.0453125 0.05625
0 0.934375 0.653125 0.0390625 0.0375
0 0.95390625 0.70390625 0.03828125 0.02734375
0 0.88046875 0.61484375 0.0484375 0.04609375
0 0.86328125 0.64921875 0.015625 0.0203125
0 0.87578125 0.56640625 0.02578125 0.025
0 0.978125 0.609375 0.03125 0.0203125
0 0.88046875 0.52265625 0.040625 0.0375
0 0.83671875 0.4984375 0.028125 0.02890625
0 0.8375 0.565625 0.028125 0.0203125
0 0.778125 0.52421875 0.03359375 0.02890625
0 0.81328125 0.53828125 0.0171875 0.01796875
0 0.49375 0.4140625 0.01640625 0.01328125
0 0.36875 0.43515625 0.02890625 0.01328125
0 0.12265625 0.65 0.03359375 0.0390625
0 0.0734375 0.61171875 0.0359375 0.03515625
0 0.0875 0.57265625 0.04296875 0.03359375
0 0.2890625 0.60390625 0.0234375 0.02265625
0 0.31015625 0.45859375 0.02265625 0.01796875
0 0.2609375 0.425 0.02890625 0.028125
0 0.2875 0.33828125 0.02421875 0.025
0 0.22890625 0.5296875 0.034375 0.021875
0 0.07734375 0.46796875 0.04296875 0.015625
0 0.10234375 0.45234375 0.01875 0.028125
0 0.04609375 0.4453125 0.0390625 0.01796875
0 0.23125 0.36328125 0.028125 0.01015625
0 0.1875 0.41875 0.02578125 0.01953125
0 0.8046875 0.8 0.03203125 0.03515625
0 0.89453125 0.859375 0.0546875 0.0609375
0 0.890625 0.74453125 0.0484375 0.04140625
0 0.81015625 0.72109375 0.04921875 0.0375
0 0.8421875 0.59921875 0.028125 0.0296875
0 0.75390625 0.825 0.0609375 0.0640625
0 0.2015625 0.765625 0.0359375 0.03203125
0 0.73203125 0.4234375 0.02421875 0.03671875
0 0.834375 0.70390625 0.0390625 0.034375
0 0.11171875 0.6265625 0.0453125 0.03046875
0 0.70390625 0.671875 0.02890625 0.03359375
0 0.7234375 0.6640625 0.02578125 0.03359375
0 0.28125 0.53984375 0.0234375 0.0203125
0 0.946875 0.82421875 0.04140625 0.0578125
0 0.259375 0.3625 0.0234375 0.03046875
0 0.21640625 0.4453125 0.025 0.02265625
0 0.0734375 0.42890625 0.03515625 0.01875