0 0.0375 0.9484375 0.0671875 0.05859375
0 0.1296875 0.8609375 0.04296875 0.04296875
0 0.19375 0.9703125 0.0234375 0.02890625
0 0.21640625 0.94140625 0.03671875 0.065625
0 0.02421875 0.71875 0.034375 0.04140625
0 0.04140625 0.8109375 0.0453125 0.025
0 0.0953125 0.7578125 0.0296875 0.03203125
0 0.0578125 0.734375 0.02734375 0.03515625
0 0.07578125 0.65625 0.028125 0.0328125
0 0.2 0.665625 0.025 0.02421875
0 0.17578125 0.71015625 0.034375 0.0453125
0 0.228125 0.7359375 0.0328125 0.02890625
0 0.28828125 0.971875 0.03671875 0.05234375
0 0.07421875 0.5921875 0.03984375 0.0296875
0 0.13515625 0.63828125 0.03671875 0.02890625
0 0.13203125 0.59609375 0.025 0.0359375
0 0.2828125 0.70078125 0.03046875 0.03828125
0 0.378125 0.7203125 0.03671875 0.034375
0 0.38125 0.78828125 0.0359375 0.03671875
0 0.30546875 0.76171875 0.0203125 0.03046875
0 0.31875 0.77578125 0.02421875 0.021875
0 0.3265625 0.85 0.03671875 0.03359375
0 0.38046875 0.85703125 0.034375 0.0578125
0 0.44140625 0.81875 0.03359375 0.04140625
0 0.34296875 0.9203125 0.03515625 0.04375
0 0.371875 0.934375 0.02109375 0.0421875
0 0.3890625 0.9703125 0.03984375 0.03984375
0 0.22578125 0.696875 0.0296875 0.03125
0 0.25234375 0.67890625 0.02265625 0.02421875
0 0.2484375 0.51015625 0.02890625 0.0265625
0 0.20859375 0.59375 0.02265625 0.025
0 0.34453125 0.62109375 0.02734375 0.0265625
0 0.35234375 0.68046875 0.025 0.0296875
0 0.425 0.659375 0.0265625 0.0296875
0 0.421875 0.62578125 0.03046875 0.0265625
0 0.44375 0.75390625 0.0375 0.0390625
0 0.54296875 0.93515625 0.046875 0.06328125
0 0.5859375 0.8921875 0.03828125 0.0484375
0 0.63828125 0.88359375 0.03515625 0.0453125
0 0.59453125 0.81171875 0.0328125 0.053125
0 0.55625 0.82734375 0.0328125 0.05078125
0 0.63671875 0.759375 0.025 0.046875
0 0.68515625 0.80703125 0.0234375 0.0453125
0 0.68984375 0.6953125 0.0296875 0.03671875
0 0.7328125 0.7484375 0.02734375 0.0328125
0 0.7453125 0.88203125 0.02265625 0.0359375
0 0.7140625 0.9078125 0.03359375 0.03203125
0 0.796875 0.93046875 0.02890625 0.04296875
0 0.8859375 0.9765625 0.046875 0.046875
0 0.93046875 0.9578125 0.04453125 0.05625
0 0.828125 0.896875 0.0328125 0.04375
0 0.80859375 0.7453125 0.02109375 0.03203125
0 0.79296875 0.71015625 0.0203125 0.03515625
0 0.9234375 0.64921875 0.03203125 0.03125
0 0.97578125 0.74296875 0.03046875 0.03125
0 0.971875 0.71015625 0.03046875 0.0328125
0 0.84296875 0.6640625 0.0328125 0.03125
0 0.58359375 0.62265625 0.0234375 0.02578125
0 0.484375 0.625 0.02734375 0.03671875
0 0.49140625 0.71015625 0.03125 0.03046875
0 0.51640625 0.7453125 0.03828125 0.03671875
0 0.1484375 0.5515625 0.03671875 0.02265625
0 0.63359375 0.54140625 0.03203125 0.03359375
0 0.6390625 0.62421875 0.028125 0.0328125
0 0.67578125 0.6265625 0.02578125 0.0296875
0 0.5765625 0.73359375 0.0234375 0.03828125
0 0.85078125 0.77421875 0.03046875 0.0421875
0 0.76640625 0.91171875 0.0296875 0.0546875
0 0.98046875 0.82421875 0.03828125 0.0359375
0 0.97578125 0.665625 0.0421875 0.04296875
0 0.7765625 0.58125 0.02578125 0.03125
0 0.67578125 0.5671875 0.0328125 0.03203125
0 0.684375 0.6015625 0.021875 0.028125
0 0.29609375 0.56484375 0.02109375 0.02578125
0 0.6875 0.49375 0.0296875 0.02578125
0 0.74375 0.64296875 0.01875 0.02109375
0 0.80625 0.59609375 0.02421875 0.0265625
0 0.0578125 0.83125 0.0375 0.03984375
0 0.2796875 0.903125 0.04140625 0.0453125
0 0.58984375 0.59140625 0.0203125 0.03046875
0 0.5578125 0.575 0.01875 0.0265625
0 0.5921875 0.51875 0.01484375 0.025
0 0.59609375 0.55625 0.021875 0.0296875
0 0.565625 0.51328125 0.0234375 0.02265625
0 0.92265625 0.6171875 0.0375 0.03359375
0 0.09140625 0.6953125 0.0265625 0.03671875
0 0.17890625 0.63203125 0.02890625 0.0265625