0 0.37578125 0.87734375 0.02734375 0.04296875
0 0.29609375 0.865625 0.04921875 0.05625
0 0.1890625 0.8890625 0.03203125 0.0609375
0 0.05 0.80078125 0.0484375 0.05234375
0 0.0578125 0.85546875 0.0359375 0.046875
0 0.140625 0.8578125 0.03515625 0.04765625
0 0.12734375 0.72578125 0.046875 0.05390625
0 0.1984375 0.67265625 0.02890625 0.0484375
0 0.3609375 0.6625 0.03203125 0.03125
0 0.4046875 0.6671875 0.03125 0.040625
0 0.45625 0.6421875 0.02734375 0.04375
0 0.55078125 0.875 0.034375 0.0796875
0 0.8359375 0.89609375 0.06328125 0.071875
0 0.76171875 0.90234375 0.04453125 0.04765625
0 0.64921875 0.7921875 0.0359375 0.05
0 0.62109375 0.68125 0.028125 0.0359375
0 0.65390625 0.9140625 0.0140625 0.0234375
0 0.53828125 0.70625 0.03515625 0.0515625
0 0.16484375 0.9515625 0.0390625 0.06171875
0 0.08515625 0.9375 0.0328125 0.0421875
0 0.07421875 0.62421875 0.03046875 0.03046875
0 0.09140625 0.5796875 0.02890625 0.03203125
0 0.12890625 0.53671875 0.021875 0.02421875
0 0.21875 0.5671875 0.0265625 0.0375
0 0.11796875 0.6359375 0.0203125 0.02265625
0 0.11796875 0.4890625 0.02734375 0.02890625
0 0.7703125 0.6859375 0.02734375 0.03359375
0 0.65390625 0.6296875 0.01875 0.0359375
0 0.615625 0.6 0.01953125 0.0375
0 0.5578125 0.7984375 0.02421875 0.03203125
0 0.85859375 0.80390625 0.05625 0.075
0 0.42734375 0.8375 0.059375 0.07734375
0 0.4265625 0.975 0.075 0.05
0 0.81484375 0.73828125 0.04453125 0.03984375
0 0.84296875 0.71796875 0.03359375 0.0359375
0 0.95546875 0.78984375 0.04765625 0.059375
0 0.92421875 0.86640625 0.065625 0.0765625
0 0.90078125 0.88984375 0.0359375 0.0546875
0 0.7703125 0.5578125 0.02734375 0.03828125
0 0.6578125 0.5546875 0.028125 0.03359375
0 0.58125 0.63203125 0.02890625 0.0375
0 0.578125 0.68359375 0.03125 0.0453125
0 0.490625 0.56640625 0.028125 0.02890625
0 0.4546875 0.5953125 0.0265625 0.03125
0 0.4015625 0.615625 0.03125 0.0375
0 0.396875 0.5734375 0.03828125 0.03125
0 0.3125 0.56171875 0.0234375 0.02890625
0 0.2609375 0.5625 0.03046875 0.02421875
0 0.26953125 0.58984375 0.02890625 0.02890625
0 0.28515625 0.55078125 0.0234375 0.02734375
0 0.23203125 0.5359375 0.02890625 0.03125
0 0.12421875 0.58671875 0.03203125 0.0296875
0 0.43984375 0.7921875 0.0359375 0.0421875
0 0.50390625 0.8234375 0.03359375 0.0546875
0 0.965625 0.7203125 0.03671875 0.04375
0 0.68359375 0.97421875 0.03125 0.05078125
0 0.3359375 0.73203125 0.03984375 0.0546875
0 0.275 0.72421875 0.0328125 0.05234375
0 0.3609375 0.50625 0.03125 0.028125
0 0.94609375 0.95625 0.046875 0.046875
0 0.94609375 0.67109375 0.03203125 0.03515625
0 0.88984375 0.63671875 0.0390625 0.04375
0 0.846875 0.528125 0.02734375 0.02578125
0 0.8453125 0.49921875 0.03046875 0.0296875
0 0.884375 0.56484375 0.025 0.02734375
0 0.8515625 0.615625 0.0265625 0.025
0 0.7828125 0.534375 0.0375 0.03125
0 0.69375 0.58984375 0.02890625 0.025
0 0.6515625 0.4921875 0.02109375 0.021875
0 0.64296875 0.46875 0.01640625 0.0203125
0 0.5640625 0.5078125 0.025 0.02265625
0 0.6109375 0.509375 0.0328125 0.03359375
0 0.4328125 0.53515625 0.02578125 0.02421875
0 0.371875 0.54453125 0.02578125 0.025
0 0.1765625 0.52109375 0.03515625 0.0234375