0 0.62265625 0.85703125 0.06171875 0.0703125
0 0.33828125 0.90859375 0.04765625 0.06875
0 0.71015625 0.8171875 0.03984375 0.05703125
0 0.3109375 0.77421875 0.05859375 0.0703125
0 0.1546875 0.71875 0.05234375 0.05390625
0 0.82265625 0.77265625 0.05 0.05546875
0 0.36953125 0.4734375 0.02890625 0.02578125
0 0.5984375 0.57109375 0.03125 0.0375
0 0.21875 0.69375 0.04375 0.04765625
0 0.66171875 0.96953125 0.05859375 0.0609375
0 0.43359375 0.82890625 0.04140625 0.05078125
0 0.15234375 0.621875 0.03828125 0.0375
0 0.075 0.5375 0.03671875 0.03359375
0 0.259375 0.42734375 0.02265625 0.02421875
0 0.4296875 0.74140625 0.03515625 0.04375
0 0.7921875 0.8109375 0.046875 0.06328125
0 0.3703125 0.75703125 0.02890625 0.04453125
0 0.64140625 0.590625 0.034375 0.0359375
0 0.87578125 0.76484375 0.03359375 0.04921875
0 0.2953125 0.87890625 0.04765625 0.0625
0 0.18671875 0.75546875 0.0375 0.04453125
0 0.52578125 0.87578125 0.0484375 0.05546875
0 0.7140625 0.71953125 0.04921875 0.0453125
0 0.796875 0.5953125 0.0296875 0.03515625
0 0.45078125 0.60078125 0.021875 0.0265625
0 0.38984375 0.66796875 0.0359375 0.0421875
0 0.2828125 0.7109375 0.04375 0.05078125
0 0.515625 0.83046875 0.04375 0.04765625
0 0.74296875 0.87421875 0.04296875 0.0671875
0 0.825 0.9625 0.04921875 0.06875
0 0.84296875 0.878125 0.0359375 0.0484375
0 0.7625 0.96796875 0.053125 0.0640625
0 0.48671875 0.45703125 0.028125 0.02578125
0 0.01875 0.8203125 0.0375 0.04609375
0 0.7875 0.42109375 0.03125 0.028125
0 0.946875 0.61640625 0.040625 0.0453125
0 0.93984375 0.7734375 0.059375 0.071875
0 0.92265625 0.5625 0.0328125 0.0359375
0 0.22265625 0.8109375 0.04609375 0.06171875
0 0.62890625 0.50625 0.03046875 0.03515625
0 0.7359375 0.490625 0.034375 0.03046875
0 0.5671875 0.4578125 0.0328125 0.03046875
0 0.8640625 0.59609375 0.0359375 0.03984375
0 0.84375 0.4390625 0.021875 0.0234375
0 0.11875 0.5328125 0.028125 0.02421875
0 0.053125 0.93515625 0.04453125 0.06796875
0 0.3625 0.8265625 0.03515625 0.05859375
0 0.234375 0.56484375 0.0296875 0.0375
0 0.66953125 0.49609375 0.03125 0.034375
0 0.809375 0.465625 0.02578125 0.025
0 0.7375 0.33515625 0.02421875 0.0203125
0 0.059375 0.64921875 0.0359375 0.03828125
0 0.55625 0.5796875 0.034375 0.03203125
0 0.43515625 0.51953125 0.0265625 0.02578125
0 0.70234375 0.65859375 0.0328125 0.03359375
0 0.15078125 0.54921875 0.02734375 0.03671875
0 0.69921875 0.534375 0.03671875 0.0359375
0 0.32265625 0.5546875 0.02421875 0.02421875
0 0.53046875 0.478125 0.028125 0.0328125
0 0.2734375 0.575 0.02265625 0.0359375
0 0.2984375 0.5765625 0.0234375 0.03046875
0 0.93671875 0.50546875 0.03046875 0.0265625
0 0.18359375 0.4875 0.02265625 0.03046875
0 0.13828125 0.50390625 0.03203125 0.0328125
0 0.74765625 0.6078125 0.028125 0.03203125
0 0.41875 0.6078125 0.021875 0.028125
0 0.046875 0.72578125 0.03359375 0.04375
0 0.18515625 0.44453125 0.028125 0.03671875
0 0.21328125 0.4296875 0.0203125 0.02265625
0 0.2078125 0.64765625 0.03359375 0.0421875
0 0.16015625 0.85 0.0375 0.0546875
0 0.2921875 0.471875 0.02734375 0.02578125
0 0.35 0.40546875 0.021875 0.02265625
0 0.74453125 0.6484375 0.03515625 0.03046875
0 0.084375 0.49453125 0.0328125 0.02890625
0 0.8875 0.39921875 0.02734375 0.02890625
0 0.4203125 0.409375 0.0234375 0.02421875
0 0.7828125 0.5109375 0.03125 0.02890625
0 0.0890625 0.796875 0.04765625 0.065625
0 0.66796875 0.4234375 0.0234375 0.02421875
0 0.73671875 0.4546875 0.01796875 0.025
0 0.4390625 0.6203125 0.01953125 0.02421875
0 0.95390625 0.6796875 0.0421875 0.04765625
0 0.9046875 0.3734375 0.02421875 0.02265625
0 0.3375 0.38671875 0.01953125 0.01875
0 0.28984375 0.4484375 0.0203125 0.02421875
0 0.971875 0.5390625 0.0265625 0.02890625
0 0.98828125 0.82265625 0.02265625 0.0375
0 0.809375 0.70546875 0.028125 0.0375
0 0.9859375 0.62734375 0.021875 0.02890625
0 0.16171875 0.44140625 0.03828125 0.03984375
0 0.16953125 0.40390625 0.02421875 0.025
0 0.42734375 0.5796875 0.01875 0.0234375
0 0.925 0.47578125 0.02734375 0.02734375
0 0.471875 0.49140625 0.02265625 0.02578125
0 0.8625 0.546875 0.02265625 0.025
0 0.5328125 0.4265625 0.03671875 0.0359375
0 0.52265625 0.39296875 0.025 0.034375
0 0.546875 0.37421875 0.02109375 0.0265625
0 0.8390625 0.46328125 0.0265625 0.021875
0 0.64375 0.4609375 0.025 0.0203125
0 0.68828125 0.40390625 0.01953125 0.02265625
0 0.42265625 0.4640625 0.0171875 0.02265625
0 0.04140625 0.44140625 0.028125 0.0296875
0 0.46484375 0.4328125 0.0265625 0.02265625
0 0.215625 0.3984375 0.01875 0.01953125
0 0.33046875 0.69296875 0.0265625 0.04296875
0 0.3140625 0.60625 0.025 0.03125
0 0.6546875 0.61171875 0.02109375 0.02265625
0 0.91796875 0.33125 0.02734375 0.021875
0 0.653125 0.44140625 0.02109375 0.021875
0 0.784375 0.36875 0.02421875 0.021875
0 0.35 0.51640625 0.021875 0.02734375
0 0.84375 0.53046875 0.03125 0.02734375
0 0.60078125 0.4734375 0.0234375 0.01875
0 0.68203125 0.44921875 0.02109375 0.028125
0 0.4078125 0.32421875 0.01640625 0.02109375
0 0.8390625 0.503125 0.02109375 0.025
0 0.00625 0.58828125 0.0125 0.034375
0 0.0140625 0.421875 0.02734375 0.02578125
0 0.7015625 0.378125 0.02265625 0.021875
0 0.35 0.64140625 0.02578125 0.0390625
0 0.23828125 0.40625 0.02265625 0.021875
0 0.94453125 0.4171875 0.034375 0.03203125
0 0.5390625 0.28359375 0.01875 0.01875
0 0.9859375 0.98515625 0.02734375 0.028125
0 0.7046875 0.33828125 0.01953125 0.0171875
0 0.68046875 0.31953125 0.01796875 0.01875
0 0.7421875 0.37890625 0.01953125 0.02265625
0 0.44375 0.275 0.015625 0.0171875
0 0.7203125 0.32265625 0.01875 0.021875
0 0.78359375 0.28203125 0.0171875 0.01875
0 0.86171875 0.32734375 0.02265625 0.01953125
0 0.46328125 0.4 0.0234375 0.03828125
0 0.48125 0.36328125 0.01484375 0.01953125
0 0.13828125 0.96875 0.040625 0.06171875
0 0.375 0.55859375 0.03046875 0.03671875
0 0.40859375 0.5546875 0.01875 0.021875
0 0.890625 0.6359375 0.03359375 0.03515625
0 0.7625 0.35390625 0.02421875 0.01875
0 0.99375 0.45234375 0.01171875 0.02421875
0 0.04375 0.4796875 0.02265625 0.025
0 0.32890625 0.29921875 0.021875 0.0234375
0 0.38828125 0.43203125 0.01640625 0.02109375
0 0.253125 0.46171875 0.02265625 0.02421875
0 0.67578125 0.275 0.0203125 0.01796875
0 0.38359375 0.3859375 0.01875 0.01875
0 0.0578125 0.49453125 0.0171875 0.021875
0 0.74375 0.315625 0.01953125 0.01953125
0 0.29296875 0.38046875 0.0265625 0.01953125
0 0.05234375 0.39453125 0.025 0.0203125
0 0.3796875 0.36484375 0.01796875 0.021875
0 0.4390625 0.4609375 0.0171875 0.021875
0 0.61875 0.284375 0.0171875 0.01875
0 0.90703125 0.3 0.01875 0.01640625
0 0.99453125 0.3734375 0.01015625 0.02578125
0 0.01640625 0.9296875 0.03203125 0.04765625
0 0.96875 0.4546875 0.0234375 0.021875
0 0.2375 0.36796875 0.0203125 0.021875
0 0.55390625 0.27734375 0.01484375 0.01796875
0 0.44375 0.29375 0.01796875 0.0171875
0 0.88046875 0.46328125 0.0265625 0.02734375
0 0.4234375 0.284375 0.015625 0.01796875
0 0.49140625 0.34453125 0.015625 0.015625
0 0.5359375 0.26796875 0.01484375 0.01640625
0 0.18984375 0.58125 0.0234375 0.04375
0 0.0859375 0.43515625 0.034375 0.0453125