0 0.07109375 0.93125 0.05390625 0.07265625
0 0.17109375 0.95 0.03515625 0.03984375
0 0.25546875 0.97421875 0.04296875 0.0515625
0 0.33359375 0.95546875 0.04609375 0.053125
0 0.30703125 0.92421875 0.0421875 0.04453125
0 0.2359375 0.82578125 0.0375 0.0484375
0 0.23671875 0.76640625 0.0453125 0.05546875
0 0.31640625 0.771875 0.03671875 0.0546875
0 0.4171875 0.9484375 0.04765625 0.08515625
0 0.428125 0.8484375 0.04296875 0.05703125
0 0.48046875 0.85625 0.0359375 0.04140625
0 0.51015625 0.92265625 0.06484375 0.0703125
0 0.62421875 0.9515625 0.04296875 0.078125
0 0.66171875 0.9875 0.01484375 0.025
0 0.61015625 0.82578125 0.05 0.07109375
0 0.5796875 0.77734375 0.0421875 0.0453125
0 0.7015625 0.88359375 0.05 0.084375
0 0.70625 0.95234375 0.02890625 0.04296875
0 0.76015625 0.88828125 0.0359375 0.06484375
0 0.778125 0.80390625 0.04375 0.06015625
0 0.74765625 0.8171875 0.03046875 0.040625
0 0.76953125 0.7171875 0.02578125 0.05390625
0 0.83203125 0.8046875 0.03046875 0.04765625
0 0.9296875 0.834375 0.046875 0.05703125
0 0.7484375 0.58828125 0.028125 0.0328125
0 0.70859375 0.5828125 0.028125 0.0328125
0 0.66171875 0.6796875 0.034375 0.0375
0 0.8984375 0.6859375 0.0375 0.0375
0 0.90234375 0.571875 0.0328125 0.03671875
0 0.94765625 0.51640625 0.03203125 0.03203125
0 0.92734375 0.6203125 0.03125 0.034375
0 0.8515625 0.60546875 0.03125 0.0390625
0 0.8265625 0.63203125 0.0296875 0.040625
0 0.79375 0.55625 0.0265625 0.0375
0 0.77578125 0.51015625 0.01640625 0.02421875
0 0.7875 0.47578125 0.0234375 0.03515625
0 0.73359375 0.43203125 0.02265625 0.02421875
0 0.70546875 0.5359375 0.02578125 0.034375
0 0.640625 0.53671875 0.02578125 0.0328125
0 0.5609375 0.6390625 0.03203125 0.034375
0 0.56796875 0.67578125 0.028125 0.03125
0 0.509375 0.67421875 0.046875 0.07109375
0 0.2765625 0.6890625 0.040625 0.04609375
0 0.315625 0.64921875 0.03125 0.034375
0 0.3828125 0.58828125 0.02421875 0.03203125
0 0.31171875 0.5515625 0.02578125 0.03046875
0 0.24921875 0.6203125 0.0234375 0.034375
0 0.42890625 0.5203125 0.02421875 0.0265625
0 0.353125 0.5828125 0.025 0.0265625
0 0.33125 0.60859375 0.02734375 0.0265625
0 0.47109375 0.53203125 0.028125 0.025
0 0.55625 0.5390625 0.02421875 0.03515625
0 0.5359375 0.5390625 0.021875 0.03125
0 0.5078125 0.51328125 0.01640625 0.0265625
0 0.484375 0.48125 0.0234375 0.028125
0 0.553125 0.490625 0.0265625 0.03125
0 0.590625 0.47734375 0.02265625 0.0328125
0 0.60546875 0.56875 0.02421875 0.03125
0 0.3625 0.45703125 0.01796875 0.02890625
0 0.73359375 0.70546875 0.0328125 0.03984375
0 0.89140625 0.921875 0.046875 0.059375
0 0.42265625 0.740625 0.0421875 0.053125
0 0.3625 0.7375 0.028125 0.03515625
0 0.1078125 0.86328125 0.0421875 0.040625
0 0.18671875 0.89296875 0.0453125 0.06328125
0 0.07890625 0.8078125 0.02890625 0.04140625
0 0.0171875 0.74609375 0.028125 0.028125
0 0.03515625 0.696875 0.02890625 0.02890625
0 0.0890625 0.69921875 0.0390625 0.03203125
0 0.12734375 0.7296875 0.02265625 0.03046875
0 0.18828125 0.6125 0.01484375 0.02109375
0 0.1375 0.65234375 0.02734375 0.03984375
0 0.1078125 0.640625 0.025 0.02734375
0 0.4953125 0.58671875 0.02578125 0.03359375
0 0.59609375 0.59453125 0.021875 0.034375
0 0.72578125 0.65625 0.028125 0.0296875
0 0.965625 0.7453125 0.06328125 0.06640625
0 0.87734375 0.83828125 0.0390625 0.053125