0 0.134375 0.9484375 0.046875 0.0546875
0 0.078125 0.915625 0.03671875 0.04921875
0 0.08671875 0.83671875 0.0453125 0.04140625
0 0.0171875 0.87265625 0.034375 0.03984375
0 0.02890625 0.73203125 0.03203125 0.04921875
0 0.05 0.64296875 0.034375 0.03125
0 0.221875 0.77734375 0.0328125 0.0484375
0 0.2875 0.8578125 0.03359375 0.05859375
0 0.28671875 0.92578125 0.04453125 0.0640625
0 0.1578125 0.81953125 0.03203125 0.03828125
0 0.13515625 0.8875 0.0296875 0.03984375
0 0.1265625 0.86484375 0.0234375 0.046875
0 0.17265625 0.8546875 0.03125 0.05390625
0 0.18984375 0.784375 0.02265625 0.0453125
0 0.2375 0.665625 0.0296875 0.03828125
0 0.26484375 0.69375 0.0390625 0.03125
0 0.29765625 0.72421875 0.03203125 0.03203125
0 0.35546875 0.86171875 0.04921875 0.0609375
0 0.37734375 0.8125 0.03515625 0.04609375
0 0.43671875 0.87578125 0.028125 0.03359375
0 0.45546875 0.93203125 0.040625 0.05234375
0 0.58046875 0.87578125 0.028125 0.0390625
0 0.5546875 0.75546875 0.03828125 0.05625
0 0.5921875 0.753125 0.025 0.04375
0 0.63203125 0.76015625 0.0328125 0.03125
0 0.63828125 0.83125 0.04609375 0.05859375
0 0.64375 0.90859375 0.0328125 0.059375
0 0.68984375 0.875 0.0265625 0.0546875
0 0.7390625 0.83046875 0.0296875 0.06015625
0 0.771875 0.88125 0.02421875 0.03671875
0 0.78515625 0.93125 0.0375 0.04453125
0 0.8296875 0.9390625 0.03203125 0.065625
0 0.86015625 0.82421875 0.04765625 0.04765625
0 0.90859375 0.87421875 0.03359375 0.053125
0 0.94609375 0.90390625 0.03203125 0.034375
0 0.9609375 0.80625 0.03203125 0.04296875
0 0.93203125 0.7609375 0.04375 0.03671875
0 0.9484375 0.70703125 0.028125 0.03203125
0 0.9609375 0.7421875 0.03125 0.02734375
0 0.8140625 0.7296875 0.03359375 0.04375
0 0.77734375 0.7625 0.0359375 0.0421875
0 0.74375 0.74375 0.0296875 0.04609375
0 0.6890625 0.753125 0.03515625 0.0375
0 0.6265625 0.70859375 0.0328125 0.04140625
0 0.52421875 0.66328125 0.03046875 0.0390625
0 0.4953125 0.66171875 0.02734375 0.04375
0 0.59375 0.60078125 0.03203125 0.0328125
0 0.665625 0.68828125 0.02890625 0.04765625
0 0.4078125 0.6140625 0.0375 0.040625
0 0.36484375 0.63671875 0.03125 0.03828125
0 0.321875 0.62265625 0.025 0.025
0 0.321875 0.5953125 0.02421875 0.02890625
0 0.26640625 0.6328125 0.02890625 0.0328125
0 0.24140625 0.6125 0.02578125 0.0390625
0 0.1484375 0.59140625 0.02265625 0.03046875
0 0.009375 0.6515625 0.01875 0.0390625
0 0.1984375 0.92890625 0.04375 0.06015625
0 0.240625 0.846875 0.03984375 0.04765625
0 0.4359375 0.665625 0.028125 0.040625
0 0.40703125 0.5515625 0.0328125 0.03515625
0 0.78515625 0.63515625 0.0359375 0.04296875
0 0.8703125 0.7375 0.04296875 0.05078125
0 0.8484375 0.77421875 0.0296875 0.0390625
0 0.7875 0.56953125 0.02578125 0.0375
0 0.690625 0.6109375 0.03125 0.0328125
0 0.66796875 0.6578125 0.02734375 0.034375
0 0.628125 0.56875 0.025 0.0328125
0 0.47421875 0.475 0.02890625 0.0265625
0 0.42734375 0.5171875 0.03671875 0.03359375
0 0.30859375 0.48828125 0.0328125 0.02734375
0 0.18359375 0.70546875 0.025 0.04609375
0 0.178125 0.74453125 0.025 0.03984375
0 0.13359375 0.50546875 0.0265625 0.0328125
0 0.02578125 0.6078125 0.03359375 0.03828125
0 0.29453125 0.54921875 0.0296875 0.0328125
0 0.4890625 0.54140625 0.02890625 0.03046875
0 0.85234375 0.6734375 0.0234375 0.0359375
0 0.80078125 0.81484375 0.02578125 0.03984375
0 0.7765625 0.80546875 0.021875 0.0390625
0 0.8703125 0.6125 0.02578125 0.0453125
0 0.87734375 0.66328125 0.02578125 0.03203125
0 0.9359375 0.6609375 0.03515625 0.04609375
0 0.66484375 0.50703125 0.01953125 0.0296875
0 0.65390625 0.54375 0.02578125 0.03515625
0 0.6234375 0.5421875 0.0234375 0.02890625
0 0.44140625 0.81484375 0.02890625 0.04453125
0 0.3765625 0.73046875 0.02421875 0.0328125
0 0.40234375 0.703125 0.0234375 0.03359375
0 0.60234375 0.51484375 0.01875 0.0296875
0 0.63359375 0.41875 0.0171875 0.02890625
0 0.82265625 0.496875 0.03203125 0.0265625
0 0.8125 0.45546875 0.02734375 0.021875
0 0.8640625 0.46328125 0.02578125 0.025