0 0.0265625 0.94765625 0.03828125 0.06171875
0 0.06953125 0.90859375 0.06171875 0.08125
0 0.07265625 0.96015625 0.0375 0.06328125
0 0.1234375 0.94375 0.07421875 0.0734375
0 0.1359375 0.98359375 0.04921875 0.03203125
0 0.26015625 0.97734375 0.04375 0.0453125
0 0.2515625 0.9328125 0.05703125 0.065625
0 0.0609375 0.7609375 0.05390625 0.0546875
0 0.109375 0.721875 0.04921875 0.0640625
0 0.06484375 0.66640625 0.053125 0.0546875
0 0.08125 0.60078125 0.05859375 0.065625
0 0.12578125 0.6625 0.04140625 0.053125
0 0.12734375 0.6234375 0.03984375 0.03359375
0 0.1796875 0.621875 0.05078125 0.0484375
0 0.190625 0.58046875 0.0390625 0.0359375
0 0.14765625 0.571875 0.04609375 0.04140625
0 0.12578125 0.51328125 0.06171875 0.0265625
0 0.115625 0.5375 0.02578125 0.02109375
0 0.1703125 0.525 0.03203125 0.028125
0 0.05625 0.5046875 0.03828125 0.03515625
0 0.07421875 0.540625 0.03203125 0.02421875
0 0.07890625 0.515625 0.02734375 0.0265625
0 0.1765625 0.73125 0.06328125 0.0640625
0 0.21953125 0.78046875 0.03984375 0.0453125
0 0.22890625 0.721875 0.03828125 0.05703125
0 0.2859375 0.7328125 0.06015625 0.06015625
0 0.2796875 0.6859375 0.03515625 0.0359375
0 0.246875 0.65078125 0.03515625 0.0484375
0 0.253125 0.59140625 0.03671875 0.06171875
0 0.2765625 0.55546875 0.0359375 0.03203125
0 0.2671875 0.528125 0.0453125 0.03984375
0 0.32734375 0.52421875 0.03515625 0.046875
0 0.2984375 0.81171875 0.08203125 0.08359375
0 0.2796875 0.78125 0.03203125 0.03984375
0 0.34609375 0.88046875 0.05078125 0.065625
0 0.35078125 0.95859375 0.06484375 0.08203125
0 0.36953125 0.82421875 0.06953125 0.053125
0 0.42890625 0.82109375 0.03046875 0.04453125
0 0.4078125 0.75625 0.04140625 0.05859375
0 0.3578125 0.7265625 0.04921875 0.05078125
0 0.321875 0.62109375 0.0328125 0.046875
0 0.403125 0.6671875 0.05 0.04921875
0 0.34765625 0.58828125 0.07109375 0.03125
0 0.4203125 0.58125 0.04296875 0.03828125
0 0.4515625 0.62734375 0.0484375 0.05078125
0 0.45234375 0.72890625 0.046875 0.05625
0 0.48671875 0.74140625 0.03671875 0.06796875
0 0.51328125 0.815625 0.05078125 0.06328125
0 0.5109375 0.90625 0.08046875 0.08671875
0 0.47578125 0.97578125 0.04609375 0.0484375
0 0.41484375 0.53984375 0.03359375 0.04609375
0 0.4734375 0.56640625 0.04453125 0.04375
0 0.453125 0.540625 0.02890625 0.0296875
0 0.4484375 0.459375 0.04609375 0.0546875
0 0.39921875 0.49140625 0.03203125 0.0359375
0 0.50625 0.4984375 0.04296875 0.0359375
0 0.53359375 0.5140625 0.03359375 0.03828125
0 0.5515625 0.5609375 0.03671875 0.04453125
0 0.52109375 0.621875 0.04140625 0.05546875
0 0.52109375 0.67890625 0.04296875 0.04921875
0 0.5171875 0.7265625 0.03671875 0.053125
0 0.56015625 0.73046875 0.03984375 0.04609375
0 0.58359375 0.803125 0.06640625 0.06796875
0 0.57578125 0.909375 0.05703125 0.071875
0 0.6328125 0.9703125 0.059375 0.059375
0 0.62890625 0.86484375 0.04921875 0.0703125
0 0.584375 0.75078125 0.034375 0.0546875
0 0.62890625 0.76796875 0.03984375 0.04921875
0 0.5953125 0.7375 0.0203125 0.0265625
0 0.6796875 0.76953125 0.06015625 0.046875
0 0.6875 0.6953125 0.0453125 0.071875
0 0.7375 0.91171875 0.05546875 0.0765625
0 0.76796875 0.81328125 0.07109375 0.078125
0 0.8375 0.89921875 0.06484375 0.08203125
0 0.7734375 0.7390625 0.053125 0.06015625
0 0.80703125 0.70703125 0.05 0.0546875
0 0.82421875 0.65078125 0.04609375 0.05859375
0 0.8609375 0.775 0.03984375 0.040625
0 0.68984375 0.6359375 0.02890625 0.03671875
0 0.659375 0.63203125 0.03046875 0.04921875
0 0.6046875 0.60234375 0.02734375 0.046875
0 0.58359375 0.52890625 0.04609375 0.040625
0 0.590625 0.55703125 0.0265625 0.0359375
0 0.62265625 0.52890625 0.025 0.02421875
0 0.62890625 0.49375 0.03671875 0.03359375
0 0.61875 0.4578125 0.04921875 0.04140625
0 0.65234375 0.56796875 0.03125 0.034375
0 0.6296875 0.58984375 0.0328125 0.03671875
0 0.69296875 0.58359375 0.03828125 0.034375
0 0.71328125 0.6078125 0.0375 0.03046875
0 0.73671875 0.5875 0.03671875 0.0359375
0 0.753125 0.55 0.03828125 0.03671875
0 0.7171875 0.49296875 0.0328125 0.02890625
0 0.75078125 0.50234375 0.0390625 0.03046875
0 0.6859375 0.50078125 0.02734375 0.03125
0 0.7828125 0.5890625 0.04296875 0.040625
0 0.81796875 0.5859375 0.03046875 0.040625
0 0.79609375 0.53671875 0.0359375 0.04375
0 0.8328125 0.55390625 0.0265625 0.02890625
0 0.8390625 0.50390625 0.03671875 0.03515625
0 0.48515625 0.43828125 0.02734375 0.02578125
0 0.5484375 0.44765625 0.0296875 0.03984375
0 0.57578125 0.403125 0.0375 0.03125
0 0.30078125 0.4578125 0.03671875 0.02890625
0 0.28359375 0.48671875 0.0359375 0.02890625
0 0.94765625 0.328125 0.06171875 0.0546875
0 0.8921875 0.975 0.0625 0.05
0 0.9484375 0.97265625 0.0625 0.0546875
0 0.9328125 0.9125 0.0671875 0.053125
0 0.940625 0.8640625 0.07109375 0.06796875
0 0.940625 0.78359375 0.06015625 0.05390625
0 0.896875 0.6859375 0.04140625 0.028125
0 0.86015625 0.6328125 0.03984375 0.0453125
0 0.90546875 0.63359375 0.04375 0.04609375
0 0.9796875 0.73046875 0.03984375 0.04453125
0 0.978125 0.69296875 0.04375 0.05390625
0 0.95703125 0.62890625 0.0515625 0.03359375
0 0.96875 0.596875 0.0453125 0.02421875
0 0.909375 0.53203125 0.04765625 0.0234375
0 0.9890625 0.65234375 0.02109375 0.02109375
0 0.50078125 0.3890625 0.0328125 0.03125
0 0.7765625 0.41796875 0.028125 0.034375