0 0.09453125 0.97421875 0.0515625 0.0515625
0 0.08671875 0.79609375 0.03984375 0.0515625
0 0.128125 0.771875 0.04140625 0.05625
0 0.15234375 0.68046875 0.0390625 0.0359375
0 0.203125 0.77265625 0.0296875 0.04921875
0 0.25 0.83515625 0.028125 0.0375
0 0.334375 0.86953125 0.06875 0.0625
0 0.31640625 0.83515625 0.021875 0.03125
0 0.3203125 0.77734375 0.05234375 0.05859375
0 0.38828125 0.9484375 0.04609375 0.059375
0 0.4125 0.88828125 0.05859375 0.04609375
0 0.4 0.76796875 0.04140625 0.0453125
0 0.45546875 0.8078125 0.03203125 0.04453125
0 0.48046875 0.890625 0.025 0.04375
0 0.5640625 0.98046875 0.05625 0.0390625
0 0.57109375 0.87265625 0.04296875 0.053125
0 0.54296875 0.790625 0.03671875 0.06171875
0 0.49765625 0.77578125 0.04609375 0.0421875
0 0.44296875 0.70625 0.04375 0.053125
0 0.4984375 0.66328125 0.0375 0.04140625
0 0.5703125 0.659375 0.034375 0.04140625
0 0.5671875 0.7203125 0.03359375 0.04921875
0 0.571875 0.77421875 0.03203125 0.04375
0 0.61875 0.78515625 0.028125 0.0375
0 0.646875 0.8015625 0.0390625 0.0515625
0 0.6484375 0.86171875 0.05234375 0.0578125
0 0.6953125 0.93828125 0.046875 0.0625
0 0.68984375 0.8296875 0.04296875 0.0578125
0 0.7484375 0.82578125 0.03671875 0.04453125
0 0.85703125 0.8875 0.06171875 0.065625
0 0.8515625 0.79765625 0.05546875 0.07265625
0 0.88515625 0.76328125 0.05234375 0.05234375
0 0.90625 0.69609375 0.05625 0.06484375
0 0.75 0.67734375 0.03203125 0.03828125
0 0.7125 0.67734375 0.03125 0.04140625
0 0.6640625 0.63828125 0.0234375 0.03828125
0 0.63515625 0.5578125 0.03359375 0.03984375
0 0.684375 0.51796875 0.03359375 0.04140625
0 0.484375 0.471875 0.0359375 0.03671875
0 0.57890625 0.5375 0.028125 0.03984375
0 0.45234375 0.5640625 0.03046875 0.03359375
0 0.3546875 0.6453125 0.0359375 0.03359375
0 0.2046875 0.64296875 0.0359375 0.0390625
0 0.28046875 0.68359375 0.028125 0.03046875
0 0.2578125 0.7546875 0.03046875 0.0390625
0 0.28515625 0.61171875 0.03046875 0.03359375
0 0.2953125 0.54296875 0.0234375 0.03046875
0 0.36015625 0.5375 0.02734375 0.03359375
0 0.30703125 0.575 0.0296875 0.03359375
0 0.5203125 0.5921875 0.03984375 0.03671875
0 0.6 0.58828125 0.0359375 0.03828125
0 0.8078125 0.525 0.03125 0.034375
0 0.3359375 0.4734375 0.0328125 0.02421875
0 0.1859375 0.4875 0.02578125 0.025
0 0.15390625 0.52578125 0.04140625 0.02578125
0 0.096875 0.69375 0.03046875 0.046875
0 0.79921875 0.6265625 0.03125 0.040625
0 0.7703125 0.51640625 0.0296875 0.03515625
0 0.9421875 0.684375 0.04140625 0.03828125
0 0.9640625 0.84609375 0.04921875 0.053125
0 0.5234375 0.45234375 0.02421875 0.02109375
0 0.64609375 0.47109375 0.02109375 0.02578125
0 0.67109375 0.47578125 0.02265625 0.02734375
0 0.54921875 0.5140625 0.025 0.03359375
0 0.21484375 0.6046875 0.03125 0.02890625
0 0.17421875 0.5890625 0.02421875 0.03046875
0 0.70546875 0.5984375 0.03125 0.03671875
0 0.753125 0.61796875 0.03515625 0.034375
0 0.675 0.5546875 0.0296875 0.02734375
0 0.59453125 0.46484375 0.028125 0.0328125