0 0.0453125 0.97421875 0.046875 0.0515625
0 0.01953125 0.91953125 0.03828125 0.04296875
0 0.01015625 0.834375 0.0203125 0.046875
0 0.04140625 0.796875 0.053125 0.04609375
0 0.075 0.82734375 0.0421875 0.03359375
0 0.1140625 0.7890625 0.028125 0.03046875
0 0.18125 0.94140625 0.0359375 0.04296875
0 0.13984375 0.98125 0.04609375 0.03671875
0 0.3703125 0.96640625 0.05625 0.06328125
0 0.41875 0.9703125 0.03046875 0.053125
0 0.26015625 0.87734375 0.04296875 0.078125
0 0.2734375 0.95390625 0.02578125 0.0328125
0 0.33671875 0.91796875 0.046875 0.046875
0 0.36640625 0.8453125 0.05234375 0.05703125
0 0.30859375 0.8328125 0.0328125 0.03671875
0 0.225 0.7875 0.05859375 0.0625
0 0.17421875 0.7875 0.03203125 0.03671875
0 0.15546875 0.75078125 0.0359375 0.0390625
0 0.10703125 0.753125 0.03203125 0.034375
0 0.13203125 0.74609375 0.02578125 0.0234375
0 0.09375 0.7328125 0.0328125 0.034375
0 0.06484375 0.7265625 0.028125 0.03984375
0 0.33125 0.75859375 0.02265625 0.034375
0 0.2921875 0.7890625 0.0234375 0.03203125
0 0.26484375 0.73515625 0.04609375 0.04453125
0 0.1859375 0.8640625 0.04765625 0.08359375
0 0.46796875 0.9828125 0.01796875 0.028125
0 0.5484375 0.95 0.05078125 0.0671875
0 0.62421875 0.9875 0.05859375 0.025
0 0.68671875 0.98828125 0.0359375 0.02265625
0 0.71953125 0.92265625 0.046875 0.0859375
0 0.6828125 0.93984375 0.0375 0.06015625
0 0.63515625 0.9109375 0.03046875 0.03828125
0 0.76640625 0.9234375 0.0359375 0.06640625
0 0.7609375 0.89375 0.0296875 0.03046875
0 0.8109375 0.96015625 0.0453125 0.05546875
0 0.86171875 0.96015625 0.05390625 0.07109375
0 0.93359375 0.975 0.06328125 0.04921875
0 0.98046875 0.93828125 0.03828125 0.0453125
0 0.90859375 0.8671875 0.0609375 0.0578125
0 0.98046875 0.85703125 0.03671875 0.0734375
0 0.95 0.81328125 0.028125 0.03125
0 0.896875 0.7875 0.03203125 0.05703125
0 0.97578125 0.6859375 0.0375 0.04609375
0 0.925 0.74453125 0.04609375 0.04296875
0 0.84140625 0.7890625 0.03125 0.04375
0 0.82890625 0.74296875 0.03828125 0.05078125
0 0.87421875 0.72265625 0.04921875 0.0390625
0 0.8515625 0.671875 0.03359375 0.03671875
0 0.8921875 0.64609375 0.046875 0.040625
0 0.984375 0.61484375 0.02265625 0.03125
0 0.715625 0.8265625 0.0296875 0.05546875
0 0.68515625 0.80703125 0.04375 0.0609375
0 0.78125 0.796875 0.0296875 0.03125
0 0.75234375 0.7703125 0.02421875 0.0265625
0 0.778125 0.73515625 0.03828125 0.046875
0 0.80546875 0.70390625 0.053125 0.05625
0 0.7 0.6796875 0.0328125 0.05390625
0 0.659375 0.67890625 0.03671875 0.0453125
0 0.84296875 0.61015625 0.0328125 0.03828125
0 0.90390625 0.60234375 0.03125 0.02421875
0 0.80703125 0.61015625 0.02578125 0.0265625
0 0.75078125 0.6453125 0.04765625 0.0390625
0 0.69453125 0.63359375 0.0265625 0.0265625
0 0.66484375 0.625 0.0328125 0.04296875
0 0.73203125 0.59765625 0.01328125 0.02421875
0 0.7890625 0.57890625 0.03125 0.025
0 0.6734375 0.7625 0.03671875 0.03125
0 0.61015625 0.78359375 0.0359375 0.05390625
0 0.5421875 0.790625 0.02734375 0.0421875
0 0.51953125 0.8859375 0.04296875 0.06328125
0 0.45625 0.771875 0.05546875 0.0796875
0 0.515625 0.78046875 0.0234375 0.04921875
0 0.5140625 0.74765625 0.04296875 0.034375
0 0.546875 0.6890625 0.046875 0.0421875
0 0.5609375 0.66171875 0.03125 0.02890625
0 0.5515625 0.640625 0.0296875 0.025
0 0.596875 0.6234375 0.03203125 0.0390625
0 0.6640625 0.56875 0.02265625 0.0171875
0 0.57265625 0.584375 0.021875 0.02421875
0 0.55390625 0.603125 0.01640625 0.0234375
0 0.51484375 0.62109375 0.03515625 0.0265625
0 0.4890625 0.62265625 0.0265625 0.03828125
0 0.453125 0.6796875 0.0359375 0.0359375
0 0.43046875 0.61875 0.028125 0.02890625
0 0.2875 0.69375 0.02734375 0.02265625
0 0.31015625 0.66953125 0.03203125 0.025
0 0.34140625 0.67265625 0.02734375 0.03828125
0 0.37109375 0.64609375 0.03828125 0.03359375
0 0.209375 0.71328125 0.025 0.0359375
0 0.15625 0.7171875 0.02578125 0.0140625
0 0.15234375 0.69765625 0.02109375 0.028125
0 0.1375 0.67109375 0.01796875 0.03125
0 0.11484375 0.66953125 0.01328125 0.02734375
0 0.09609375 0.63671875 0.03046875 0.01796875
0 0.03203125 0.70703125 0.03671875 0.03359375
0 0.034375 0.678125 0.034375 0.03125
0 0.0109375 0.6734375 0.021875 0.021875
0 0.0734375 0.67734375 0.03125 0.02890625
0 0.05078125 0.63984375 0.0359375 0.0265625
0 0.275 0.6390625 0.02109375 0.02265625
0 0.2578125 0.62421875 0.0171875 0.0203125
0 0.209375 0.64765625 0.015625 0.01875
0 0.39453125 0.60390625 0.0203125 0.0234375
0 0.3421875 0.6078125 0.01796875 0.01640625
0 0.35234375 0.584375 0.02421875 0.01875
0 0.92890625 0.5609375 0.04296875 0.021875