0 0.1375 0.94140625 0.07890625 0.084375
0 0.05859375 0.8359375 0.10703125 0.10078125
0 0.09296875 0.77109375 0.05859375 0.05546875
0 0.0421875 0.734375 0.059375 0.06640625
0 0.02109375 0.66953125 0.0421875 0.04921875
0 0.0515625 0.62734375 0.0703125 0.0515625
0 0.09765625 0.653125 0.03984375 0.05
0 0.16640625 0.85 0.0515625 0.04921875
0 0.18046875 0.78984375 0.06171875 0.07109375
0 0.27421875 0.8765625 0.0546875 0.1015625
0 0.23515625 0.73359375 0.0609375 0.0671875
0 0.22890625 0.67578125 0.0703125 0.0609375
0 0.31328125 0.675 0.0546875 0.08828125
0 0.3203125 0.80546875 0.0609375 0.06640625
0 0.340625 0.74140625 0.0390625 0.03828125
0 0.353125 0.834375 0.05703125 0.0765625
0 0.4921875 0.92578125 0.0953125 0.10859375
0 0.44609375 0.81953125 0.08828125 0.09375
0 0.440625 0.734375 0.0484375 0.0796875
0 0.41015625 0.69296875 0.0421875 0.06328125
0 0.359375 0.640625 0.03671875 0.0515625
0 0.4203125 0.63828125 0.06015625 0.0515625
0 0.49296875 0.73828125 0.053125 0.05
0 0.5375 0.78828125 0.0703125 0.0765625
0 0.6015625 0.9484375 0.07265625 0.103125
0 0.6578125 0.80546875 0.0640625 0.103125
0 0.69453125 0.85078125 0.025 0.034375
0 0.7359375 0.8015625 0.0484375 0.05546875
0 0.7640625 0.909375 0.03828125 0.08046875
0 0.775 0.8390625 0.03515625 0.04375
0 0.62890625 0.7015625 0.0546875 0.0859375
0 0.5921875 0.65703125 0.0625 0.04765625
0 0.51015625 0.5796875 0.07265625 0.07265625
0 0.6 0.58671875 0.03828125 0.0359375
0 0.5703125 0.57421875 0.03984375 0.05546875
0 0.5609375 0.54296875 0.0375 0.04375
0 0.134375 0.62265625 0.04609375 0.03984375
0 0.2015625 0.615625 0.03515625 0.059375
0 0.17734375 0.58515625 0.04375 0.0515625
0 0.16953125 0.5625 0.02734375 0.059375
0 0.16015625 0.54140625 0.02265625 0.040625
0 0.14375 0.5234375 0.01953125 0.0421875
0 0.371875 0.571875 0.0390625 0.04609375
0 0.2609375 0.61015625 0.0609375 0.06484375
0 0.14140625 0.58828125 0.02109375 0.034375
0 0.12265625 0.59609375 0.02734375 0.02890625
0 0.10625 0.575 0.04296875 0.040625
0 0.06875 0.56875 0.04453125 0.05
0 0.02890625 0.559375 0.03984375 0.0484375
0 0.0234375 0.53203125 0.04296875 0.04140625
0 0.06796875 0.53125 0.0484375 0.03359375
0 0.07890625 0.49765625 0.0375 0.03984375
0 0.115625 0.5171875 0.040625 0.03203125
0 0.22578125 0.54453125 0.05390625 0.05546875
0 0.30078125 0.56796875 0.05859375 0.040625
0 0.33125 0.596875 0.03359375 0.0296875
0 0.3140625 0.52890625 0.0546875 0.0359375
0 0.33828125 0.50390625 0.0296875 0.02578125
0 0.36640625 0.50859375 0.0375 0.04375
0 0.2921875 0.48515625 0.0359375 0.03515625
0 0.26875 0.47421875 0.02109375 0.03515625
0 0.221875 0.49609375 0.028125 0.03671875
0 0.2375 0.509375 0.02265625 0.02109375
0 0.20546875 0.48203125 0.02421875 0.028125
0 0.03671875 0.5015625 0.03359375 0.02578125
0 0.4 0.48203125 0.03671875 0.03125
0 0.37109375 0.46796875 0.025 0.03046875
0 0.359375 0.45625 0.021875 0.01875
0 0.3671875 0.43828125 0.03828125 0.03046875
0 0.4109375 0.44921875 0.0359375 0.03125
0 0.453125 0.45703125 0.04140625 0.03046875
0 0.48515625 0.50078125 0.04765625 0.03046875
0 0.45234375 0.42890625 0.03828125 0.0265625
0 0.4875 0.43671875 0.040625 0.03203125
0 0.42890625 0.41875 0.025 0.0296875
0 0.37734375 0.41015625 0.0265625 0.021875
0 0.396875 0.4140625 0.01484375 0.02109375
0 0.3359375 0.396875 0.0390625 0.028125
0 0.30390625 0.4390625 0.02890625 0.0296875
0 0.4625 0.4109375 0.03203125 0.02109375
0 0.496875 0.41015625 0.03359375 0.028125
0 0.51796875 0.45703125 0.02890625 0.040625
0 0.540625 0.45 0.03828125 0.03125
0 0.58984375 0.503125 0.05859375 0.0359375
0 0.59921875 0.48125 0.03984375 0.0359375
0 0.58046875 0.4640625 0.02421875 0.034375
0 0.58125 0.43984375 0.03359375 0.0203125
0 0.628125 0.44921875 0.04765625 0.03984375
0 0.53984375 0.41328125 0.04296875 0.03515625
0 0.5703125 0.40546875 0.03984375 0.02578125
0 0.28359375 0.421875 0.02578125 0.03046875
0 0.71875 0.7390625 0.08671875 0.07890625
0 0.7125 0.6625 0.03203125 0.05078125
0 0.66640625 0.5703125 0.046875 0.05546875
0 0.6953125 0.48984375 0.0515625 0.040625
0 0.80703125 0.89921875 0.07265625 0.06328125
0 0.84140625 0.85234375 0.08125 0.075
0 0.8515625 0.9765625 0.0421875 0.04609375
0 0.9203125 0.87578125 0.075 0.096875
0 0.96796875 0.94375 0.0640625 0.0796875
0 0.78125 0.740625 0.05078125 0.0703125
0 0.75703125 0.68203125 0.03828125 0.04296875
0 0.7875 0.659375 0.0703125 0.07890625
0 0.84140625 0.66171875 0.06328125 0.0640625
0 0.88515625 0.6875 0.05234375 0.046875
0 0.85234375 0.74296875 0.05859375 0.05
0 0.90546875 0.7609375 0.04140625 0.04453125
0 0.92421875 0.725 0.05078125 0.03671875
0 0.93359375 0.6765625 0.05078125 0.04453125
0 0.77421875 0.5984375 0.046875 0.04609375
0 0.73984375 0.58828125 0.0484375 0.04375
0 0.72421875 0.546875 0.0484375 0.03984375
0 0.73984375 0.49453125 0.0359375 0.034375
0 0.77578125 0.46015625 0.04296875 0.0296875
0 0.68828125 0.44765625 0.03359375 0.03984375
0 0.71875 0.45078125 0.03203125 0.0359375
0 0.68046875 0.40703125 0.02890625 0.03828125
0 0.63828125 0.409375 0.03828125 0.03046875
0 0.75078125 0.42578125 0.0359375 0.01875
0 0.76328125 0.396875 0.0359375 0.03046875
0 0.80390625 0.40625 0.03515625 0.0296875
0 0.82578125 0.42890625 0.03984375 0.03046875
0 0.8671875 0.4359375 0.0453125 0.02890625
0 0.83671875 0.51171875 0.06328125 0.040625
0 0.8828125 0.47578125 0.0515625 0.03515625
0 0.91171875 0.515625 0.05234375 0.028125
0 0.86484375 0.534375 0.05078125 0.03515625
0 0.8171875 0.5296875 0.03984375 0.03671875
0 0.79765625 0.553125 0.0375 0.02890625
0 0.83046875 0.56953125 0.03359375 0.03359375
0 0.88984375 0.5671875 0.04609375 0.0359375
0 0.93515625 0.56484375 0.04453125 0.04453125
0 0.96171875 0.6140625 0.06015625 0.0546875
0 0.9671875 0.52734375 0.05 0.04140625
0 0.9140625 0.45390625 0.04375 0.03125
0 0.16484375 0.43828125 0.0296875 0.03984375
0 0.2828125 0.3859375 0.0359375 0.02890625
0 0.33125 0.36171875 0.0328125 0.03125
0 0.39375 0.3734375 0.03203125 0.03125
0 0.47890625 0.37109375 0.0328125 0.02578125
0 0.03515625 0.44453125 0.04453125 0.0390625
0 0.08984375 0.4390625 0.04453125 0.0390625
0 0.1375 0.43359375 0.0453125 0.03125
0 0.98359375 0.57265625 0.0328125 0.0453125
0 0.9828125 0.70625 0.03359375 0.084375