0 0.0828125 0.85 0.04609375 0.06328125
0 0.06875 0.9390625 0.04609375 0.05703125
0 0.12890625 0.9703125 0.04453125 0.053125
0 0.19375 0.9515625 0.046875 0.05703125
0 0.12109375 0.8875 0.02734375 0.0515625
0 0.02421875 0.74609375 0.0375 0.040625
0 0.2203125 0.790625 0.03203125 0.046875
0 0.18515625 0.7984375 0.0171875 0.03203125
0 0.2875 0.87890625 0.0390625 0.05859375
0 0.28671875 0.946875 0.040625 0.0640625
0 0.2390625 0.8609375 0.04453125 0.046875
0 0.15390625 0.84140625 0.0296875 0.03671875
0 0.16796875 0.8703125 0.034375 0.04765625
0 0.1828125 0.721875 0.03203125 0.03984375
0 0.14609375 0.6015625 0.01875 0.03046875
0 0.23515625 0.678125 0.03125 0.0390625
0 0.2625 0.70625 0.0359375 0.0328125
0 0.296875 0.73671875 0.0359375 0.0421875
0 0.440625 0.90078125 0.03125 0.028125
0 0.46015625 0.96484375 0.0421875 0.06015625
0 0.58671875 0.89765625 0.03125 0.04296875
0 0.56015625 0.76875 0.04296875 0.05703125
0 0.6484375 0.925 0.03984375 0.06171875
0 0.70078125 0.896875 0.02578125 0.0578125
0 0.6484375 0.84453125 0.046875 0.059375
0 0.6015625 0.76484375 0.0296875 0.04140625
0 0.63203125 0.72265625 0.02734375 0.0421875
0 0.69609375 0.76484375 0.0390625 0.04453125
0 0.74921875 0.84921875 0.04375 0.06015625
0 0.79765625 0.9546875 0.0453125 0.0625
0 0.84609375 0.96171875 0.04140625 0.07421875
0 0.95078125 0.77734375 0.0578125 0.046875
0 0.825 0.7453125 0.0328125 0.0578125
0 0.7859375 0.82265625 0.0265625 0.04375
0 0.78828125 0.77734375 0.03203125 0.0453125
0 0.753125 0.76015625 0.0359375 0.04609375
0 0.7953125 0.64453125 0.0328125 0.0453125
0 0.86484375 0.68359375 0.0265625 0.0375
0 0.88515625 0.746875 0.0390625 0.04765625
0 0.875 0.84453125 0.05390625 0.0578125
0 0.8609375 0.78828125 0.0296875 0.03359375
0 0.9265625 0.89765625 0.0375 0.053125
0 0.96875 0.928125 0.034375 0.04921875
0 0.97265625 0.82109375 0.03828125 0.0546875
0 0.965625 0.71640625 0.053125 0.046875
0 0.9796875 0.7546875 0.040625 0.04375
0 0.8796875 0.625 0.034375 0.04921875
0 0.675 0.70234375 0.03828125 0.0484375
0 0.490625 0.7625 0.0296875 0.04375
0 0.440625 0.8265625 0.0328125 0.03828125
0 0.4109375 0.62421875 0.0390625 0.0375
0 0.44140625 0.67265625 0.03203125 0.04609375
0 0.40625 0.71796875 0.0203125 0.02578125
0 0.37578125 0.74375 0.03046875 0.03359375
0 0.26640625 0.64453125 0.02578125 0.0390625
0 0.321875 0.603125 0.0296875 0.04140625
0 0.36640625 0.6484375 0.034375 0.040625
0 0.13203125 0.51328125 0.02265625 0.03671875
0 0.0453125 0.65 0.03515625 0.03828125
0 0.53046875 0.67578125 0.03125 0.03828125
0 0.49921875 0.67109375 0.0328125 0.04921875
0 0.69765625 0.62109375 0.0375 0.03828125
0 0.63359375 0.57265625 0.0203125 0.03046875
0 0.59765625 0.6125 0.0296875 0.03046875
0 0.67421875 0.66953125 0.03046875 0.03359375
0 0.81328125 0.8328125 0.02890625 0.046875
0 0.428125 0.5203125 0.034375 0.0375
0 0.409375 0.5546875 0.0328125 0.03046875
0 0.29375 0.55625 0.034375 0.0375
0 0.13046875 0.90546875 0.021875 0.04375
0 0.08203125 0.5734375 0.03046875 0.03515625
0 0.38046875 0.8328125 0.04140625 0.04765625
0 0.796875 0.578125 0.02890625 0.0515625
0 0.4796875 0.48203125 0.0328125 0.0296875
0 0.75078125 0.5203125 0.028125 0.02734375
0 0.6609375 0.54921875 0.0296875 0.0359375
0 0.6703125 0.5125 0.02734375 0.0296875
0 0.3109375 0.67109375 0.0359375 0.03828125
0 0.49765625 0.5078125 0.025 0.03203125
0 0.30546875 0.45859375 0.0234375 0.028125