0 0.24921875 0.94609375 0.0609375 0.06953125
0 0.171875 0.9765625 0.0484375 0.04609375
0 0.12734375 0.946875 0.04375 0.04609375
0 0.07109375 0.871875 0.04140625 0.04765625
0 0.171875 0.70078125 0.028125 0.04296875
0 0.09765625 0.69921875 0.03125 0.03515625
0 0.0625 0.7265625 0.03828125 0.0390625
0 0.125 0.628125 0.02734375 0.028125
0 0.1703125 0.5921875 0.0328125 0.0359375
0 0.22109375 0.68984375 0.028125 0.03671875
0 0.2109375 0.74921875 0.0296875 0.0296875
0 0.271875 0.70625 0.03828125 0.04140625
0 0.28203125 0.775 0.053125 0.05859375
0 0.35078125 0.78515625 0.040625 0.03984375
0 0.48515625 0.859375 0.04765625 0.04921875
0 0.55 0.8671875 0.04375 0.0390625
0 0.45703125 0.9609375 0.071875 0.075
0 0.36875 0.9546875 0.04765625 0.05703125
0 0.3390625 0.90546875 0.0421875 0.0453125
0 0.33125 0.83359375 0.03203125 0.03984375
0 0.56171875 0.76171875 0.04765625 0.04609375
0 0.496875 0.775 0.03828125 0.03984375
0 0.4703125 0.7078125 0.0328125 0.04453125
0 0.43046875 0.696875 0.0390625 0.034375
0 0.3953125 0.72578125 0.03125 0.03359375
0 0.34453125 0.690625 0.0375 0.0390625
0 0.3890625 0.63671875 0.03515625 0.0359375
0 0.503125 0.60078125 0.0328125 0.0453125
0 0.43984375 0.60546875 0.03125 0.03515625
0 0.4984375 0.69375 0.03046875 0.0390625
0 0.53984375 0.703125 0.0296875 0.03359375
0 0.56171875 0.7171875 0.03046875 0.0453125
0 0.59921875 0.734375 0.0359375 0.04765625
0 0.59765625 0.82109375 0.034375 0.04609375
0 0.60703125 0.9359375 0.05390625 0.08203125
0 0.7015625 0.86640625 0.0421875 0.04609375
0 0.73515625 0.7734375 0.04765625 0.053125
0 0.65 0.734375 0.03203125 0.03984375
0 0.6640625 0.67109375 0.03203125 0.03515625
0 0.7421875 0.703125 0.0359375 0.04140625
0 0.7734375 0.68125 0.0375 0.0390625
0 0.7921875 0.8515625 0.040625 0.06796875
0 0.84296875 0.92421875 0.0390625 0.059375
0 0.8921875 0.9265625 0.0453125 0.05546875
0 0.9578125 0.85703125 0.046875 0.05546875
0 0.9734375 0.81015625 0.05234375 0.04453125
0 0.8921875 0.82109375 0.05 0.05390625
0 0.89609375 0.74609375 0.0359375 0.03671875
0 0.94921875 0.69609375 0.05703125 0.03828125
0 0.79453125 0.6234375 0.03515625 0.04453125
0 0.828125 0.61328125 0.03046875 0.0328125
0 0.6609375 0.6140625 0.02109375 0.028125
0 0.53046875 0.546875 0.0203125 0.03125
0 0.5171875 0.4984375 0.02578125 0.02734375
0 0.46015625 0.54296875 0.03515625 0.0328125
0 0.40859375 0.5578125 0.028125 0.034375
0 0.3171875 0.5 0.02265625 0.025
0 0.3125 0.59375 0.0265625 0.028125
0 0.24609375 0.5640625 0.03125 0.0328125
0 0.25703125 0.5078125 0.02890625 0.021875
0 0.26875 0.53359375 0.028125 0.02734375
0 0.17890625 0.56484375 0.021875 0.02109375
0 0.39765625 0.52265625 0.02734375 0.028125
0 0.434375 0.44375 0.0234375 0.02578125
0 0.5671875 0.51328125 0.021875 0.03515625
0 0.609375 0.47578125 0.02265625 0.0296875
0 0.62890625 0.61484375 0.02265625 0.0265625
0 0.5859375 0.578125 0.01640625 0.0296875
0 0.82421875 0.740625 0.028125 0.03203125
0 0.87109375 0.61171875 0.0265625 0.0328125
0 0.8875 0.859375 0.03671875 0.034375
0 0.8625 0.9796875 0.03984375 0.040625
0 0.0703125 0.6421875 0.02109375 0.02421875
0 0.70859375 0.56875 0.02421875 0.03125