0 0.0671875 0.9046875 0.0296875 0.05625
0 0.01796875 0.8859375 0.03515625 0.0640625
0 0.07265625 0.8234375 0.0453125 0.07109375
0 0.0546875 0.76171875 0.03984375 0.05234375
0 0.1234375 0.7359375 0.0453125 0.05078125
0 0.16171875 0.840625 0.05078125 0.06484375
0 0.2265625 0.88203125 0.0421875 0.07265625
0 0.21875 0.8203125 0.040625 0.04765625
0 0.19140625 0.7765625 0.0375 0.053125
0 0.1734375 0.7359375 0.0359375 0.040625
0 0.12734375 0.68671875 0.0453125 0.0390625
0 0.15625 0.6609375 0.03515625 0.04609375
0 0.153125 0.62734375 0.0296875 0.04140625
0 0.2046875 0.68515625 0.03359375 0.065625
0 0.24375 0.7078125 0.02578125 0.0296875
0 0.25625 0.80390625 0.03046875 0.05859375
0 0.290625 0.8265625 0.0390625 0.05703125
0 0.31171875 0.92890625 0.04375 0.0609375
0 0.39609375 0.8703125 0.0578125 0.084375
0 0.38984375 0.96171875 0.04765625 0.065625
0 0.46796875 0.91640625 0.046875 0.059375
0 0.5203125 0.85859375 0.03515625 0.0578125
0 0.546875 0.8953125 0.0328125 0.0640625
0 0.4953125 0.7484375 0.02578125 0.040625
0 0.51484375 0.7421875 0.01796875 0.05234375
0 0.49140625 0.70625 0.03359375 0.03671875
0 0.44296875 0.73203125 0.034375 0.0453125
0 0.446875 0.7828125 0.0296875 0.046875
0 0.353125 0.75859375 0.025 0.03125
0 0.3578125 0.71484375 0.03671875 0.03125
0 0.36484375 0.796875 0.04140625 0.040625
0 0.27734375 0.69375 0.02734375 0.046875
0 0.3046875 0.65390625 0.02109375 0.0375
0 0.35234375 0.6578125 0.02734375 0.03203125
0 0.3875 0.6328125 0.0234375 0.03359375
0 0.44140625 0.6453125 0.02578125 0.04375
0 0.55 0.74921875 0.021875 0.03828125
0 0.05625 0.68359375 0.0484375 0.04921875
0 0.059375 0.63671875 0.034375 0.059375
0 0.01953125 0.6546875 0.0265625 0.04921875
0 0.1 0.61796875 0.03671875 0.05234375
0 0.09921875 0.565625 0.04375 0.03828125
0 0.134375 0.59609375 0.025 0.04453125
0 0.1671875 0.5734375 0.0234375 0.0546875
0 0.20546875 0.5375 0.01640625 0.0421875
0 0.22578125 0.5765625 0.0328125 0.0390625
0 0.2625 0.6078125 0.03515625 0.034375
0 0.2546875 0.571875 0.03359375 0.0328125
0 0.3046875 0.57421875 0.034375 0.03359375
0 0.3265625 0.53515625 0.0421875 0.0453125
0 0.23203125 0.49609375 0.025 0.03515625
0 0.26484375 0.46953125 0.0171875 0.03359375
0 0.2109375 0.48046875 0.01953125 0.034375
0 0.23125 0.4546875 0.02265625 0.01796875
0 0.03984375 0.58359375 0.0484375 0.03984375
0 0.015625 0.47421875 0.02109375 0.03671875
0 0.62109375 0.89453125 0.03671875 0.046875
0 0.63671875 0.97890625 0.034375 0.04140625
0 0.690625 0.9234375 0.034375 0.05859375
0 0.75078125 0.9828125 0.03984375 0.034375
0 0.803125 0.9125 0.03515625 0.0625
0 0.8125 0.853125 0.02890625 0.05
0 0.8109375 0.7703125 0.01484375 0.0421875
0 0.76953125 0.778125 0.02109375 0.04140625
0 0.7546875 0.8375 0.04375 0.06015625
0 0.73359375 0.74453125 0.0234375 0.03203125
0 0.73984375 0.7015625 0.028125 0.05390625
0 0.7296875 0.66328125 0.0421875 0.053125
0 0.70546875 0.6953125 0.03203125 0.04921875
0 0.6875 0.74140625 0.03828125 0.0453125
0 0.6265625 0.73359375 0.04140625 0.03984375
0 0.6046875 0.76796875 0.0296875 0.053125
0 0.60078125 0.68203125 0.03046875 0.04140625
0 0.634375 0.69375 0.03671875 0.0359375
0 0.640625 0.6421875 0.02734375 0.04375
0 0.678125 0.63046875 0.03046875 0.04140625
0 0.6359375 0.5984375 0.03359375 0.0390625
0 0.61171875 0.60078125 0.03203125 0.03984375
0 0.51171875 0.5515625 0.02578125 0.0265625
0 0.45234375 0.51875 0.02734375 0.05234375
0 0.40625 0.4625 0.00859375 0.03359375
0 0.30859375 0.4515625 0.02109375 0.02734375
0 0.27265625 0.42890625 0.01875 0.01796875
0 0.2578125 0.3640625 0.02890625 0.03984375
0 0.55 0.5125 0.02890625 0.02734375
0 0.53984375 0.4765625 0.02109375 0.03984375
0 0.48671875 0.50703125 0.01796875 0.03125
0 0.51171875 0.51328125 0.0125 0.01953125
0 0.50859375 0.48515625 0.01484375 0.0296875
0 0.4625 0.57890625 0.02578125 0.01953125
0 0.546875 0.57734375 0.02578125 0.03515625
0 0.57578125 0.5453125 0.02734375 0.0328125
0 0.5859375 0.5 0.02109375 0.04375
0 0.61171875 0.5109375 0.03046875 0.0375
0 0.66875 0.54453125 0.03046875 0.046875
0 0.63984375 0.49296875 0.03046875 0.03828125
0 0.74140625 0.57578125 0.0296875 0.04453125
0 0.75234375 0.61875 0.02578125 0.03359375
0 0.78046875 0.646875 0.03203125 0.040625
0 0.90703125 0.9515625 0.03671875 0.07109375
0 0.8984375 0.91328125 0.04140625 0.04296875
0 0.959375 0.9640625 0.04375 0.07109375
0 0.946875 0.9140625 0.0359375 0.04453125
0 0.91875 0.846875 0.04140625 0.0640625
0 0.8828125 0.86484375 0.034375 0.05078125
0 0.84453125 0.81875 0.03984375 0.0546875
0 0.859375 0.78203125 0.03359375 0.05234375
0 0.9046875 0.74921875 0.03359375 0.03125
0 0.9390625 0.79765625 0.0359375 0.05703125
0 0.84453125 0.68515625 0.04375 0.0640625
0 0.8890625 0.71015625 0.0421875 0.04765625
0 0.8609375 0.60703125 0.040625 0.0640625
0 0.8546875 0.5578125 0.02578125 0.04765625
0 0.8109375 0.70859375 0.03125 0.04453125
0 0.56484375 0.6734375 0.0390625 0.03671875
0 0.71875 0.50703125 0.02578125 0.0234375
0 0.8171875 0.5625 0.021875 0.02890625
0 0.77421875 0.5484375 0.02109375 0.02734375
0 0.3390625 0.4390625 0.03046875 0.0203125
0 0.21484375 0.4109375 0.03515625 0.02578125
0 0.24765625 0.93203125 0.028125 0.05234375
0 0.3890625 0.665625 0.0234375 0.02265625
0 0.3765625 0.60390625 0.03359375 0.04765625
0 0.3609375 0.57578125 0.021875 0.02734375
0 0.17890625 0.54453125 0.025 0.040625
0 0.33515625 0.39921875 0.02421875 0.02890625