0 0.10234375 0.9484375 0.0390625 0.0515625
0 0.11953125 0.88515625 0.0375 0.0640625
0 0.0859375 0.70234375 0.0296875 0.0453125
0 0.19453125 0.8234375 0.03203125 0.04296875
0 0.22890625 0.8671875 0.04921875 0.046875
0 0.26796875 0.9140625 0.0453125 0.05703125
0 0.37421875 0.925 0.03203125 0.03984375
0 0.4109375 0.8828125 0.02578125 0.03828125
0 0.2890625 0.8125 0.04375 0.046875
0 0.23515625 0.77734375 0.034375 0.04453125
0 0.20390625 0.734375 0.02890625 0.0390625
0 0.30625 0.7515625 0.025 0.0359375
0 0.359375 0.77421875 0.03203125 0.04453125
0 0.3046875 0.71484375 0.03125 0.04453125
0 0.27421875 0.6453125 0.028125 0.0375
0 0.2984375 0.55859375 0.034375 0.03359375
0 0.34609375 0.559375 0.02578125 0.02578125
0 0.3328125 0.621875 0.025 0.0265625
0 0.353125 0.6484375 0.03046875 0.02890625
0 0.41171875 0.6546875 0.03671875 0.034375
0 0.43828125 0.603125 0.040625 0.0328125
0 0.41328125 0.74140625 0.040625 0.04296875
0 0.4703125 0.7265625 0.0203125 0.0390625
0 0.50703125 0.76640625 0.0234375 0.03828125
0 0.528125 0.815625 0.03359375 0.0484375
0 0.56796875 0.8234375 0.03671875 0.05859375
0 0.6078125 0.96328125 0.05 0.0734375
0 0.665625 0.96640625 0.0390625 0.05859375
0 0.715625 0.97734375 0.0453125 0.0390625
0 0.70078125 0.89140625 0.03828125 0.0578125
0 0.7921875 0.96484375 0.0484375 0.0703125
0 0.8640625 0.95234375 0.04140625 0.0625
0 0.9125 0.975 0.04375 0.05
0 0.96484375 0.9359375 0.04765625 0.078125
0 0.75234375 0.8625 0.03828125 0.065625
0 0.75 0.81328125 0.028125 0.0421875
0 0.646875 0.7296875 0.03828125 0.0359375
0 0.221875 0.659375 0.02578125 0.0296875
0 0.2453125 0.6859375 0.0265625 0.03203125
0 0.153125 0.60234375 0.01875 0.0265625
0 0.28828125 0.51796875 0.0296875 0.03203125
0 0.184375 0.6171875 0.0265625 0.03046875
0 0.2125 0.51328125 0.021875 0.0234375
0 0.3734375 0.478125 0.0203125 0.025
0 0.340625 0.51015625 0.0234375 0.02734375
0 0.4609375 0.4546875 0.0171875 0.02265625
0 0.49609375 0.54921875 0.03125 0.0265625
0 0.44609375 0.5515625 0.02734375 0.0265625
0 0.453125 0.5078125 0.021875 0.0203125
0 0.51640625 0.6421875 0.03359375 0.0375
0 0.6875 0.675 0.025 0.0375
0 0.7734375 0.74296875 0.034375 0.0390625
0 0.8984375 0.7796875 0.0484375 0.040625
0 0.9171875 0.578125 0.04375 0.03203125
0 0.8890625 0.68046875 0.03359375 0.04140625
0 0.90390625 0.65078125 0.03046875 0.0390625
0 0.6796875 0.6375 0.02109375 0.02734375
0 0.71953125 0.6390625 0.02890625 0.03515625
0 0.71875 0.6109375 0.0359375 0.0265625
0 0.7265625 0.58984375 0.0296875 0.02890625
0 0.62578125 0.5609375 0.03125 0.03828125
0 0.66015625 0.51015625 0.02578125 0.0328125
0 0.634375 0.51953125 0.021875 0.0328125
0 0.68515625 0.47890625 0.0265625 0.03515625
0 0.784375 0.58125 0.0296875 0.03515625
0 0.825 0.59921875 0.028125 0.0265625
0 0.77578125 0.70078125 0.03203125 0.0265625
0 0.8109375 0.56640625 0.0234375 0.03046875
0 0.86015625 0.52109375 0.0265625 0.02421875
0 0.7859375 0.51875 0.02421875 0.02734375
0 0.07890625 0.58515625 0.02890625 0.02265625
0 0.13671875 0.5296875 0.02421875 0.0203125
0 0.5171875 0.5828125 0.025 0.02890625
0 0.57890625 0.5 0.02265625 0.02421875
0 0.959375 0.571875 0.02890625 0.03046875
0 0.49609375 0.52421875 0.015625 0.0203125
0 0.5609375 0.5359375 0.021875 0.02265625
0 0.5234375 0.53515625 0.02734375 0.0265625
0 0.81640625 0.721875 0.03515625 0.03359375
0 0.76640625 0.6046875 0.034375 0.0375