0 0.1859375 0.90703125 0.05234375 0.0921875
0 0.13359375 0.76171875 0.028125 0.03125
0 0.09453125 0.79609375 0.01953125 0.03046875
0 0.06171875 0.79921875 0.028125 0.028125
0 0.03046875 0.83125 0.03671875 0.0375
0 0.0265625 0.76015625 0.02578125 0.0328125
0 0.11015625 0.7171875 0.0171875 0.02265625
0 0.12734375 0.6953125 0.03515625 0.03359375
0 0.1609375 0.7125 0.01953125 0.028125
0 0.19765625 0.725 0.02578125 0.028125
0 0.20546875 0.79296875 0.02578125 0.034375
0 0.32734375 0.91171875 0.03828125 0.05390625
0 0.390625 0.94140625 0.03828125 0.04609375
0 0.41953125 0.959375 0.0328125 0.05703125
0 0.396875 0.8859375 0.025 0.0296875
0 0.246875 0.86640625 0.03515625 0.04453125
0 0.23984375 0.90546875 0.02734375 0.04453125
0 0.2953125 0.80546875 0.03203125 0.03984375
0 0.275 0.72578125 0.02109375 0.03046875
0 0.25390625 0.73046875 0.021875 0.021875
0 0.23671875 0.7 0.02265625 0.0265625
0 0.31015625 0.77421875 0.02578125 0.02890625
0 0.30703125 0.7515625 0.02578125 0.021875
0 0.35625 0.7265625 0.025 0.040625
0 0.4046875 0.790625 0.03203125 0.03671875
0 0.43828125 0.796875 0.02265625 0.03828125
0 0.503125 0.846875 0.02890625 0.0453125
0 0.55078125 0.9171875 0.03515625 0.04375
0 0.53828125 0.8171875 0.04609375 0.04921875
0 0.49609375 0.746875 0.03359375 0.03203125
0 0.55234375 0.86484375 0.0328125 0.03984375
0 0.6 0.82265625 0.02578125 0.04140625
0 0.59453125 0.7734375 0.0328125 0.03984375
0 0.63671875 0.85546875 0.034375 0.04609375
0 0.6625 0.96953125 0.02109375 0.0359375
0 0.75078125 0.97421875 0.03203125 0.04921875
0 0.72421875 0.9390625 0.03515625 0.05859375
0 0.690625 0.90625 0.034375 0.04921875
0 0.70234375 0.8671875 0.03125 0.0375
0 0.7640625 0.83671875 0.0359375 0.04609375
0 0.85 0.90859375 0.0265625 0.03671875
0 0.8375 0.965625 0.03515625 0.03984375
0 0.94609375 0.9421875 0.046875 0.05546875
0 0.978125 0.915625 0.040625 0.06640625
0 0.93203125 0.8546875 0.040625 0.05
0 0.8 0.8234375 0.0296875 0.03828125
0 0.83828125 0.84765625 0.0421875 0.04453125
0 0.846875 0.81796875 0.025 0.0328125
0 0.73359375 0.77421875 0.03515625 0.0375
0 0.70390625 0.78359375 0.02890625 0.03203125
0 0.765625 0.75390625 0.02265625 0.02578125
0 0.79375 0.69140625 0.03359375 0.0296875
0 0.8703125 0.7671875 0.03359375 0.0359375
0 0.96484375 0.78125 0.04453125 0.04375
0 0.928125 0.72421875 0.0359375 0.03359375
0 0.92421875 0.65234375 0.034375 0.03515625
0 0.82578125 0.6734375 0.02890625 0.034375
0 0.79453125 0.64765625 0.025 0.03125
0 0.7265625 0.69453125 0.0234375 0.03046875
0 0.65234375 0.696875 0.0265625 0.028125
0 0.63515625 0.746875 0.03515625 0.0296875
0 0.603125 0.71171875 0.0359375 0.03671875
0 0.56640625 0.70625 0.025 0.0265625
0 0.484375 0.5953125 0.02734375 0.03046875
0 0.45703125 0.603125 0.021875 0.0234375
0 0.42734375 0.6625 0.02421875 0.034375
0 0.51640625 0.6515625 0.0265625 0.0390625
0 0.55703125 0.5734375 0.021875 0.02109375
0 0.64921875 0.54453125 0.02734375 0.028125
0 0.65234375 0.565625 0.0234375 0.0203125
0 0.62578125 0.56640625 0.0171875 0.025
0 0.73984375 0.6296875 0.01953125 0.0234375
0 0.6890625 0.6453125 0.028125 0.01953125
0 0.80625 0.5171875 0.0203125 0.01875
0 0.984375 0.69765625 0.03125 0.034375
0 0.83828125 0.7125 0.0265625 0.0265625
0 0.79765625 0.73671875 0.021875 0.028125
0 0.50390625 0.5609375 0.021875 0.0234375
0 0.528125 0.54453125 0.01796875 0.0203125
0 0.48984375 0.47109375 0.0234375 0.02109375
0 0.49765625 0.52734375 0.01328125 0.01875
0 0.4609375 0.5546875 0.02265625 0.021875
0 0.4328125 0.58046875 0.0203125 0.01875
0 0.3296875 0.56640625 0.01875 0.02578125
0 0.25234375 0.6640625 0.02578125 0.02578125
0 0.290625 0.67265625 0.0265625 0.0296875
0 0.1890625 0.66328125 0.021875 0.03203125
0 0.22421875 0.659375 0.02421875 0.02890625
0 0.1203125 0.62421875 0.028125 0.03359375
0 0.265625 0.925 0.02421875 0.04296875
0 0.1828125 0.596875 0.02421875 0.01640625
0 0.26953125 0.57265625 0.021875 0.02265625
0 0.32578125 0.659375 0.02265625 0.0328125
0 0.340625 0.68984375 0.01953125 0.025
0 0.3171875 0.70625 0.01484375 0.0171875
0 0.4171875 0.72890625 0.02734375 0.03203125
0 0.44609375 0.740625 0.02578125 0.03359375
0 0.3875 0.66953125 0.0265625 0.028125
0 0.4953125 0.6953125 0.0171875 0.02109375
0 0.60625 0.60390625 0.02109375 0.03671875
0 0.55546875 0.66953125 0.021875 0.0296875
0 0.603125 0.5359375 0.01484375 0.0203125
0 0.58203125 0.53828125 0.0171875 0.0234375
0 0.5578125 0.4859375 0.01953125 0.02265625
0 0.53125 0.4921875 0.0203125 0.0296875
0 0.5 0.4515625 0.0203125 0.01875
0 0.4296875 0.53046875 0.0265625 0.0265625
0 0.39453125 0.559375 0.01484375 0.021875
0 0.378125 0.55 0.02421875 0.0203125
0 0.3609375 0.46796875 0.0203125 0.02421875
0 0.32734375 0.4625 0.02109375 0.01640625
0 0.30546875 0.52109375 0.01875 0.02734375
0 0.25859375 0.60234375 0.01875 0.0203125
0 0.27109375 0.634375 0.01953125 0.0203125
0 0.30234375 0.6328125 0.01953125 0.02578125
0 0.41015625 0.6015625 0.0265625 0.02734375
0 0.415625 0.63046875 0.0140625 0.01640625
0 0.4703125 0.63671875 0.021875 0.02890625
0 0.48828125 0.6390625 0.01640625 0.021875
0 0.81953125 0.59609375 0.02109375 0.02265625
0 0.88984375 0.74453125 0.028125 0.04375
0 0.87265625 0.68515625 0.021875 0.03984375
0 0.68984375 0.57265625 0.02578125 0.0265625