0 0.2484375 0.9296875 0.05 0.0609375
0 0.6 0.91875 0.05 0.06875
0 0.82890625 0.90859375 0.0421875 0.059375
0 0.47890625 0.8453125 0.04765625 0.05546875
0 0.275 0.69296875 0.03828125 0.0421875
0 0.7828125 0.83671875 0.04140625 0.0609375
0 0.765625 0.6703125 0.0375 0.04140625
0 0.42734375 0.68671875 0.0328125 0.03515625
0 0.3421875 0.68125 0.034375 0.03671875
0 0.28203125 0.76171875 0.05625 0.053125
0 0.065625 0.71328125 0.0359375 0.040625
0 0.878125 0.8078125 0.04453125 0.046875
0 0.17265625 0.96015625 0.0390625 0.05703125
0 0.72890625 0.7609375 0.05078125 0.05546875
0 0.17421875 0.58359375 0.0359375 0.03203125
0 0.59296875 0.8078125 0.0328125 0.046875
0 0.7828125 0.95859375 0.0359375 0.0515625
0 0.88203125 0.7328125 0.03828125 0.0421875
0 0.4515625 0.93125 0.0578125 0.059375
0 0.13203125 0.92421875 0.04609375 0.046875
0 0.3109375 0.5828125 0.02890625 0.03359375
0 0.10234375 0.68984375 0.034375 0.03984375
0 0.46328125 0.69609375 0.02890625 0.04609375
0 0.3515625 0.77265625 0.04453125 0.04140625
0 0.5546875 0.74765625 0.04296875 0.05
0 0.578125 0.5703125 0.01953125 0.03125
0 0.5609375 0.50546875 0.03046875 0.03359375
0 0.4359375 0.59765625 0.03203125 0.03203125
0 0.734375 0.6953125 0.03828125 0.04765625
0 0.171875 0.68984375 0.03203125 0.03828125
0 0.65390625 0.603125 0.021875 0.034375
0 0.78515625 0.61640625 0.0375 0.0453125
0 0.2203125 0.67421875 0.0265625 0.0328125
0 0.38515625 0.62734375 0.03515625 0.03515625
0 0.24609375 0.55703125 0.0296875 0.03046875
0 0.49765625 0.59375 0.0265625 0.03203125
0 0.45390625 0.53828125 0.0328125 0.03125
0 0.8796875 0.90625 0.04609375 0.05546875
0 0.8515625 0.971875 0.05234375 0.05625
0 0.403125 0.5515625 0.028125 0.0296875
0 0.31640625 0.49609375 0.025 0.03046875
0 0.3609375 0.9328125 0.04609375 0.06640625
0 0.39609375 0.5140625 0.0265625 0.02890625
0 0.6046875 0.46953125 0.02578125 0.02890625
0 0.6890625 0.84453125 0.040625 0.04375
0 0.65703125 0.6625 0.0296875 0.03515625
0 0.684375 0.47421875 0.021875 0.02734375
0 0.390625 0.70859375 0.03046875 0.0375
0 0.5921875 0.72265625 0.03203125 0.04296875
0 0.525 0.53828125 0.0234375 0.0265625
0 0.49453125 0.68359375 0.02890625 0.03671875
0 0.6375 0.7203125 0.034375 0.03828125
0 0.934375 0.68125 0.046875 0.040625
0 0.0703125 0.85625 0.040625 0.04765625
0 0.2609375 0.50234375 0.02890625 0.02578125
0 0.5453125 0.84921875 0.0375 0.04609375
0 0.33515625 0.8921875 0.04609375 0.05703125
0 0.4328125 0.440625 0.02578125 0.0296875
0 0.85625 0.60234375 0.02734375 0.02890625
0 0.1421875 0.540625 0.02421875 0.0265625
0 0.2125 0.7359375 0.025 0.03359375
0 0.125 0.61796875 0.0328125 0.028125
0 0.7015625 0.5609375 0.0265625 0.03203125
0 0.534375 0.690625 0.0296875 0.0296875
0 0.8171875 0.60546875 0.02578125 0.03203125
0 0.91484375 0.59375 0.03203125 0.02890625
0 0.93828125 0.83359375 0.04140625 0.05703125
0 0.12109375 0.87578125 0.0375 0.0453125
0 0.5546875 0.7046875 0.0296875 0.04296875
0 0.49140625 0.7578125 0.034375 0.0375
0 0.81484375 0.728125 0.03125 0.0359375
0 0.26640625 0.528125 0.025 0.025
0 0.4078125 0.77109375 0.0265625 0.03515625
0 0.6328125 0.975 0.02421875 0.0359375
0 0.5875 0.57890625 0.01953125 0.03046875
0 0.95703125 0.7984375 0.04921875 0.0484375
0 0.5109375 0.490625 0.0203125 0.02734375
0 0.4640625 0.42265625 0.0203125 0.02421875
0 0.17890625 0.59375 0.034375 0.0328125
0 0.23828125 0.61640625 0.02578125 0.02890625
0 0.87109375 0.840625 0.03671875 0.03671875
0 0.29140625 0.440625 0.0265625 0.02265625
0 0.1796875 0.55390625 0.02421875 0.0265625
0 0.6234375 0.6046875 0.025 0.03203125
0 0.33125 0.81796875 0.03125 0.04140625
0 0.80625 0.4828125 0.02890625 0.025