0 0.01484375 0.8765625 0.0296875 0.05625
0 0.015625 0.92734375 0.03125 0.04375
0 0.06796875 0.91640625 0.06796875 0.08359375
0 0.10625 0.9828125 0.04609375 0.034375
0 0.153125 0.96796875 0.0375 0.05546875
0 0.13984375 0.91171875 0.03515625 0.03203125
0 0.1203125 0.8609375 0.05234375 0.059375
0 0.05546875 0.81953125 0.04296875 0.06484375
0 0.084375 0.76796875 0.0359375 0.03984375
0 0.06875 0.74765625 0.02109375 0.0265625
0 0.12421875 0.7171875 0.03671875 0.04375
0 0.13671875 0.74609375 0.03828125 0.0359375
0 0.14609375 0.803125 0.04921875 0.04140625
0 0.17578125 0.7765625 0.02890625 0.04296875
0 0.2046875 0.77734375 0.0359375 0.04921875
0 0.18671875 0.87578125 0.04609375 0.0609375
0 0.21171875 0.95859375 0.05078125 0.08203125
0 0.2984375 0.88671875 0.071875 0.1109375
0 0.31171875 0.78046875 0.03984375 0.05546875
0 0.2359375 0.75703125 0.03984375 0.0546875
0 0.3625 0.97734375 0.02734375 0.0453125
0 0.21953125 0.72109375 0.02109375 0.03515625
0 0.20625 0.70078125 0.03046875 0.028125
0 0.225 0.68046875 0.04140625 0.034375
0 0.20546875 0.61640625 0.040625 0.04609375
0 0.25703125 0.69921875 0.03515625 0.04296875
0 0.29765625 0.715625 0.04609375 0.0546875
0 0.3015625 0.678125 0.04765625 0.04296875
0 0.321875 0.64609375 0.03203125 0.03046875
0 0.34609375 0.653125 0.040625 0.03203125
0 0.33671875 0.6890625 0.03046875 0.04140625
0 0.3625 0.62421875 0.02109375 0.03203125
0 0.384375 0.66171875 0.0453125 0.0359375
0 0.39921875 0.621875 0.0296875 0.03984375
0 0.4203125 0.6484375 0.04609375 0.04140625
0 0.35390625 0.72265625 0.03359375 0.05078125
0 0.378125 0.71015625 0.03203125 0.0515625
0 0.0359375 0.665625 0.040625 0.0390625
0 0.16640625 0.590625 0.034375 0.0359375
0 0.0984375 0.55546875 0.03359375 0.03203125
0 0.34921875 0.590625 0.02890625 0.0359375
0 0.36171875 0.846875 0.05078125 0.065625
0 0.36484375 0.88671875 0.040625 0.05859375
0 0.3875 0.91640625 0.040625 0.0515625
0 0.45234375 0.89453125 0.05390625 0.0640625
0 0.4046875 0.790625 0.05859375 0.05625
0 0.42109375 0.76328125 0.03125 0.03984375
0 0.4125 0.7359375 0.03125 0.04140625
0 0.42109375 0.6921875 0.02734375 0.03203125
0 0.45625 0.72109375 0.04140625 0.04453125
0 0.4859375 0.65390625 0.040625 0.04375
0 0.09296875 0.640625 0.02421875 0.03828125
0 0.07578125 0.64453125 0.02265625 0.03046875
0 0.09765625 0.615625 0.028125 0.034375
0 0.04609375 0.61171875 0.02890625 0.0359375
0 0.73125 0.96875 0.07421875 0.06171875
0 0.5546875 0.94921875 0.0453125 0.078125
0 0.51953125 0.9265625 0.04765625 0.07109375
0 0.51484375 0.865625 0.0546875 0.04296875
0 0.5578125 0.82421875 0.03203125 0.03671875
0 0.5515625 0.78203125 0.04609375 0.05859375
0 0.515625 0.78359375 0.03984375 0.06171875
0 0.55 0.728125 0.03359375 0.046875
0 0.5234375 0.7171875 0.03671875 0.04921875
0 0.52890625 0.65703125 0.03828125 0.046875
0 0.51015625 0.62109375 0.02890625 0.03203125
0 0.50625 0.59453125 0.03359375 0.0453125
0 0.55 0.59765625 0.03828125 0.04296875
0 0.565625 0.62890625 0.02578125 0.04140625
0 0.57890625 0.58828125 0.03203125 0.03359375
0 0.5859375 0.62578125 0.02265625 0.03671875
0 0.61484375 0.64296875 0.03984375 0.03984375
0 0.6046875 0.74296875 0.05078125 0.06640625
0 0.59296875 0.684375 0.034375 0.034375
0 0.59375 0.87109375 0.03671875 0.0546875
0 0.6234375 0.83671875 0.03828125 0.06171875
0 0.65078125 0.80625 0.05859375 0.06796875
0 0.6765625 0.8484375 0.05546875 0.05390625
0 0.67578125 0.903125 0.05703125 0.05859375
0 0.7296875 0.896875 0.04296875 0.0546875
0 0.7765625 0.9140625 0.04140625 0.03828125
0 0.79453125 0.9515625 0.03203125 0.053125
0 0.76875 0.82421875 0.05234375 0.0609375
0 0.71328125 0.81328125 0.04140625 0.0390625
0 0.70703125 0.76328125 0.04765625 0.0453125
0 0.74453125 0.7375 0.04453125 0.0359375
0 0.70390625 0.69765625 0.04453125 0.0546875
0 0.6671875 0.69140625 0.03671875 0.04453125
0 0.64921875 0.659375 0.04140625 0.04140625
0 0.69765625 0.596875 0.03203125 0.0359375
0 0.753125 0.684375 0.03828125 0.0359375
0 0.78515625 0.63515625 0.03203125 0.0359375
0 0.8234375 0.6859375 0.0328125 0.03828125
0 0.8390625 0.6203125 0.03046875 0.0359375
0 0.8171875 0.7765625 0.03828125 0.046875
0 0.8171875 0.72109375 0.02890625 0.028125
0 0.84453125 0.76875 0.046875 0.05078125
0 0.83046875 0.8546875 0.040625 0.04609375
0 0.85859375 0.93046875 0.0625 0.075
0 0.896875 0.9703125 0.05390625 0.05703125
0 0.93828125 0.975 0.04765625 0.05
0 0.98359375 0.9625 0.03203125 0.05078125
0 0.88359375 0.821875 0.059375 0.0734375
0 0.9015625 0.73125 0.04609375 0.05078125
0 0.925 0.825 0.02890625 0.0546875
0 0.90078125 0.6859375 0.0578125 0.04921875
0 0.89609375 0.62734375 0.046875 0.046875
0 0.9296875 0.66875 0.0484375 0.03828125
0 0.95 0.70546875 0.040625 0.0359375
0 0.73359375 0.53671875 0.04609375 0.03359375
0 0.73984375 0.56015625 0.02734375 0.03515625
0 0.7828125 0.565625 0.03828125 0.03671875
0 0.71328125 0.55703125 0.03359375 0.04296875
0 0.64765625 0.565625 0.03359375 0.03203125
0 0.48125 0.553125 0.02109375 0.03203125
0 0.52578125 0.57265625 0.0296875 0.025
0 0.5484375 0.54375 0.03671875 0.04140625
0 0.51328125 0.52421875 0.0328125 0.05
0 0.5921875 0.55546875 0.0296875 0.03515625
0 0.56484375 0.4703125 0.03828125 0.03203125
0 0.38359375 0.5140625 0.0359375 0.04296875
0 0.3625 0.5359375 0.0328125 0.0390625
0 0.4171875 0.559375 0.03828125 0.04453125
0 0.46953125 0.5390625 0.02890625 0.02890625
0 0.075 0.57578125 0.03515625 0.04375
0 0.44375 0.67265625 0.03359375 0.0359375
0 0.2828125 0.65234375 0.025 0.03203125
0 0.259375 0.64296875 0.01953125 0.03125
0 0.2875 0.62734375 0.034375 0.0234375
0 0.271875 0.584375 0.0359375 0.0359375
0 0.615625 0.53828125 0.0375 0.0453125
0 0.584375 0.52109375 0.025 0.02890625
0 0.875 0.740625 0.02890625 0.0390625
0 0.9734375 0.83671875 0.053125 0.07421875
0 0.97578125 0.80859375 0.03984375 0.053125
0 0.8140625 0.8859375 0.04140625 0.05
0 0.1671875 0.6828125 0.0359375 0.04375
0 0.3265625 0.575 0.02578125 0.03125
0 0.62265625 0.90234375 0.025 0.046875
0 0.58046875 0.44375 0.03125 0.028125
0 0.98359375 0.9078125 0.03203125 0.05625
0 0.9421875 0.79765625 0.0296875 0.04375
0 0.63125 0.58671875 0.02890625 0.03515625
0 0.98046875 0.75546875 0.03671875 0.04609375
0 0.66875 0.528125 0.03359375 0.03125
0 0.440625 0.5 0.0296875 0.03671875
0 0.4390625 0.45859375 0.03046875 0.03125
0 0.3078125 0.49609375 0.03671875 0.028125
0 0.359375 0.4703125 0.03203125 0.03671875
0 0.403125 0.4546875 0.02421875 0.028125
0 0.153125 0.540625 0.03203125 0.03984375
0 0.2796875 0.546875 0.03203125 0.0296875
0 0.21640625 0.5625 0.02734375 0.03203125
0 0.1578125 0.50546875 0.02578125 0.021875
0 0.309375 0.4609375 0.03203125 0.03984375
0 0.51953125 0.48125 0.03203125 0.0359375
0 0.63984375 0.47421875 0.0421875 0.04375
0 0.6875 0.45625 0.03515625 0.03984375