0 0.8390625 0.6140625 0.021875 0.02578125
0 0.36640625 0.590625 0.021875 0.0234375
0 0.73125 0.8859375 0.034375 0.04765625
0 0.909375 0.79921875 0.0328125 0.03359375
0 0.1171875 0.953125 0.03671875 0.05
0 0.81484375 0.721875 0.02890625 0.03515625
0 0.77421875 0.81171875 0.03359375 0.03984375
0 0.76328125 0.946875 0.03359375 0.05625
0 0.2203125 0.821875 0.034375 0.03984375
0 0.45390625 0.63203125 0.01796875 0.03359375
0 0.390625 0.70234375 0.02421875 0.03046875
0 0.815625 0.8234375 0.03125 0.04140625
0 0.56796875 0.87109375 0.034375 0.0484375
0 0.68515625 0.79609375 0.02890625 0.03515625
0 0.1828125 0.76015625 0.028125 0.0359375
0 0.41171875 0.603125 0.0234375 0.02109375
0 0.3203125 0.7796875 0.034375 0.0375
0 0.50078125 0.90390625 0.02890625 0.040625
0 0.72265625 0.96875 0.03828125 0.05078125
0 0.86640625 0.60703125 0.0234375 0.0296875
0 0.86875 0.559375 0.02578125 0.028125
0 0.50625 0.97578125 0.03671875 0.0484375
0 0.4046875 0.859375 0.028125 0.03515625
0 0.63984375 0.94609375 0.02265625 0.03828125
0 0.9640625 0.78515625 0.040625 0.03984375
0 0.3390625 0.625 0.02734375 0.02734375
0 0.515625 0.8171875 0.028125 0.03046875
0 0.3515625 0.8984375 0.0328125 0.03671875
0 0.41015625 0.80859375 0.034375 0.04140625
0 0.7546875 0.75234375 0.03125 0.03515625
0 0.178125 0.97734375 0.0390625 0.04453125
0 0.43359375 0.74140625 0.03515625 0.034375
0 0.62734375 0.7203125 0.03203125 0.034375
0 0.26875 0.6953125 0.02109375 0.03203125
0 0.8921875 0.5546875 0.02578125 0.02421875
0 0.3453125 0.84921875 0.03984375 0.05
0 0.13203125 0.70390625 0.0265625 0.03046875
0 0.45390625 0.78046875 0.03125 0.0296875
0 0.83828125 0.77265625 0.02734375 0.02578125
0 0.66171875 0.70390625 0.02578125 0.03671875
0 0.4796875 0.94375 0.02734375 0.0453125
0 0.48203125 0.73203125 0.02421875 0.028125
0 0.7140625 0.77265625 0.028125 0.03828125
0 0.6078125 0.8625 0.02734375 0.0359375
0 0.3390625 0.9515625 0.0359375 0.0375
0 0.76484375 0.6765625 0.02734375 0.0296875
0 0.25703125 0.82890625 0.025 0.0359375
0 0.54921875 0.8078125 0.03359375 0.034375
0 0.53203125 0.67421875 0.0265625 0.0265625
0 0.48515625 0.5953125 0.02109375 0.025
0 0.3890625 0.56796875 0.01796875 0.02734375
0 0.434375 0.89453125 0.03046875 0.0375
0 0.64140625 0.8859375 0.03203125 0.04609375
0 0.24609375 0.76015625 0.025 0.03125
0 0.35703125 0.6796875 0.02421875 0.028125
0 0.80390625 0.984375 0.0296875 0.03046875
0 0.32421875 0.578125 0.02421875 0.02421875
0 0.30703125 0.63125 0.0203125 0.02421875
0 0.39375 0.73515625 0.02265625 0.0234375
0 0.303125 0.88203125 0.02734375 0.046875
0 0.51015625 0.59140625 0.0203125 0.02109375
0 0.65546875 0.85 0.0234375 0.03359375
0 0.328125 0.7234375 0.01875 0.02109375
0 0.22734375 0.7 0.0296875 0.03359375
0 0.6765625 0.5421875 0.02578125 0.021875
0 0.83125 0.95 0.0296875 0.04140625
0 0.896875 0.61875 0.025 0.021875
0 0.10546875 0.7625 0.0265625 0.03203125
0 0.7109375 0.71015625 0.0203125 0.03515625
0 0.9359375 0.54765625 0.02890625 0.0234375
0 0.5125 0.56953125 0.02265625 0.02421875
0 0.03984375 0.9078125 0.040625 0.046875
0 0.1671875 0.690625 0.02578125 0.0296875
0 0.071875 0.69140625 0.02578125 0.02890625
0 0.26640625 0.628125 0.02578125 0.02734375
0 0.09921875 0.69609375 0.02421875 0.0265625
0 0.540625 0.55234375 0.02265625 0.02578125
0 0.61953125 0.76953125 0.02734375 0.0359375
0 0.13125 0.7828125 0.02734375 0.03046875
0 0.12890625 0.8125 0.0296875 0.028125
0 0.38515625 0.47734375 0.02109375 0.0203125
0 0.1921875 0.9203125 0.02421875 0.03203125
0 0.0390625 0.72265625 0.03359375 0.03203125
0 0.74921875 0.5296875 0.0265625 0.021875
0 0.1125 0.8390625 0.0359375 0.0359375
0 0.15234375 0.66171875 0.02109375 0.0265625
0 0.26953125 0.77265625 0.02421875 0.03515625
0 0.55859375 0.7265625 0.02265625 0.02578125
0 0.66875 0.7453125 0.025 0.0296875
0 0.85625 0.984375 0.04296875 0.03125
0 0.1921875 0.59609375 0.021875 0.02734375
0 0.58359375 0.78515625 0.01953125 0.02890625
0 0.88984375 0.77265625 0.02265625 0.0265625
0 0.7625 0.63984375 0.0203125 0.02265625
0 0.36796875 0.4984375 0.02109375 0.02109375
0 0.778125 0.63046875 0.015625 0.021875
0 0.24140625 0.49609375 0.01953125 0.02109375
0 0.74296875 0.5765625 0.021875 0.02265625
0 0.02421875 0.7609375 0.0328125 0.0328125
0 0.1546875 0.734375 0.01953125 0.02578125
0 0.315625 0.66484375 0.02109375 0.02578125
0 0.68125 0.57265625 0.0265625 0.025
0 0.259375 0.590625 0.0203125 0.0234375
0 0.178125 0.5484375 0.021875 0.025
0 0.20390625 0.98125 0.0265625 0.03671875
0 0.91328125 0.94453125 0.03984375 0.0453125
0 0.42890625 0.96796875 0.02734375 0.0375
0 0.1328125 0.60234375 0.02421875 0.025
0 0.9859375 0.70625 0.028125 0.02578125
0 0.16640625 0.5046875 0.01953125 0.021875
0 0.08125 0.76640625 0.03046875 0.028125
0 0.3125 0.51796875 0.02109375 0.021875
0 0.98671875 0.96015625 0.0265625 0.04921875
0 0.60859375 0.9921875 0.03046875 0.015625
0 0.04765625 0.96796875 0.02734375 0.0390625
0 0.403125 0.515625 0.01953125 0.02421875
0 0.0140625 0.83515625 0.02734375 0.03515625
0 0.0265625 0.70078125 0.02734375 0.028125
0 0.53359375 0.7671875 0.01640625 0.02421875
0 0.9515625 0.49140625 0.025 0.01953125
0 0.4453125 0.56328125 0.0171875 0.021875
0 0.2203125 0.5890625 0.01796875 0.0234375
0 0.8046875 0.91015625 0.02265625 0.03203125
0 0.790625 0.54375 0.02421875 0.02578125
0 0.4640625 0.5625 0.01640625 0.02109375
0 0.53359375 0.503125 0.01640625 0.01875
0 0.259375 0.66015625 0.01953125 0.021875
0 0.3625 0.5546875 0.0203125 0.02421875
0 0.21328125 0.490625 0.0203125 0.02109375
0 0.7359375 0.70078125 0.0234375 0.02890625
0 0.6328125 0.48203125 0.0203125 0.0203125
0 0.3890625 0.615625 0.01796875 0.025
0 0.33359375 0.66484375 0.015625 0.02265625
0 0.64140625 0.67421875 0.01875 0.025
0 0.80078125 0.77265625 0.02109375 0.0265625
0 0.21328125 0.51875 0.021875 0.02265625
0 0.9640625 0.66796875 0.02421875 0.0234375
0 0.91484375 0.6328125 0.01953125 0.01875
0 0.77890625 0.7328125 0.0203125 0.02578125
0 0.6203125 0.54296875 0.02109375 0.02265625
0 0.29765625 0.55625 0.02109375 0.02734375
0 0.0265625 0.94609375 0.03046875 0.04296875
0 0.175 0.72265625 0.02109375 0.02421875
0 0.2953125 0.60625 0.0203125 0.021875
0 0.4203125 0.52890625 0.0171875 0.021875
0 0.4296875 0.5515625 0.01640625 0.021875
0 0.92421875 0.52109375 0.02109375 0.01875
0 0.0703125 0.7296875 0.02734375 0.028125
0 0.9203125 0.5796875 0.02734375 0.02265625
0 0.4828125 0.56484375 0.01640625 0.0171875
0 0.759375 0.61796875 0.01640625 0.01875
0 0.51953125 0.48203125 0.01640625 0.0171875
0 0.6734375 0.621875 0.01796875 0.02421875
0 0.1203125 0.6625 0.01875 0.02421875
0 0.43359375 0.51015625 0.0203125 0.021875
0 0.5453125 0.484375 0.01875 0.0171875
0 0.85703125 0.52890625 0.02109375 0.01796875
0 0.9953125 0.7609375 0.00859375 0.02890625
0 0.6265625 0.84375 0.01796875 0.02734375
0 0.1109375 0.63671875 0.02109375 0.025
0 0.4859375 0.4859375 0.01796875 0.01875
0 0.63359375 0.44921875 0.01640625 0.0203125
0 0.98828125 0.66015625 0.0234375 0.02421875
0 0.565625 0.50078125 0.01875 0.02109375
0 0.634375 0.41015625 0.0171875 0.01796875
0 0.3828125 0.453125 0.01640625 0.01875
0 0.85546875 0.5109375 0.0203125 0.01796875
0 0.5734375 0.99375 0.04140625 0.0109375
0 0.3140625 0.48515625 0.01640625 0.01953125
0 0.24609375 0.57421875 0.0171875 0.01953125
0 0.51328125 0.51640625 0.015625 0.01796875
0 0.41640625 0.67890625 0.0171875 0.0265625
0 0.60546875 0.46640625 0.0171875 0.01953125
0 0.48828125 0.78359375 0.01640625 0.02421875
0 0.246875 0.87734375 0.02578125 0.028125
0 0.26171875 0.92734375 0.02890625 0.028125
0 0.28203125 0.95625 0.02265625 0.034375
0 0.3703125 0.98984375 0.025 0.0203125
0 0.390625 0.95234375 0.03203125 0.04296875
0 0.1734375 0.63125 0.0265625 0.02109375
0 0.15078125 0.6203125 0.021875 0.01328125
0 0.97421875 0.62890625 0.02109375 0.028125