0 0.0390625 0.81796875 0.046875 0.05625
0 0.109375 0.8265625 0.04453125 0.04921875
0 0.10859375 0.9046875 0.05234375 0.04921875
0 0.18203125 0.9515625 0.04296875 0.04453125
0 0.22265625 0.9890625 0.0140625 0.021875
0 0.2515625 0.97890625 0.034375 0.0421875
0 0.06796875 0.98515625 0.0515625 0.0296875
0 0.0328125 0.940625 0.04375 0.0671875
0 0.15390625 0.78046875 0.04296875 0.0390625
0 0.20703125 0.825 0.03046875 0.04765625
0 0.37265625 0.88984375 0.0421875 0.0515625
0 0.47890625 0.9671875 0.03828125 0.04140625
0 0.38046875 0.98515625 0.0484375 0.0296875
0 0.81171875 0.91640625 0.05078125 0.065625
0 0.75703125 0.91015625 0.05078125 0.05859375
0 0.684375 0.90390625 0.040625 0.04140625
0 0.66015625 0.96171875 0.034375 0.065625
0 0.8109375 0.6859375 0.03984375 0.03828125
0 0.7984375 0.80703125 0.046875 0.04375
0 0.74140625 0.7640625 0.04453125 0.040625
0 0.690625 0.72109375 0.02890625 0.0296875
0 0.69375 0.7875 0.0328125 0.03828125
0 0.64609375 0.8203125 0.03359375 0.0296875
0 0.60703125 0.8125 0.03671875 0.0234375
0 0.478125 0.90234375 0.040625 0.04765625
0 0.53203125 0.87109375 0.0453125 0.0484375
0 0.55546875 0.90546875 0.02890625 0.0640625
0 0.94453125 0.834375 0.04921875 0.053125
0 0.815625 0.8640625 0.0453125 0.05
0 0.9078125 0.95546875 0.0265625 0.03125
0 0.9671875 0.97109375 0.03125 0.0578125
0 0.771875 0.8484375 0.04140625 0.0375
0 0.5921875 0.9203125 0.03125 0.05546875
0 0.5890625 0.68671875 0.01953125 0.025
0 0.65625 0.71796875 0.03125 0.03203125
0 0.58984375 0.60625 0.02421875 0.02421875
0 0.46953125 0.78515625 0.0359375 0.03515625
0 0.26953125 0.7296875 0.03515625 0.03828125
0 0.26484375 0.6921875 0.03984375 0.0296875
0 0.2921875 0.78125 0.0296875 0.05
0 0.2828125 0.83515625 0.04765625 0.0375
0 0.20703125 0.63515625 0.034375 0.034375
0 0.096875 0.72734375 0.04609375 0.0359375
0 0.09765625 0.67890625 0.04140625 0.028125
0 0.85625 0.78828125 0.03828125 0.03125
0 0.859375 0.96796875 0.028125 0.03828125
0 0.7203125 0.6515625 0.03125 0.02734375
0 0.6921875 0.5859375 0.02890625 0.0265625
0 0.6578125 0.61171875 0.025 0.02578125
0 0.69296875 0.85390625 0.0375 0.02578125
0 0.9375 0.665625 0.028125 0.03125
0 0.01171875 0.7734375 0.0234375 0.025
0 0.040625 0.75234375 0.01875 0.04453125
0 0.14375 0.753125 0.03515625 0.0359375
0 0.1953125 0.7375 0.0546875 0.03984375
0 0.13515625 0.7046875 0.0234375 0.03671875
0 0.23984375 0.57578125 0.0296875 0.021875
0 0.21953125 0.56015625 0.0296875 0.02421875
0 0.31953125 0.7859375 0.025 0.0359375
0 0.40078125 0.88671875 0.01953125 0.0265625
0 0.4109375 0.775 0.0265625 0.0359375
0 0.36953125 0.79921875 0.02734375 0.02421875
0 0.321875 0.6859375 0.03125 0.0390625
0 0.5484375 0.66171875 0.046875 0.0328125
0 0.4796875 0.60859375 0.021875 0.03125
0 0.40546875 0.734375 0.0453125 0.025
0 0.33515625 0.65625 0.03046875 0.0265625
0 0.43359375 0.5484375 0.025 0.0234375
0 0.89453125 0.86796875 0.0296875 0.0359375
0 0.8625 0.8359375 0.02578125 0.02734375
0 0.74921875 0.678125 0.025 0.0234375
0 0.90625 0.67890625 0.034375 0.0234375
0 0.94140625 0.72421875 0.0328125 0.0421875
0 0.8390625 0.65546875 0.02578125 0.02734375
0 0.85078125 0.6140625 0.028125 0.025
0 0.778125 0.603125 0.03203125 0.025
0 0.740625 0.59375 0.02734375 0.02109375
0 0.63359375 0.59921875 0.03359375 0.02734375
0 0.22734375 0.678125 0.0359375 0.040625
0 0.171875 0.684375 0.03515625 0.0328125
0 0.0265625 0.69453125 0.053125 0.0359375
0 0.02109375 0.6640625 0.0421875 0.025
0 0.2703125 0.59453125 0.028125 0.028125
0 0.27734375 0.55078125 0.03046875 0.0234375
0 0.25625 0.86484375 0.0375 0.0296875
0 0.165625 0.89765625 0.04375 0.03515625
0 0.3703125 0.9390625 0.02578125 0.03671875
0 0.49140625 0.85625 0.03203125 0.0375
0 0.625 0.65703125 0.0359375 0.02734375
0 0.65078125 0.68828125 0.02578125 0.025
0 0.83203125 0.75703125 0.03359375 0.025
0 0.96015625 0.784375 0.0375 0.03984375
0 0.98515625 0.86171875 0.02890625 0.03125
0 0.5515625 0.70703125 0.02421875 0.02890625
0 0.49765625 0.6875 0.025 0.01953125
0 0.51328125 0.60859375 0.02109375 0.02265625
0 0.53984375 0.5765625 0.02265625 0.02109375
0 0.5734375 0.565625 0.0296875 0.02734375
0 0.3609375 0.51484375 0.02890625 0.021875
0 0.325 0.53203125 0.021875 0.028125
0 0.36171875 0.4703125 0.021875 0.01875
0 0.24140625 0.5359375 0.02578125 0.02109375
0 0.346875 0.640625 0.02890625 0.021875
0 0.38671875 0.54921875 0.0265625 0.0265625
0 0.41875 0.5234375 0.021875 0.0203125
0 0.28671875 0.52265625 0.01875 0.01953125
0 0.3859375 0.6953125 0.02265625 0.01796875
0 0.79296875 0.63828125 0.0265625 0.02578125
0 0.803125 0.59453125 0.02421875 0.02265625
0 0.878125 0.6453125 0.021875 0.01484375
0 0.9640625 0.65859375 0.028125 0.0265625
0 0.9859375 0.68984375 0.028125 0.0265625
0 0.6765625 0.52109375 0.0265625 0.0296875
0 0.728125 0.5515625 0.01796875 0.01640625
0 0.74609375 0.5421875 0.021875 0.01015625
0 0.78984375 0.54140625 0.02109375 0.02578125
0 0.6375 0.5296875 0.0234375 0.01796875
0 0.5984375 0.51015625 0.02265625 0.0140625
0 0.515625 0.5046875 0.028125 0.02109375
0 0.7484375 0.48125 0.021875 0.01171875
0 0.71640625 0.615625 0.0203125 0.01640625
0 0.67421875 0.6484375 0.01953125 0.0234375
0 0.65625 0.64140625 0.0140625 0.02109375
0 0.5453125 0.61328125 0.0203125 0.015625
0 0.459375 0.54921875 0.02578125 0.01953125
0 0.4265625 0.60859375 0.015625 0.01953125
0 0.39765625 0.50546875 0.01640625 0.021875
0 0.33359375 0.60234375 0.0171875 0.01875
0 0.28828125 0.503125 0.01640625 0.01953125
0 0.31640625 0.47109375 0.021875 0.01328125
0 0.2734375 0.42421875 0.0265625 0.0171875
0 0.2625 0.47109375 0.025 0.015625
0 0.134375 0.51015625 0.0171875 0.0140625
0 0.05078125 0.55078125 0.0296875 0.02421875
0 0.01171875 0.55859375 0.0234375 0.028125
0 0.01953125 0.6359375 0.02734375 0.01484375
0 0.040625 0.61328125 0.0328125 0.02578125
0 0.16953125 0.61484375 0.02421875 0.02265625
0 0.16953125 0.59140625 0.0140625 0.01640625
0 0.18046875 0.64140625 0.01640625 0.0171875
0 0.1578125 0.67734375 0.0171875 0.01640625
0 0.01171875 0.60625 0.02265625 0.02421875