0 0.1265625 0.85390625 0.03359375 0.040625
0 0.10859375 0.784375 0.02578125 0.0390625
0 0.065625 0.73515625 0.03125 0.0359375
0 0.03125 0.73046875 0.03046875 0.03046875
0 0.14609375 0.68984375 0.0265625 0.03515625
0 0.1578125 0.753125 0.04375 0.040625
0 0.153125 0.803125 0.02890625 0.0296875
0 0.2125 0.7640625 0.03046875 0.0390625
0 0.2375 0.79609375 0.0328125 0.0375
0 0.271875 0.840625 0.02734375 0.04375
0 0.21640625 0.9078125 0.02421875 0.03984375
0 0.29296875 0.875 0.03359375 0.05234375
0 0.30234375 0.915625 0.03203125 0.0390625
0 0.2859375 0.9640625 0.02578125 0.040625
0 0.3375 0.94296875 0.0375 0.04296875
0 0.403125 0.90625 0.03203125 0.04453125
0 0.3015625 0.80546875 0.0265625 0.0390625
0 0.23125 0.7109375 0.03671875 0.03828125
0 0.165625 0.634375 0.01875 0.02109375
0 0.075 0.67109375 0.034375 0.03359375
0 0.11015625 0.60859375 0.025 0.03203125
0 0.16171875 0.5796875 0.02734375 0.0234375
0 0.16328125 0.5515625 0.0234375 0.0234375
0 0.19609375 0.54140625 0.02421875 0.02890625
0 0.23046875 0.64609375 0.0265625 0.02265625
0 0.334375 0.72109375 0.0328125 0.0328125
0 0.28125 0.6890625 0.02734375 0.03046875
0 0.2640625 0.65234375 0.02734375 0.02734375
0 0.22890625 0.5109375 0.0234375 0.0203125
0 0.27421875 0.521875 0.0265625 0.01953125
0 0.37734375 0.59140625 0.03046875 0.02578125
0 0.4359375 0.84921875 0.021875 0.04296875
0 0.37734375 0.771875 0.0375 0.05625
0 0.41796875 0.7671875 0.034375 0.0375
0 0.45 0.79140625 0.03359375 0.0515625
0 0.46953125 0.7578125 0.02578125 0.0328125
0 0.54296875 0.78984375 0.0375 0.04375
0 0.5625 0.85625 0.034375 0.0640625
0 0.52265625 0.86875 0.0375 0.053125
0 0.596875 0.88828125 0.02734375 0.03828125
0 0.65546875 0.9 0.04296875 0.05390625
0 0.67265625 0.94453125 0.03828125 0.04453125
0 0.63671875 0.85703125 0.0265625 0.0359375
0 0.61171875 0.81640625 0.02265625 0.03125
0 0.71640625 0.8421875 0.034375 0.046875
0 0.72109375 0.925 0.0390625 0.05625
0 0.79296875 0.8515625 0.03359375 0.03828125
0 0.834375 0.82109375 0.02890625 0.05
0 0.83984375 0.76328125 0.034375 0.04765625
0 0.90390625 0.8265625 0.03671875 0.04296875
0 0.9140625 0.88125 0.028125 0.02890625
0 0.97265625 0.92421875 0.03828125 0.05078125
0 0.98359375 0.8453125 0.02578125 0.04375
0 0.89453125 0.75390625 0.034375 0.03828125
0 0.93125 0.74375 0.0265625 0.0328125
0 0.93515625 0.70234375 0.025 0.03046875
0 0.91328125 0.64375 0.0359375 0.0375
0 0.8453125 0.67265625 0.02421875 0.03046875
0 0.7984375 0.69609375 0.03515625 0.04453125
0 0.74375 0.70546875 0.025 0.03984375
0 0.67890625 0.68359375 0.02734375 0.025
0 0.94453125 0.6421875 0.0234375 0.03046875
0 0.98515625 0.64609375 0.02890625 0.03046875
0 0.83671875 0.61875 0.0296875 0.02265625
0 0.8203125 0.58203125 0.0203125 0.02578125
0 0.73828125 0.528125 0.0234375 0.0265625
0 0.71171875 0.53359375 0.0203125 0.0265625
0 0.91953125 0.54140625 0.028125 0.02265625
0 0.84375 0.41796875 0.0265625 0.021875
0 0.8859375 0.43203125 0.01640625 0.01640625
0 0.81640625 0.471875 0.0265625 0.021875
0 0.74921875 0.48359375 0.0234375 0.02734375
0 0.76796875 0.5390625 0.02421875 0.0203125
0 0.7734375 0.478125 0.025 0.021875
0 0.6609375 0.63515625 0.025 0.03125
0 0.64140625 0.7328125 0.0296875 0.04453125
0 0.60703125 0.72109375 0.03125 0.03671875
0 0.59375 0.66171875 0.0328125 0.0375
0 0.54609375 0.6828125 0.0265625 0.03828125
0 0.5140625 0.70625 0.0296875 0.034375
0 0.47109375 0.63125 0.03359375 0.034375
0 0.446875 0.6828125 0.0265625 0.03359375
0 0.36875 0.7125 0.028125 0.02890625
0 0.31953125 0.6390625 0.0296875 0.02578125
0 0.375 0.51171875 0.01953125 0.01953125
0 0.38046875 0.4890625 0.02265625 0.02734375
0 0.346875 0.5125 0.0234375 0.02578125
0 0.309375 0.55078125 0.01796875 0.0328125
0 0.2078125 0.59296875 0.02421875 0.03203125
0 0.23359375 0.6125 0.025 0.0296875
0 0.21953125 0.8671875 0.0234375 0.04453125
0 0.053125 0.5171875 0.01796875 0.0296875
0 0.4375 0.57421875 0.02421875 0.028125
0 0.484375 0.58515625 0.02421875 0.02734375
0 0.50546875 0.615625 0.02734375 0.03203125
0 0.5546875 0.49609375 0.01640625 0.0234375
0 0.5546875 0.46328125 0.025 0.021875
0 0.61875 0.5921875 0.0265625 0.03125
0 0.55625 0.621875 0.02265625 0.0328125
0 0.64375 0.54765625 0.01796875 0.02265625
0 0.49375 0.4640625 0.02265625 0.02265625
0 0.33671875 0.48359375 0.0171875 0.0171875
0 0.2578125 0.490625 0.0203125 0.02734375
0 0.24921875 0.42578125 0.021875 0.01953125