0 0.35 0.90625 0.08203125 0.0921875
0 0.43515625 0.92734375 0.06328125 0.06640625
0 0.40625 0.97734375 0.05234375 0.04453125
0 0.6046875 0.9125 0.05625 0.0828125
0 0.69296875 0.92109375 0.06640625 0.0890625
0 0.91953125 0.9453125 0.0828125 0.09921875
0 0.79609375 0.88046875 0.0609375 0.06015625
0 0.690625 0.8453125 0.05 0.07578125
0 0.73828125 0.8765625 0.0609375 0.0734375
0 0.92421875 0.85078125 0.06875 0.0875
0 0.95859375 0.81875 0.06796875 0.08046875
0 0.965625 0.728125 0.06875 0.084375
0 0.80859375 0.79375 0.04921875 0.05390625
0 0.5984375 0.8015625 0.046875 0.0515625
0 0.5015625 0.9203125 0.03515625 0.0609375
0 0.47421875 0.83828125 0.0390625 0.0671875
0 0.51953125 0.80546875 0.0484375 0.05859375
0 0.46953125 0.73203125 0.05078125 0.05859375
0 0.4171875 0.8015625 0.0515625 0.0640625
0 0.33671875 0.81015625 0.05390625 0.06640625
0 0.2609375 0.87578125 0.03671875 0.04453125
0 0.21328125 0.80390625 0.05390625 0.04921875
0 0.79296875 0.709375 0.0359375 0.0546875
0 0.75859375 0.7078125 0.04140625 0.05859375
0 0.52734375 0.68671875 0.04453125 0.05
0 0.60390625 0.68671875 0.040625 0.0453125
0 0.59609375 0.74765625 0.025 0.0484375
0 0.4828125 0.625 0.04296875 0.03984375
0 0.546875 0.6109375 0.053125 0.04765625
0 0.47421875 0.5765625 0.028125 0.0375
0 0.37578125 0.66796875 0.0375 0.05078125
0 0.421875 0.63359375 0.0359375 0.03828125
0 0.39375 0.62890625 0.03359375 0.03203125
0 0.2890625 0.70078125 0.03515625 0.03828125
0 0.2171875 0.65078125 0.0515625 0.04375
0 0.16328125 0.696875 0.040625 0.03984375
0 0.090625 0.82890625 0.05390625 0.0484375
0 0.13515625 0.79375 0.04921875 0.05625
0 0.10390625 0.7125 0.03125 0.04921875
0 0.11484375 0.62890625 0.04296875 0.0375
0 0.30078125 0.65234375 0.03125 0.028125
0 0.2984375 0.62265625 0.0328125 0.040625
0 0.2265625 0.61796875 0.03046875 0.03203125
0 0.63203125 0.60625 0.0390625 0.04296875
0 0.60625 0.55078125 0.034375 0.0390625
0 0.95 0.6484375 0.04453125 0.02734375
0 0.84765625 0.65625 0.040625 0.040625
0 0.821875 0.67265625 0.028125 0.028125
0 0.8 0.64765625 0.04375 0.053125
0 0.69921875 0.6625 0.02890625 0.034375
0 0.7203125 0.5328125 0.04375 0.0375
0 0.6734375 0.57578125 0.05390625 0.05390625
0 0.51328125 0.48984375 0.0515625 0.04375
0 0.37578125 0.546875 0.03359375 0.040625
0 0.31171875 0.55234375 0.04375 0.03828125
0 0.3203125 0.58515625 0.0328125 0.03984375
0 0.18515625 0.5953125 0.02734375 0.02734375
0 0.85546875 0.5421875 0.04609375 0.03984375
0 0.80546875 0.534375 0.0328125 0.0328125
0 0.671875 0.4578125 0.0359375 0.02734375
0 0.3484375 0.47890625 0.0375 0.03828125
0 0.16328125 0.53203125 0.046875 0.02578125
0 0.27421875 0.7875 0.0375 0.0453125
0 0.31875 0.74296875 0.02578125 0.03125
0 0.73046875 0.64765625 0.04375 0.04296875
0 0.75078125 0.62109375 0.0390625 0.03828125
0 0.8671875 0.60390625 0.04375 0.04296875
0 0.7921875 0.58125 0.0359375 0.03203125
0 0.6625 0.52890625 0.0328125 0.03515625
0 0.5734375 0.5296875 0.03671875 0.03984375
0 0.55078125 0.46953125 0.03125 0.0421875
0 0.48828125 0.43515625 0.028125 0.03828125
0 0.62109375 0.47421875 0.03984375 0.03515625
0 0.35625 0.44765625 0.03984375 0.0296875
0 0.25078125 0.4984375 0.04140625 0.02734375
0 0.196875 0.49453125 0.02890625 0.03515625
0 0.91328125 0.653125 0.04140625 0.0390625
0 0.7046875 0.4859375 0.02890625 0.03203125
0 0.12578125 0.4859375 0.03203125 0.028125
0 0.0875 0.52265625 0.03671875 0.02734375
0 0.015625 0.61171875 0.03125 0.03828125
0 0.65390625 0.82265625 0.046875 0.04765625
0 0.71015625 0.56875 0.0328125 0.03046875
0 0.775 0.540625 0.03046875 0.034375
0 0.7484375 0.528125 0.03046875 0.03203125
0 0.44375 0.5625 0.02734375 0.028125
0 0.45390625 0.52265625 0.02421875 0.02890625
0 0.3296875 0.5078125 0.0375 0.03984375
0 0.06640625 0.48125 0.034375 0.03203125
0 0.2125 0.5453125 0.02265625 0.02578125