0 0.28359375 0.74140625 0.05234375 0.053125
0 0.33203125 0.86328125 0.04375 0.05859375
0 0.36328125 0.90546875 0.04609375 0.04921875
0 0.25703125 0.8953125 0.059375 0.0515625
0 0.21328125 0.97265625 0.05625 0.05390625
0 0.17421875 0.9265625 0.04140625 0.05
0 0.1328125 0.89375 0.040625 0.040625
0 0.08125 0.82421875 0.0484375 0.04375
0 0.13125 0.84765625 0.04609375 0.0390625
0 0.0359375 0.85625 0.03125 0.04453125
0 0.03125 0.92734375 0.0328125 0.02890625
0 0.05234375 0.95 0.03984375 0.0453125
0 0.06953125 0.696875 0.03359375 0.03125
0 0.10859375 0.67109375 0.03515625 0.0296875
0 0.17421875 0.671875 0.03828125 0.046875
0 0.2203125 0.66015625 0.02578125 0.028125
0 0.27421875 0.671875 0.0390625 0.040625
0 0.34140625 0.6609375 0.03359375 0.03203125
0 0.38046875 0.6109375 0.028125 0.03359375
0 0.346875 0.7515625 0.04765625 0.034375
0 0.33203125 0.7953125 0.028125 0.0375
0 0.44453125 0.9078125 0.05390625 0.06875
0 0.49765625 0.9109375 0.025 0.034375
0 0.5546875 0.96875 0.028125 0.0625
0 0.58984375 0.8921875 0.0546875 0.071875
0 0.55 0.7265625 0.046875 0.0453125
0 0.58203125 0.784375 0.03515625 0.0390625
0 0.68125 0.825 0.0328125 0.03125
0 0.76640625 0.8125 0.03671875 0.04765625
0 0.8109375 0.87734375 0.04296875 0.0453125
0 0.86484375 0.8796875 0.059375 0.0578125
0 0.83984375 0.94296875 0.059375 0.0671875
0 0.76953125 0.92421875 0.0390625 0.04765625
0 0.7171875 0.74140625 0.04375 0.04765625
0 0.725 0.67734375 0.0359375 0.0390625
0 0.75390625 0.65625 0.0390625 0.034375
0 0.77421875 0.603125 0.03984375 0.0375
0 0.646875 0.64375 0.02578125 0.0328125
0 0.5484375 0.6859375 0.028125 0.02578125
0 0.58046875 0.70390625 0.02890625 0.0296875
0 0.48828125 0.66640625 0.03046875 0.028125
0 0.52578125 0.67109375 0.0265625 0.03125
0 0.46015625 0.67578125 0.0265625 0.03984375
0 0.48359375 0.73671875 0.03515625 0.04140625
0 0.47578125 0.81953125 0.05234375 0.0515625
0 0.5375 0.821875 0.03984375 0.03828125
0 0.42421875 0.66953125 0.03359375 0.025
0 0.38671875 0.69453125 0.03203125 0.02734375
0 0.3078125 0.571875 0.02578125 0.0265625
0 0.24375 0.54453125 0.03046875 0.021875
0 0.21328125 0.71640625 0.021875 0.02109375
0 0.0765625 0.615625 0.02265625 0.02734375
0 0.125 0.60390625 0.03515625 0.03125
0 0.12734375 0.48125 0.03515625 0.01875
0 0.265625 0.5171875 0.02109375 0.01484375
0 0.3140625 0.4828125 0.021875 0.02109375
0 0.40234375 0.540625 0.034375 0.0234375
0 0.3953125 0.5046875 0.0265625 0.01796875
0 0.4515625 0.5234375 0.03125 0.0234375
0 0.49140625 0.57890625 0.0296875 0.02578125
0 0.4296875 0.584375 0.0328125 0.02578125
0 0.52109375 0.525 0.02421875 0.01953125
0 0.48046875 0.46640625 0.0296875 0.01875
0 0.43203125 0.4296875 0.03203125 0.028125
0 0.378125 0.46328125 0.02109375 0.01640625
0 0.25625 0.49375 0.02578125 0.025
0 0.17578125 0.57109375 0.03125 0.021875
0 0.1828125 0.54453125 0.01875 0.01796875
0 0.240625 0.6015625 0.01953125 0.02109375
0 0.26640625 0.63046875 0.0171875 0.015625
0 0.4890625 0.6296875 0.0265625 0.028125
0 0.29453125 0.43359375 0.0265625 0.01640625
0 0.27421875 0.45546875 0.03125 0.02109375
0 0.20625 0.45078125 0.01953125 0.0234375
0 0.08125 0.559375 0.02421875 0.02734375
0 0.0125 0.73671875 0.025 0.046875
0 0.05859375 0.78203125 0.01875 0.02265625
0 0.0109375 0.8828125 0.021875 0.03515625
0 0.24140625 0.84296875 0.028125 0.0359375
0 0.4046875 0.746875 0.02421875 0.028125
0 0.63359375 0.70390625 0.0296875 0.02890625
0 0.64375 0.58515625 0.02265625 0.025
0 0.61484375 0.58671875 0.025 0.03046875
0 0.575 0.55859375 0.01328125 0.025
0 0.56015625 0.49609375 0.0328125 0.025
0 0.5078125 0.484375 0.01796875 0.025
0 0.60078125 0.46015625 0.02578125 0.02265625
0 0.69140625 0.55 0.0234375 0.0234375
0 0.65546875 0.5421875 0.02890625 0.0140625
0 0.678125 0.46328125 0.0203125 0.01328125
0 0.71171875 0.46875 0.02734375 0.02109375
0 0.64921875 0.46875 0.01640625 0.01171875
0 0.59140625 0.4296875 0.02421875 0.01640625
0 0.57265625 0.428125 0.0171875 0.021875
0 0.521875 0.42109375 0.02734375 0.01796875
0 0.3484375 0.546875 0.02265625 0.0203125
0 0.328125 0.54453125 0.0265625 0.01328125
0 0.14375 0.5296875 0.0203125 0.0125
0 0.0875 0.44296875 0.02734375 0.01328125
0 0.24921875 0.56484375 0.0171875 0.01328125
0 0.37109375 0.49140625 0.02265625 0.01875
0 0.615625 0.52890625 0.0234375 0.02265625
0 0.59140625 0.49140625 0.02109375 0.015625
0 0.77109375 0.54375 0.02734375 0.01953125
0 0.8046875 0.59296875 0.02734375 0.025
0 0.84453125 0.5859375 0.03125 0.028125
0 0.9078125 0.63828125 0.0328125 0.03203125
0 0.91640625 0.6671875 0.04453125 0.03203125
0 0.9796875 0.7234375 0.040625 0.04375
0 0.93828125 0.778125 0.05625 0.0515625
0 0.92109375 0.81875 0.05078125 0.0515625
0 0.85625 0.784375 0.0453125 0.0421875
0 0.8625 0.81875 0.0390625 0.03359375
0 0.79921875 0.709375 0.021875 0.025
0 0.86953125 0.71328125 0.03359375 0.03359375
0 0.8984375 0.5796875 0.0359375 0.01796875
0 0.9328125 0.61015625 0.034375 0.021875
0 0.79453125 0.47265625 0.025 0.0140625
0 0.97421875 0.75625 0.03046875 0.02890625
0 0.98984375 0.8015625 0.0203125 0.028125
0 0.99296875 0.88671875 0.0140625 0.0234375
0 0.96171875 0.98046875 0.07578125 0.0390625
0 0.909375 0.990625 0.04140625 0.01796875
0 0.603125 0.97421875 0.0265625 0.03203125
0 0.62578125 0.94453125 0.01640625 0.02265625
0 0.30625 0.9859375 0.0109375 0.028125
0 0.28359375 0.9890625 0.0140625 0.021875
0 0.565625 0.4078125 0.01953125 0.01640625
0 0.596875 0.54765625 0.02890625 0.0203125
0 0.7125 0.51171875 0.0203125 0.01875
0 0.73671875 0.5421875 0.025 0.0171875
0 0.953125 0.51640625 0.02890625 0.0296875
0 0.8859375 0.5015625 0.0171875 0.01796875
0 0.91015625 0.5546875 0.0375 0.0234375
0 0.9359375 0.553125 0.02265625 0.0171875
0 0.834375 0.62734375 0.02109375 0.01171875
0 0.77890625 0.42265625 0.0171875 0.015625