0 0.0265625 0.91484375 0.05 0.05546875
0 0.05859375 0.7515625 0.040625 0.0296875
0 0.1109375 0.7953125 0.0484375 0.04765625
0 0.14375 0.78359375 0.0375 0.04921875
0 0.13984375 0.86015625 0.0640625 0.0734375
0 0.1828125 0.96640625 0.02421875 0.0546875
0 0.278125 0.98125 0.04375 0.0375
0 0.2203125 0.8796875 0.04453125 0.07421875
0 0.18828125 0.85546875 0.04296875 0.0421875
0 0.225 0.8375 0.0265625 0.03046875
0 0.253125 0.8390625 0.0328125 0.05078125
0 0.334375 0.971875 0.0546875 0.05625
0 0.41953125 0.97421875 0.0359375 0.05078125
0 0.40078125 0.92734375 0.04140625 0.05625
0 0.3328125 0.8921875 0.06328125 0.0828125
0 0.46328125 0.81796875 0.0453125 0.0578125
0 0.425 0.80234375 0.0390625 0.053125
0 0.31640625 0.778125 0.03203125 0.05078125
0 0.36171875 0.75078125 0.03203125 0.0625
0 0.25234375 0.74296875 0.0375 0.0515625
0 0.325 0.71328125 0.04453125 0.034375
0 0.28671875 0.6828125 0.046875 0.046875
0 0.33359375 0.6640625 0.046875 0.04140625
0 0.321875 0.63046875 0.03046875 0.03984375
0 0.39375 0.67578125 0.03125 0.0421875
0 0.42265625 0.725 0.0546875 0.0546875
0 0.46796875 0.75234375 0.028125 0.05546875
0 0.5203125 0.75703125 0.04453125 0.034375
0 0.52734375 0.9640625 0.0453125 0.0640625
0 0.20625 0.759375 0.0265625 0.02890625
0 0.20546875 0.690625 0.02109375 0.02734375
0 0.15390625 0.73515625 0.0125 0.0234375
0 0.05625 0.7078125 0.053125 0.0484375
0 0.0171875 0.70078125 0.034375 0.03125
0 0.12421875 0.68984375 0.03828125 0.0359375
0 0.0328125 0.65859375 0.04296875 0.03515625
0 0.015625 0.63046875 0.03046875 0.0359375
0 0.021875 0.56796875 0.04375 0.028125
0 0.1421875 0.58125 0.0265625 0.0359375
0 0.20390625 0.6296875 0.03828125 0.02578125
0 0.2734375 0.61328125 0.03046875 0.0359375
0 0.6125 0.97734375 0.034375 0.0453125
0 0.6703125 0.940625 0.04296875 0.07265625
0 0.76640625 0.94375 0.040625 0.0515625
0 0.809375 0.96171875 0.025 0.03515625
0 0.86171875 0.96171875 0.053125 0.06328125
0 0.928125 0.95859375 0.0734375 0.0828125
0 0.93046875 0.846875 0.046875 0.04453125
0 0.96875 0.8015625 0.05 0.05078125
0 0.809375 0.83515625 0.03125 0.05390625
0 0.77265625 0.84375 0.05234375 0.065625
0 0.70078125 0.8546875 0.04453125 0.08359375
0 0.6640625 0.7703125 0.05078125 0.06796875
0 0.725 0.74140625 0.0359375 0.05390625
0 0.7515625 0.78671875 0.03984375 0.05078125
0 0.8203125 0.78046875 0.03359375 0.03828125
0 0.7890625 0.73359375 0.03515625 0.0578125
0 0.80859375 0.709375 0.05 0.06328125
0 0.84765625 0.70390625 0.0328125 0.03828125
0 0.796875 0.65 0.0265625 0.0265625
0 0.89375 0.709375 0.053125 0.0453125
0 0.92265625 0.7390625 0.02890625 0.025
0 0.96015625 0.75390625 0.0453125 0.034375
0 0.9765625 0.70390625 0.03984375 0.04453125
0 0.59453125 0.784375 0.04921875 0.04921875
0 0.58125 0.75703125 0.02578125 0.03671875
0 0.5078125 0.6921875 0.040625 0.04921875
0 0.46484375 0.7109375 0.02109375 0.0421875
0 0.72578125 0.67265625 0.05078125 0.03828125
0 0.71171875 0.62890625 0.02578125 0.0375
0 0.75 0.615625 0.03203125 0.02578125
0 0.746875 0.590625 0.03125 0.03046875
0 0.7875 0.575 0.03671875 0.0328125
0 0.85625 0.6125 0.034375 0.025
0 0.8359375 0.58046875 0.04453125 0.02890625
0 0.90234375 0.64296875 0.040625 0.0328125
0 0.94609375 0.63125 0.03671875 0.0390625
0 0.8984375 0.59375 0.02890625 0.02890625
0 0.92578125 0.60078125 0.02734375 0.01875
0 0.984375 0.59453125 0.03125 0.04296875
0 0.8734375 0.54921875 0.0296875 0.0296875
0 0.65703125 0.575 0.03671875 0.03984375
0 0.6265625 0.5625 0.02734375 0.0375
0 0.596875 0.57109375 0.02421875 0.03828125
0 0.47265625 0.63828125 0.0390625 0.04453125
0 0.44453125 0.625 0.0296875 0.034375
0 0.428125 0.6640625 0.02734375 0.03359375
0 0.403125 0.59609375 0.0265625 0.02890625
0 0.39140625 0.575 0.02421875 0.0265625
0 0.4015625 0.55234375 0.021875 0.0171875
0 0.42421875 0.5203125 0.0296875 0.02265625
0 0.48671875 0.596875 0.0171875 0.025
0 0.5140625 0.5859375 0.02109375 0.02734375
0 0.49296875 0.57265625 0.021875 0.02578125
0 0.49296875 0.52421875 0.0171875 0.02890625
0 0.521875 0.5 0.0234375 0.02578125
0 0.5671875 0.48828125 0.0328125 0.0234375
0 0.29765625 0.57734375 0.0140625 0.025
0 0.3328125 0.56328125 0.03125 0.0265625
0 0.2546875 0.55546875 0.03203125 0.03203125
0 0.22265625 0.5359375 0.028125 0.02265625
0 0.23671875 0.51484375 0.03515625 0.03046875
0 0.1953125 0.53984375 0.02578125 0.03046875
0 0.18515625 0.5265625 0.01640625 0.01875
0 0.1875 0.50625 0.01953125 0.02265625
0 0.1703125 0.50546875 0.01640625 0.02109375
0 0.15625 0.49296875 0.01953125 0.0203125
0 0.10859375 0.5453125 0.03203125 0.02578125
0 0.07734375 0.5671875 0.0203125 0.0203125
0 0.06640625 0.53671875 0.03125 0.021875
0 0.10625 0.51328125 0.02578125 0.0328125
0 0.0875 0.49609375 0.025 0.0234375
0 0.65 0.51171875 0.03515625 0.02578125
0 0.70703125 0.52890625 0.0375 0.02734375
0 0.68515625 0.50234375 0.034375 0.02734375
0 0.6234375 0.48125 0.02265625 0.01875
0 0.59453125 0.46953125 0.02890625 0.02109375
0 0.73671875 0.49453125 0.02890625 0.02109375
0 0.7359375 0.46796875 0.02109375 0.0171875
0 0.68828125 0.465625 0.0171875 0.01484375
0 0.65625 0.47421875 0.02109375 0.0203125
0 0.66171875 0.45546875 0.0140625 0.01640625
0 0.6765625 0.43828125 0.02265625 0.0140625
0 0.7734375 0.51171875 0.02734375 0.02265625
0 0.8171875 0.525 0.0453125 0.02421875
0 0.9109375 0.52734375 0.02734375 0.01640625
0 0.8890625 0.5046875 0.0203125 0.01875
0 0.7734375 0.43671875 0.0203125 0.01640625
0 0.81484375 0.4703125 0.02421875 0.0140625
0 0.81953125 0.45 0.01484375 0.01875
0 0.79375 0.47578125 0.01875 0.01796875
0 0.88046875 0.4796875 0.021875 0.0125
0 0.43125 0.4828125 0.0234375 0.0265625
0 0.2734375 0.49609375 0.02109375 0.02578125
0 0.36796875 0.4859375 0.02578125 0.0234375
0 0.52578125 0.47109375 0.02421875 0.0234375
0 0.01953125 0.525 0.03203125 0.02890625
0 0.8359375 0.53984375 0.0171875 0.01328125
0 0.50546875 0.60546875 0.0125 0.02265625
0 0.67265625 0.5984375 0.02109375 0.01953125
0 0.6921875 0.615625 0.01875 0.01796875