0 0.128125 0.91484375 0.0421875 0.04453125
0 0.034375 0.86015625 0.0328125 0.0328125
0 0.05234375 0.88359375 0.02578125 0.0328125
0 0.09375 0.80234375 0.034375 0.0390625
0 0.05546875 0.7765625 0.034375 0.040625
0 0.01875 0.753125 0.034375 0.0359375
0 0.0875 0.7296875 0.04140625 0.03984375
0 0.0765625 0.690625 0.03046875 0.0359375
0 0.1765625 0.7484375 0.03359375 0.0375
0 0.23359375 0.77421875 0.0296875 0.03984375
0 0.33125 0.90703125 0.03984375 0.04453125
0 0.3890625 0.8375 0.04375 0.04296875
0 0.390625 0.915625 0.040625 0.07421875
0 0.3484375 0.97734375 0.03984375 0.0453125
0 0.45 0.8734375 0.04375 0.03984375
0 0.45859375 0.8 0.0375 0.04609375
0 0.38515625 0.76484375 0.03984375 0.0421875
0 0.28984375 0.73671875 0.028125 0.040625
0 0.35703125 0.7140625 0.0359375 0.02734375
0 0.61171875 0.8578125 0.0453125 0.0421875
0 0.56953125 0.88359375 0.034375 0.059375
0 0.60078125 0.95234375 0.0421875 0.0546875
0 0.659375 0.95078125 0.0421875 0.04296875
0 0.553125 0.978125 0.0328125 0.04375
0 0.53125 0.78984375 0.03515625 0.03203125
0 0.5046875 0.75703125 0.03203125 0.03203125
0 0.65546875 0.8046875 0.03046875 0.05
0 0.71171875 0.734375 0.03203125 0.0375
0 0.70703125 0.8609375 0.02578125 0.05
0 0.73984375 0.971875 0.03359375 0.03671875
0 0.771875 0.94453125 0.03359375 0.0421875
0 0.790625 0.97890625 0.034375 0.0390625
0 0.8640625 0.96640625 0.03671875 0.04375
0 0.846875 0.821875 0.03125 0.03984375
0 0.83671875 0.79140625 0.0265625 0.02890625
0 0.7546875 0.79140625 0.03671875 0.04609375
0 0.803125 0.94453125 0.028125 0.04453125
0 0.79296875 0.721875 0.03359375 0.03125
0 0.76015625 0.746875 0.0265625 0.02890625
0 0.86875 0.7015625 0.04453125 0.03359375
0 0.853125 0.73984375 0.0234375 0.03203125
0 0.81953125 0.75 0.02265625 0.034375
0 0.8359375 0.62734375 0.03046875 0.02734375
0 0.80078125 0.6109375 0.025 0.0296875
0 0.9578125 0.68359375 0.034375 0.0375
0 0.97734375 0.846875 0.03984375 0.0484375
0 0.85390625 0.9 0.03046875 0.04140625
0 0.60078125 0.6546875 0.025 0.03203125
0 0.43671875 0.696875 0.028125 0.03203125
0 0.35390625 0.65 0.03359375 0.0359375
0 0.25625 0.71484375 0.0265625 0.02734375
0 0.22734375 0.72890625 0.0296875 0.03828125
0 0.1984375 0.69765625 0.03046875 0.03125
0 0.13359375 0.66953125 0.03828125 0.0296875
0 0.18203125 0.66171875 0.0296875 0.03046875
0 0.07421875 0.6171875 0.03828125 0.02890625
0 0.0671875 0.578125 0.021875 0.0296875
0 0.13515625 0.62265625 0.0296875 0.03046875
0 0.25546875 0.52890625 0.0265625 0.03125
0 0.2125 0.6171875 0.02265625 0.0328125
0 0.303125 0.590625 0.0234375 0.02734375
0 0.43046875 0.5890625 0.0265625 0.03125
0 0.43359375 0.659375 0.03125 0.03046875
0 0.49765625 0.66171875 0.0234375 0.0328125
0 0.47734375 0.6390625 0.01875 0.03671875
0 0.61015625 0.58203125 0.02734375 0.028125
0 0.65078125 0.56640625 0.0265625 0.0328125
0 0.60703125 0.54296875 0.02265625 0.028125
0 0.65546875 0.65859375 0.03125 0.03828125
0 0.69765625 0.66171875 0.021875 0.03203125
0 0.70546875 0.62890625 0.03359375 0.03203125
0 0.6953125 0.59375 0.034375 0.03828125
0 0.7078125 0.521875 0.0390625 0.03984375
0 0.8796875 0.82109375 0.03203125 0.03515625
0 0.87734375 0.78828125 0.04140625 0.03125
0 0.5953125 0.78125 0.03125 0.05234375
0 0.5828125 0.53984375 0.02890625 0.028125
0 0.15546875 0.5734375 0.034375 0.02734375
0 0.1109375 0.56015625 0.03671875 0.03515625
0 0.6390625 0.49921875 0.03203125 0.0265625
0 0.58515625 0.46953125 0.01953125 0.03125
0 0.61328125 0.45390625 0.02421875 0.03828125
0 0.5296875 0.46640625 0.02421875 0.028125
0 0.5234375 0.5203125 0.01796875 0.02734375
0 0.43515625 0.47265625 0.01953125 0.03046875
0 0.92734375 0.60703125 0.028125 0.02890625
0 0.8515625 0.525 0.02578125 0.03359375
0 0.91796875 0.71875 0.03046875 0.03515625
0 0.80703125 0.68359375 0.02265625 0.03203125
0 0.76484375 0.67890625 0.0203125 0.0234375
0 0.72890625 0.6859375 0.0203125 0.0328125
0 0.57421875 0.60703125 0.0203125 0.028125
0 0.6875 0.46640625 0.0265625 0.02421875
0 0.22734375 0.45859375 0.02421875 0.028125
0 0.22734375 0.4265625 0.02265625 0.02265625
0 0.17265625 0.53125 0.02734375 0.0328125
0 0.04765625 0.5359375 0.034375 0.03046875