0 0.096875 0.85390625 0.05703125 0.0625
0 0.525 0.59921875 0.0453125 0.065625
0 0.63125 0.73671875 0.04296875 0.0609375
0 0.4421875 0.8578125 0.0515625 0.0671875
0 0.534375 0.8296875 0.0546875 0.0578125
0 0.82890625 0.896875 0.0453125 0.071875
0 0.353125 0.86875 0.04140625 0.05
0 0.1640625 0.95859375 0.0390625 0.05625
0 0.909375 0.95703125 0.05390625 0.0734375
0 0.95 0.7296875 0.04765625 0.05
0 0.33359375 0.6984375 0.034375 0.0484375
0 0.79765625 0.71015625 0.0453125 0.05703125
0 0.2796875 0.90625 0.03828125 0.06171875
0 0.446875 0.765625 0.04453125 0.05703125
0 0.2515625 0.75 0.034375 0.04453125
0 0.47890625 0.97109375 0.05078125 0.0578125
0 0.25859375 0.5609375 0.025 0.03125
0 0.43828125 0.6640625 0.03671875 0.04765625
0 0.9140625 0.81484375 0.03359375 0.04609375
0 0.72890625 0.8484375 0.03125 0.0359375
0 0.71875 0.7859375 0.05390625 0.0640625
0 0.2546875 0.69921875 0.0421875 0.04921875
0 0.575 0.56484375 0.0265625 0.034375
0 0.37890625 0.659375 0.02265625 0.03203125
0 0.20859375 0.81796875 0.0421875 0.05546875
0 0.78515625 0.63046875 0.02890625 0.04140625
0 0.328125 0.5796875 0.0359375 0.034375
0 0.1234375 0.790625 0.03515625 0.04296875
0 0.67578125 0.59765625 0.03203125 0.0375
0 0.653125 0.853125 0.04375 0.06328125
0 0.76171875 0.51015625 0.02890625 0.03046875
0 0.78125 0.78671875 0.03828125 0.04921875
0 0.08359375 0.74921875 0.04140625 0.05078125
0 0.7515625 0.61796875 0.03125 0.0375
0 0.80078125 0.4765625 0.03046875 0.03203125
0 0.28828125 0.6234375 0.03984375 0.03984375
0 0.10234375 0.6375 0.03828125 0.03515625
0 0.72109375 0.5078125 0.02578125 0.0328125
0 0.5625 0.42578125 0.02734375 0.02734375
0 0.3203125 0.49453125 0.02109375 0.0265625
0 0.1421875 0.66484375 0.0234375 0.0296875
0 0.32890625 0.84140625 0.0390625 0.04296875
0 0.0171875 0.92109375 0.03359375 0.05
0 0.91015625 0.59765625 0.03359375 0.0296875
0 0.7390625 0.57421875 0.0296875 0.02890625
0 0.5796875 0.59765625 0.02578125 0.03046875
0 0.89375 0.73515625 0.0390625 0.04765625
0 0.19296875 0.8703125 0.034375 0.04140625
0 0.51328125 0.44609375 0.0234375 0.02734375
0 0.3890625 0.52421875 0.0234375 0.02890625
0 0.7140625 0.46015625 0.0265625 0.02890625
0 0.9140625 0.4921875 0.034375 0.03203125
0 0.340625 0.54375 0.03046875 0.02734375
0 0.5953125 0.69140625 0.03359375 0.0421875
0 0.7921875 0.40234375 0.0234375 0.03046875
0 0.48046875 0.46328125 0.02578125 0.025
0 0.65234375 0.46015625 0.025 0.03125
0 0.43828125 0.45546875 0.02421875 0.02734375
0 0.36953125 0.4 0.021875 0.0265625
0 0.93359375 0.53203125 0.03203125 0.03515625
0 0.56328125 0.4625 0.02578125 0.028125
0 0.8625 0.52265625 0.03671875 0.03671875
0 0.84765625 0.70703125 0.03125 0.04453125
0 0.425 0.49609375 0.02890625 0.02421875
0 0.61640625 0.49765625 0.0234375 0.02734375
0 0.4796875 0.440625 0.02578125 0.025
0 0.83984375 0.55 0.0296875 0.0359375
0 0.19765625 0.55390625 0.0171875 0.021875
0 0.76796875 0.725 0.02421875 0.03671875
0 0.1484375 0.59140625 0.02734375 0.0328125
0 0.52109375 0.41953125 0.025 0.02421875
0 0.028125 0.6828125 0.02734375 0.03046875
0 0.02421875 0.55390625 0.0390625 0.03515625
0 0.6 0.41484375 0.02421875 0.028125
0 0.690625 0.8859375 0.01640625 0.034375
0 0.48828125 0.41953125 0.0234375 0.025
0 0.740625 0.46796875 0.0234375 0.02578125
0 0.7828125 0.43671875 0.01953125 0.021875
0 0.20625 0.56953125 0.0171875 0.01875
0 0.36328125 0.51953125 0.0234375 0.02578125
0 0.66640625 0.421875 0.02578125 0.02890625
0 0.45234375 0.425 0.021875 0.02265625
0 0.73671875 0.36640625 0.021875 0.02421875
0 0.59140625 0.9828125 0.0453125 0.034375
0 0.54375 0.46640625 0.01953125 0.028125
0 0.0265625 0.61640625 0.03203125 0.034375
0 0.7078125 0.41796875 0.02265625 0.025
0 0.95234375 0.471875 0.03203125 0.02890625
0 0.18515625 0.53515625 0.0203125 0.0234375
0 0.115625 0.58515625 0.02734375 0.03046875
0 0.60703125 0.52421875 0.03203125 0.03125
0 0.83671875 0.41953125 0.02265625 0.02890625
0 0.60625 0.47890625 0.021875 0.025
0 0.7875 0.940625 0.04453125 0.0515625
0 0.89921875 0.4453125 0.0375 0.0328125
0 0.153125 0.53046875 0.02578125 0.025
0 0.50078125 0.76875 0.0328125 0.03203125
0 0.39609375 0.4453125 0.02734375 0.0265625
0 0.8578125 0.44375 0.02421875 0.0265625
0 0.509375 0.37734375 0.0203125 0.02109375
0 0.25703125 0.509375 0.01796875 0.025
0 0.09296875 0.509375 0.02578125 0.02734375
0 0.70234375 0.33515625 0.02265625 0.02265625
0 0.38828125 0.58984375 0.02578125 0.0265625
0 0.50703125 0.5140625 0.0296875 0.02890625
0 0.9546875 0.4375 0.02734375 0.0265625
0 0.77265625 0.884375 0.021875 0.0359375
0 0.9953125 0.728125 0.00859375 0.03828125
0 0.89609375 0.55703125 0.0375 0.03359375
0 0.6671875 0.3234375 0.02109375 0.021875
0 0.75078125 0.96875 0.03046875 0.0484375
0 0.3 0.4875 0.01953125 0.025
0 0.18125 0.6328125 0.02265625 0.03203125
0 0.0671875 0.678125 0.0234375 0.03203125
0 0.98828125 0.55078125 0.02265625 0.040625
0 0.74765625 0.34296875 0.0234375 0.021875
0 0.98203125 0.6546875 0.0359375 0.040625
0 0.04140625 0.95546875 0.02734375 0.04296875
0 0.0859375 0.56484375 0.028125 0.0265625
0 0.71484375 0.703125 0.02109375 0.03046875
0 0.85859375 0.790625 0.04765625 0.05078125
0 0.93203125 0.7828125 0.03125 0.0453125
0 0.021875 0.86953125 0.03359375 0.0390625
0 0.21015625 0.6078125 0.0296875 0.0265625
0 0.23125 0.63203125 0.028125 0.02734375
0 0.04609375 0.63828125 0.02578125 0.025
0 0.0546875 0.5421875 0.021875 0.01796875
0 0.07578125 0.5515625 0.0390625 0.028125
0 0.1578125 0.609375 0.02265625 0.025
0 0.178125 0.60390625 0.01484375 0.0109375
0 0.3515625 0.62109375 0.01953125 0.01484375
0 0.4140625 0.728125 0.040625 0.03203125
0 0.3515625 0.7703125 0.0234375 0.02578125
0 0.61171875 0.60859375 0.025 0.02734375
0 0.61875 0.4359375 0.025 0.02578125
0 0.6015625 0.4484375 0.01328125 0.01328125
0 0.8796875 0.34140625 0.0203125 0.01796875
0 0.9109375 0.340625 0.0265625 0.0140625
0 0.96875 0.590625 0.028125 0.02890625
0 0.8171875 0.58046875 0.02109375 0.01953125
0 0.77265625 0.54296875 0.02265625 0.01875
0 0.12421875 0.50859375 0.03046875 0.02578125
0 0.11875 0.5421875 0.02265625 0.0203125
0 0.13828125 0.44296875 0.03046875 0.021875
0 0.09453125 0.4515625 0.03125 0.02109375
0 0.20546875 0.45 0.0203125 0.0203125
0 0.18515625 0.43984375 0.0265625 0.0171875
0 0.84609375 0.5984375 0.02734375 0.03359375