0 0.503125 0.94609375 0.04609375 0.05859375
0 0.14375 0.8765625 0.04453125 0.05625
0 0.32109375 0.96328125 0.04609375 0.065625
0 0.80625 0.6 0.034375 0.034375
0 0.415625 0.76640625 0.04375 0.08359375
0 0.79140625 0.77578125 0.03515625 0.0359375
0 0.565625 0.775 0.03359375 0.04609375
0 0.984375 0.8046875 0.03125 0.06328125
0 0.6375 0.80078125 0.034375 0.04296875
0 0.32890625 0.840625 0.03671875 0.05703125
0 0.29609375 0.5234375 0.0234375 0.02890625
0 0.70859375 0.6296875 0.03359375 0.03671875
0 0.22265625 0.8765625 0.03671875 0.05859375
0 0.928125 0.6625 0.03203125 0.03515625
0 0.35390625 0.59921875 0.02421875 0.02890625
0 0.475 0.8765625 0.03671875 0.05078125
0 0.23125 0.73671875 0.03984375 0.03984375
0 0.18984375 0.78515625 0.0421875 0.05078125
0 0.81171875 0.94140625 0.03984375 0.0609375
0 0.85390625 0.58828125 0.0296875 0.03046875
0 0.66875 0.8171875 0.03046875 0.05390625
0 0.875 0.965625 0.04921875 0.0625
0 0.659375 0.67265625 0.0296875 0.03671875
0 0.55859375 0.61171875 0.02578125 0.0328125
0 0.7609375 0.69453125 0.0390625 0.04140625
0 0.70390625 0.54609375 0.02734375 0.0328125
0 0.63046875 0.75 0.0296875 0.03203125
0 0.66796875 0.90859375 0.0421875 0.0609375
0 0.63984375 0.92890625 0.02890625 0.04375
0 0.27265625 0.834375 0.02578125 0.03671875
0 0.1375 0.940625 0.03359375 0.0453125
0 0.39296875 0.61015625 0.02734375 0.02890625
0 0.7609375 0.94453125 0.03359375 0.05078125
0 0.41015625 0.55078125 0.02421875 0.02734375
0 0.6203125 0.6671875 0.02890625 0.0375
0 0.43125 0.5859375 0.02421875 0.028125
0 0.62109375 0.6140625 0.0265625 0.03046875
0 0.30625 0.6703125 0.025 0.03203125
0 0.9640625 0.66015625 0.0390625 0.03828125
0 0.82734375 0.70234375 0.0296875 0.03828125
0 0.81328125 0.65390625 0.0328125 0.03359375
0 0.84765625 0.63203125 0.03125 0.03125
0 0.41875 0.6703125 0.02890625 0.0328125
0 0.5765625 0.559375 0.028125 0.03125
0 0.746875 0.5625 0.0265625 0.03046875
0 0.1671875 0.7109375 0.02890625 0.034375
0 0.7671875 0.59453125 0.02421875 0.02578125
0 0.4765625 0.73125 0.02734375 0.0421875
0 0.23515625 0.6328125 0.02265625 0.02890625
0 0.6203125 0.55703125 0.025 0.02890625
0 0.33671875 0.64375 0.02734375 0.0265625
0 0.6625 0.49609375 0.02421875 0.02734375
0 0.92578125 0.909375 0.04453125 0.04375
0 0.375 0.96796875 0.03203125 0.04375
0 0.4796875 0.5640625 0.02734375 0.02734375
0 0.253125 0.69375 0.03046875 0.03125
0 0.71640625 0.90859375 0.03125 0.04609375
0 0.5140625 0.5515625 0.025 0.0296875
0 0.440625 0.5546875 0.025 0.02734375
0 0.7296875 0.47890625 0.02421875 0.02578125
0 0.39375 0.57578125 0.028125 0.02890625
0 0.871875 0.7265625 0.03125 0.0390625
0 0.9375 0.77578125 0.03984375 0.04921875
0 0.47265625 0.76953125 0.02578125 0.03515625
0 0.453125 0.615625 0.0234375 0.0328125
0 0.47265625 0.6125 0.025 0.02890625
0 0.73125 0.71953125 0.0296875 0.040625
0 0.65234375 0.62109375 0.02421875 0.0296875
0 0.6953125 0.5828125 0.01875 0.02109375
0 0.5109375 0.67734375 0.03203125 0.03359375
0 0.31953125 0.5796875 0.03046875 0.02890625
0 0.63984375 0.503125 0.02109375 0.0234375
0 0.8546875 0.85078125 0.04765625 0.04296875
0 0.275 0.66640625 0.025 0.03046875
0 0.25234375 0.784375 0.0265625 0.028125
0 0.11640625 0.71953125 0.0203125 0.0234375
0 0.63125 0.459375 0.02265625 0.02578125
0 0.11171875 0.7 0.01796875 0.0234375
0 0.596875 0.44140625 0.02421875 0.0265625
0 0.2953125 0.75546875 0.025 0.03125
0 0.7984375 0.471875 0.021875 0.02421875
0 0.5125 0.62734375 0.02421875 0.02734375
0 0.50546875 0.45078125 0.01875 0.02109375
0 0.628125 0.61875 0.025 0.03046875
0 0.821875 0.453125 0.028125 0.025
0 0.93671875 0.53125 0.02578125 0.02578125
0 0.465625 0.43359375 0.02265625 0.021875
0 0.78359375 0.73203125 0.03515625 0.034375
0 0.31328125 0.5890625 0.03046875 0.02890625
0 0.25390625 0.5046875 0.02109375 0.0234375
0 0.37578125 0.55703125 0.021875 0.025
0 0.57421875 0.98125 0.04609375 0.03671875
0 0.52109375 0.653125 0.02421875 0.02890625
0 0.38046875 0.959375 0.03203125 0.04296875
0 0.0109375 0.7953125 0.02109375 0.0375
0 0.47734375 0.5734375 0.028125 0.02734375