0 0.66328125 0.8203125 0.0484375 0.053125
0 0.6546875 0.53671875 0.02734375 0.03046875
0 0.3453125 0.7890625 0.0328125 0.05078125
0 0.409375 0.84296875 0.0359375 0.046875
0 0.18046875 0.56171875 0.03046875 0.02890625
0 0.30625 0.94296875 0.04765625 0.06796875
0 0.446875 0.8640625 0.03671875 0.05859375
0 0.73046875 0.7140625 0.0375 0.03828125
0 0.62734375 0.59140625 0.02734375 0.03359375
0 0.2609375 0.64296875 0.03125 0.0328125
0 0.7015625 0.91953125 0.0484375 0.07421875
0 0.81953125 0.89296875 0.0359375 0.04765625
0 0.81796875 0.75078125 0.0375 0.05
0 0.8359375 0.84140625 0.0296875 0.05078125
0 0.75859375 0.834375 0.034375 0.0484375
0 0.5109375 0.8015625 0.0328125 0.0390625
0 0.846875 0.609375 0.03203125 0.03203125
0 0.27421875 0.71640625 0.03828125 0.04296875
0 0.1875 0.721875 0.0234375 0.02890625
0 0.43046875 0.50546875 0.02421875 0.0234375
0 0.79375 0.6078125 0.0234375 0.03046875
0 0.72890625 0.78671875 0.0296875 0.0421875
0 0.1859375 0.65859375 0.0296875 0.03046875
0 0.41171875 0.76171875 0.04140625 0.05078125
0 0.38203125 0.7109375 0.02890625 0.04296875
0 0.50859375 0.61640625 0.01875 0.02265625
0 0.58671875 0.83515625 0.03203125 0.04140625
0 0.07890625 0.8375 0.0390625 0.04921875
0 0.56640625 0.51015625 0.025 0.0296875
0 0.18359375 0.79765625 0.02890625 0.03359375
0 0.98359375 0.85390625 0.03203125 0.05
0 0.11171875 0.91328125 0.0515625 0.06640625
0 0.5046875 0.72890625 0.02890625 0.0390625
0 0.7546875 0.61875 0.021875 0.02890625
0 0.46328125 0.67265625 0.0296875 0.03828125
0 0.578125 0.8015625 0.028125 0.034375
0 0.90859375 0.753125 0.0390625 0.05703125
0 0.1921875 0.9375 0.04609375 0.0765625
0 0.94921875 0.909375 0.0453125 0.05703125
0 0.1015625 0.7203125 0.028125 0.0328125
0 0.29765625 0.8203125 0.0296875 0.046875
0 0.68984375 0.525 0.02734375 0.03046875
0 0.77421875 0.90703125 0.04296875 0.06640625
0 0.24296875 0.571875 0.0234375 0.0328125
0 0.38828125 0.4234375 0.01875 0.02109375
0 0.1078125 0.4515625 0.0234375 0.02265625
0 0.23359375 0.78046875 0.03515625 0.04296875
0 0.48359375 0.62265625 0.01953125 0.028125
0 0.71953125 0.6640625 0.025 0.0328125
0 0.596875 0.6 0.0265625 0.0265625
0 0.325 0.69921875 0.034375 0.04140625
0 0.8703125 0.4375 0.0203125 0.025
0 0.30625 0.74609375 0.028125 0.03515625
0 0.85703125 0.74765625 0.02578125 0.0390625
0 0.79140625 0.78515625 0.03515625 0.0515625
0 0.45546875 0.74453125 0.02265625 0.034375
0 0.16328125 0.89921875 0.04140625 0.0421875
0 0.2296875 0.8875 0.028125 0.05390625
0 0.91953125 0.62578125 0.0265625 0.0328125
0 0.240625 0.4390625 0.01796875 0.02109375
0 0.59921875 0.4921875 0.02734375 0.02578125
0 0.3078125 0.659375 0.02734375 0.0328125
0 0.7109375 0.55703125 0.03046875 0.03046875
0 0.6828125 0.45703125 0.0234375 0.0234375
0 0.1 0.5640625 0.0328125 0.0265625
0 0.740625 0.4875 0.02109375 0.040625
0 0.8953125 0.58046875 0.02578125 0.0296875
0 0.73984375 0.51875 0.02890625 0.0265625
0 0.21640625 0.5578125 0.0265625 0.02421875
0 0.78125 0.453125 0.0265625 0.02421875
0 0.665625 0.60546875 0.0296875 0.03046875
0 0.3546875 0.47890625 0.01953125 0.02421875
0 0.11953125 0.82421875 0.0296875 0.05078125
0 0.1265625 0.60703125 0.02265625 0.0296875
0 0.38125 0.60078125 0.0203125 0.028125
0 0.38125 0.9796875 0.03046875 0.040625
0 0.490625 0.54921875 0.0234375 0.025
0 0.9453125 0.7890625 0.021875 0.0265625
0 0.45703125 0.79765625 0.02265625 0.0390625
0 0.05390625 0.553125 0.02734375 0.0265625
0 0.39609375 0.57734375 0.01953125 0.02109375
0 0.03203125 0.784375 0.03984375 0.03515625
0 0.28359375 0.46171875 0.01875 0.0203125
0 0.83359375 0.47109375 0.01640625 0.01875
0 0.22890625 0.53515625 0.0265625 0.0296875
0 0.2640625 0.51875 0.021875 0.0265625
0 0.9203125 0.67890625 0.02890625 0.03828125
0 0.32421875 0.46015625 0.0203125 0.02421875
0 0.52734375 0.4921875 0.02578125 0.02265625
0 0.43515625 0.65234375 0.0234375 0.03984375
0 0.571875 0.40859375 0.01796875 0.02578125
0 0.8859375 0.40625 0.0234375 0.02109375
0 0.403125 0.44140625 0.02109375 0.021875
0 0.8296875 0.49296875 0.021875 0.02109375
0 0.8984375 0.5015625 0.02265625 0.02265625
0 0.50625 0.46640625 0.021875 0.01953125
0 0.1828125 0.52109375 0.02421875 0.0296875
0 0.89375 0.3703125 0.02265625 0.02265625
0 0.90625 0.53359375 0.02421875 0.02421875
0 0.7515625 0.65390625 0.02734375 0.0265625
0 0.4203125 0.54609375 0.01796875 0.0265625
0 0.93125 0.55859375 0.02265625 0.02578125
0 0.6671875 0.478125 0.01953125 0.0203125
0 0.0125 0.59140625 0.02421875 0.03671875
0 0.4625 0.44765625 0.01875 0.021875
0 0.78046875 0.53984375 0.028125 0.0265625
0 0.09453125 0.5328125 0.025 0.03125
0 0.32421875 0.590625 0.0234375 0.0296875
0 0.80546875 0.49921875 0.01953125 0.02109375
0 0.134375 0.47265625 0.01796875 0.02734375
0 0.01171875 0.54296875 0.0234375 0.028125
0 0.9359375 0.48828125 0.02421875 0.021875
0 0.01171875 0.68671875 0.0234375 0.03125
0 0.28125 0.43671875 0.01484375 0.01640625
0 0.12890625 0.77109375 0.0265625 0.0375
0 0.96953125 0.66875 0.03203125 0.0421875
0 0.8046875 0.70078125 0.02265625 0.03359375
0 0.50234375 0.63828125 0.01640625 0.0203125
0 0.94609375 0.63359375 0.0171875 0.02265625
0 0.6765625 0.625 0.0171875 0.02109375
0 0.66796875 0.98671875 0.0265625 0.02578125
0 0.03046875 0.73828125 0.053125 0.0453125
0 0.39375 0.621875 0.02109375 0.028125
0 0.74375 0.3515625 0.01875 0.0203125
0 0.99140625 0.75 0.01640625 0.04765625
0 0.5203125 0.51796875 0.02109375 0.02578125
0 0.1984375 0.8765625 0.03671875 0.0453125
0 0.7 0.4421875 0.0171875 0.01640625
0 0.69453125 0.4859375 0.021875 0.025
0 0.41875 0.6984375 0.0421875 0.04296875
0 0.14375 0.5125 0.01484375 0.025
0 0.1578125 0.525 0.01875 0.02578125