0 0.05703125 0.95234375 0.0578125 0.0953125
0 0.0453125 0.8734375 0.04375 0.06640625
0 0.11796875 0.8421875 0.04140625 0.05
0 0.115625 0.78046875 0.034375 0.06328125
0 0.0484375 0.775 0.04140625 0.06015625
0 0.04921875 0.7171875 0.021875 0.0609375
0 0.103125 0.6921875 0.0375 0.06171875
0 0.15703125 0.7375 0.04375 0.0328125
0 0.15234375 0.70390625 0.03671875 0.04453125
0 0.140625 0.6625 0.0203125 0.040625
0 0.2125 0.771875 0.03125 0.0546875
0 0.265625 0.6890625 0.03359375 0.04765625
0 0.26875 0.63984375 0.0375 0.03828125
0 0.190625 0.88125 0.01953125 0.0703125
0 0.16953125 0.8375 0.0296875 0.04453125
0 0.15 0.965625 0.03828125 0.06875
0 0.21953125 0.946875 0.03828125 0.05234375
0 0.25546875 0.9140625 0.025 0.03828125
0 0.3 0.94453125 0.04921875 0.06171875
0 0.35859375 0.86875 0.0265625 0.03671875
0 0.36875 0.82578125 0.0421875 0.0453125
0 0.37421875 0.9296875 0.0328125 0.05
0 0.40859375 0.9796875 0.0515625 0.040625
0 0.46796875 0.9015625 0.03671875 0.04765625
0 0.46875 0.8390625 0.03203125 0.046875
0 0.51953125 0.86328125 0.03828125 0.0453125
0 0.54140625 0.84296875 0.028125 0.06796875
0 0.51796875 0.81953125 0.02578125 0.05546875
0 0.5484375 0.97578125 0.046875 0.04765625
0 0.584375 0.8609375 0.0203125 0.053125
0 0.6296875 0.7703125 0.03203125 0.0515625
0 0.465625 0.734375 0.03359375 0.05234375
0 0.40625 0.7546875 0.03046875 0.03046875
0 0.40625 0.725 0.03828125 0.03359375
0 0.36484375 0.75078125 0.034375 0.03515625
0 0.39609375 0.821875 0.021875 0.02890625
0 0.315625 0.73671875 0.0296875 0.0359375
0 0.28046875 0.7890625 0.040625 0.05234375
0 0.2859375 0.73359375 0.03125 0.03828125
0 0.2484375 0.80859375 0.028125 0.04609375
0 0.5765625 0.9484375 0.02578125 0.05078125
0 0.5421875 0.65859375 0.03125 0.02890625
0 0.53359375 0.6171875 0.02890625 0.0296875
0 0.56796875 0.6359375 0.0265625 0.0296875
0 0.48671875 0.640625 0.0265625 0.03125
0 0.46953125 0.5765625 0.0234375 0.0359375
0 0.5015625 0.57890625 0.02265625 0.0234375
0 0.53203125 0.56953125 0.021875 0.034375
0 0.575 0.56953125 0.02890625 0.02734375
0 0.6171875 0.55546875 0.02109375 0.03046875
0 0.6421875 0.67265625 0.028125 0.040625
0 0.315625 0.65078125 0.03828125 0.0390625
0 0.340625 0.60546875 0.03828125 0.040625
0 0.175 0.64609375 0.0296875 0.02890625
0 0.2109375 0.5984375 0.03515625 0.0375
0 0.0359375 0.64765625 0.04140625 0.03125
0 0.10390625 0.63828125 0.0453125 0.04453125
0 0.8046875 0.9671875 0.0390625 0.065625
0 0.86953125 0.98828125 0.040625 0.0234375
0 0.92421875 0.9546875 0.0421875 0.0609375
0 0.9265625 0.8953125 0.02890625 0.046875
0 0.8734375 0.88125 0.01875 0.04609375
0 0.97265625 0.86015625 0.0546875 0.0328125
0 0.96328125 0.8140625 0.05234375 0.06171875
0 0.91328125 0.7796875 0.04296875 0.05703125
0 0.86640625 0.80625 0.0296875 0.02890625
0 0.83515625 0.7828125 0.02578125 0.02578125
0 0.7765625 0.75234375 0.04375 0.040625
0 0.79140625 0.8015625 0.0390625 0.0359375
0 0.75078125 0.78828125 0.03984375 0.03671875
0 0.73359375 0.8421875 0.03984375 0.06015625
0 0.78359375 0.84765625 0.0453125 0.04453125
0 0.66640625 0.83671875 0.0390625 0.0359375
0 0.64609375 0.89140625 0.02890625 0.059375
0 0.6734375 0.79296875 0.0359375 0.03828125
0 0.678125 0.740625 0.03828125 0.05234375
0 0.71640625 0.71015625 0.0375 0.04765625
0 0.6734375 0.6765625 0.0265625 0.0328125
0 0.80390625 0.70390625 0.03515625 0.040625
0 0.828125 0.73671875 0.028125 0.04609375
0 0.7875 0.64765625 0.05 0.05078125
0 0.7359375 0.63515625 0.03515625 0.02890625
0 0.70546875 0.60859375 0.03125 0.0390625
0 0.671875 0.55234375 0.03046875 0.0359375
0 0.6453125 0.56875 0.028125 0.03046875
0 0.61171875 0.6125 0.01796875 0.02890625
0 0.5875 0.75859375 0.0359375 0.03515625
0 0.909375 0.62421875 0.0234375 0.03359375
0 0.87421875 0.63125 0.01953125 0.040625
0 0.8203125 0.6109375 0.02265625 0.021875
0 0.75625 0.56640625 0.0296875 0.03359375
0 0.71875 0.553125 0.03046875 0.0375
0 0.4015625 0.68671875 0.040625 0.04140625
0 0.27421875 0.51875 0.0296875 0.025
0 0.4265625 0.51875 0.02109375 0.0234375
0 0.44921875 0.5140625 0.02421875 0.01875
0 0.26796875 0.5640625 0.0234375 0.02265625
0 0.24140625 0.54765625 0.021875 0.03671875
0 0.2390625 0.50546875 0.02421875 0.0328125
0 0.27109375 0.40078125 0.025 0.025
0 0.35078125 0.44375 0.021875 0.02421875
0 0.41171875 0.49140625 0.0203125 0.025
0 0.35546875 0.48671875 0.02109375 0.02578125
0 0.31875 0.50078125 0.02421875 0.02890625
0 0.21640625 0.4890625 0.01484375 0.0140625
0 0.21484375 0.53046875 0.0234375 0.0265625
0 0.0125 0.52734375 0.02421875 0.03125
0 0.13359375 0.48046875 0.02421875 0.02265625
0 0.16640625 0.58359375 0.0296875 0.02265625
0 0.228125 0.63671875 0.02890625 0.0296875
0 0.19765625 0.68828125 0.03828125 0.0453125
0 0.478125 0.79609375 0.034375 0.02890625
0 0.93203125 0.72890625 0.03984375 0.03671875
0 0.9234375 0.66015625 0.0296875 0.04296875
0 0.96484375 0.64453125 0.03984375 0.05390625
0 0.8265625 0.58046875 0.03359375 0.0375
0 0.78515625 0.5546875 0.0296875 0.0390625
0 0.821875 0.88828125 0.03359375 0.05
0 0.5296875 0.5421875 0.01875 0.02265625
0 0.5859375 0.48046875 0.021875 0.0234375
0 0.55859375 0.53203125 0.01953125 0.0234375
0 0.62265625 0.5 0.021875 0.03359375
0 0.65625 0.4921875 0.0171875 0.0359375
0 0.559375 0.43203125 0.01875 0.02578125
0 0.38125 0.61171875 0.02421875 0.025
0 0.18125 0.6046875 0.015625 0.01640625