0 0.6140625 0.90859375 0.03046875 0.04765625
0 0.54296875 0.709375 0.03515625 0.03515625
0 0.25625 0.91640625 0.034375 0.046875
0 0.89140625 0.7765625 0.034375 0.03828125
0 0.63046875 0.64453125 0.0265625 0.02578125
0 0.6296875 0.86875 0.0296875 0.040625
0 0.76640625 0.84609375 0.03515625 0.04609375
0 0.8546875 0.8484375 0.0359375 0.04921875
0 0.43515625 0.74609375 0.03515625 0.03828125
0 0.7765625 0.81484375 0.0265625 0.034375
0 0.06875 0.69609375 0.034375 0.03515625
0 0.66796875 0.771875 0.03125 0.03359375
0 0.45859375 0.6484375 0.02421875 0.03203125
0 0.80078125 0.76328125 0.03203125 0.03828125
0 0.63828125 0.7796875 0.02890625 0.03125
0 0.89609375 0.909375 0.03671875 0.06328125
0 0.10859375 0.90703125 0.053125 0.0796875
0 0.56953125 0.74453125 0.03515625 0.03125
0 0.234375 0.66953125 0.0265625 0.03046875
0 0.21484375 0.725 0.025 0.03046875
0 0.371875 0.6625 0.02265625 0.03203125
0 0.3765625 0.79296875 0.02734375 0.0359375
0 0.13671875 0.72421875 0.03125 0.03359375
0 0.734375 0.68828125 0.03203125 0.03671875
0 0.5328125 0.825 0.0296875 0.0390625
0 0.40234375 0.603125 0.02109375 0.025
0 0.3390625 0.78828125 0.0328125 0.03984375
0 0.86328125 0.64921875 0.03125 0.03203125
0 0.46484375 0.81796875 0.03984375 0.04921875
0 0.7578125 0.9671875 0.034375 0.04296875
0 0.86015625 0.934375 0.040625 0.05234375
0 0.31796875 0.93671875 0.034375 0.0453125
0 0.7734375 0.90703125 0.0265625 0.03828125
0 0.2 0.6609375 0.02421875 0.0265625
0 0.4328125 0.59453125 0.02421875 0.02890625
0 0.8265625 0.73828125 0.02890625 0.0375
0 0.52734375 0.77421875 0.03515625 0.04296875
0 0.69765625 0.83203125 0.0328125 0.04921875
0 0.6828125 0.625 0.02265625 0.02421875
0 0.2984375 0.72890625 0.02734375 0.0375
0 0.73203125 0.73515625 0.025 0.03515625
0 0.06796875 0.7640625 0.03203125 0.034375
0 0.43671875 0.69453125 0.01875 0.0203125
0 0.86484375 0.7140625 0.03203125 0.03671875
0 0.4953125 0.66875 0.0234375 0.0328125
0 0.73125 0.82421875 0.028125 0.03828125
0 0.76640625 0.66875 0.0265625 0.03671875
0 0.57265625 0.5625 0.0203125 0.025
0 0.590625 0.69375 0.02421875 0.0265625
0 0.6453125 0.94296875 0.03515625 0.05703125
0 0.17734375 0.86328125 0.03671875 0.0484375
0 0.2296875 0.80546875 0.03203125 0.03515625
0 0.47421875 0.91796875 0.03671875 0.0375
0 0.340625 0.95625 0.03125 0.05859375
0 0.48359375 0.865625 0.03125 0.03515625
0 0.5046875 0.57109375 0.0234375 0.0234375
0 0.60078125 0.540625 0.0265625 0.0265625
0 0.478125 0.53984375 0.01953125 0.02578125
0 0.93359375 0.79140625 0.0328125 0.03515625
0 0.5640625 0.86015625 0.03125 0.03984375
0 0.4078125 0.55 0.0234375 0.02578125
0 0.37890625 0.74140625 0.0265625 0.034375
0 0.94453125 0.95390625 0.03359375 0.04375
0 0.35546875 0.72734375 0.02578125 0.03203125
0 0.17109375 0.65703125 0.021875 0.028125
0 0.1359375 0.7953125 0.028125 0.034375
0 0.76171875 0.51328125 0.02265625 0.02109375
0 0.24453125 0.775 0.0296875 0.028125
0 0.921875 0.69453125 0.02890625 0.034375
0 0.95234375 0.73984375 0.03125 0.02578125
0 0.63984375 0.56953125 0.021875 0.025
0 0.24453125 0.746875 0.02578125 0.02734375
0 0.55 0.60234375 0.01796875 0.03125
0 0.16796875 0.90390625 0.02578125 0.040625
0 0.26953125 0.65859375 0.025 0.03125
0 0.065625 0.625 0.02890625 0.03046875
0 0.4328125 0.84765625 0.0296875 0.053125
0 0.13125 0.66328125 0.02421875 0.028125
0 0.3265625 0.884375 0.02578125 0.03125
0 0.81484375 0.6765625 0.021875 0.034375
0 0.28046875 0.56640625 0.021875 0.028125
0 0.77734375 0.71015625 0.02734375 0.0265625
0 0.66953125 0.97734375 0.03203125 0.04375
0 0.1921875 0.7296875 0.025 0.0296875
0 0.3546875 0.6 0.0234375 0.028125
0 0.45703125 0.44765625 0.02109375 0.021875
0 0.21015625 0.60078125 0.0234375 0.02734375
0 0.103125 0.71015625 0.02265625 0.03203125
0 0.18828125 0.92734375 0.02578125 0.03828125
0 0.70234375 0.75234375 0.01875 0.02734375
0 0.14765625 0.6859375 0.034375 0.03203125
0 0.453125 0.55859375 0.02265625 0.0234375
0 0.3453125 0.5578125 0.0203125 0.025
0 0.17890625 0.69921875 0.0265625 0.02890625
0 0.5046875 0.70546875 0.02265625 0.02421875
0 0.7125 0.98984375 0.034375 0.01953125
0 0.60234375 0.56015625 0.02109375 0.021875
0 0.96171875 0.5796875 0.02734375 0.02421875
0 0.378125 0.57734375 0.021875 0.0234375
0 0.85234375 0.609375 0.01875 0.0203125
0 0.93359375 0.58828125 0.021875 0.0234375
0 0.97578125 0.91875 0.0328125 0.0453125
0 0.51171875 0.48203125 0.021875 0.0234375
0 0.83203125 0.55 0.02109375 0.02265625
0 0.26171875 0.5171875 0.02109375 0.02421875
0 0.44921875 0.5234375 0.02109375 0.02265625
0 0.76875 0.59140625 0.02109375 0.02734375
0 0.909375 0.73828125 0.02421875 0.02890625
0 0.48046875 0.4859375 0.01875 0.0234375
0 0.33203125 0.54765625 0.01796875 0.02265625
0 0.66484375 0.69296875 0.021875 0.0265625
0 0.23828125 0.47734375 0.02109375 0.0234375
0 0.57890625 0.9734375 0.02109375 0.0390625
0 0.734375 0.64140625 0.02578125 0.0265625
0 0.3234375 0.66875 0.02734375 0.03203125
0 0.44453125 0.46640625 0.0203125 0.02109375
0 0.24609375 0.6296875 0.02109375 0.0265625
0 0.9828125 0.53046875 0.0296875 0.02421875
0 0.87578125 0.51484375 0.0265625 0.02578125
0 0.2578125 0.7 0.0203125 0.02421875
0 0.31953125 0.46328125 0.01796875 0.02265625
0 0.8734375 0.6015625 0.01640625 0.0203125
0 0.953125 0.53515625 0.02734375 0.02578125