0 0.05859375 0.93359375 0.0421875 0.06640625
0 0.0171875 0.89921875 0.02734375 0.06875
0 0.065625 0.8328125 0.05546875 0.0640625
0 0.05390625 0.78359375 0.04609375 0.071875
0 0.11640625 0.7609375 0.04140625 0.05546875
0 0.159375 0.859375 0.046875 0.0859375
0 0.22421875 0.8953125 0.0203125 0.075
0 0.225 0.840625 0.04140625 0.0546875
0 0.2484375 0.81953125 0.02421875 0.0453125
0 0.28828125 0.846875 0.03203125 0.071875
0 0.315625 0.9625 0.0546875 0.07265625
0 0.25078125 0.95859375 0.0296875 0.0625
0 0.39375 0.96953125 0.04140625 0.06015625
0 0.3953125 0.890625 0.04921875 0.05625
0 0.3640625 0.825 0.03203125 0.05
0 0.3484375 0.790625 0.02265625 0.0453125
0 0.36171875 0.7390625 0.05703125 0.04609375
0 0.25234375 0.73203125 0.01796875 0.0390625
0 0.19453125 0.796875 0.02734375 0.05
0 0.17109375 0.75234375 0.04609375 0.0453125
0 0.1234375 0.69765625 0.04140625 0.053125
0 0.05390625 0.7 0.0484375 0.05390625
0 0.05078125 0.64296875 0.02734375 0.03203125
0 0.10078125 0.63203125 0.04375 0.0515625
0 0.10546875 0.57265625 0.03984375 0.0296875
0 0.03203125 0.58984375 0.034375 0.0390625
0 0.14609375 0.6421875 0.04765625 0.040625
0 0.1375 0.61171875 0.03359375 0.046875
0 0.19296875 0.62890625 0.0390625 0.0421875
0 0.16875 0.59375 0.0359375 0.05
0 0.20859375 0.54609375 0.03203125 0.04375
0 0.17890625 0.55 0.02109375 0.03046875
0 0.21796875 0.5859375 0.0328125 0.03046875
0 0.25625 0.628125 0.034375 0.0390625
0 0.2546875 0.5875 0.04375 0.03125
0 0.20390625 0.70546875 0.03515625 0.046875
0 0.30703125 0.66328125 0.025 0.03046875
0 0.28359375 0.65390625 0.02734375 0.05234375
0 0.4734375 0.934375 0.065625 0.084375
0 0.52734375 0.8765625 0.0296875 0.04609375
0 0.55546875 0.92890625 0.04375 0.05625
0 0.546875 0.84296875 0.028125 0.0359375
0 0.52109375 0.76328125 0.025 0.04609375
0 0.49765625 0.725 0.0234375 0.0390625
0 0.45078125 0.80390625 0.0484375 0.05390625
0 0.44765625 0.7625 0.0421875 0.04296875
0 0.446875 0.6703125 0.03828125 0.04296875
0 0.353125 0.67578125 0.0296875 0.0375
0 0.55234375 0.76796875 0.0390625 0.04921875
0 0.5640625 0.6875 0.03203125 0.06171875
0 0.54609375 0.58828125 0.03046875 0.04765625
0 0.51171875 0.56015625 0.0328125 0.04296875
0 0.45234375 0.52734375 0.028125 0.053125
0 0.4703125 0.58515625 0.0234375 0.03515625
0 0.328125 0.55546875 0.03828125 0.03671875
0 0.30625 0.58515625 0.02421875 0.03515625
0 0.3734375 0.6296875 0.0390625 0.0484375
0 0.39375 0.66484375 0.02421875 0.04375
0 0.2296875 0.5015625 0.0265625 0.02890625
0 0.2640625 0.47578125 0.0265625 0.03359375
0 0.30703125 0.46015625 0.0265625 0.0328125
0 0.3375 0.44765625 0.03046875 0.0359375
0 0.36171875 0.47734375 0.034375 0.0359375
0 0.41015625 0.47421875 0.02265625 0.0359375
0 0.3953125 0.4546875 0.01953125 0.03515625
0 0.384375 0.42421875 0.02890625 0.0359375
0 0.3390625 0.40859375 0.02421875 0.02421875
0 0.2609375 0.3703125 0.02734375 0.0234375
0 0.24765625 0.409375 0.02265625 0.0296875
0 0.21875 0.41640625 0.02890625 0.01875
0 0.228125 0.4640625 0.02734375 0.034375
0 0.20859375 0.4796875 0.01796875 0.03671875
0 0.16171875 0.53046875 0.02734375 0.0421875
0 0.12734375 0.44296875 0.02734375 0.03046875
0 0.10234375 0.49609375 0.0375 0.0359375
0 0.6984375 0.9375 0.02890625 0.06015625
0 0.6296875 0.909375 0.03046875 0.05546875
0 0.60625 0.8328125 0.025 0.04140625
0 0.6125 0.790625 0.02265625 0.05078125
0 0.6328125 0.75 0.0375 0.0390625
0 0.64140625 0.71640625 0.03359375 0.04765625
0 0.6046875 0.68671875 0.028125 0.04453125
0 0.6453125 0.6640625 0.025 0.0453125
0 0.64375 0.61328125 0.021875 0.0359375
0 0.61484375 0.60859375 0.0171875 0.0328125
0 0.60078125 0.578125 0.02890625 0.02890625
0 0.55703125 0.5203125 0.02421875 0.02578125
0 0.51484375 0.52265625 0.0234375 0.02890625
0 0.4859375 0.51875 0.0234375 0.03359375
0 0.50859375 0.4984375 0.01796875 0.02109375
0 0.54609375 0.48359375 0.03515625 0.03203125
0 0.59453125 0.51171875 0.0296875 0.02734375
0 0.61640625 0.5234375 0.025 0.03828125
0 0.64296875 0.50625 0.02890625 0.0484375
0 0.671875 0.5546875 0.0359375 0.03203125
0 0.6921875 0.5796875 0.02890625 0.03203125
0 0.7171875 0.590625 0.025 0.03515625
0 0.68671875 0.640625 0.04140625 0.04453125
0 0.7375 0.6796875 0.03984375 0.0453125
0 0.71015625 0.70703125 0.02890625 0.04375
0 0.74375 0.75546875 0.03515625 0.04765625
0 0.74765625 0.72109375 0.0359375 0.03984375
0 0.69453125 0.753125 0.0390625 0.05
0 0.77734375 0.78671875 0.0203125 0.0359375
0 0.759375 0.85703125 0.0484375 0.06171875
0 0.8171875 0.871875 0.03125 0.040625
0 0.81484375 0.93671875 0.04140625 0.06875
0 0.921875 0.978125 0.0390625 0.04375
0 0.971875 0.98046875 0.0390625 0.0390625
0 0.965625 0.94296875 0.04375 0.059375
0 0.92734375 0.87578125 0.0265625 0.04765625
0 0.959375 0.89375 0.04140625 0.04375
0 0.8890625 0.87734375 0.0296875 0.04140625
0 0.9140625 0.93828125 0.0375 0.04609375
0 0.85234375 0.83359375 0.03828125 0.05703125
0 0.81796875 0.77890625 0.02890625 0.03984375
0 0.8625 0.78515625 0.034375 0.05625
0 0.91015625 0.76171875 0.04296875 0.02890625
0 0.95234375 0.81640625 0.04765625 0.05234375
0 0.9515625 0.728125 0.034375 0.0375
0 0.9015625 0.72109375 0.0421875 0.04765625
0 0.85390625 0.69609375 0.03984375 0.04765625
0 0.81171875 0.71796875 0.0203125 0.02265625
0 0.7890625 0.6609375 0.02421875 0.04140625
0 0.76640625 0.64140625 0.0203125 0.040625
0 0.7515625 0.584375 0.03515625 0.04921875
0 0.8609375 0.61484375 0.040625 0.03828125
0 0.91484375 0.590625 0.02890625 0.0375
0 0.86171875 0.56796875 0.0234375 0.03671875
0 0.828125 0.57578125 0.01953125 0.02890625
0 0.78359375 0.559375 0.01875 0.03671875
0 0.740625 0.5421875 0.01796875 0.0375
0 0.74609375 0.50703125 0.0140625 0.03828125
0 0.72578125 0.51796875 0.0171875 0.034375
0 0.6875 0.50625 0.02734375 0.03671875
0 0.66640625 0.52890625 0.0140625 0.028125
0 0.696875 0.47421875 0.025 0.0359375
0 0.74375 0.4640625 0.0375 0.0359375
0 0.16171875 0.665625 0.03515625 0.03984375
0 0.01484375 0.65859375 0.02890625 0.04609375
0 0.88359375 0.65390625 0.02578125 0.03125