0 0.05703125 0.9484375 0.05 0.06875
0 0.0140625 0.9125 0.028125 0.06953125
0 0.065625 0.853125 0.04765625 0.06640625
0 0.0484375 0.7921875 0.05 0.0703125
0 0.1171875 0.77578125 0.03984375 0.07890625
0 0.12265625 0.7078125 0.03984375 0.0734375
0 0.15625 0.68203125 0.02734375 0.053125
0 0.14765625 0.6515625 0.028125 0.04453125
0 0.13359375 0.61484375 0.02578125 0.05546875
0 0.0984375 0.6375 0.0296875 0.04296875
0 0.05 0.6515625 0.02421875 0.0453125
0 0.0546875 0.70546875 0.05 0.04765625
0 0.01640625 0.66796875 0.0328125 0.05390625
0 0.02734375 0.6015625 0.053125 0.06171875
0 0.10234375 0.5875 0.04375 0.03984375
0 0.16796875 0.5921875 0.03203125 0.0484375
0 0.2046875 0.55703125 0.03203125 0.06328125
0 0.19375 0.64140625 0.02890625 0.0484375
0 0.20546875 0.71328125 0.03671875 0.06328125
0 0.2484375 0.74375 0.03828125 0.03984375
0 0.1734375 0.765625 0.03515625 0.03359375
0 0.19375 0.81328125 0.034375 0.05234375
0 0.15859375 0.87265625 0.046875 0.07421875
0 0.22265625 0.91015625 0.04375 0.07578125
0 0.22109375 0.85234375 0.0390625 0.06015625
0 0.25390625 0.8265625 0.03984375 0.065625
0 0.29296875 0.8609375 0.03515625 0.07265625
0 0.3171875 0.96640625 0.0546875 0.065625
0 0.2515625 0.97109375 0.03125 0.0359375
0 0.3953125 0.896875 0.04375 0.0828125
0 0.36484375 0.84296875 0.04296875 0.0703125
0 0.35390625 0.79609375 0.034375 0.04609375
0 0.3703125 0.75390625 0.04453125 0.03671875
0 0.35078125 0.68125 0.02734375 0.04765625
0 0.30703125 0.68359375 0.01875 0.0609375
0 0.28125 0.66953125 0.0265625 0.0453125
0 0.28046875 0.721875 0.040625 0.0328125
0 0.265625 0.634375 0.03125 0.0578125
0 0.2515625 0.60234375 0.021875 0.0546875
0 0.3046875 0.5984375 0.0421875 0.04140625
0 0.32890625 0.55703125 0.04375 0.0578125
0 0.453125 0.82109375 0.028125 0.03828125
0 0.45390625 0.7671875 0.0296875 0.0546875
0 0.49453125 0.74140625 0.03125 0.04921875
0 0.515625 0.7734375 0.03359375 0.05234375
0 0.52734375 0.89453125 0.03125 0.075
0 0.5578125 0.9328125 0.0390625 0.05859375
0 0.47734375 0.9515625 0.05078125 0.09453125
0 0.23203125 0.509375 0.0234375 0.02890625
0 0.2078125 0.48984375 0.025 0.0296875
0 0.178125 0.55625 0.015625 0.0265625
0 0.26640625 0.478125 0.025 0.02578125
0 0.30390625 0.47265625 0.0359375 0.034375
0 0.34375 0.45 0.0234375 0.0265625
0 0.396875 0.4578125 0.01953125 0.0234375
0 0.4125 0.48359375 0.015625 0.03359375
0 0.2609375 0.36953125 0.0265625 0.025
0 0.34296875 0.41015625 0.02890625 0.02734375
0 0.23515625 0.46875 0.0234375 0.02734375
0 0.45234375 0.5328125 0.0296875 0.0296875
0 0.484375 0.53359375 0.02890625 0.034375
0 0.51875 0.565625 0.0359375 0.028125
0 0.52109375 0.60546875 0.02265625 0.03828125
0 0.4703125 0.59921875 0.03671875 0.0359375
0 0.4484375 0.6734375 0.03984375 0.05390625
0 0.384375 0.63359375 0.034375 0.02734375
0 0.39609375 0.6625 0.03515625 0.021875
0 0.4640625 0.72890625 0.0265625 0.0359375
0 0.56640625 0.69921875 0.034375 0.03046875
0 0.60546875 0.703125 0.03515625 0.03515625
0 0.64921875 0.721875 0.028125 0.03125
0 0.63828125 0.75703125 0.02890625 0.04921875
0 0.6125 0.8 0.0296875 0.03203125
0 0.553125 0.78125 0.025 0.04375
0 0.63828125 0.9296875 0.03359375 0.05859375
0 0.7078125 0.959375 0.0390625 0.06328125
0 0.81953125 0.953125 0.0359375 0.05234375
0 0.825 0.89296875 0.02890625 0.0484375
0 0.77109375 0.86953125 0.040625 0.053125
0 0.78515625 0.8015625 0.02734375 0.04921875
0 0.7453125 0.77265625 0.034375 0.04140625
0 0.70390625 0.7671875 0.0328125 0.06171875
0 0.71484375 0.72421875 0.04140625 0.0328125
0 0.75625 0.7375 0.02421875 0.04296875
0 0.74453125 0.68203125 0.0328125 0.04921875
0 0.69375 0.65078125 0.03828125 0.04765625
0 0.6515625 0.66640625 0.025 0.0421875
0 0.646875 0.615625 0.02109375 0.03671875
0 0.61796875 0.6171875 0.02890625 0.04296875
0 0.54921875 0.59296875 0.02890625 0.02734375
0 0.59140625 0.5640625 0.021875 0.03125
0 0.6125 0.59453125 0.03046875 0.0203125
0 0.596875 0.52265625 0.0171875 0.04140625
0 0.6203125 0.53203125 0.028125 0.02421875
0 0.6484375 0.51328125 0.02578125 0.0453125
0 0.5578125 0.52421875 0.03046875 0.04140625
0 0.54296875 0.48828125 0.0296875 0.034375
0 0.6796875 0.5609375 0.0296875 0.02578125
0 0.75703125 0.5890625 0.03203125 0.034375
0 0.70546875 0.5875 0.02734375 0.0328125
0 0.7921875 0.6703125 0.028125 0.04140625
0 0.82265625 0.7328125 0.03125 0.0375
0 0.82734375 0.8015625 0.02265625 0.03203125
0 0.86640625 0.84765625 0.0484375 0.05859375
0 0.8765625 0.8078125 0.02890625 0.04375
0 0.89921875 0.89609375 0.03203125 0.04296875
0 0.9234375 0.9671875 0.04453125 0.065625
0 0.91875 0.77890625 0.04296875 0.04921875
0 0.9109375 0.73125 0.04765625 0.046875
0 0.8640625 0.7078125 0.0453125 0.0484375
0 0.8703125 0.62265625 0.03125 0.04765625
0 0.871875 0.575 0.028125 0.03046875
0 0.84375 0.584375 0.0328125 0.03359375
0 0.7828125 0.5609375 0.028125 0.03828125
0 0.7328125 0.525 0.03125 0.028125
0 0.971875 0.95859375 0.0421875 0.05703125
0 0.97578125 0.9265625 0.03671875 0.0484375
0 0.9390625 0.89140625 0.0296875 0.0609375
0 0.959375 0.83515625 0.05625 0.05234375
0 0.96484375 0.74453125 0.0421875 0.04609375
0 0.70234375 0.471875 0.021875 0.028125