0 0.4375 0.66953125 0.02421875 0.03359375
0 0.340625 0.92265625 0.03515625 0.046875
0 0.778125 0.8390625 0.0359375 0.04921875
0 0.8640625 0.915625 0.0328125 0.04296875
0 0.41796875 0.79453125 0.03203125 0.0375
0 0.50703125 0.75546875 0.0328125 0.03671875
0 0.85 0.97421875 0.0359375 0.0421875
0 0.7484375 0.63203125 0.02265625 0.02421875
0 0.73359375 0.94609375 0.0328125 0.0546875
0 0.45546875 0.746875 0.025 0.03125
0 0.84765625 0.85625 0.0390625 0.046875
0 0.66328125 0.703125 0.0265625 0.028125
0 0.64765625 0.7546875 0.03515625 0.03203125
0 0.61015625 0.71328125 0.0359375 0.03515625
0 0.2859375 0.73046875 0.0234375 0.02890625
0 0.19453125 0.91015625 0.04609375 0.08359375
0 0.71484375 0.784375 0.02890625 0.03203125
0 0.40390625 0.94453125 0.03515625 0.0453125
0 0.209375 0.72890625 0.028125 0.03046875
0 0.4078125 0.88828125 0.0265625 0.03125
0 0.95859375 0.94765625 0.04296875 0.05078125
0 0.83515625 0.6765625 0.02890625 0.0375
0 0.60625 0.778125 0.03203125 0.03828125
0 0.04375 0.83515625 0.0359375 0.03515625
0 0.215625 0.8015625 0.02578125 0.03515625
0 0.80703125 0.6953125 0.03203125 0.03515625
0 0.3640625 0.73203125 0.02578125 0.0359375
0 0.56328125 0.67421875 0.025 0.0328125
0 0.94609375 0.859375 0.040625 0.05234375
0 0.396875 0.67421875 0.02578125 0.03125
0 0.14609375 0.76640625 0.02890625 0.03125
0 0.71484375 0.8734375 0.03125 0.03984375
0 0.74375 0.778125 0.034375 0.03671875
0 0.259375 0.86953125 0.034375 0.0453125
0 0.43046875 0.73359375 0.025 0.0328125
0 0.6125 0.8296875 0.0265625 0.03828125
0 0.171875 0.71640625 0.02109375 0.03046875
0 0.49375 0.60078125 0.0265625 0.03046875
0 0.52890625 0.65546875 0.02421875 0.0328125
0 0.703125 0.91328125 0.03046875 0.0484375
0 0.32265625 0.78046875 0.02734375 0.03046875
0 0.81328125 0.83046875 0.028125 0.0375
0 0.0734375 0.8 0.0296875 0.03046875
0 0.515625 0.85546875 0.028125 0.04921875
0 0.334375 0.66484375 0.02421875 0.03203125
0 0.5640625 0.92109375 0.03671875 0.03828125
0 0.2640625 0.6671875 0.02578125 0.02734375
0 0.57421875 0.71171875 0.025 0.02421875
0 0.01328125 0.89140625 0.0265625 0.0421875
0 0.80234375 0.64921875 0.02421875 0.028125
0 0.5484375 0.82421875 0.0390625 0.04921875
0 0.978125 0.7859375 0.040625 0.04296875
0 0.7 0.6515625 0.0265625 0.0265625
0 0.93671875 0.65859375 0.03515625 0.0359375
0 0.27734375 0.9296875 0.0265625 0.03515625
0 0.296875 0.67734375 0.028125 0.02890625
0 0.940625 0.72734375 0.03515625 0.0390625
0 0.13984375 0.7 0.02734375 0.02890625
0 0.64921875 0.859375 0.03203125 0.040625
0 0.88046875 0.76953125 0.03359375 0.0390625
0 0.128125 0.62890625 0.0234375 0.0296875
0 0.5640625 0.57578125 0.0234375 0.0234375
0 0.434375 0.965625 0.0296875 0.05234375
0 0.76640625 0.97890625 0.0359375 0.0421875
0 0.453125 0.80078125 0.02734375 0.03984375
0 0.46796875 0.55625 0.0234375 0.02578125
0 0.63203125 0.5703125 0.02265625 0.02578125
0 0.51328125 0.56640625 0.0234375 0.025
0 0.65859375 0.5484375 0.025 0.02578125
0 0.5640625 0.87109375 0.03203125 0.0375
0 0.21484375 0.69375 0.03125 0.03359375
0 0.2640625 0.73515625 0.0234375 0.0296875
0 0.9 0.74921875 0.03046875 0.0390625
0 0.5046875 0.70078125 0.01953125 0.02265625
0 0.609375 0.60546875 0.0203125 0.03359375
0 0.43828125 0.5359375 0.0234375 0.028125
0 0.809375 0.740625 0.02578125 0.034375
0 0.24609375 0.70703125 0.025 0.0296875
0 0.8171875 0.52109375 0.02265625 0.0203125
0 0.10625 0.79921875 0.0234375 0.03046875
0 0.309375 0.63515625 0.0234375 0.02734375
0 0.465625 0.609375 0.0203125 0.025
0 0.30546875 0.81171875 0.03203125 0.03359375
0 0.3203125 0.75546875 0.0234375 0.0265625
0 0.03984375 0.76484375 0.02734375 0.03125
0 0.25546875 0.9109375 0.02421875 0.03671875
0 0.33046875 0.7109375 0.01875 0.02265625
0 0.85859375 0.82109375 0.03046875 0.03671875
0 0.315625 0.52421875 0.0203125 0.0234375
0 0.315625 0.775 0.02734375 0.0296875
0 0.3390625 0.571875 0.02109375 0.0265625
0 0.19609375 0.66796875 0.0203125 0.02890625
0 0.2359375 0.66171875 0.02265625 0.02734375
0 0.121875 0.63515625 0.02421875 0.0296875
0 0.50859375 0.4546875 0.02421875 0.021875
0 0.88359375 0.6890625 0.0203125 0.03359375
0 0.37265625 0.73046875 0.02578125 0.0375
0 0.775 0.75859375 0.01953125 0.0265625
0 0.42109375 0.60390625 0.02578125 0.02734375
0 0.5375 0.54765625 0.01796875 0.02578125
0 0.7359375 0.70078125 0.02109375 0.025
0 0.403125 0.5640625 0.01953125 0.0234375
0 0.9875 0.91953125 0.02421875 0.05703125
0 0.4984375 0.47890625 0.021875 0.021875
0 0.6734375 0.97890625 0.02421875 0.0390625
0 0.37109375 0.47109375 0.01875 0.02265625
0 0.278125 0.57734375 0.02109375 0.02578125
0 0.28984375 0.484375 0.01953125 0.02265625
0 0.27578125 0.5859375 0.021875 0.02578125
0 0.0890625 0.60859375 0.02109375 0.021875
0 0.6609375 0.56796875 0.02265625 0.02109375
0 0.8296875 0.6015625 0.01796875 0.02109375
0 0.63828125 0.5796875 0.02265625 0.02578125
0 0.571875 0.6765625 0.025 0.03125
0 0.8265625 0.553125 0.02734375 0.025
0 0.89140625 0.55703125 0.0234375 0.0234375
0 0.4796875 0.64296875 0.02265625 0.0265625
0 0.29140625 0.55234375 0.0234375 0.0234375
0 0.84765625 0.7171875 0.025 0.02421875
0 0.6984375 0.575 0.0234375 0.02734375
0 0.5734375 0.58515625 0.02421875 0.02265625
0 0.71953125 0.7375 0.01796875 0.02421875
0 0.19140625 0.6 0.025 0.02421875
0 0.44375 0.584375 0.01875 0.02265625