0 0.09921875 0.9515625 0.0359375 0.0640625
0 0.078125 0.9328125 0.03671875 0.0390625
0 0.01796875 0.915625 0.034375 0.046875
0 0.10078125 0.878125 0.025 0.034375
0 0.025 0.72578125 0.03203125 0.0375
0 0.1390625 0.78046875 0.03046875 0.0359375
0 0.175 0.78828125 0.02421875 0.03359375
0 0.171875 0.71953125 0.02109375 0.03359375
0 0.02421875 0.65703125 0.02734375 0.02890625
0 0.134375 0.56484375 0.02109375 0.02578125
0 0.1078125 0.721875 0.03125 0.034375
0 0.046875 0.771875 0.0296875 0.034375
0 0.05078125 0.74609375 0.03125 0.03046875
0 0.21796875 0.83828125 0.0265625 0.04140625
0 0.2453125 0.90703125 0.0359375 0.0328125
0 0.26640625 0.85859375 0.03671875 0.0265625
0 0.32109375 0.81640625 0.0265625 0.0328125
0 0.346875 0.85 0.02578125 0.04453125
0 0.41171875 0.9375 0.0390625 0.05859375
0 0.42734375 0.97890625 0.02890625 0.04140625
0 0.41171875 0.8625 0.028125 0.04609375
0 0.3859375 0.903125 0.02578125 0.04140625
0 0.51875 0.96484375 0.028125 0.0453125
0 0.54765625 0.903125 0.02109375 0.03046875
0 0.4859375 0.828125 0.034375 0.053125
0 0.46953125 0.76875 0.02734375 0.03046875
0 0.43828125 0.778125 0.028125 0.03125
0 0.5234375 0.8265625 0.0296875 0.03984375
0 0.55625 0.84921875 0.02734375 0.04765625
0 0.57421875 0.8171875 0.025 0.02890625
0 0.63671875 0.9265625 0.0375 0.0515625
0 0.6484375 0.846875 0.034375 0.0453125
0 0.6734375 0.9078125 0.0328125 0.0453125
0 0.76953125 0.95703125 0.0359375 0.06796875
0 0.7421875 0.9109375 0.0234375 0.03828125
0 0.7171875 0.87265625 0.02109375 0.03203125
0 0.83828125 0.9765625 0.04921875 0.04609375
0 0.821875 0.9 0.03828125 0.04140625
0 0.9046875 0.9171875 0.03671875 0.03515625
0 0.93984375 0.8203125 0.03671875 0.046875
0 0.88984375 0.7484375 0.0328125 0.03515625
0 0.83203125 0.76015625 0.03125 0.03046875
0 0.81875 0.73671875 0.0171875 0.02578125
0 0.73984375 0.78828125 0.0328125 0.0453125
0 0.7 0.77578125 0.03125 0.0390625
0 0.6828125 0.7140625 0.0328125 0.0390625
0 0.6390625 0.73984375 0.025 0.04296875
0 0.609375 0.7625 0.03046875 0.0390625
0 0.77109375 0.73828125 0.0234375 0.025
0 0.74609375 0.690625 0.025 0.03046875
0 0.78515625 0.58515625 0.01875 0.021875
0 0.80703125 0.5796875 0.02265625 0.0265625
0 0.93203125 0.728125 0.02734375 0.03515625
0 0.8828125 0.51796875 0.02578125 0.01640625
0 0.81484375 0.53359375 0.025 0.02734375
0 0.9859375 0.72890625 0.028125 0.03515625
0 0.7 0.64453125 0.0265625 0.0328125
0 0.559375 0.684375 0.03359375 0.03359375
0 0.5453125 0.73359375 0.03046875 0.03671875
0 0.5984375 0.7078125 0.02734375 0.03046875
0 0.59375 0.66953125 0.02265625 0.03203125
0 0.571875 0.6421875 0.02265625 0.02421875
0 0.5171875 0.62734375 0.0265625 0.03125
0 0.4640625 0.64296875 0.03125 0.0265625
0 0.37890625 0.7421875 0.0265625 0.028125
0 0.33125 0.76953125 0.0328125 0.040625
0 0.41171875 0.69296875 0.025 0.02734375
0 0.39296875 0.6 0.01953125 0.02734375
0 0.32265625 0.69765625 0.02109375 0.0265625
0 0.321875 0.6671875 0.025 0.02890625
0 0.36015625 0.7046875 0.0390625 0.03359375
0 0.27578125 0.59296875 0.02109375 0.02421875
0 0.33203125 0.584375 0.01953125 0.02265625
0 0.3515625 0.571875 0.021875 0.02421875
0 0.41015625 0.534375 0.01796875 0.0203125
0 0.42109375 0.56328125 0.02734375 0.02109375
0 0.4515625 0.56171875 0.01953125 0.02265625
0 0.4546875 0.540625 0.02890625 0.0265625
0 0.91796875 0.6734375 0.03046875 0.021875
0 0.89765625 0.63515625 0.021875 0.025
0 0.7390625 0.5171875 0.01953125 0.0234375
0 0.71796875 0.60234375 0.015625 0.0171875
0 0.70078125 0.6078125 0.01484375 0.01953125
0 0.64296875 0.675 0.021875 0.0359375
0 0.48515625 0.57109375 0.0203125 0.021875
0 0.48359375 0.52421875 0.02421875 0.021875
0 0.6140625 0.59375 0.0171875 0.02890625
0 0.625 0.5453125 0.02421875 0.02578125
0 0.6234375 0.51328125 0.02421875 0.01875
0 0.29140625 0.64453125 0.025 0.0265625
0 0.3046875 0.55859375 0.02109375 0.01953125
0 0.265625 0.55078125 0.0203125 0.021875
0 0.203125 0.5953125 0.02109375 0.025
0 0.1046875 0.6859375 0.0265625 0.03515625
0 0.078125 0.7 0.01640625 0.02421875
0 0.15859375 0.665625 0.0234375 0.0359375
0 0.33203125 0.45078125 0.0203125 0.01484375
0 0.31484375 0.4703125 0.01640625 0.01796875
0 0.33203125 0.53984375 0.01953125 0.02890625
0 0.46796875 0.45390625 0.0171875 0.01640625
0 0.515625 0.475 0.0171875 0.01953125
0 0.55859375 0.58125 0.01796875 0.0234375
0 0.68984375 0.5484375 0.0203125 0.021875
0 0.69921875 0.5015625 0.025 0.021875
0 0.840625 0.5265625 0.025 0.02734375
0 0.98984375 0.59453125 0.01953125 0.02578125
0 0.5609375 0.44140625 0.015625 0.02109375
0 0.58125 0.4578125 0.0171875 0.02109375
0 0.50859375 0.75078125 0.01875 0.0234375
0 0.709375 0.95 0.0265625 0.03359375
0 0.55625 0.4953125 0.01875 0.0171875
0 0.5203125 0.43828125 0.01796875 0.021875
0 0.3890625 0.53203125 0.01875 0.0203125
0 0.09921875 0.6546875 0.02109375 0.025
0 0.06171875 0.6671875 0.025 0.03046875
0 0.06953125 0.575 0.02421875 0.0234375
0 0.94765625 0.48125 0.02265625 0.02265625
0 0.98828125 0.696875 0.0234375 0.025
0 0.709375 0.7015625 0.02109375 0.028125
0 0.45546875 0.73046875 0.01484375 0.025
0 0.25859375 0.98359375 0.0390625 0.0328125
0 0.30078125 0.903125 0.02421875 0.03984375
0 0.34140625 0.965625 0.01796875 0.0328125
0 0.08671875 0.63203125 0.02265625 0.0234375