0 0.5390625 0.98046875 0.0390625 0.03828125
0 0.1453125 0.91796875 0.0421875 0.046875
0 0.62734375 0.80078125 0.03671875 0.04765625
0 0.40390625 0.60234375 0.03359375 0.03359375
0 0.2671875 0.67734375 0.0328125 0.034375
0 0.2015625 0.8953125 0.03984375 0.0546875
0 0.6296875 0.87734375 0.0328125 0.05
0 0.26875 0.62265625 0.025 0.03359375
0 0.2875 0.83515625 0.0375 0.05390625
0 0.15 0.97421875 0.04765625 0.0515625
0 0.85 0.71484375 0.03671875 0.04609375
0 0.09609375 0.809375 0.04375 0.04921875
0 0.65390625 0.67421875 0.02890625 0.03828125
0 0.5203125 0.6515625 0.02421875 0.0359375
0 0.54375 0.73125 0.03359375 0.04375
0 0.28828125 0.89453125 0.0421875 0.05390625
0 0.72578125 0.7234375 0.028125 0.0375
0 0.84296875 0.79921875 0.0453125 0.046875
0 0.72109375 0.80625 0.0328125 0.04453125
0 0.01484375 0.6421875 0.02890625 0.0375
0 0.56875 0.84921875 0.02578125 0.03515625
0 0.22578125 0.75625 0.02890625 0.04609375
0 0.67421875 0.73125 0.03203125 0.0359375
0 0.4890625 0.6453125 0.0265625 0.03828125
0 0.3484375 0.978125 0.034375 0.04375
0 0.7609375 0.74375 0.03203125 0.03984375
0 0.01640625 0.91484375 0.03203125 0.0546875
0 0.76640625 0.89609375 0.0359375 0.046875
0 0.675 0.846875 0.02421875 0.03671875
0 0.3109375 0.97421875 0.0359375 0.0515625
0 0.6140625 0.68828125 0.025 0.03359375
0 0.67734375 0.6015625 0.028125 0.03125
0 0.58203125 0.5921875 0.0296875 0.02890625
0 0.01796875 0.77890625 0.03515625 0.040625
0 0.90859375 0.73671875 0.04140625 0.0390625
0 0.88359375 0.96953125 0.053125 0.0609375
0 0.45078125 0.90703125 0.040625 0.046875
0 0.79765625 0.7109375 0.03046875 0.03984375
0 0.24609375 0.81953125 0.03515625 0.04140625
0 0.434375 0.84921875 0.02578125 0.03671875
0 0.2375 0.65390625 0.028125 0.0328125
0 0.0890625 0.8875 0.03984375 0.0484375
0 0.31015625 0.646875 0.03359375 0.03515625
0 0.40078125 0.5421875 0.03125 0.03046875
0 0.18984375 0.7625 0.02421875 0.03671875
0 0.3609375 0.62265625 0.0296875 0.03984375
0 0.15234375 0.57734375 0.02734375 0.03203125
0 0.62109375 0.7390625 0.0296875 0.028125
0 0.1796875 0.72578125 0.025 0.0328125
0 0.771875 0.61953125 0.03046875 0.03828125
0 0.29609375 0.70625 0.03125 0.03359375
0 0.46953125 0.9734375 0.0421875 0.03828125
0 0.434375 0.7890625 0.0265625 0.03203125
0 0.925 0.68671875 0.0390625 0.03671875
0 0.29296875 0.540625 0.0265625 0.0296875
0 0.42421875 0.50546875 0.0296875 0.0265625
0 0.32109375 0.57890625 0.02890625 0.03203125
0 0.83515625 0.65703125 0.02265625 0.03046875
0 0.040625 0.71328125 0.0328125 0.0390625
0 0.61796875 0.55546875 0.0203125 0.0296875
0 0.13359375 0.83984375 0.02265625 0.040625
0 0.1890625 0.68828125 0.0296875 0.034375
0 0.17890625 0.828125 0.0328125 0.040625
0 0.6453125 0.5359375 0.02421875 0.0296875
0 0.91875 0.8703125 0.03203125 0.046875
0 0.37421875 0.71640625 0.0203125 0.03046875
0 0.96484375 0.86640625 0.0515625 0.0703125
0 0.8296875 0.75 0.02578125 0.03125
0 0.81015625 0.9 0.03828125 0.05625
0 0.8484375 0.6015625 0.0296875 0.03828125
0 0.82265625 0.98515625 0.03515625 0.028125
0 0.77265625 0.56015625 0.0265625 0.034375
0 0.93203125 0.7828125 0.03515625 0.04296875
0 0.4453125 0.590625 0.02109375 0.03359375
0 0.165625 0.7984375 0.03046875 0.03359375
0 0.93984375 0.71875 0.034375 0.03359375
0 0.58125 0.73125 0.0265625 0.03359375
0 0.88046875 0.84609375 0.0390625 0.05
0 0.85703125 0.6484375 0.02578125 0.028125
0 0.378125 0.7984375 0.03203125 0.04296875
0 0.48125 0.72734375 0.02265625 0.028125
0 0.753125 0.84765625 0.02578125 0.0359375
0 0.2734375 0.56640625 0.02421875 0.02578125
0 0.75859375 0.78125 0.021875 0.0296875
0 0.0578125 0.62734375 0.03125 0.0328125
0 0.10390625 0.66015625 0.028125 0.03203125
0 0.3484375 0.71484375 0.02109375 0.0296875
0 0.46640625 0.46796875 0.02578125 0.02734375
0 0.63046875 0.41953125 0.0234375 0.0296875
0 0.02890625 0.840625 0.03046875 0.03828125
0 0.471875 0.61328125 0.02109375 0.0265625
0 0.43359375 0.64921875 0.0296875 0.040625
0 0.3046875 0.47578125 0.03515625 0.02734375
0 0.65546875 0.64609375 0.02421875 0.028125
0 0.73359375 0.509375 0.0265625 0.0265625
0 0.72734375 0.625 0.0265625 0.03125
0 0.8078125 0.490625 0.02890625 0.02734375
0 0.14375 0.8578125 0.01875 0.034375
0 0.34453125 0.4453125 0.0234375 0.025
0 0.60390625 0.440625 0.02265625 0.0265625
0 0.85625 0.56640625 0.02734375 0.03125
0 0.321875 0.60703125 0.02734375 0.0265625
0 0.48828125 0.4921875 0.021875 0.025
0 0.0140625 0.81328125 0.02734375 0.034375
0 0.23515625 0.96015625 0.040625 0.0453125
0 0.45234375 0.94375 0.025 0.025
0 0.3578125 0.84296875 0.03125 0.04140625
0 0.34453125 0.81796875 0.02109375 0.0203125
0 0.3984375 0.76953125 0.01484375 0.02734375
0 0.3828125 0.7625 0.03046875 0.0359375
0 0.57421875 0.92734375 0.02578125 0.0296875
0 0.63671875 0.95546875 0.025 0.02734375
0 0.9796875 0.71640625 0.0234375 0.02265625
0 0.9109375 0.64609375 0.0296875 0.02890625
0 0.94453125 0.6359375 0.025 0.01953125
0 0.9765625 0.6265625 0.03515625 0.03984375
0 0.91953125 0.61875 0.025 0.02265625
0 0.81328125 0.6546875 0.0203125 0.015625
0 0.81875 0.5453125 0.0203125 0.0109375
0 0.8234375 0.5703125 0.01640625 0.0171875
0 0.7171875 0.58359375 0.02109375 0.02109375
0 0.6828125 0.57109375 0.02109375 0.01484375
0 0.61171875 0.53203125 0.01875 0.01328125
0 0.58125 0.54921875 0.0171875 0.0140625
0 0.5953125 0.50859375 0.01484375 0.01328125
0 0.571875 0.47734375 0.01953125 0.03046875
0 0.54296875 0.5125 0.0203125 0.0140625
0 0.48203125 0.534375 0.02265625 0.02265625
0 0.459375 0.56484375 0.01953125 0.028125
0 0.35234375 0.540625 0.0203125 0.0171875
0 0.33984375 0.521875 0.021875 0.0203125
0 0.35078125 0.68125 0.01640625 0.0171875
0 0.396875 0.68515625 0.01953125 0.025
0 0.24140625 0.6015625 0.0203125 0.02421875
0 0.18046875 0.6078125 0.01484375 0.01640625
0 0.12421875 0.6734375 0.01640625 0.0265625
0 0.01328125 0.74609375 0.0265625 0.0296875
0 0.2546875 0.5515625 0.02421875 0.0125
0 0.23125 0.5375 0.0171875 0.01953125
0 0.2234375 0.51875 0.0125 0.01953125
0 0.3484375 0.47578125 0.028125 0.0125
0 0.33671875 0.49921875 0.01796875 0.02109375
0 0.46015625 0.509375 0.01953125 0.01875
0 0.43125 0.54140625 0.01484375 0.01796875
0 0.4875 0.56171875 0.01875 0.01640625
0 0.65390625 0.49765625 0.021875 0.01796875
0 0.684375 0.5078125 0.02734375 0.02421875
0 0.7875 0.5390625 0.0171875 0.021875
0 0.72109375 0.48359375 0.015625 0.01328125
0 0.70078125 0.4921875 0.02109375 0.021875
0 0.76015625 0.515625 0.01640625 0.0125
0 0.7578125 0.50234375 0.01875 0.0109375
0 0.91484375 0.54453125 0.0234375 0.021875
0 0.9265625 0.52265625 0.02265625 0.015625
0 0.31015625 0.65625 0.015625 0.015625
0 0.78125 0.790625 0.02734375 0.028125