0 0.275 0.8796875 0.04296875 0.0671875
0 0.32421875 0.66484375 0.0375 0.05234375
0 0.634375 0.70078125 0.0421875 0.0578125
0 0.071875 0.825 0.06328125 0.065625
0 0.53828125 0.79375 0.05859375 0.05546875
0 0.19453125 0.784375 0.0421875 0.05390625
0 0.44609375 0.7296875 0.0421875 0.05546875
0 0.51171875 0.5703125 0.06171875 0.0625
0 0.15 0.9296875 0.040625 0.05859375
0 0.48203125 0.940625 0.05703125 0.07109375
0 0.44453125 0.82109375 0.05 0.06484375
0 0.2390625 0.66796875 0.04453125 0.053125
0 0.27734375 0.596875 0.0421875 0.0390625
0 0.6 0.95859375 0.046875 0.07734375
0 0.79921875 0.67734375 0.0453125 0.05234375
0 0.72421875 0.75 0.053125 0.065625
0 0.8421875 0.853125 0.05 0.07421875
0 0.075 0.6125 0.04375 0.0359375
0 0.4328125 0.6328125 0.03828125 0.046875
0 0.7875 0.74765625 0.0375 0.046875
0 0.78515625 0.603125 0.028125 0.040625
0 0.10390625 0.76171875 0.03671875 0.04375
0 0.76328125 0.9234375 0.03125 0.05703125
0 0.23828125 0.721875 0.0359375 0.04453125
0 0.66015625 0.8140625 0.04609375 0.06953125
0 0.2390625 0.5359375 0.028125 0.0328125
0 0.95078125 0.6953125 0.04453125 0.04375
0 0.31640625 0.5546875 0.03984375 0.034375
0 0.7140625 0.48515625 0.02421875 0.03125
0 0.6734375 0.56796875 0.0328125 0.03515625
0 0.734375 0.54765625 0.03046875 0.03046875
0 0.17890625 0.83671875 0.0390625 0.0421875
0 0.6453125 0.44375 0.025 0.03046875
0 0.11796875 0.6359375 0.025 0.03125
0 0.5953125 0.65859375 0.03671875 0.0421875
0 0.7375 0.81171875 0.02890625 0.0328125
0 0.35078125 0.83515625 0.040625 0.05234375
0 0.3828125 0.4984375 0.02421875 0.0296875
0 0.5546875 0.4453125 0.02578125 0.0296875
0 0.79453125 0.45546875 0.02890625 0.0328125
0 0.35234375 0.3828125 0.0203125 0.0265625
0 0.75078125 0.590625 0.03359375 0.03828125
0 0.37265625 0.6296875 0.02578125 0.0328125
0 0.57265625 0.53984375 0.028125 0.0328125
0 0.4796875 0.3984375 0.02265625 0.02421875
0 0.9046875 0.46953125 0.0359375 0.03046875
0 0.7078125 0.44140625 0.0265625 0.0296875
0 0.7546875 0.4890625 0.02890625 0.02890625
0 0.32890625 0.515625 0.02890625 0.02578125
0 0.50625 0.42734375 0.021875 0.02578125
0 0.915625 0.77421875 0.03359375 0.04453125
0 0.2859375 0.46328125 0.01953125 0.01953125
0 0.303125 0.46875 0.02109375 0.02578125
0 0.90703125 0.56796875 0.03203125 0.02890625
0 0.06640625 0.71640625 0.03203125 0.040625
0 0.896875 0.7015625 0.03984375 0.04609375
0 0.55390625 0.4046875 0.028125 0.0265625
0 0.5765625 0.5671875 0.02421875 0.028125
0 0.12578125 0.5609375 0.03046875 0.03515625
0 0.85703125 0.50078125 0.040625 0.03671875
0 0.32578125 0.80625 0.0390625 0.04453125
0 0.428125 0.43671875 0.0234375 0.02578125
0 0.61171875 0.475 0.02578125 0.02890625
0 0.92890625 0.50703125 0.03359375 0.03046875
0 0.78203125 0.38828125 0.021875 0.028125
0 0.8484375 0.67265625 0.03046875 0.04453125
0 0.46875 0.44453125 0.02734375 0.025
0 0.440625 0.403125 0.02265625 0.02421875
0 0.83515625 0.528125 0.0296875 0.0328125
0 0.7 0.8453125 0.0171875 0.0328125
0 0.77109375 0.68984375 0.02890625 0.0359375
0 0.8078125 0.90234375 0.05625 0.06171875
0 0.7359375 0.44921875 0.0234375 0.02578125
0 0.46171875 0.42109375 0.0234375 0.0234375
0 0.82578125 0.4015625 0.0265625 0.0296875
0 0.37265625 0.44375 0.01796875 0.0171875
0 0.390625 0.4265625 0.0265625 0.0265625
0 0.4140625 0.4703125 0.02890625 0.0234375
0 0.190625 0.57734375 0.03359375 0.028125
0 0.17734375 0.5296875 0.0171875 0.02265625
0 0.34765625 0.49609375 0.0234375 0.0265625
0 0.09296875 0.5578125 0.03125 0.02890625
0 0.940625 0.4546875 0.03046875 0.03125
0 0.73125 0.38046875 0.034375 0.021875
0 0.70234375 0.35703125 0.03125 0.0171875
0 0.7265625 0.35078125 0.0203125 0.02265625
0 0.49609375 0.73828125 0.03203125 0.03671875
0 0.18515625 0.5453125 0.0171875 0.02109375
0 0.51171875 0.39921875 0.0234375 0.02265625
0 0.6046875 0.4984375 0.0296875 0.028125
0 0.1046875 0.4859375 0.028125 0.0265625
0 0.596875 0.42890625 0.01953125 0.02265625
0 0.96015625 0.56484375 0.03203125 0.028125
0 0.98125 0.52734375 0.03125 0.03359375
0 0.5359375 0.44765625 0.01953125 0.0265625
0 0.84765625 0.428125 0.02578125 0.02578125
0 0.384375 0.5625 0.028125 0.028125
0 0.04375 0.6515625 0.0296875 0.03515625
0 0.590625 0.39453125 0.025 0.0265625
0 0.1625 0.5078125 0.02109375 0.025
0 0.7734375 0.42109375 0.01875 0.0203125
0 0.59921875 0.4546875 0.01953125 0.021875
0 0.99453125 0.69765625 0.009375 0.03515625
0 0.65703125 0.40078125 0.0265625 0.02421875
0 0.5 0.4921875 0.02890625 0.02734375
0 0.00546875 0.65546875 0.0109375 0.03046875
0 0.15234375 0.5984375 0.02265625 0.03125
0 0.159375 0.5765625 0.021875 0.02421875
0 0.81171875 0.5515625 0.025 0.028125
0 0.409375 0.69609375 0.0453125 0.0265625
0 0.346875 0.7375 0.02578125 0.0234375
0 0.2125 0.60390625 0.028125 0.03125
0 0.340625 0.58984375 0.021875 0.01796875
0 0.715625 0.6671875 0.02421875 0.03828125
0 0.93359375 0.740625 0.03671875 0.0421875
0 0.84609375 0.57265625 0.03125 0.0265625
0 0.9765625 0.625 0.0453125 0.02734375
0 0.60703125 0.5765625 0.040625 0.02890625
0 0.69921875 0.39609375 0.02109375 0.0234375
0 0.778125 0.8421875 0.02578125 0.0296875
0 0.9265625 0.90390625 0.0421875 0.053125
0 0.38671875 0.978125 0.02421875 0.04296875
0 0.01484375 0.61171875 0.02578125 0.0265625
0 0.04375 0.5265625 0.046875 0.0390625
0 0.234375 0.48203125 0.0234375 0.01953125
0 0.8640625 0.74921875 0.065625 0.0609375
0 0.88828125 0.53671875 0.05390625 0.0375
0 0.8890625 0.425 0.04765625 0.03515625
0 0.9390625 0.41875 0.02578125 0.02421875
0 0.86328125 0.33359375 0.02265625 0.01953125
0 0.2359375 0.40625 0.0296875 0.02109375
0 0.13125 0.5078125 0.03203125 0.0203125
0 0.0921875 0.51875 0.0265625 0.02109375
0 0.18515625 0.428125 0.01953125 0.01875
0 0.16171875 0.4203125 0.025 0.015625
0 0.11171875 0.42109375 0.02890625 0.0203125
0 0.06640625 0.42890625 0.034375 0.02421875