0 0.1296875 0.9390625 0.04453125 0.05
0 0.0359375 0.87734375 0.04609375 0.05078125
0 0.04765625 0.915625 0.02890625 0.03203125
0 0.02109375 0.77578125 0.0390625 0.0453125
0 0.0546875 0.79765625 0.0359375 0.03671875
0 0.09140625 0.82421875 0.03203125 0.0390625
0 0.09140625 0.7484375 0.0265625 0.0390625
0 0.08046875 0.7046875 0.03046875 0.03515625
0 0.07578125 0.6296875 0.02734375 0.0328125
0 0.0375 0.60625 0.02734375 0.0265625
0 0.01171875 0.54609375 0.021875 0.02890625
0 0.07109375 0.58828125 0.01875 0.03046875
0 0.140625 0.68359375 0.0375 0.0359375
0 0.234375 0.79921875 0.03359375 0.0515625
0 0.1765625 0.76953125 0.034375 0.0375
0 0.2046875 0.715625 0.02109375 0.028125
0 0.184375 0.67890625 0.01953125 0.0265625
0 0.23203125 0.75 0.03125 0.0359375
0 0.2640625 0.84453125 0.0203125 0.034375
0 0.396875 0.94296875 0.0484375 0.065625
0 0.33828125 0.9359375 0.03515625 0.04765625
0 0.3953125 0.86328125 0.03828125 0.05
0 0.32890625 0.8484375 0.03046875 0.0359375
0 0.4578125 0.9015625 0.040625 0.04921875
0 0.4640625 0.821875 0.0328125 0.059375
0 0.39296875 0.78671875 0.03515625 0.04140625
0 0.3671875 0.73671875 0.03203125 0.03125
0 0.29609375 0.75546875 0.0328125 0.034375
0 0.2625 0.734375 0.02578125 0.03046875
0 0.11484375 0.53671875 0.03046875 0.0234375
0 0.159375 0.5859375 0.0265625 0.0265625
0 0.13828125 0.63359375 0.028125 0.03125
0 0.2171875 0.6328125 0.0265625 0.03203125
0 0.26640625 0.56953125 0.025 0.0265625
0 0.26015625 0.540625 0.0265625 0.0296875
0 0.23515625 0.4625 0.02265625 0.0203125
0 0.23359375 0.4328125 0.02109375 0.02265625
0 0.28515625 0.60078125 0.025 0.028125
0 0.31015625 0.60703125 0.01953125 0.02890625
0 0.146875 0.553125 0.0203125 0.02265625
0 0.17734375 0.54296875 0.025 0.02734375
0 0.35625 0.66953125 0.02578125 0.02734375
0 0.58359375 0.9125 0.03203125 0.065625
0 0.61484375 0.9765625 0.04609375 0.046875
0 0.6734375 0.98046875 0.03203125 0.03828125
0 0.62265625 0.8953125 0.0390625 0.05546875
0 0.6078125 0.80234375 0.025 0.03671875
0 0.5140625 0.77578125 0.02890625 0.0375
0 0.53828125 0.81171875 0.028125 0.03984375
0 0.6703125 0.83359375 0.025 0.05546875
0 0.72265625 0.890625 0.028125 0.05078125
0 0.4421875 0.678125 0.02890625 0.021875
0 0.44140625 0.71875 0.02421875 0.03046875
0 0.50546875 0.6796875 0.02265625 0.0359375
0 0.48203125 0.65546875 0.021875 0.034375
0 0.3875 0.59140625 0.021875 0.0265625
0 0.4421875 0.48125 0.01875 0.02265625
0 0.50078125 0.5140625 0.02578125 0.025
0 0.584375 0.6234375 0.021875 0.02734375
0 0.6125 0.6734375 0.021875 0.025
0 0.59140625 0.70234375 0.01953125 0.0328125
0 0.53671875 0.68671875 0.01953125 0.034375
0 0.66953125 0.67890625 0.0265625 0.03359375
0 0.4390625 0.59921875 0.01953125 0.02890625
0 0.5390625 0.478125 0.01875 0.02265625
0 0.49609375 0.45703125 0.01875 0.01953125
0 0.403125 0.4390625 0.01484375 0.02421875
0 0.3078125 0.42890625 0.021875 0.01796875
0 0.33984375 0.41484375 0.02109375 0.01875
0 0.2078125 0.5078125 0.01953125 0.02734375
0 0.22421875 0.53671875 0.02578125 0.028125
0 0.20390625 0.57421875 0.034375 0.03125
0 0.13203125 0.4125 0.01875 0.025
0 0.0484375 0.52734375 0.02421875 0.02265625
0 0.728125 0.7578125 0.03203125 0.0390625
0 0.77265625 0.81875 0.0296875 0.04140625
0 0.7765625 0.77421875 0.0265625 0.03515625
0 0.81171875 0.7421875 0.034375 0.03515625
0 0.840625 0.778125 0.01953125 0.0296875
0 0.859375 0.83203125 0.021875 0.046875
0 0.7890625 0.98046875 0.02578125 0.0359375
0 0.878125 0.93671875 0.0265625 0.034375
0 0.90703125 0.85625 0.028125 0.04453125
0 0.9 0.81953125 0.034375 0.0296875
0 0.87734375 0.76640625 0.0203125 0.0359375
0 0.88984375 0.721875 0.0359375 0.0390625
0 0.98125 0.70859375 0.03515625 0.034375
0 0.9796875 0.67421875 0.0328125 0.034375
0 0.8546875 0.6453125 0.034375 0.02578125
0 0.8609375 0.684375 0.02578125 0.02734375
0 0.81875 0.62421875 0.025 0.0328125
0 0.82421875 0.709375 0.02265625 0.03046875
0 0.7828125 0.70078125 0.0171875 0.021875
0 0.71171875 0.68125 0.0265625 0.034375
0 0.71875 0.64765625 0.0265625 0.028125
0 0.6859375 0.6375 0.02421875 0.02265625
0 0.70703125 0.61484375 0.02578125 0.02890625
0 0.721875 0.53125 0.0296875 0.02890625
0 0.6625 0.58359375 0.028125 0.02734375
0 0.82578125 0.51953125 0.02109375 0.021875
0 0.74921875 0.5140625 0.01640625 0.0203125
0 0.8671875 0.53984375 0.03046875 0.02734375
0 0.8984375 0.65234375 0.03515625 0.0265625
0 0.75390625 0.6015625 0.02578125 0.0234375
0 0.65 0.5109375 0.025 0.02421875
0 0.69921875 0.47578125 0.01953125 0.01796875
0 0.62578125 0.4609375 0.02421875 0.02890625
0 0.59765625 0.47890625 0.01875 0.01953125
0 0.57578125 0.4734375 0.01484375 0.02109375
0 0.56875 0.51171875 0.0203125 0.01953125
0 0.62109375 0.5609375 0.01875 0.03203125
0 0.59296875 0.5546875 0.01875 0.025
0 0.6234375 0.59921875 0.0203125 0.02734375
0 0.6203125 0.6421875 0.0203125 0.025
0 0.67421875 0.43359375 0.01875 0.02109375
0 0.3796875 0.6671875 0.01484375 0.01953125
0 0.3515625 0.61484375 0.0203125 0.0265625
0 0.30625 0.53828125 0.01875 0.028125
0 0.525 0.4484375 0.02109375 0.0234375
0 0.58828125 0.53046875 0.0171875 0.02109375
0 0.778125 0.64921875 0.0203125 0.021875
0 0.7453125 0.7109375 0.01484375 0.02578125
0 0.9421875 0.74453125 0.0265625 0.0265625