0 0.06015625 0.83984375 0.0515625 0.0625
0 0.14609375 0.77109375 0.0453125 0.04375
0 0.228125 0.83828125 0.03359375 0.0515625
0 0.040625 0.6515625 0.0375 0.04375
0 0.075 0.6640625 0.02890625 0.034375
0 0.103125 0.68515625 0.03515625 0.03046875
0 0.01171875 0.71015625 0.02265625 0.02578125
0 0.06171875 0.7328125 0.03984375 0.0359375
0 0.18046875 0.6421875 0.03203125 0.03359375
0 0.2328125 0.6625 0.02734375 0.0421875
0 0.2859375 0.6296875 0.02890625 0.034375
0 0.37421875 0.64921875 0.03359375 0.0359375
0 0.3390625 0.56328125 0.02578125 0.0265625
0 0.35234375 0.61171875 0.03203125 0.02890625
0 0.37890625 0.765625 0.04453125 0.04609375
0 0.38046875 0.7078125 0.0328125 0.03046875
0 0.43828125 0.6765625 0.034375 0.03828125
0 0.32578125 0.7640625 0.0359375 0.0375
0 0.43671875 0.734375 0.04296875 0.04296875
0 0.5296875 0.83125 0.04140625 0.05859375
0 0.54453125 0.94921875 0.0265625 0.04140625
0 0.48125 0.98046875 0.0546875 0.0390625
0 0.3859375 0.9796875 0.071875 0.040625
0 0.4078125 0.9421875 0.04453125 0.05234375
0 0.3296875 0.9484375 0.02734375 0.05
0 0.2953125 0.86484375 0.040625 0.046875
0 0.15 0.91640625 0.0609375 0.04453125
0 0.284375 0.80625 0.03359375 0.03828125
0 0.25625 0.69453125 0.02109375 0.02265625
0 0.34296875 0.8203125 0.0234375 0.04765625
0 0.37421875 0.8359375 0.02265625 0.0421875
0 0.39140625 0.86640625 0.03125 0.040625
0 0.646875 0.9375 0.0421875 0.0625
0 0.6890625 0.80859375 0.03671875 0.03515625
0 0.84765625 0.86484375 0.04140625 0.05625
0 0.90859375 0.95546875 0.08125 0.0890625
0 0.5671875 0.796875 0.03984375 0.05234375
0 0.61796875 0.78984375 0.034375 0.03359375
0 0.66171875 0.72734375 0.028125 0.0484375
0 0.61953125 0.684375 0.02578125 0.0390625
0 0.48125 0.64140625 0.0234375 0.03515625
0 0.503125 0.66640625 0.02734375 0.03203125
0 0.5453125 0.740625 0.02890625 0.0484375
0 0.5796875 0.72890625 0.021875 0.04609375
0 0.7328125 0.81171875 0.05234375 0.04765625
0 0.71484375 0.78828125 0.0234375 0.03203125
0 0.796875 0.80234375 0.0375 0.0390625
0 0.6671875 0.62578125 0.03515625 0.03984375
0 0.08046875 0.53984375 0.03203125 0.0328125
0 0.1421875 0.57421875 0.03828125 0.0328125
0 0.13671875 0.5421875 0.028125 0.03359375
0 0.08828125 0.59921875 0.034375 0.034375
0 0.1015625 0.6265625 0.03359375 0.03046875
0 0.30703125 0.6828125 0.02890625 0.02890625
0 0.7625 0.9328125 0.04140625 0.06015625
0 0.70703125 0.66953125 0.03046875 0.0359375
0 0.62109375 0.56640625 0.03125 0.021875
0 0.56875 0.56015625 0.02578125 0.02109375
0 0.740625 0.61328125 0.02890625 0.03125
0 0.78125 0.675 0.01875 0.0421875
0 0.765625 0.64296875 0.01953125 0.028125
0 0.79453125 0.625 0.02109375 0.03984375
0 0.4203125 0.5953125 0.03125 0.02890625
0 0.41640625 0.5640625 0.0296875 0.025
0 0.8390625 0.97734375 0.0375 0.04453125
0 0.96015625 0.9203125 0.04296875 0.06015625
0 0.88359375 0.84765625 0.0359375 0.04453125
0 0.20078125 0.6 0.02734375 0.03828125
0 0.22890625 0.62578125 0.03046875 0.03125
0 0.47421875 0.5671875 0.0234375 0.02890625
0 0.92890625 0.66640625 0.03046875 0.02890625
0 0.928125 0.63828125 0.02109375 0.02734375
0 0.934375 0.60078125 0.04296875 0.0328125
0 0.83125 0.7703125 0.0328125 0.0265625
0 0.934375 0.73359375 0.05390625 0.059375
0 0.8890625 0.7078125 0.0296875 0.046875
0 0.953125 0.71171875 0.03125 0.03671875
0 0.24765625 0.46171875 0.0296875 0.034375
0 0.21171875 0.53515625 0.02265625 0.0296875
0 0.81015625 0.59453125 0.040625 0.0421875
0 0.61484375 0.490625 0.028125 0.03125
0 0.88828125 0.5875 0.02734375 0.03359375
0 0.8828125 0.55859375 0.03203125 0.03203125
0 0.75234375 0.52421875 0.02734375 0.03828125
0 0.78125 0.5375 0.0234375 0.02578125
0 0.6359375 0.534375 0.021875 0.02265625
0 0.6578125 0.565625 0.02890625 0.01796875
0 0.6625 0.5453125 0.02734375 0.02421875
0 0.6546875 0.51484375 0.02890625 0.02890625
0 0.1640625 0.51640625 0.02890625 0.04140625
0 0.14140625 0.4734375 0.0234375 0.025
0 0.15546875 0.4984375 0.03203125 0.0265625
0 0.8796875 0.6453125 0.0234375 0.03046875
0 0.4109375 0.50546875 0.021875 0.0265625
0 0.29375 0.51015625 0.0265625 0.02421875
0 0.246875 0.55234375 0.02578125 0.01875
0 0.815625 0.69140625 0.028125 0.03671875
0 0.78984375 0.7546875 0.01796875 0.0234375
0 0.9859375 0.80625 0.02578125 0.03984375
0 0.84921875 0.61171875 0.0265625 0.02421875
0 0.81953125 0.54453125 0.02109375 0.01875