0 0.15390625 0.9453125 0.03046875 0.0625
0 0.11640625 0.94140625 0.02734375 0.04453125
0 0.07890625 0.96328125 0.03828125 0.04921875
0 0.0546875 0.92265625 0.02890625 0.02578125
0 0.03359375 0.87578125 0.04765625 0.0671875
0 0.1125 0.840625 0.034375 0.03671875
0 0.05546875 0.8078125 0.021875 0.04140625
0 0.0265625 0.75390625 0.0328125 0.03984375
0 0.128125 0.7546875 0.02890625 0.0421875
0 0.13125 0.68125 0.03203125 0.0328125
0 0.04375 0.578125 0.0296875 0.0296875
0 0.06875 0.45625 0.0234375 0.02421875
0 0.09609375 0.4796875 0.02109375 0.0296875
0 0.10390625 0.52265625 0.01875 0.025
0 0.140625 0.53203125 0.0265625 0.0265625
0 0.13671875 0.575 0.03359375 0.03046875
0 0.171875 0.5671875 0.02578125 0.02890625
0 0.18984375 0.540625 0.025 0.0359375
0 0.203125 0.58671875 0.0234375 0.0296875
0 0.21171875 0.659375 0.0328125 0.03203125
0 0.17265625 0.8171875 0.03984375 0.0515625
0 0.21953125 0.74609375 0.04453125 0.04453125
0 0.27890625 0.7234375 0.04140625 0.0484375
0 0.2640625 0.68046875 0.0296875 0.040625
0 0.290625 0.8328125 0.0421875 0.06015625
0 0.23515625 0.8671875 0.034375 0.04609375
0 0.2546875 0.784375 0.03359375 0.040625
0 0.3578125 0.89609375 0.0421875 0.05390625
0 0.39921875 0.925 0.04296875 0.06171875
0 0.365625 0.8015625 0.04296875 0.05625
0 0.33828125 0.740625 0.034375 0.04296875
0 0.4140625 0.84296875 0.028125 0.053125
0 0.41875 0.784375 0.0265625 0.04296875
0 0.47734375 0.846875 0.0359375 0.0421875
0 0.47109375 0.76796875 0.028125 0.04375
0 0.4328125 0.7 0.03515625 0.04453125
0 0.5609375 0.8921875 0.03828125 0.04921875
0 0.5515625 0.84609375 0.0265625 0.0375
0 0.64453125 0.87109375 0.05234375 0.06328125
0 0.684375 0.97421875 0.046875 0.0515625
0 0.76640625 0.96796875 0.04609375 0.06328125
0 0.82109375 0.9640625 0.0453125 0.06015625
0 0.721875 0.83515625 0.03203125 0.04921875
0 0.75234375 0.88984375 0.0375 0.0546875
0 0.79375 0.8328125 0.0390625 0.05859375
0 0.84140625 0.89453125 0.028125 0.05
0 0.81796875 0.79296875 0.04375 0.05390625
0 0.86953125 0.7890625 0.0328125 0.04609375
0 0.92890625 0.8015625 0.046875 0.0640625
0 0.971875 0.84296875 0.03046875 0.0375
0 0.97734375 0.9765625 0.03984375 0.04609375
0 0.93515625 0.65 0.03203125 0.04296875
0 0.88046875 0.671875 0.034375 0.03203125
0 0.859375 0.6328125 0.034375 0.0421875
0 0.909375 0.6 0.025 0.03125
0 0.915625 0.51328125 0.02578125 0.025
0 0.92734375 0.54609375 0.0265625 0.025
0 0.753125 0.64296875 0.02578125 0.0296875
0 0.753125 0.6859375 0.03203125 0.02421875
0 0.7140625 0.69375 0.02890625 0.034375
0 0.7234375 0.75 0.04375 0.04140625
0 0.7359375 0.734375 0.01328125 0.0234375
0 0.74375 0.53359375 0.0296875 0.02734375
0 0.7421875 0.49765625 0.0171875 0.025
0 0.9 0.4140625 0.0234375 0.01875
0 0.909375 0.371875 0.021875 0.02421875
0 0.8390625 0.503125 0.02265625 0.02421875
0 0.84296875 0.48046875 0.01953125 0.025
0 0.84453125 0.57109375 0.02890625 0.0328125
0 0.86015625 0.5890625 0.025 0.02421875
0 0.87421875 0.50625 0.021875 0.028125
0 0.8078125 0.51171875 0.02421875 0.02578125
0 0.7859375 0.46015625 0.0296875 0.028125
0 0.7453125 0.3796875 0.0203125 0.01796875
0 0.67890625 0.46328125 0.0234375 0.028125
0 0.65390625 0.5046875 0.025 0.015625
0 0.6609375 0.4828125 0.0203125 0.02265625
0 0.6828125 0.5359375 0.03203125 0.0328125
0 0.70703125 0.57578125 0.03515625 0.03125
0 0.64609375 0.55 0.02890625 0.0359375
0 0.65703125 0.62890625 0.0328125 0.03671875
0 0.66875 0.65 0.015625 0.02265625
0 0.61875 0.6109375 0.0328125 0.04140625
0 0.75078125 0.3546875 0.01796875 0.02265625
0 0.58359375 0.503125 0.028125 0.03046875
0 0.61640625 0.51796875 0.0234375 0.0234375
0 0.5796875 0.621875 0.025 0.0359375
0 0.5515625 0.52578125 0.02890625 0.034375
0 0.475 0.659375 0.01875 0.021875
0 0.48359375 0.63984375 0.02109375 0.028125
0 0.45390625 0.64609375 0.02265625 0.0296875
0 0.46171875 0.6203125 0.0171875 0.0234375
0 0.4640625 0.5640625 0.0265625 0.02578125
0 0.5078125 0.5015625 0.02734375 0.02421875
0 0.4890625 0.47421875 0.02109375 0.021875
0 0.40234375 0.5140625 0.0265625 0.0265625
0 0.3640625 0.59765625 0.0234375 0.021875
0 0.34375 0.61796875 0.021875 0.0265625
0 0.35859375 0.6453125 0.02421875 0.03125
0 0.2109375 0.44375 0.01640625 0.021875
0 0.25546875 0.46875 0.0203125 0.0234375
0 0.04296875 0.5421875 0.02734375 0.0359375
0 0.29453125 0.46640625 0.0203125 0.0234375
0 0.33125 0.5171875 0.02421875 0.028125
0 0.32890625 0.490625 0.01875 0.02265625
0 0.396875 0.67578125 0.02421875 0.04296875
0 0.45 0.509375 0.01484375 0.01953125
0 0.934375 0.71484375 0.03515625 0.03984375
0 0.96875 0.66328125 0.02109375 0.028125
0 0.95625 0.57734375 0.0265625 0.03359375
0 0.8015625 0.63046875 0.02265625 0.03203125
0 0.44296875 0.45234375 0.0234375 0.02734375
0 0.50546875 0.40625 0.0125 0.01953125
0 0.3671875 0.42734375 0.0203125 0.0203125
0 0.3828125 0.44609375 0.01796875 0.0234375
0 0.703125 0.4171875 0.01796875 0.02265625
0 0.7171875 0.37734375 0.01640625 0.0203125