0 0.20859375 0.9203125 0.04921875 0.08125
0 0.0203125 0.89609375 0.0359375 0.05
0 0.0546875 0.83671875 0.0328125 0.03828125
0 0.08203125 0.909375 0.03203125 0.0390625
0 0.08359375 0.8046875 0.03046875 0.02734375
0 0.11640625 0.80234375 0.0171875 0.03125
0 0.0484375 0.76796875 0.02578125 0.03515625
0 0.15390625 0.76953125 0.02734375 0.03046875
0 0.2265625 0.8046875 0.02421875 0.034375
0 0.21875 0.73203125 0.0296875 0.0328125
0 0.18046875 0.71875 0.0203125 0.03203125
0 0.1484375 0.7015625 0.03046875 0.0296875
0 0.13046875 0.72734375 0.01640625 0.02265625
0 0.1359375 0.6328125 0.02578125 0.03203125
0 0.26875 0.875 0.034375 0.05546875
0 0.2640625 0.9171875 0.02265625 0.04140625
0 0.35234375 0.92109375 0.03671875 0.05234375
0 0.415625 0.94765625 0.03671875 0.05078125
0 0.44609375 0.9671875 0.0359375 0.0515625
0 0.41875 0.89296875 0.021875 0.0296875
0 0.42578125 0.79921875 0.0296875 0.03984375
0 0.46328125 0.80390625 0.02421875 0.0359375
0 0.5265625 0.86171875 0.0328125 0.0515625
0 0.5734375 0.92578125 0.03515625 0.03515625
0 0.57578125 0.87421875 0.0359375 0.03984375
0 0.55859375 0.82421875 0.040625 0.04453125
0 0.625 0.83125 0.0265625 0.040625
0 0.659375 0.8625 0.03203125 0.0375
0 0.728125 0.875 0.034375 0.0453125
0 0.7484375 0.9484375 0.034375 0.0546875
0 0.71484375 0.91484375 0.03671875 0.05390625
0 0.6890625 0.9796875 0.021875 0.040625
0 0.77421875 0.9796875 0.0421875 0.040625
0 0.86484375 0.97734375 0.0375 0.04375
0 0.87421875 0.92109375 0.0328125 0.0453125
0 0.97578125 0.95234375 0.04765625 0.05546875
0 0.9578125 0.865625 0.0421875 0.0546875
0 0.86171875 0.85859375 0.0421875 0.04375
0 0.871875 0.82578125 0.03203125 0.03125
0 0.82421875 0.834375 0.03125 0.03828125
0 0.78828125 0.84453125 0.0375 0.05703125
0 0.75625 0.7828125 0.03203125 0.0359375
0 0.725 0.79140625 0.02890625 0.028125
0 0.7859375 0.759375 0.01796875 0.025
0 0.8171875 0.696875 0.0296875 0.0296875
0 0.890625 0.775 0.03125 0.03671875
0 0.9515625 0.7328125 0.03671875 0.04140625
0 0.91171875 0.753125 0.03203125 0.03671875
0 0.8453125 0.68046875 0.0265625 0.0375
0 0.80859375 0.65 0.03359375 0.03359375
0 0.94375 0.66015625 0.03671875 0.034375
0 0.81796875 0.7453125 0.02734375 0.0453125
0 0.7078125 0.65234375 0.0296875 0.02890625
0 0.67265625 0.7046875 0.02734375 0.0296875
0 0.65390625 0.75546875 0.03515625 0.0296875
0 0.61484375 0.784375 0.03359375 0.03984375
0 0.62265625 0.71875 0.03671875 0.0359375
0 0.584375 0.71171875 0.02578125 0.028125
0 0.6203125 0.61171875 0.02109375 0.0296875
0 0.75546875 0.63671875 0.025 0.028125
0 0.52109375 0.75703125 0.03203125 0.034375
0 0.51484375 0.70234375 0.0203125 0.025
0 0.50234375 0.603125 0.0203125 0.03359375
0 0.534375 0.65703125 0.02890625 0.03984375
0 0.5734375 0.67890625 0.02578125 0.03125
0 0.440625 0.7390625 0.02421875 0.03828125
0 0.4640625 0.753125 0.02265625 0.02734375
0 0.44609375 0.67265625 0.02265625 0.0328125
0 0.40546875 0.67734375 0.02734375 0.0359375
0 0.375 0.7359375 0.03046875 0.03984375
0 0.3140625 0.8140625 0.03203125 0.03671875
0 0.33203125 0.7828125 0.0296875 0.03125
0 0.32890625 0.75859375 0.021875 0.0265625
0 0.2953125 0.7359375 0.02421875 0.03671875
0 0.27421875 0.7390625 0.02265625 0.02265625
0 0.36171875 0.69921875 0.02421875 0.025
0 0.33828125 0.71171875 0.01796875 0.02578125
0 0.30703125 0.68125 0.02734375 0.028125
0 0.34296875 0.66796875 0.02734375 0.0359375
0 0.2453125 0.66484375 0.021875 0.02890625
0 0.2734375 0.6703125 0.021875 0.02578125
0 0.2546875 0.7078125 0.025 0.0359375
0 0.22265625 0.69453125 0.02890625 0.03203125
0 0.2078125 0.671875 0.0203125 0.028125
0 0.275 0.6109375 0.0234375 0.02578125
0 0.31953125 0.6390625 0.02421875 0.03125
0 0.34765625 0.57578125 0.0234375 0.03046875
0 0.41171875 0.56953125 0.01640625 0.02109375
0 0.88984375 0.68984375 0.0265625 0.0359375
0 0.82265625 0.5265625 0.0234375 0.02421875
0 0.640625 0.575 0.02109375 0.02734375
0 0.66953125 0.5734375 0.025 0.025
0 0.6671875 0.55078125 0.025 0.0265625
0 0.70625 0.58125 0.02734375 0.03125
0 0.5203125 0.5703125 0.025 0.02265625
0 0.5734375 0.58125 0.02265625 0.0234375
0 0.47734375 0.56015625 0.021875 0.025
0 0.47421875 0.6125 0.0203125 0.025
0 0.48828125 0.64296875 0.021875 0.02890625
0 0.5078125 0.646875 0.0171875 0.0203125
0 0.45234375 0.58828125 0.0171875 0.0234375
0 0.50546875 0.48046875 0.0171875 0.02109375
0 0.51640625 0.46015625 0.01875 0.02109375
0 0.51171875 0.53671875 0.0203125 0.0234375
0 0.34296875 0.47265625 0.0203125 0.01875
0 0.29765625 0.4875 0.021875 0.0203125
0 0.2859375 0.58046875 0.02265625 0.0234375
0 0.32265625 0.52890625 0.021875 0.0265625
0 0.09609375 0.6125 0.0203125 0.021875