0 0.0765625 0.94375 0.0578125 0.04765625
0 0.15390625 0.9734375 0.05859375 0.05234375
0 0.20234375 0.91875 0.0375 0.0546875
0 0.2078125 0.85 0.053125 0.06484375
0 0.28515625 0.85859375 0.046875 0.08046875
0 0.3015625 0.9390625 0.0203125 0.034375
0 0.334375 0.825 0.02421875 0.03671875
0 0.3953125 0.82734375 0.04375 0.06328125
0 0.36484375 0.89765625 0.04296875 0.046875
0 0.390625 0.95 0.05078125 0.06015625
0 0.44375 0.95625 0.02734375 0.0359375
0 0.5796875 0.940625 0.05859375 0.075
0 0.5421875 0.88046875 0.04453125 0.0578125
0 0.653125 0.971875 0.059375 0.05625
0 0.665625 0.89921875 0.025 0.04140625
0 0.71328125 0.92890625 0.03671875 0.05546875
0 0.74921875 0.9125 0.0484375 0.08125
0 0.72109375 0.98671875 0.04140625 0.02578125
0 0.796875 0.9203125 0.03828125 0.06171875
0 0.79140625 0.88515625 0.02734375 0.034375
0 0.84765625 0.953125 0.03828125 0.0515625
0 0.90078125 0.95 0.0609375 0.07109375
0 0.965625 0.9671875 0.06875 0.06484375
0 0.94453125 0.86953125 0.065625 0.05703125
0 0.9828125 0.81015625 0.034375 0.0390625
0 0.92734375 0.790625 0.0375 0.034375
0 0.9546875 0.74609375 0.053125 0.0421875
0 0.87265625 0.79296875 0.0328125 0.0453125
0 0.85859375 0.74609375 0.04140625 0.03984375
0 0.8015625 0.73203125 0.0375 0.03125
0 0.83125 0.696875 0.05625 0.05546875
0 0.90546875 0.7109375 0.04453125 0.0375
0 0.77734375 0.75703125 0.03203125 0.02265625
0 0.81328125 0.7859375 0.03203125 0.03125
0 0.74921875 0.8171875 0.040625 0.05390625
0 0.7109375 0.8 0.04296875 0.0578125
0 0.70234375 0.75234375 0.0375 0.03515625
0 0.63359375 0.7765625 0.0328125 0.046875
0 0.72578125 0.68203125 0.03828125 0.04140625
0 0.68828125 0.66875 0.0375 0.046875
0 0.77578125 0.64140625 0.0453125 0.04375
0 0.8859375 0.6671875 0.04375 0.05546875
0 0.92265625 0.64609375 0.028125 0.04375
0 0.87109375 0.61484375 0.03125 0.0421875
0 0.83359375 0.60703125 0.0328125 0.03671875
0 0.92578125 0.60625 0.0375 0.02890625
0 0.95234375 0.56328125 0.03828125 0.028125
0 0.8125 0.58203125 0.028125 0.025
0 0.76796875 0.55546875 0.025 0.03125
0 0.75625 0.59296875 0.01953125 0.02734375
0 0.71328125 0.6296875 0.021875 0.0296875
0 0.68828125 0.62265625 0.02890625 0.034375
0 0.6765625 0.571875 0.034375 0.03125
0 0.640625 0.56953125 0.03203125 0.040625
0 0.6203125 0.621875 0.02578125 0.0375
0 0.5953125 0.58203125 0.0234375 0.028125
0 0.57734375 0.59453125 0.0140625 0.01640625
0 0.575 0.63203125 0.028125 0.02890625
0 0.5875 0.6546875 0.02734375 0.02734375
0 0.57421875 0.6828125 0.04140625 0.03359375
0 0.5703125 0.7796875 0.034375 0.0390625
0 0.54140625 0.76171875 0.02734375 0.040625
0 0.5390625 0.7296875 0.03125 0.03515625
0 0.4875 0.76328125 0.059375 0.09140625
0 0.47421875 0.6671875 0.03125 0.0375
0 0.5359375 0.6109375 0.03203125 0.03671875
0 0.51328125 0.6125 0.02109375 0.040625
0 0.45234375 0.60625 0.0296875 0.03515625
0 0.48828125 0.5859375 0.02578125 0.03125
0 0.45078125 0.57421875 0.0328125 0.03515625
0 0.57109375 0.55703125 0.03515625 0.034375
0 0.5359375 0.5640625 0.0296875 0.03515625
0 0.36171875 0.6640625 0.025 0.03515625
0 0.39375 0.6375 0.03046875 0.03828125
0 0.41328125 0.5953125 0.01875 0.03203125
0 0.3703125 0.575 0.0265625 0.0234375
0 0.359375 0.596875 0.015625 0.02421875
0 0.33203125 0.65390625 0.0265625 0.03671875
0 0.31328125 0.678125 0.03828125 0.03515625
0 0.29609375 0.72265625 0.05 0.04609375
0 0.315625 0.77421875 0.01875 0.021875
0 0.24921875 0.77109375 0.05625 0.0515625
0 0.196875 0.77109375 0.03203125 0.03125
0 0.18125 0.74140625 0.02890625 0.03125
0 0.1390625 0.771875 0.0296875 0.02890625
0 0.1015625 0.80703125 0.03671875 0.046875
0 0.065625 0.77421875 0.046875 0.04609375
0 0.03046875 0.81640625 0.03046875 0.0375
0 0.03984375 0.8984375 0.0484375 0.053125
0 0.015625 0.765625 0.02734375 0.02578125
0 0.11875 0.71796875 0.0328125 0.0375
0 0.1328125 0.73828125 0.01875 0.0265625
0 0.1515625 0.73359375 0.01796875 0.02578125
0 0.0921875 0.71015625 0.0265625 0.0390625
0 0.17578125 0.70234375 0.0203125 0.02265625
0 0.22578125 0.7015625 0.0265625 0.02421875
0 0.353125 0.74296875 0.02890625 0.03125
0 0.29140625 0.63203125 0.02890625 0.03515625
0 0.2765625 0.615625 0.01875 0.028125
0 0.22890625 0.6359375 0.01796875 0.01953125
0 0.16953125 0.6828125 0.015625 0.03046875
0 0.1578125 0.6578125 0.01796875 0.03671875
0 0.1328125 0.65078125 0.01796875 0.0359375
0 0.1 0.6640625 0.01953125 0.03359375
0 0.11171875 0.628125 0.028125 0.0265625
0 0.071875 0.6265625 0.0265625 0.02421875
0 0.053125 0.665625 0.03046875 0.03984375
0 0.0578125 0.6859375 0.0265625 0.03203125
0 0.0390625 0.65703125 0.0203125 0.02890625
0 0.0125 0.66640625 0.025 0.0484375
0 0.0078125 0.60234375 0.01484375 0.03125
0 0.0234375 0.56171875 0.01796875 0.02578125
0 0.0109375 0.5484375 0.021875 0.034375
0 0.084375 0.55390625 0.0359375 0.02890625
0 0.12734375 0.553125 0.03203125 0.02734375
0 0.19140625 0.5625 0.02734375 0.02734375
0 0.16796875 0.55234375 0.02890625 0.02265625
0 0.21953125 0.61484375 0.0140625 0.015625
0 0.5 0.96875 0.01484375 0.0265625
0 0.93359375 0.50234375 0.0265625 0.0234375
0 0.84375 0.52734375 0.03046875 0.021875
0 0.85703125 0.49453125 0.02734375 0.0171875
0 0.890625 0.496875 0.03046875 0.0125
0 0.8734375 0.47578125 0.02265625 0.0234375
0 0.784375 0.52265625 0.01171875 0.0125
0 0.78828125 0.48984375 0.028125 0.01796875
0 0.78125 0.50703125 0.01640625 0.01640625
0 0.7359375 0.54375 0.0234375 0.02890625
0 0.71875 0.546875 0.02265625 0.034375
0 0.721875 0.50625 0.03203125 0.021875
0 0.69375 0.51171875 0.025 0.02421875
0 0.646875 0.5171875 0.02734375 0.02421875
0 0.66328125 0.496875 0.02109375 0.01640625
0 0.65859375 0.534375 0.0171875 0.021875
0 0.66875 0.51640625 0.0140625 0.015625
0 0.5984375 0.52578125 0.015625 0.01796875
0 0.540625 0.528125 0.02890625 0.03203125
0 0.540625 0.50859375 0.0296875 0.0203125
0 0.49765625 0.55 0.03984375 0.03984375
0 0.5078125 0.53203125 0.0171875 0.01875
0 0.465625 0.55078125 0.02265625 0.03125
0 0.4875 0.5109375 0.02109375 0.02734375
0 0.46171875 0.49296875 0.01796875 0.01875
0 0.4265625 0.53203125 0.01796875 0.02890625
0 0.40390625 0.503125 0.02265625 0.0203125
0 0.43125 0.55703125 0.021875 0.0203125
0 0.40625 0.5453125 0.01171875 0.0203125
0 0.34921875 0.52265625 0.02109375 0.02421875
0 0.31484375 0.5765625 0.021875 0.0265625
0 0.29453125 0.56015625 0.02109375 0.01796875
0 0.2875 0.52421875 0.0140625 0.02109375
0 0.2390625 0.54609375 0.015625 0.025
0 0.22109375 0.5484375 0.015625 0.0203125
0 0.19140625 0.52265625 0.01328125 0.02421875
0 0.18125 0.5125 0.0140625 0.02734375
0 0.1625 0.50234375 0.01796875 0.01328125
0 0.1359375 0.509375 0.01640625 0.0171875