0 0.03203125 0.98203125 0.0390625 0.03515625
0 0.0390625 0.853125 0.0421875 0.0578125
0 0.109375 0.95 0.04609375 0.05625
0 0.16875 0.94375 0.0328125 0.0453125
0 0.38359375 0.9359375 0.04140625 0.0625
0 0.21328125 0.86875 0.0296875 0.05390625
0 0.1171875 0.8703125 0.040625 0.046875
0 0.0984375 0.7625 0.03125 0.03515625
0 0.159375 0.83046875 0.0421875 0.0453125
0 0.15078125 0.7875 0.03515625 0.0328125
0 0.1046875 0.7125 0.03046875 0.03671875
0 0.04375 0.78515625 0.025 0.04921875
0 0.278125 0.7671875 0.03515625 0.0375
0 0.275 0.72421875 0.02578125 0.04140625
0 0.215625 0.66875 0.02421875 0.05390625
0 0.2015625 0.77265625 0.03359375 0.04296875
0 0.265625 0.91171875 0.034375 0.03671875
0 0.38203125 0.98671875 0.03515625 0.0265625
0 0.33125 0.8296875 0.02890625 0.04296875
0 0.29609375 0.81875 0.03203125 0.05078125
0 0.25234375 0.6046875 0.02734375 0.03203125
0 0.13828125 0.73359375 0.021875 0.03984375
0 0.0171875 0.5796875 0.03359375 0.03828125
0 0.37890625 0.84140625 0.0296875 0.04296875
0 0.49375 0.95390625 0.03671875 0.05390625
0 0.55078125 0.98046875 0.0328125 0.0390625
0 0.57734375 0.9640625 0.03046875 0.071875
0 0.54453125 0.9203125 0.02890625 0.05859375
0 0.6703125 0.86875 0.03359375 0.053125
0 0.7109375 0.95703125 0.03359375 0.0421875
0 0.71953125 0.8296875 0.02890625 0.05078125
0 0.78515625 0.96953125 0.04453125 0.05546875
0 0.84375 0.9734375 0.0375 0.053125
0 0.7671875 0.8046875 0.046875 0.053125
0 0.8328125 0.86171875 0.04140625 0.05
0 0.8484375 0.91953125 0.0390625 0.0578125
0 0.80546875 0.896875 0.0375 0.05078125
0 0.71953125 0.903125 0.0359375 0.04375
0 0.8890625 0.83671875 0.04140625 0.04296875
0 0.98359375 0.89296875 0.0328125 0.0546875
0 0.83828125 0.72578125 0.03828125 0.04453125
0 0.940625 0.71640625 0.03515625 0.03828125
0 0.9765625 0.7046875 0.03046875 0.0359375
0 0.8046875 0.6359375 0.0359375 0.034375
0 0.7453125 0.68515625 0.03515625 0.03984375
0 0.715625 0.75859375 0.03359375 0.04453125
0 0.67890625 0.7546875 0.0296875 0.034375
0 0.56328125 0.68984375 0.03046875 0.0359375
0 0.60546875 0.7234375 0.02109375 0.03125
0 0.64921875 0.68671875 0.02578125 0.04765625
0 0.6796875 0.6359375 0.03203125 0.034375
0 0.653125 0.62578125 0.0203125 0.0265625
0 0.715625 0.6171875 0.03125 0.03125
0 0.515625 0.721875 0.021875 0.02734375
0 0.4890625 0.82734375 0.028125 0.03828125
0 0.4265625 0.8140625 0.03515625 0.03125
0 0.39765625 0.7296875 0.0234375 0.02734375
0 0.415625 0.77109375 0.0328125 0.03671875
0 0.33671875 0.55234375 0.02421875 0.034375
0 0.28984375 0.57890625 0.02578125 0.0296875
0 0.2515625 0.559375 0.02890625 0.02421875
0 0.1875 0.67109375 0.01875 0.0265625
0 0.371875 0.53828125 0.03125 0.0265625
0 0.446875 0.5734375 0.02109375 0.03203125
0 0.49375 0.6390625 0.02578125 0.0390625
0 0.5921875 0.59296875 0.03046875 0.03125
0 0.86796875 0.690625 0.02890625 0.0359375
0 0.80390625 0.73125 0.0234375 0.03203125
0 0.7390625 0.64765625 0.02265625 0.03046875
0 0.76015625 0.6203125 0.034375 0.0328125
0 0.6265625 0.8609375 0.03515625 0.03359375
0 0.6125 0.97578125 0.03125 0.0484375
0 0.2921875 0.8796875 0.0296875 0.04609375
0 0.225 0.58359375 0.0234375 0.0328125
0 0.29765625 0.54453125 0.01875 0.02890625
0 0.4328125 0.54453125 0.01875 0.025
0 0.471875 0.57421875 0.0203125 0.03125
0 0.440625 0.63515625 0.0203125 0.0265625
0 0.83125 0.62109375 0.02734375 0.02890625
0 0.69609375 0.5484375 0.02421875 0.034375
0 0.61015625 0.6375 0.025 0.03203125
0 0.56328125 0.6453125 0.025 0.02265625
0 0.5578125 0.603125 0.0234375 0.02734375
0 0.52890625 0.6390625 0.021875 0.0234375
0 0.3484375 0.69296875 0.02265625 0.03984375
0 0.2359375 0.71328125 0.03828125 0.02890625
0 0.1765625 0.721875 0.0234375 0.03203125
0 0.56484375 0.74296875 0.02578125 0.0375