0 0.28515625 0.80546875 0.04140625 0.05625
0 0.28984375 0.86328125 0.0390625 0.05078125
0 0.31328125 0.934375 0.034375 0.0515625
0 0.3484375 0.94296875 0.03125 0.04921875
0 0.21640625 0.97890625 0.0328125 0.0421875
0 0.11171875 0.98046875 0.040625 0.0390625
0 0.03203125 0.9609375 0.03125 0.0625
0 0.03125 0.88203125 0.02578125 0.05078125
0 0.09296875 0.85234375 0.0375 0.03984375
0 0.15078125 0.88125 0.03203125 0.0421875
0 0.1546875 0.93359375 0.03984375 0.04375
0 0.04296875 0.81640625 0.02265625 0.040625
0 0.01640625 0.8 0.03203125 0.046875
0 0.0234375 0.7578125 0.03828125 0.0328125
0 0.046875 0.6953125 0.0265625 0.03671875
0 0.1015625 0.78828125 0.0375 0.04296875
0 0.1515625 0.56953125 0.021875 0.02734375
0 0.22421875 0.734375 0.0296875 0.0484375
0 0.20390625 0.86328125 0.046875 0.05
0 0.19296875 0.7390625 0.01640625 0.03515625
0 0.13828125 0.80859375 0.01953125 0.04609375
0 0.146875 0.83125 0.015625 0.0328125
0 0.44375 0.8765625 0.04453125 0.0546875
0 0.45703125 0.93125 0.0390625 0.04296875
0 0.52578125 0.946875 0.04765625 0.0515625
0 0.45390625 0.97890625 0.02578125 0.03671875
0 0.40546875 0.95859375 0.034375 0.04140625
0 0.42734375 0.7625 0.028125 0.0265625
0 0.53203125 0.70859375 0.03828125 0.0453125
0 0.5703125 0.709375 0.025 0.0328125
0 0.615625 0.77265625 0.0421875 0.04296875
0 0.65859375 0.8140625 0.0234375 0.03984375
0 0.74375 0.865625 0.0375 0.04453125
0 0.78671875 0.86875 0.03828125 0.059375
0 0.7953125 0.9609375 0.0375 0.0625
0 0.8515625 0.93046875 0.0515625 0.0703125
0 0.928125 0.8296875 0.046875 0.059375
0 0.81484375 0.771875 0.03984375 0.04296875
0 0.77421875 0.68828125 0.025 0.0390625
0 0.80546875 0.7265625 0.0203125 0.02734375
0 0.828125 0.6921875 0.03359375 0.0484375
0 0.8828125 0.7125 0.0359375 0.0375
0 0.90390625 0.7578125 0.02578125 0.0375
0 0.96640625 0.78984375 0.0328125 0.0359375
0 0.94453125 0.60859375 0.03046875 0.04296875
0 0.73984375 0.71484375 0.0328125 0.04921875
0 0.70234375 0.77734375 0.034375 0.0484375
0 0.65625 0.71171875 0.03203125 0.03984375
0 0.63984375 0.65625 0.0265625 0.03671875
0 0.60234375 0.67109375 0.03046875 0.0328125
0 0.66328125 0.5875 0.028125 0.02578125
0 0.7515625 0.60625 0.028125 0.03046875
0 0.81484375 0.640625 0.02109375 0.0296875
0 0.8984375 0.66640625 0.034375 0.03203125
0 0.91015625 0.70078125 0.02890625 0.03671875
0 0.7078125 0.70234375 0.02734375 0.04140625
0 0.5578125 0.81484375 0.0265625 0.03125
0 0.50625 0.63515625 0.0234375 0.040625
0 0.48125 0.63046875 0.0234375 0.03515625
0 0.39765625 0.5859375 0.03125 0.0296875
0 0.35859375 0.6125 0.02890625 0.040625
0 0.30546875 0.63125 0.0328125 0.0359375
0 0.265625 0.6609375 0.03125 0.02890625
0 0.296875 0.6875 0.025 0.02890625
0 0.2375 0.6375 0.0234375 0.03046875
0 0.1890625 0.675 0.0265625 0.02890625
0 0.18203125 0.80390625 0.028125 0.0359375
0 0.16640625 0.775 0.0296875 0.028125
0 0.265625 0.6078125 0.025 0.0359375
0 0.31796875 0.59375 0.0234375 0.0265625
0 0.31484375 0.56796875 0.0296875 0.0375
0 0.39609375 0.53125 0.0359375 0.03046875
0 0.415625 0.49921875 0.034375 0.03046875
0 0.29140625 0.53046875 0.021875 0.02578125
0 0.24140625 0.584375 0.02265625 0.03203125
0 0.3671875 0.69765625 0.01953125 0.03125
0 0.6171875 0.84453125 0.025 0.04921875
0 0.853125 0.81640625 0.03515625 0.04453125
0 0.8875 0.8390625 0.02734375 0.03515625
0 0.24296875 0.79609375 0.0328125 0.0390625
0 0.371875 0.77734375 0.0328125 0.046875
0 0.0625 0.61484375 0.02578125 0.0265625
0 0.56953125 0.575 0.0296875 0.02578125
0 0.4640625 0.5984375 0.02578125 0.02421875
0 0.73125 0.82109375 0.02734375 0.03359375
0 0.7609375 0.7703125 0.02265625 0.03828125
0 0.7390625 0.75859375 0.015625 0.02734375
0 0.8375 0.63359375 0.0265625 0.03359375
0 0.71015625 0.6125 0.025 0.0328125
0 0.6046875 0.54453125 0.021875 0.0234375