0 0.05546875 0.9 0.0546875 0.06953125
0 0.1609375 0.9046875 0.05234375 0.0609375
0 0.22578125 0.89140625 0.040625 0.0546875
0 0.29765625 0.9234375 0.06015625 0.07734375
0 0.40078125 0.9109375 0.06015625 0.06484375
0 0.17109375 0.71640625 0.05 0.05546875
0 0.10546875 0.775 0.05234375 0.05390625
0 0.05546875 0.6828125 0.04609375 0.0421875
0 0.04375 0.54765625 0.03828125 0.0328125
0 0.06328125 0.59921875 0.028125 0.0296875
0 0.13125 0.56015625 0.04765625 0.03125
0 0.175 0.5765625 0.02109375 0.0359375
0 0.14453125 0.640625 0.03125 0.03828125
0 0.18828125 0.6734375 0.03359375 0.04453125
0 0.021875 0.49921875 0.04375 0.03984375
0 0.2921875 0.84140625 0.03203125 0.04296875
0 0.2734375 0.6796875 0.0359375 0.0453125
0 0.35546875 0.7390625 0.04140625 0.05390625
0 0.47265625 0.9671875 0.0484375 0.065625
0 0.52265625 0.9359375 0.05625 0.07890625
0 0.46484375 0.8171875 0.04921875 0.06484375
0 0.53203125 0.76796875 0.0453125 0.0546875
0 0.303125 0.63125 0.03828125 0.03828125
0 0.28984375 0.5921875 0.0359375 0.0484375
0 0.36640625 0.5890625 0.03515625 0.05
0 0.3875 0.6859375 0.03515625 0.03046875
0 0.4765625 0.625 0.034375 0.03515625
0 0.4859375 0.68671875 0.0390625 0.0453125
0 0.61953125 0.765625 0.04375 0.05703125
0 0.621875 0.853125 0.05 0.0671875
0 0.58203125 0.95390625 0.040625 0.0921875
0 0.6265625 0.93203125 0.04609375 0.06796875
0 0.68359375 0.94765625 0.040625 0.0546875
0 0.73203125 0.965625 0.04609375 0.06875
0 0.55625 0.66171875 0.04765625 0.04921875
0 0.52109375 0.5109375 0.04296875 0.04453125
0 0.65 0.66640625 0.03828125 0.05
0 0.7359375 0.73359375 0.03046875 0.05
0 0.86953125 0.91171875 0.04765625 0.07890625
0 0.84921875 0.796875 0.03359375 0.05234375
0 0.8046875 0.7984375 0.04140625 0.05078125
0 0.9125 0.72734375 0.03671875 0.059375
0 0.8484375 0.71640625 0.04375 0.05078125
0 0.78984375 0.68515625 0.0390625 0.04375
0 0.6984375 0.62578125 0.03984375 0.053125
0 0.6265625 0.59140625 0.03203125 0.05234375
0 0.590625 0.56796875 0.03359375 0.04140625
0 0.64296875 0.50078125 0.03125 0.0359375
0 0.7046875 0.4375 0.02421875 0.0265625
0 0.70625 0.51328125 0.0296875 0.034375
0 0.74765625 0.57265625 0.03828125 0.04296875
0 0.859375 0.5765625 0.03125 0.040625
0 0.7453125 0.61953125 0.03125 0.03203125
0 0.34375 0.50390625 0.04296875 0.03359375
0 0.4625 0.41015625 0.02734375 0.0234375
0 0.453125 0.5578125 0.03203125 0.03828125
0 0.73515625 0.52109375 0.03046875 0.03359375
0 0.16640625 0.51796875 0.02421875 0.03203125
0 0.565625 0.5 0.01953125 0.028125
0 0.25546875 0.78203125 0.03203125 0.04296875
0 0.2703125 0.721875 0.0375 0.03125
0 0.31796875 0.43828125 0.02109375 0.0203125
0 0.08984375 0.50390625 0.03125 0.03046875
0 0.971875 0.4984375 0.03515625 0.03515625
0 0.9265625 0.6609375 0.0421875 0.0484375
0 0.91015625 0.5859375 0.0359375 0.040625
0 0.26953125 0.49140625 0.028125 0.028125