0 0.39375 0.93515625 0.05703125 0.08515625
0 0.2421875 0.96796875 0.05234375 0.0640625
0 0.07109375 0.79296875 0.04296875 0.0453125
0 0.20546875 0.56953125 0.01953125 0.0265625
0 0.2859375 0.5953125 0.0265625 0.03359375
0 0.375 0.6140625 0.02890625 0.028125
0 0.37734375 0.66484375 0.0296875 0.02734375
0 0.43125 0.69140625 0.028125 0.0375
0 0.3765625 0.725 0.0328125 0.04453125
0 0.3296875 0.71640625 0.03125 0.02734375
0 0.521875 0.7796875 0.034375 0.05234375
0 0.43828125 0.63984375 0.02578125 0.0328125
0 0.4765625 0.92578125 0.03671875 0.0484375
0 0.51875 0.97109375 0.034375 0.0546875
0 0.33359375 0.8875 0.02734375 0.05625
0 0.38984375 0.81171875 0.03046875 0.04375
0 0.34453125 0.77265625 0.028125 0.03984375
0 0.3734375 0.78359375 0.02109375 0.0390625
0 0.29609375 0.81484375 0.0296875 0.04453125
0 0.5625 0.74765625 0.03515625 0.046875
0 0.5375 0.89140625 0.0234375 0.0453125
0 0.57265625 0.6859375 0.03203125 0.0375
0 0.6109375 0.64453125 0.0265625 0.0375
0 0.6578125 0.59296875 0.03125 0.03828125
0 0.696875 0.6328125 0.02421875 0.03671875
0 0.65234375 0.68203125 0.021875 0.03828125
0 0.678125 0.76015625 0.03203125 0.028125
0 0.61171875 0.74609375 0.03359375 0.034375
0 0.6375 0.87578125 0.03984375 0.053125
0 0.74375 0.87109375 0.03046875 0.06640625
0 0.7046875 0.74140625 0.0203125 0.03125
0 0.72265625 0.77265625 0.03203125 0.05
0 0.73125 0.734375 0.03046875 0.02578125
0 0.75234375 0.77421875 0.03125 0.03828125
0 0.77890625 0.753125 0.025 0.03984375
0 0.82734375 0.81328125 0.034375 0.04296875
0 0.8796875 0.9046875 0.06640625 0.084375
0 0.94453125 0.96953125 0.05078125 0.06015625
0 0.984375 0.8859375 0.03125 0.053125
0 0.98671875 0.9421875 0.0265625 0.0515625
0 0.98984375 0.78671875 0.01953125 0.03359375
0 0.98046875 0.73203125 0.0328125 0.04921875
0 0.859375 0.78828125 0.03515625 0.040625
0 0.76640625 0.63046875 0.0234375 0.03046875
0 0.91015625 0.6875 0.03671875 0.03984375
0 0.909375 0.60234375 0.02578125 0.028125
0 0.8 0.5640625 0.03203125 0.028125
0 0.77890625 0.59453125 0.0203125 0.0328125
0 0.75078125 0.603125 0.0203125 0.02421875
0 0.73046875 0.5796875 0.0234375 0.02890625
0 0.8703125 0.55546875 0.02109375 0.02421875
0 0.91328125 0.5671875 0.0328125 0.0328125
0 0.4765625 0.6046875 0.028125 0.03203125
0 0.5359375 0.6984375 0.03125 0.0421875
0 0.4984375 0.6296875 0.02421875 0.03203125
0 0.3140625 0.6546875 0.040625 0.04453125
0 0.23515625 0.62578125 0.0328125 0.03125
0 0.18359375 0.6078125 0.03203125 0.028125
0 0.15234375 0.7265625 0.03125 0.0421875
0 0.0421875 0.6140625 0.034375 0.03671875
0 0.0921875 0.56484375 0.0265625 0.03125
0 0.08203125 0.51171875 0.0296875 0.0296875
0 0.1078125 0.59375 0.0234375 0.04296875
0 0.0703125 0.6875 0.025 0.028125
0 0.1140625 0.64765625 0.02578125 0.034375
0 0.1453125 0.5484375 0.0296875 0.03203125
0 0.140625 0.5125 0.021875 0.02578125
0 0.23203125 0.78828125 0.02421875 0.04453125
0 0.28515625 0.7609375 0.02421875 0.0328125
0 0.21484375 0.81171875 0.01875 0.03515625
0 0.2359375 0.59140625 0.0296875 0.04296875
0 0.32734375 0.97421875 0.0296875 0.0515625
0 0.409375 0.88203125 0.03828125 0.04765625
0 0.4140625 0.5625 0.02578125 0.02421875
0 0.41328125 0.53671875 0.02109375 0.01953125
0 0.46875 0.5328125 0.02109375 0.02890625
0 0.56171875 0.53203125 0.021875 0.0203125
0 0.61171875 0.5328125 0.02109375 0.0296875
0 0.60546875 0.46484375 0.02421875 0.021875
0 0.6546875 0.5125 0.01953125 0.02421875
0 0.0796875 0.62421875 0.01875 0.028125
0 0.3390625 0.52890625 0.02265625 0.0265625
0 0.24609375 0.4375 0.01875 0.02265625
0 0.21171875 0.50546875 0.01796875 0.02421875
0 0.25078125 0.5234375 0.0265625 0.0171875
0 0.25703125 0.578125 0.01640625 0.03046875
0 0.80078125 0.653125 0.021875 0.0328125
0 0.79921875 0.62734375 0.02265625 0.02265625
0 0.83515625 0.57890625 0.02265625 0.028125
0 0.740625 0.496875 0.02578125 0.03125
0 0.76875 0.5109375 0.0203125 0.01953125
0 0.6578125 0.4265625 0.0265625 0.0265625
0 0.29140625 0.4859375 0.0171875 0.01953125