0 0.153125 0.93359375 0.07109375 0.10703125
0 0.0921875 0.8359375 0.08515625 0.084375
0 0.115625 0.7640625 0.07265625 0.0671875
0 0.08046875 0.71953125 0.05234375 0.06875
0 0.06328125 0.6546875 0.0390625 0.07421875
0 0.02265625 0.66171875 0.03515625 0.0453125
0 0.0171875 0.59296875 0.03125 0.05703125
0 0.08984375 0.61875 0.07265625 0.04921875
0 0.13125 0.6375 0.03515625 0.04609375
0 0.18359375 0.8421875 0.0671875 0.05390625
0 0.265625 0.88125 0.071875 0.121875
0 0.19609375 0.7890625 0.075 0.09140625
0 0.24296875 0.73359375 0.05703125 0.0703125
0 0.2328125 0.66171875 0.06328125 0.078125
0 0.315625 0.6671875 0.0578125 0.08046875
0 0.34140625 0.740625 0.040625 0.0515625
0 0.3234375 0.8109375 0.05078125 0.06328125
0 0.35 0.83671875 0.0609375 0.06328125
0 0.44375 0.81953125 0.09609375 0.0859375
0 0.44140625 0.734375 0.0578125 0.075
0 0.40078125 0.6984375 0.05703125 0.04921875
0 0.36484375 0.63828125 0.04609375 0.0515625
0 0.43203125 0.6359375 0.06171875 0.06875
0 0.37890625 0.56484375 0.034375 0.0390625
0 0.33671875 0.59609375 0.03515625 0.03203125
0 0.31171875 0.5546875 0.07265625 0.0484375
0 0.284375 0.59921875 0.05546875 0.046875
0 0.225 0.60390625 0.03828125 0.04609375
0 0.2421875 0.5328125 0.04609375 0.0515625
0 0.246875 0.48203125 0.04453125 0.0546875
0 0.31796875 0.47265625 0.03203125 0.0265625
0 0.33515625 0.5140625 0.06171875 0.05
0 0.39140625 0.49921875 0.04453125 0.04140625
0 0.41328125 0.47421875 0.040625 0.034375
0 0.38984375 0.4375 0.04765625 0.04921875
0 0.4640625 0.44921875 0.0390625 0.04140625
0 0.42109375 0.43671875 0.03515625 0.03359375
0 0.5078125 0.49375 0.04140625 0.04140625
0 0.51640625 0.56953125 0.084375 0.1015625
0 0.57421875 0.57578125 0.04609375 0.040625
0 0.56640625 0.54140625 0.04765625 0.04921875
0 0.60703125 0.5859375 0.03984375 0.03671875
0 0.59609375 0.65625 0.06171875 0.07578125
0 0.63359375 0.7015625 0.065625 0.08203125
0 0.49375 0.74140625 0.04765625 0.05
0 0.5359375 0.79609375 0.07890625 0.0890625
0 0.65546875 0.81484375 0.0765625 0.1015625
0 0.6953125 0.8484375 0.0265625 0.04609375
0 0.7390625 0.815625 0.04765625 0.05546875
0 0.72421875 0.74921875 0.07265625 0.09453125
0 0.7078125 0.671875 0.04453125 0.05625
0 0.76796875 0.69609375 0.04921875 0.0390625
0 0.78671875 0.75 0.05703125 0.06640625
0 0.671875 0.5734375 0.04765625 0.059375
0 0.746875 0.5890625 0.06015625 0.0515625
0 0.73515625 0.5515625 0.05234375 0.03671875
0 0.78359375 0.603125 0.04296875 0.04609375
0 0.7109375 0.48984375 0.05859375 0.03359375
0 0.75234375 0.49296875 0.0375 0.034375
0 0.60546875 0.50234375 0.06328125 0.0359375
0 0.60703125 0.47421875 0.03359375 0.03984375
0 0.59375 0.45859375 0.034375 0.040625
0 0.5515625 0.44609375 0.03828125 0.0359375
0 0.54140625 0.4484375 0.0265625 0.03984375
0 0.50078125 0.428125 0.04140625 0.028125
0 0.45703125 0.42265625 0.05078125 0.03046875
0 0.4734375 0.40078125 0.04453125 0.03359375
0 0.50859375 0.403125 0.0390625 0.034375
0 0.55 0.41171875 0.046875 0.0390625
0 0.64609375 0.44609375 0.0453125 0.03359375
0 0.7015625 0.4484375 0.03203125 0.0359375
0 0.73359375 0.4515625 0.0296875 0.034375
0 0.7671875 0.42578125 0.028125 0.02109375
0 0.7921875 0.459375 0.04609375 0.03828125
0 0.821875 0.40703125 0.03203125 0.03046875
0 0.8421875 0.4296875 0.03828125 0.03515625
0 0.36484375 0.38359375 0.0359375 0.03046875
0 0.16796875 0.6078125 0.02890625 0.03515625
0 0.40859375 0.4015625 0.028125 0.03046875
0 0.4828125 0.93203125 0.08125 0.11484375
0 0.3828125 0.975 0.01875 0.05
0 0.5984375 0.9515625 0.06484375 0.096875
0 0.75859375 0.92890625 0.04375 0.08125
0 0.80546875 0.90703125 0.07578125 0.09921875
0 0.84453125 0.85703125 0.06484375 0.09453125
0 0.778125 0.84296875 0.03359375 0.05078125
0 0.92734375 0.9109375 0.08359375 0.08046875
0 0.91171875 0.77578125 0.05546875 0.04453125
0 0.859375 0.7515625 0.05546875 0.05859375
0 0.79765625 0.6703125 0.06796875 0.07421875
0 0.84921875 0.66875 0.046875 0.05859375
0 0.89296875 0.70546875 0.06484375 0.034375
0 0.93359375 0.74140625 0.04375 0.04609375
0 0.94921875 0.69296875 0.0875 0.06875
0 0.8078125 0.55703125 0.03515625 0.03359375
0 0.8421875 0.5765625 0.0328125 0.04140625
0 0.83125 0.52890625 0.0421875 0.03984375
0 0.903125 0.56796875 0.04921875 0.03515625
0 0.88203125 0.53671875 0.06171875 0.0390625
0 0.85078125 0.4984375 0.05390625 0.053125
0 0.89765625 0.47578125 0.0546875 0.04140625
0 0.9265625 0.51015625 0.05390625 0.03671875
0 0.9734375 0.53125 0.05234375 0.04453125
0 0.95625 0.56875 0.03515625 0.04140625
0 0.97265625 0.6234375 0.05390625 0.04921875
0 0.93671875 0.45703125 0.04296875 0.03515625
0 0.93828125 0.42421875 0.04140625 0.03125
0 0.8875 0.42890625 0.05234375 0.040625
0 0.778125 0.39140625 0.0359375 0.03984375
0 0.70390625 0.39609375 0.03984375 0.03828125
0 0.74296875 0.37890625 0.02890625 0.03359375
0 0.66328125 0.3984375 0.03671875 0.0359375
0 0.6015625 0.421875 0.04453125 0.03515625
0 0.6359375 0.32109375 0.0359375 0.03046875
0 0.78515625 0.3421875 0.0375 0.0359375
0 0.8484375 0.36640625 0.03828125 0.0265625
0 0.97734375 0.9671875 0.0453125 0.065625
0 0.21015625 0.5765625 0.0390625 0.04140625
0 0.29921875 0.4640625 0.021875 0.03203125
0 0.35859375 0.49609375 0.03828125 0.05390625
0 0.740625 0.34453125 0.021875 0.03359375
0 0.7171875 0.34765625 0.0328125 0.03984375
0 0.14140625 0.5640625 0.040625 0.04296875
0 0.10703125 0.56484375 0.03671875 0.0515625
0 0.07578125 0.54296875 0.03203125 0.03515625
0 0.01953125 0.53359375 0.03828125 0.05703125
0 0.15234375 0.50859375 0.03203125 0.03515625
0 0.17578125 0.50859375 0.0265625 0.03359375
0 0.1921875 0.53125 0.02578125 0.03046875
0 0.203125 0.54765625 0.0234375 0.03203125
0 0.17578125 0.58046875 0.021875 0.034375
0 0.1203125 0.4828125 0.03671875 0.04375
0 0.11484375 0.52265625 0.04140625 0.03046875
0 0.08359375 0.484375 0.03125 0.0359375
0 0.06796875 0.52578125 0.0484375 0.0390625
0 0.01953125 0.88203125 0.0390625 0.0765625