0 0.11171875 0.88515625 0.0453125 0.06796875
0 0.10078125 0.9515625 0.0359375 0.04921875
0 0.18984375 0.88671875 0.0375 0.06171875
0 0.16015625 0.796875 0.04609375 0.05
0 0.08828125 0.76875 0.0328125 0.0421875
0 0.0421875 0.80625 0.0328125 0.03046875
0 0.02578125 0.75078125 0.04453125 0.0375
0 0.1390625 0.71875 0.02890625 0.03203125
0 0.20546875 0.746875 0.04140625 0.03828125
0 0.08828125 0.728125 0.01953125 0.02578125
0 0.08046875 0.70703125 0.01875 0.0203125
0 0.040625 0.67734375 0.0296875 0.02890625
0 0.06875 0.68046875 0.0265625 0.02421875
0 0.01796875 0.646875 0.03046875 0.0265625
0 0.26328125 0.92734375 0.040625 0.04453125
0 0.2 0.9734375 0.02578125 0.034375
0 0.290625 0.96953125 0.04765625 0.0609375
0 0.33984375 0.97734375 0.0296875 0.0453125
0 0.29609375 0.85 0.0375 0.06015625
0 0.2421875 0.84140625 0.02421875 0.03828125
0 0.26328125 0.76015625 0.028125 0.0421875
0 0.225 0.69609375 0.0296875 0.03671875
0 0.209375 0.63828125 0.025 0.034375
0 0.16015625 0.47890625 0.02734375 0.02578125
0 0.2703125 0.528125 0.0265625 0.034375
0 0.2953125 0.5859375 0.02890625 0.03515625
0 0.3078125 0.65 0.02890625 0.03515625
0 0.33203125 0.60234375 0.02265625 0.03125
0 0.24921875 0.67421875 0.02265625 0.028125
0 0.2765625 0.67890625 0.02734375 0.03984375
0 0.228125 0.5109375 0.02421875 0.02265625
0 0.1421875 0.55703125 0.0203125 0.02421875
0 0.3828125 0.7765625 0.04453125 0.084375
0 0.4453125 0.8859375 0.03671875 0.05078125
0 0.46953125 0.95859375 0.0484375 0.07109375
0 0.6046875 0.93515625 0.028125 0.04296875
0 0.63515625 0.91875 0.040625 0.0671875
0 0.6859375 0.91953125 0.0328125 0.04765625
0 0.6796875 0.88828125 0.01875 0.0265625
0 0.725 0.9484375 0.03359375 0.05234375
0 0.77421875 0.94609375 0.03984375 0.0671875
0 0.83359375 0.971875 0.0515625 0.05625
0 0.94609375 0.8109375 0.04453125 0.0625
0 0.98515625 0.84765625 0.0296875 0.03828125
0 0.884375 0.915625 0.04453125 0.04296875
0 0.90078125 0.7796875 0.040625 0.053125
0 0.9765625 0.72109375 0.04140625 0.04765625
0 0.92734375 0.66328125 0.03515625 0.040625
0 0.89453125 0.6671875 0.03125 0.0390625
0 0.9109375 0.74765625 0.0359375 0.0359375
0 0.83828125 0.73125 0.0265625 0.03828125
0 0.7625 0.7828125 0.0375 0.03671875
0 0.75390625 0.73984375 0.03984375 0.034375
0 0.79609375 0.70625 0.0296875 0.0375
0 0.8171875 0.6375 0.0328125 0.03203125
0 0.78125 0.65859375 0.03203125 0.03359375
0 0.7296875 0.69921875 0.0359375 0.03828125
0 0.70234375 0.72421875 0.034375 0.04921875
0 0.703125 0.78671875 0.025 0.03125
0 0.6375 0.82421875 0.0328125 0.05625
0 0.60546875 0.80703125 0.03671875 0.04375
0 0.6015625 0.75546875 0.02890625 0.0328125
0 0.63125 0.678125 0.02890625 0.046875
0 0.59453125 0.67421875 0.03046875 0.03984375
0 0.5375 0.7796875 0.03203125 0.04609375
0 0.44375 0.77578125 0.0265625 0.040625
0 0.4453125 0.740625 0.034375 0.04453125
0 0.471875 0.79296875 0.0265625 0.0375
0 0.36796875 0.6140625 0.02265625 0.03046875
0 0.38671875 0.5546875 0.0234375 0.0265625
0 0.40546875 0.5921875 0.02734375 0.03359375
0 0.4140625 0.5625 0.02578125 0.028125
0 0.36875 0.584375 0.0296875 0.034375
0 0.45390625 0.56796875 0.03125 0.02890625
0 0.534375 0.61875 0.02421875 0.0359375
0 0.48671875 0.63671875 0.02421875 0.025
0 0.4828125 0.68515625 0.03125 0.0359375
0 0.596875 0.61796875 0.028125 0.03203125
0 0.62578125 0.625 0.01953125 0.02734375
0 0.68046875 0.63828125 0.03203125 0.04140625
0 0.82578125 0.59140625 0.0296875 0.03203125
0 0.9796875 0.58828125 0.040625 0.0328125
0 0.85546875 0.54609375 0.0296875 0.02890625
0 0.9046875 0.53203125 0.0296875 0.0265625
0 0.778125 0.603125 0.034375 0.03359375
0 0.72109375 0.56796875 0.02578125 0.03671875
0 0.68359375 0.55078125 0.0296875 0.0359375
0 0.66875 0.5875 0.01953125 0.02109375
0 0.59765625 0.56171875 0.02734375 0.03046875
0 0.553125 0.5671875 0.0296875 0.03046875
0 0.49140625 0.5953125 0.01640625 0.02265625
0 0.509375 0.5859375 0.0203125 0.0265625
0 0.48828125 0.559375 0.0296875 0.03359375
0 0.56640625 0.50625 0.0234375 0.0265625
0 0.5421875 0.46875 0.02109375 0.02734375
0 0.4421875 0.43515625 0.0234375 0.0234375
0 0.44921875 0.61796875 0.02421875 0.02421875
0 0.42890625 0.61640625 0.021875 0.0328125
0 0.63671875 0.4984375 0.02734375 0.02421875
0 0.7078125 0.48125 0.02421875 0.0234375
0 0.7953125 0.45625 0.02421875 0.02578125
0 0.77734375 0.47578125 0.0234375 0.028125
0 0.60625 0.46015625 0.02265625 0.025
0 0.621875 0.38984375 0.0203125 0.028125
0 0.41015625 0.50546875 0.025 0.0265625
0 0.3890625 0.67421875 0.028125 0.02734375
0 0.821875 0.85390625 0.0453125 0.04296875