0 0.1125 0.9734375 0.0484375 0.053125
0 0.85234375 0.74375 0.0390625 0.04609375
0 0.8453125 0.88359375 0.03984375 0.05
0 0.334375 0.85234375 0.0296875 0.0390625
0 0.86953125 0.953125 0.0421875 0.06015625
0 0.73046875 0.85234375 0.0328125 0.0453125
0 0.1546875 0.803125 0.03359375 0.03671875
0 0.68125 0.8921875 0.03046875 0.04375
0 0.49296875 0.8546875 0.0359375 0.04296875
0 0.30078125 0.84296875 0.03046875 0.04609375
0 0.78203125 0.8296875 0.04140625 0.04609375
0 0.5734375 0.7078125 0.0359375 0.0359375
0 0.15859375 0.85 0.0390625 0.0390625
0 0.28203125 0.78359375 0.03203125 0.046875
0 0.390625 0.9640625 0.03671875 0.05078125
0 0.49921875 0.97890625 0.040625 0.0421875
0 0.22265625 0.678125 0.02734375 0.0390625
0 0.453125 0.58359375 0.02265625 0.03515625
0 0.0390625 0.87421875 0.046875 0.059375
0 0.3859375 0.8609375 0.03046875 0.04375
0 0.5015625 0.653125 0.0296875 0.03671875
0 0.72734375 0.78046875 0.03046875 0.04296875
0 0.2171875 0.8890625 0.0296875 0.0484375
0 0.2578125 0.61484375 0.0265625 0.02890625
0 0.72421875 0.63046875 0.02734375 0.034375
0 0.42421875 0.790625 0.03671875 0.03828125
0 0.1703125 0.9671875 0.03671875 0.04609375
0 0.82109375 0.925 0.03515625 0.04765625
0 0.7734375 0.634375 0.03046875 0.03671875
0 0.01796875 0.59140625 0.03515625 0.03515625
0 0.72421875 0.98203125 0.0359375 0.03515625
0 0.103125 0.7796875 0.03203125 0.0390625
0 0.04609375 0.8046875 0.02734375 0.04609375
0 0.6171875 0.65078125 0.02734375 0.03203125
0 0.278125 0.7359375 0.03203125 0.040625
0 0.73203125 0.92734375 0.034375 0.04296875
0 0.10703125 0.72265625 0.034375 0.034375
0 0.37890625 0.55078125 0.0296875 0.02890625
0 0.65859375 0.703125 0.03046875 0.0375
0 0.48046875 0.58515625 0.02265625 0.03359375
0 0.69375 0.65703125 0.028125 0.0328125
0 0.5546875 0.95078125 0.03125 0.05703125
0 0.20703125 0.7875 0.034375 0.04453125
0 0.6625 0.64453125 0.025 0.0328125
0 0.884375 0.7109375 0.02734375 0.03203125
0 0.56484375 0.61875 0.02265625 0.02890625
0 0.6921875 0.778125 0.0296875 0.0375
0 0.83203125 0.68515625 0.0296875 0.03359375
0 0.95546875 0.95546875 0.03671875 0.04609375
0 0.60078125 0.60546875 0.0265625 0.03046875
0 0.52109375 0.73828125 0.02421875 0.028125
0 0.5703125 0.659375 0.02734375 0.0265625
0 0.340625 0.56640625 0.02734375 0.034375
0 0.29375 0.5890625 0.0296875 0.03125
0 0.1203125 0.890625 0.03671875 0.05
0 0.2703125 0.93046875 0.034375 0.03359375
0 0.91171875 0.8609375 0.04609375 0.04609375
0 0.53828125 0.65078125 0.0234375 0.0328125
0 0.75859375 0.70390625 0.0359375 0.0359375
0 0.43515625 0.834375 0.034375 0.03203125
0 0.81796875 0.65078125 0.03359375 0.03359375
0 0.14140625 0.7515625 0.021875 0.0359375
0 0.6140625 0.7375 0.0234375 0.03046875
0 0.79921875 0.98515625 0.05 0.02890625
0 0.25625 0.56875 0.0234375 0.0296875
0 0.58125 0.98046875 0.02734375 0.03828125
0 0.2375 0.72734375 0.03125 0.0359375
0 0.70703125 0.56015625 0.0265625 0.03359375
0 0.353125 0.70703125 0.02890625 0.04375
0 0.378125 0.50078125 0.03046875 0.028125
0 0.63515625 0.88515625 0.03515625 0.03671875
0 0.8984375 0.66484375 0.0328125 0.03515625
0 0.575 0.76328125 0.025 0.03828125
0 0.2828125 0.6359375 0.02578125 0.03125
0 0.30078125 0.89921875 0.03671875 0.04140625
0 0.6234375 0.54609375 0.02890625 0.0296875
0 0.7859375 0.73125 0.0296875 0.0390625
0 0.81796875 0.75 0.0265625 0.0359375
0 0.18046875 0.73203125 0.028125 0.0359375
0 0.44609375 0.65 0.02109375 0.02890625
0 0.22890625 0.5921875 0.025 0.02734375
0 0.40390625 0.5875 0.02734375 0.03671875
0 0.1484375 0.5390625 0.025 0.02890625
0 0.47890625 0.5953125 0.02421875 0.03515625
0 0.03125 0.70390625 0.0359375 0.03203125
0 0.75078125 0.6609375 0.02421875 0.02890625
0 0.584375 0.75625 0.0265625 0.0390625
0 0.95859375 0.73984375 0.0328125 0.0359375
0 0.190625 0.68515625 0.01328125 0.02421875
0 0.17890625 0.6546875 0.02109375 0.028125
0 0.18515625 0.6265625 0.025 0.01875
0 0.0234375 0.67578125 0.03125 0.0234375
0 0.01171875 0.640625 0.0234375 0.028125
0 0.05078125 0.64921875 0.021875 0.0171875
0 0.128125 0.6125 0.01796875 0.0140625
0 0.06171875 0.57890625 0.03203125 0.0234375
0 0.10703125 0.60625 0.02109375 0.01640625
0 0.05 0.74765625 0.021875 0.0296875
0 0.021875 0.7375 0.03984375 0.0390625
0 0.00703125 0.82734375 0.0140625 0.0359375
0 0.2359375 0.83515625 0.03984375 0.03359375
0 0.41484375 0.95546875 0.02265625 0.040625
0 0.5109375 0.9265625 0.03515625 0.0375
0 0.871875 0.8265625 0.04921875 0.0296875
0 0.95625 0.81796875 0.0375 0.03828125
0 0.921875 0.92109375 0.03046875 0.03046875
0 0.98984375 0.71796875 0.0203125 0.0421875
0 0.92421875 0.6953125 0.0359375 0.025
0 0.921875 0.74765625 0.03984375 0.02421875
0 0.93125 0.6515625 0.0234375 0.0171875
0 0.96171875 0.64375 0.02734375 0.01640625
0 0.984375 0.66171875 0.028125 0.021875
0 0.83984375 0.6375 0.01484375 0.0203125
0 0.83359375 0.609375 0.01953125 0.0203125
0 0.87734375 0.62890625 0.01796875 0.02109375
0 0.73984375 0.5875 0.01328125 0.0109375
0 0.76015625 0.58984375 0.01875 0.0140625
0 0.778125 0.58046875 0.02109375 0.01953125
0 0.8265625 0.57734375 0.02265625 0.01796875
0 0.66484375 0.565625 0.02265625 0.0234375
0 0.59921875 0.58203125 0.021875 0.01953125
0 0.3703125 0.68203125 0.021875 0.02578125
0 0.33515625 0.734375 0.0359375 0.04140625
0 0.40625 0.74453125 0.02265625 0.0328125
0 0.40546875 0.69765625 0.01796875 0.01640625
0 0.525 0.8046875 0.0203125 0.021875
0 0.57890625 0.821875 0.01171875 0.01640625
0 0.53515625 0.86875 0.009375 0.01171875
0 0.35 0.64296875 0.01953125 0.02109375
0 0.3265625 0.640625 0.0140625 0.02109375
0 0.3328125 0.61171875 0.0125 0.0109375
0 0.30078125 0.5546875 0.01953125 0.02578125
0 0.3015625 0.53671875 0.015625 0.0171875
0 0.2328125 0.54921875 0.01796875 0.025
0 0.2609375 0.52421875 0.0203125 0.015625
0 0.2390625 0.5078125 0.01484375 0.015625
0 0.27734375 0.50234375 0.021875 0.0125
0 0.3171875 0.4859375 0.02109375 0.0140625
0 0.33515625 0.50234375 0.01953125 0.01875
0 0.21875 0.4984375 0.0109375 0.01484375