0 0.43359375 0.90546875 0.040625 0.06171875
0 0.27890625 0.85546875 0.03203125 0.05
0 0.728125 0.82734375 0.03203125 0.04453125
0 0.50234375 0.6453125 0.01953125 0.02265625
0 0.16875 0.74765625 0.0265625 0.03359375
0 0.66015625 0.8625 0.046875 0.059375
0 0.7578125 0.87890625 0.0359375 0.05078125
0 0.25703125 0.746875 0.0421875 0.04375
0 0.24140625 0.66484375 0.0328125 0.03359375
0 0.3921875 0.88515625 0.0375 0.05
0 0.0984375 0.46328125 0.02265625 0.025
0 0.915625 0.796875 0.0421875 0.06328125
0 0.82109375 0.9453125 0.03671875 0.05390625
0 0.328125 0.8234375 0.0328125 0.053125
0 0.50078125 0.840625 0.034375 0.04140625
0 0.8515625 0.6375 0.03359375 0.0328125
0 0.69609375 0.96171875 0.05390625 0.07109375
0 0.6515625 0.55703125 0.03125 0.0375
0 0.075 0.95625 0.05859375 0.07265625
0 0.75703125 0.64921875 0.021875 0.028125
0 0.69140625 0.54921875 0.02890625 0.03203125
0 0.86328125 0.78359375 0.02890625 0.040625
0 0.7984375 0.6375 0.02421875 0.03046875
0 0.4953125 0.7640625 0.02890625 0.0390625
0 0.81953125 0.7875 0.040625 0.0484375
0 0.396875 0.796875 0.04453125 0.0546875
0 0.96484375 0.9609375 0.046875 0.0640625
0 0.4234375 0.5265625 0.02578125 0.02421875
0 0.62578125 0.615625 0.03046875 0.03671875
0 0.92890625 0.65625 0.0296875 0.0375
0 0.1609375 0.8296875 0.02734375 0.0328125
0 0.315625 0.47734375 0.01953125 0.02421875
0 0.2078125 0.92734375 0.03125 0.05234375
0 0.571875 0.8390625 0.0296875 0.03671875
0 0.16953125 0.6796875 0.03046875 0.03203125
0 0.5015625 0.4859375 0.021875 0.01953125
0 0.453125 0.703125 0.0296875 0.0375
0 0.0765625 0.74609375 0.03203125 0.03671875
0 0.30703125 0.72421875 0.0375 0.04375
0 0.77421875 0.9609375 0.0453125 0.06796875
0 0.08203125 0.58125 0.034375 0.0328125
0 0.2921875 0.68203125 0.0265625 0.034375
0 0.36953125 0.73828125 0.03125 0.04453125
0 0.90234375 0.609375 0.02421875 0.0296875
0 0.2140625 0.81484375 0.03671875 0.04609375
0 0.44453125 0.778125 0.02265625 0.03671875
0 0.28984375 0.77734375 0.0296875 0.0390625
0 0.56484375 0.53359375 0.02578125 0.0296875
0 0.5203125 0.51015625 0.02734375 0.02265625
0 0.59296875 0.6234375 0.02734375 0.02890625
0 0.74375 0.5078125 0.01640625 0.02421875
0 0.48203125 0.56953125 0.03125 0.03203125
0 0.1640625 0.5765625 0.02890625 0.028125
0 0.7296875 0.75 0.0390625 0.0375
0 0.0359375 0.56875 0.028125 0.025
0 0.71953125 0.69765625 0.02578125 0.03203125
0 0.57734375 0.878125 0.03515625 0.04453125
0 0.23359375 0.453125 0.01875 0.02109375
0 0.13359375 0.9421875 0.04453125 0.04765625
0 0.10859375 0.7984375 0.0203125 0.02890625
0 0.68359375 0.478125 0.021875 0.0234375
0 0.6640625 0.62890625 0.03046875 0.03125
0 0.1625 0.97109375 0.05078125 0.0578125
0 0.7078125 0.58046875 0.03359375 0.0296875
0 0.78671875 0.47265625 0.025 0.02265625
0 0.16875 0.54140625 0.021875 0.02578125
0 0.23125 0.59453125 0.025 0.03359375
0 0.796875 0.8265625 0.03671875 0.053125
0 0.21640625 0.5515625 0.025 0.0296875
0 0.59765625 0.5109375 0.028125 0.0265625
0 0.1109375 0.6234375 0.0234375 0.03125
0 0.0484375 0.87265625 0.03984375 0.05234375
0 0.8375 0.88125 0.02734375 0.0390625
0 0.20390625 0.57421875 0.0265625 0.02421875
0 0.44453125 0.8328125 0.02421875 0.0390625
0 0.74296875 0.54296875 0.0296875 0.0265625
0 0.471875 0.65078125 0.01953125 0.0265625
0 0.28203125 0.97734375 0.05078125 0.04453125
0 0.51484375 0.540625 0.021875 0.0265625
0 0.8765625 0.45625 0.0203125 0.0265625
0 0.95625 0.83359375 0.02109375 0.02734375
0 0.91953125 0.55625 0.028125 0.02578125
0 0.56875 0.428125 0.0203125 0.02578125
0 0.46484375 0.51484375 0.0140625 0.02109375
0 0.37265625 0.621875 0.01953125 0.028125
0 0.0890625 0.86484375 0.0328125 0.05703125
0 0.89453125 0.428125 0.02265625 0.01953125
0 0.34765625 0.49921875 0.01953125 0.02265625
0 0.384375 0.4375 0.01796875 0.01953125
0 0.95546875 0.66640625 0.01875 0.0234375
0 0.8046875 0.52109375 0.025 0.0234375
0 0.0765625 0.546875 0.025 0.0328125
0 0.98125 0.70625 0.02890625 0.04296875
0 0.3984375 0.45625 0.01953125 0.02265625
0 0.75625 0.68359375 0.02890625 0.0265625
0 0.38671875 0.6015625 0.01953125 0.02109375
0 0.8375 0.57578125 0.02890625 0.02734375
0 0.125 0.4890625 0.02109375 0.028125
0 0.46015625 0.46328125 0.02265625 0.021875
0 0.90703125 0.5265625 0.02109375 0.02265625
0 0.4234375 0.67734375 0.025 0.0375
0 0.3828125 0.65078125 0.0234375 0.03046875
0 0.94140625 0.5140625 0.02265625 0.0203125
0 0.25703125 0.53515625 0.01875 0.0234375
0 0.93046875 0.7140625 0.0328125 0.0390625
0 0.309375 0.61015625 0.02421875 0.0328125
0 0.11484375 0.89921875 0.02421875 0.03046875
0 0.4828125 0.62421875 0.01875 0.0234375
0 0.83828125 0.49375 0.01640625 0.01953125
0 0.66875 0.4953125 0.01796875 0.0203125
0 0.1625 0.484375 0.01953125 0.02421875
0 0.9875 0.84453125 0.025 0.04296875
0 0.784375 0.56171875 0.0265625 0.02578125
0 0.275 0.47890625 0.01796875 0.0203125
0 0.6625 0.51328125 0.02265625 0.01953125
0 0.90234375 0.38671875 0.0234375 0.02109375
0 0.0109375 0.8125 0.02109375 0.0359375
0 0.27421875 0.44921875 0.01640625 0.01796875
0 0.94609375 0.584375 0.0234375 0.02578125
0 0.8078125 0.7328125 0.02578125 0.0328125
0 0.83515625 0.5140625 0.0203125 0.0203125
0 0.85546875 0.59609375 0.01953125 0.01875
0 0.98984375 0.90234375 0.0203125 0.05234375
0 0.14765625 0.53984375 0.01875 0.02421875
0 0.74296875 0.38984375 0.01953125 0.01875
0 0.40625 0.72421875 0.0234375 0.0359375
0 0.9453125 0.509375 0.0234375 0.02109375
0 0.625 0.52734375 0.01953125 0.01796875
0 0.49375 0.6609375 0.015625 0.021875
0 0.35234375 0.521875 0.02109375 0.025