0 0.07734375 0.82578125 0.05390625 0.05859375
0 0.16796875 0.9265625 0.03828125 0.05859375
0 0.2921875 0.865625 0.04921875 0.0703125
0 0.20390625 0.7828125 0.04609375 0.0546875
0 0.19296875 0.8328125 0.03828125 0.0375
0 0.10703125 0.765625 0.03359375 0.040625
0 0.06171875 0.728125 0.04609375 0.0546875
0 0.06484375 0.6234375 0.04609375 0.034375
0 0.075 0.56953125 0.03125 0.0234375
0 0.115625 0.5703125 0.03515625 0.03515625
0 0.1140625 0.6453125 0.0234375 0.02734375
0 0.45625 0.8015625 0.05234375 0.0640625
0 0.50546875 0.90859375 0.046875 0.0703125
0 0.41328125 0.97109375 0.05546875 0.0578125
0 0.33359375 0.796875 0.04140625 0.0515625
0 0.365625 0.81953125 0.0421875 0.04765625
0 0.54921875 0.771875 0.05625 0.0546875
0 0.615625 0.9203125 0.03984375 0.0765625
0 0.45078125 0.71796875 0.0390625 0.05234375
0 0.4328125 0.628125 0.03359375 0.04140625
0 0.2453125 0.71953125 0.04375 0.046875
0 0.240625 0.6703125 0.0375 0.05
0 0.51796875 0.56875 0.04375 0.0546875
0 0.59375 0.64296875 0.034375 0.04140625
0 0.6359375 0.684375 0.0359375 0.04765625
0 0.665625 0.78203125 0.0453125 0.06484375
0 0.32734375 0.6640625 0.0390625 0.0515625
0 0.36953125 0.63046875 0.0234375 0.03203125
0 0.2734375 0.5984375 0.0453125 0.0421875
0 0.23515625 0.54296875 0.02265625 0.02734375
0 0.31015625 0.55703125 0.0390625 0.034375
0 0.37265625 0.5015625 0.02578125 0.02421875
0 0.32109375 0.52109375 0.0359375 0.02578125
0 0.2953125 0.478125 0.021875 0.02265625
0 0.16875 0.5375 0.015625 0.02109375
0 0.3359375 0.39296875 0.0171875 0.021875
0 0.36953125 0.434375 0.02421875 0.0203125
0 0.415625 0.440625 0.0171875 0.025
0 0.428125 0.41171875 0.02109375 0.02109375
0 0.45703125 0.44609375 0.02890625 0.02109375
0 0.56328125 0.534375 0.025 0.03515625
0 0.57109375 0.56015625 0.0234375 0.02890625
0 0.6640625 0.5578125 0.0265625 0.034375
0 0.72109375 0.721875 0.0421875 0.065625
0 0.840625 0.80859375 0.04921875 0.0640625
0 0.76953125 0.87890625 0.03359375 0.04921875
0 0.74296875 0.778125 0.02890625 0.03203125
0 0.7015625 0.81171875 0.0125 0.03203125
0 0.7375 0.57578125 0.03046875 0.03125
0 0.77265625 0.58359375 0.02578125 0.04140625
0 0.78671875 0.6484375 0.03828125 0.0484375
0 0.78125 0.715625 0.0375 0.03515625
0 0.81953125 0.85859375 0.0359375 0.0359375
0 0.928125 0.971875 0.04609375 0.05546875
0 0.8609375 0.9734375 0.04296875 0.053125
0 0.91640625 0.85703125 0.05 0.0578125
0 0.92890625 0.659375 0.04375 0.046875
0 0.8765625 0.4625 0.03046875 0.02734375
0 0.88515625 0.546875 0.02734375 0.0296875
0 0.81328125 0.51484375 0.02734375 0.0359375
0 0.8328125 0.4875 0.0328125 0.0328125
0 0.7375 0.48125 0.02421875 0.02734375
0 0.7203125 0.5390625 0.025 0.02890625
0 0.69765625 0.4796875 0.02265625 0.03203125
0 0.6875 0.43984375 0.0234375 0.02734375
0 0.7171875 0.4421875 0.021875 0.02421875
0 0.7734375 0.45234375 0.0234375 0.02265625
0 0.75703125 0.38828125 0.021875 0.025
0 0.7015625 0.35703125 0.0234375 0.01796875
0 0.678125 0.4 0.01875 0.02578125
0 0.6296875 0.44140625 0.0265625 0.03203125
0 0.59765625 0.47265625 0.0265625 0.02109375
0 0.53828125 0.409375 0.0234375 0.02265625
0 0.54375 0.446875 0.025 0.0265625
0 0.49296875 0.428125 0.021875 0.0296875
0 0.45390625 0.425 0.02421875 0.02109375
0 0.465625 0.403125 0.01953125 0.02109375
0 0.08671875 0.4984375 0.025 0.025
0 0.0375 0.55625 0.028125 0.02578125
0 0.8984375 0.49453125 0.034375 0.03125
0 0.8375 0.646875 0.03359375 0.04296875
0 0.87890625 0.66484375 0.03359375 0.04140625
0 0.94375 0.5109375 0.03203125 0.03359375