0 0.0265625 0.86875 0.03515625 0.05703125
0 0.0671875 0.89765625 0.02890625 0.04765625
0 0.1625 0.8296875 0.03828125 0.053125
0 0.2203125 0.86796875 0.03671875 0.05
0 0.25234375 0.92265625 0.021875 0.04609375
0 0.2890625 0.82109375 0.02890625 0.05078125
0 0.19453125 0.77109375 0.021875 0.03359375
0 0.12109375 0.73359375 0.0375 0.04765625
0 0.05859375 0.67265625 0.0359375 0.04453125
0 0.05859375 0.7640625 0.0265625 0.04765625
0 0.125 0.6796875 0.0296875 0.04375
0 0.10703125 0.5671875 0.03046875 0.02890625
0 0.1515625 0.621875 0.02578125 0.03515625
0 0.221875 0.81328125 0.0296875 0.0546875
0 0.07109375 0.81328125 0.0375 0.04296875
0 0.253125 0.7953125 0.0296875 0.03515625
0 0.35703125 0.72109375 0.03671875 0.0375
0 0.39453125 0.95078125 0.0453125 0.07265625
0 0.3921875 0.8515625 0.03828125 0.0515625
0 0.46640625 0.903125 0.0453125 0.0625
0 0.52109375 0.846875 0.03203125 0.0515625
0 0.55078125 0.89296875 0.046875 0.05546875
0 0.62109375 0.8796875 0.03125 0.04765625
0 0.63828125 0.971875 0.0421875 0.05625
0 0.6875 0.91328125 0.03671875 0.0734375
0 0.746875 0.9703125 0.03671875 0.05859375
0 0.7484375 0.825 0.03828125 0.0625
0 0.8 0.9015625 0.0328125 0.0671875
0 0.8953125 0.9203125 0.03671875 0.075
0 0.803125 0.84296875 0.034375 0.05078125
0 0.840625 0.81640625 0.0328125 0.05625
0 0.74140625 0.703125 0.0265625 0.04375
0 0.7265625 0.65859375 0.03359375 0.046875
0 0.6796875 0.62421875 0.0359375 0.05078125
0 0.63828125 0.640625 0.028125 0.04296875
0 0.596875 0.6671875 0.0234375 0.0453125
0 0.62734375 0.72734375 0.03203125 0.040625
0 0.60625 0.76640625 0.03203125 0.05
0 0.8734375 0.853125 0.02734375 0.05078125
0 0.9125 0.8375 0.03046875 0.05234375
0 0.95 0.94921875 0.03828125 0.0546875
0 0.93125 0.784375 0.0515625 0.05546875
0 0.846875 0.67734375 0.03515625 0.0484375
0 0.63515625 0.5953125 0.025 0.03125
0 0.440625 0.6453125 0.03671875 0.040625
0 0.44609375 0.7296875 0.03828125 0.0421875
0 0.44765625 0.77890625 0.0359375 0.040625
0 0.51328125 0.73515625 0.025 0.04453125
0 0.25625 0.57421875 0.028125 0.03203125
0 0.21015625 0.67734375 0.02578125 0.0375
0 0.17421875 0.7296875 0.0296875 0.0390625
0 0.2046875 0.534375 0.0265625 0.0359375
0 0.05703125 0.62890625 0.028125 0.040625
0 0.63984375 0.49375 0.0296875 0.0359375
0 0.73984375 0.56640625 0.0375 0.04609375
0 0.6859375 0.7359375 0.0359375 0.03828125
0 0.3671875 0.7953125 0.03984375 0.04296875
0 0.30703125 0.6484375 0.028125 0.03671875
0 0.2328125 0.48671875 0.02265625 0.0265625
0 0.23125 0.453125 0.02578125 0.02578125
0 0.26328125 0.46484375 0.025 0.02890625
0 0.4078125 0.46015625 0.0234375 0.03515625
0 0.60859375 0.50703125 0.028125 0.03203125
0 0.4640625 0.98203125 0.03046875 0.0359375
0 0.44765625 0.509375 0.02109375 0.03359375
0 0.665625 0.5421875 0.03046875 0.03046875
0 0.85 0.55390625 0.03046875 0.034375
0 0.509375 0.546875 0.03359375 0.03203125
0 0.60703125 0.5921875 0.02734375 0.0359375
0 0.5828125 0.54140625 0.0234375 0.03828125
0 0.58671875 0.50078125 0.02421875 0.02578125
0 0.5421875 0.56796875 0.01640625 0.025