0 0.0359375 0.92890625 0.06328125 0.071875
0 0.03984375 0.84765625 0.0390625 0.06015625
0 0.115625 0.94453125 0.0421875 0.06796875
0 0.2171875 0.94765625 0.040625 0.06953125
0 0.27265625 0.9875 0.03671875 0.025
0 0.3015625 0.95703125 0.0421875 0.0421875
0 0.34375 0.90078125 0.03515625 0.06015625
0 0.3078125 0.8921875 0.03671875 0.05625
0 0.39765625 0.91640625 0.03359375 0.04375
0 0.4453125 0.9375 0.03125 0.04296875
0 0.44921875 0.88984375 0.04453125 0.040625
0 0.51171875 0.90625 0.04609375 0.05390625
0 0.54296875 0.78515625 0.0296875 0.0390625
0 0.41875 0.78828125 0.0296875 0.03359375
0 0.4375 0.8375 0.0390625 0.03984375
0 0.66484375 0.946875 0.04296875 0.03984375
0 0.71328125 0.95625 0.04296875 0.04765625
0 0.76640625 0.9140625 0.0390625 0.0625
0 0.8234375 0.890625 0.05078125 0.06796875
0 0.89375 0.953125 0.0515625 0.071875
0 0.96484375 0.940625 0.03203125 0.0359375
0 0.92421875 0.88828125 0.0421875 0.04609375
0 0.640625 0.78515625 0.02890625 0.03984375
0 0.6 0.809375 0.03046875 0.04609375
0 0.52109375 0.68984375 0.0359375 0.04609375
0 0.2875 0.828125 0.028125 0.05
0 0.2875 0.77421875 0.03828125 0.05625
0 0.209375 0.82890625 0.0390625 0.04609375
0 0.159375 0.8953125 0.0390625 0.040625
0 0.1546875 0.84609375 0.03828125 0.03671875
0 0.09921875 0.8203125 0.04140625 0.04453125
0 0.10625 0.7546875 0.040625 0.04453125
0 0.14140625 0.78671875 0.0171875 0.040625
0 0.15 0.7984375 0.02109375 0.0296875
0 0.1859375 0.76953125 0.0296875 0.04375
0 0.196875 0.71640625 0.0171875 0.034375
0 0.2265625 0.70625 0.03515625 0.046875
0 0.24375 0.7625 0.03984375 0.040625
0 0.2359375 0.61953125 0.02578125 0.03359375
0 0.1515625 0.5625 0.02421875 0.034375
0 0.26171875 0.64140625 0.0359375 0.0359375
0 0.2625 0.59296875 0.02734375 0.03671875
0 0.29140625 0.66640625 0.034375 0.04140625
0 0.30390625 0.6140625 0.03671875 0.03359375
0 0.3921875 0.5734375 0.03046875 0.03515625
0 0.5984375 0.7484375 0.0359375 0.0421875
0 0.68515625 0.746875 0.03828125 0.04296875
0 0.721875 0.82734375 0.03359375 0.04921875
0 0.7609375 0.834375 0.0390625 0.0515625
0 0.89609375 0.79609375 0.03984375 0.05234375
0 0.82421875 0.7828125 0.02734375 0.04453125
0 0.79140625 0.7453125 0.03984375 0.034375
0 0.85546875 0.690625 0.040625 0.03984375
0 0.9296875 0.7578125 0.03046875 0.0359375
0 0.7546875 0.6671875 0.03046875 0.04140625
0 0.71875 0.69296875 0.03203125 0.0328125
0 0.64375 0.68515625 0.03203125 0.0359375
0 0.58671875 0.6515625 0.02734375 0.0328125
0 0.47109375 0.61015625 0.025 0.040625
0 0.49609375 0.61640625 0.02890625 0.0328125
0 0.02578125 0.73671875 0.04140625 0.03125
0 0.05234375 0.6765625 0.028125 0.04140625
0 0.0203125 0.60859375 0.03828125 0.0453125
0 0.31171875 0.57890625 0.02578125 0.03515625
0 0.78203125 0.70078125 0.02421875 0.03828125
0 0.803125 0.6734375 0.0328125 0.05
0 0.87265625 0.734375 0.03359375 0.04296875
0 0.6203125 0.63828125 0.03359375 0.03984375
0 0.4203125 0.73984375 0.028125 0.03203125
0 0.38828125 0.52109375 0.03046875 0.03203125
0 0.3515625 0.59609375 0.03203125 0.04921875
0 0.55625 0.6875 0.02890625 0.0359375
0 0.646875 0.571875 0.03125 0.03046875
0 0.73359375 0.58984375 0.021875 0.04453125
0 0.6890625 0.68125 0.03046875 0.03359375
0 0.8125 0.615625 0.02734375 0.025
0 0.8625 0.615625 0.034375 0.0390625
0 0.86796875 0.64609375 0.03515625 0.0234375
0 0.884375 0.67890625 0.034375 0.0375
0 0.36640625 0.74453125 0.0390625 0.04140625
0 0.34609375 0.52109375 0.02734375 0.0296875
0 0.28828125 0.5203125 0.03046875 0.02890625
0 0.184375 0.68671875 0.0265625 0.0421875