0 0.34921875 0.9515625 0.0921875 0.0859375
0 0.44296875 0.97578125 0.0734375 0.0484375
0 0.628125 0.9640625 0.06171875 0.07109375
0 0.7125 0.9578125 0.06796875 0.078125
0 0.83515625 0.9265625 0.08359375 0.0546875
0 0.76015625 0.90859375 0.06015625 0.09609375
0 0.70859375 0.8875 0.0453125 0.07421875
0 0.67109375 0.86015625 0.040625 0.0546875
0 0.58125 0.86640625 0.05 0.08359375
0 0.53203125 0.8515625 0.05390625 0.0671875
0 0.4890625 0.884375 0.04609375 0.0765625
0 0.4203125 0.8359375 0.05390625 0.06328125
0 0.478125 0.75625 0.04765625 0.05
0 0.53515625 0.70703125 0.04765625 0.04453125
0 0.615625 0.70703125 0.0390625 0.04765625
0 0.83515625 0.82578125 0.0453125 0.05234375
0 0.9609375 0.89296875 0.071875 0.0921875
0 0.81796875 0.7375 0.03125 0.0546875
0 0.78046875 0.73671875 0.040625 0.04765625
0 0.8484375 0.696875 0.02890625 0.028125
0 0.87421875 0.67890625 0.0421875 0.05
0 0.82265625 0.6703125 0.04375 0.0328125
0 0.98046875 0.6734375 0.03828125 0.0265625
0 0.83046875 0.54453125 0.03359375 0.0390625
0 0.76875 0.6421875 0.03671875 0.04765625
0 0.71953125 0.68359375 0.02578125 0.04921875
0 0.74453125 0.66953125 0.03828125 0.03984375
0 0.68984375 0.590625 0.04921875 0.053125
0 0.64375 0.62734375 0.04296875 0.0375
0 0.5578125 0.63125 0.04453125 0.053125
0 0.61953125 0.78125 0.05078125 0.06015625
0 0.49453125 0.6453125 0.04375 0.04609375
0 0.4875 0.59609375 0.025 0.03515625
0 0.62109375 0.5640625 0.0296875 0.0453125
0 0.584375 0.5421875 0.03515625 0.025
0 0.37890625 0.68984375 0.03203125 0.05703125
0 0.425 0.65859375 0.03359375 0.03828125
0 0.403125 0.65546875 0.0375 0.0203125
0 0.525 0.496875 0.04296875 0.0484375
0 0.56953125 0.4859375 0.01953125 0.021875
0 0.63828125 0.48203125 0.03359375 0.02890625
0 0.69765625 0.490625 0.034375 0.02421875
0 0.73671875 0.5453125 0.040625 0.04140625
0 0.2890625 0.73515625 0.03203125 0.040625
0 0.32734375 0.7765625 0.03125 0.0296875
0 0.26875 0.8171875 0.0359375 0.04609375
0 0.20703125 0.828125 0.0578125 0.06328125
0 0.25234375 0.91328125 0.034375 0.0453125
0 0.88984375 0.62109375 0.04296875 0.03828125
0 0.95703125 0.60234375 0.02890625 0.03203125
0 0.8125 0.59296875 0.03125 0.03515625
0 0.215625 0.67734375 0.053125 0.040625
0 0.29921875 0.6421875 0.0359375 0.040625
0 0.29921875 0.67578125 0.03515625 0.03203125
0 0.325 0.6046875 0.03203125 0.03203125
0 0.315625 0.56796875 0.040625 0.0375
0 0.3828125 0.5625 0.034375 0.04921875
0 0.153125 0.72421875 0.04296875 0.046875
0 0.07109375 0.8640625 0.05078125 0.053125
0 0.12421875 0.8265625 0.053125 0.0625
0 0.22109375 0.63671875 0.03125 0.03125
0 0.7203125 0.496875 0.0265625 0.034375
0 0.33359375 0.84453125 0.05546875 0.07734375
0 0.87890625 0.559375 0.0390625 0.0328125
0 0.3546875 0.48984375 0.03828125 0.03125
0 0.18203125 0.61015625 0.040625 0.03671875
0 0.165625 0.54296875 0.05390625 0.02890625
0 0.08984375 0.73046875 0.0359375 0.05
0 0.19375 0.49921875 0.02734375 0.028125
0 0.8015625 0.55546875 0.03515625 0.03359375
0 0.76796875 0.5390625 0.02578125 0.03671875
0 0.68359375 0.4640625 0.02890625 0.02734375
0 0.33203125 0.51875 0.03828125 0.028125
0 0.084375 0.53203125 0.0375 0.0328125