0 0.2921875 0.9734375 0.03046875 0.05234375
0 0.2671875 0.95546875 0.03828125 0.04375
0 0.20625 0.9328125 0.03671875 0.04765625
0 0.12109375 0.9265625 0.03359375 0.04375
0 0.13125 0.88671875 0.034375 0.04296875
0 0.05703125 0.94140625 0.05859375 0.0828125
0 0.02578125 0.78515625 0.03515625 0.040625
0 0.0625 0.7296875 0.02265625 0.0328125
0 0.028125 0.71328125 0.0359375 0.03828125
0 0.03046875 0.63984375 0.03359375 0.03515625
0 0.10625 0.70390625 0.0328125 0.034375
0 0.096875 0.74140625 0.028125 0.028125
0 0.0953125 0.81171875 0.02578125 0.0296875
0 0.1890625 0.821875 0.034375 0.04453125
0 0.2046875 0.790625 0.0296875 0.034375
0 0.17578125 0.74453125 0.02421875 0.03359375
0 0.15546875 0.746875 0.0203125 0.02578125
0 0.1625 0.67734375 0.0234375 0.02578125
0 0.13828125 0.675 0.02421875 0.0296875
0 0.0984375 0.6796875 0.02109375 0.0265625
0 0.175 0.61640625 0.02265625 0.02265625
0 0.21171875 0.64765625 0.0171875 0.02265625
0 0.23359375 0.675 0.02265625 0.0296875
0 0.19609375 0.6875 0.028125 0.03515625
0 0.2546875 0.7421875 0.02734375 0.03984375
0 0.221875 0.7203125 0.01796875 0.01953125
0 0.2953125 0.80625 0.0359375 0.04140625
0 0.3328125 0.81171875 0.02578125 0.03984375
0 0.27734375 0.9015625 0.02109375 0.02890625
0 0.42578125 0.934375 0.0359375 0.0390625
0 0.38671875 0.86796875 0.028125 0.05234375
0 0.434375 0.88203125 0.028125 0.03828125
0 0.4203125 0.83203125 0.0375 0.04453125
0 0.4859375 0.84140625 0.02578125 0.034375
0 0.51953125 0.8765625 0.03359375 0.03515625
0 0.53125 0.984375 0.015625 0.03046875
0 0.56640625 0.9234375 0.0296875 0.0484375
0 0.59609375 0.9640625 0.03671875 0.053125
0 0.61640625 0.98671875 0.02890625 0.02578125
0 0.70625 0.98203125 0.034375 0.0359375
0 0.584375 0.88515625 0.025 0.04296875
0 0.59375 0.79765625 0.03125 0.03125
0 0.62578125 0.790625 0.03359375 0.034375
0 0.65078125 0.85390625 0.0359375 0.04765625
0 0.65625 0.82109375 0.015625 0.0203125
0 0.6890625 0.84140625 0.03359375 0.04140625
0 0.721875 0.8640625 0.03359375 0.04921875
0 0.7328125 0.83515625 0.025 0.03125
0 0.72421875 0.9265625 0.0234375 0.0375
0 0.8125 0.94921875 0.04140625 0.0515625
0 0.85078125 0.928125 0.040625 0.0578125
0 0.89296875 0.971875 0.028125 0.03828125
0 0.95625 0.97578125 0.03984375 0.0484375
0 0.809375 0.86875 0.03828125 0.04921875
0 0.76015625 0.77578125 0.02890625 0.0375
0 0.78359375 0.7546875 0.028125 0.0375
0 0.82109375 0.734375 0.0375 0.0375
0 0.85 0.79140625 0.0328125 0.0421875
0 0.8890625 0.8078125 0.034375 0.04375
0 0.91015625 0.75390625 0.028125 0.021875
0 0.88046875 0.7046875 0.02734375 0.0390625
0 0.98359375 0.78359375 0.03203125 0.028125
0 0.4890625 0.78984375 0.03515625 0.04296875
0 0.39140625 0.76640625 0.03359375 0.0453125
0 0.3171875 0.74296875 0.0265625 0.04140625
0 0.3421875 0.75703125 0.02421875 0.03671875
0 0.29140625 0.68515625 0.02734375 0.03671875
0 0.33203125 0.67890625 0.0234375 0.03203125
0 0.39609375 0.6078125 0.028125 0.02734375
0 0.37734375 0.64765625 0.02734375 0.02734375
0 0.37109375 0.6171875 0.02109375 0.02734375
0 0.39609375 0.6515625 0.015625 0.02421875
0 0.42578125 0.6640625 0.025 0.0265625
0 0.4703125 0.5875 0.0234375 0.02421875
0 0.4453125 0.553125 0.01953125 0.03125
0 0.4203125 0.57421875 0.02265625 0.0234375
0 0.25 0.58125 0.01875 0.02578125
0 0.23046875 0.53359375 0.02265625 0.02734375
0 0.32578125 0.61640625 0.02734375 0.02578125
0 0.39765625 0.71015625 0.0203125 0.0234375
0 0.45703125 0.6859375 0.025 0.03203125
0 0.46484375 0.721875 0.025 0.02421875
0 0.50234375 0.7296875 0.03671875 0.0359375
0 0.53046875 0.76484375 0.02890625 0.0296875
0 0.30234375 0.5640625 0.01875 0.0203125
0 0.29140625 0.48046875 0.01953125 0.0265625
0 0.3625 0.50390625 0.021875 0.02421875
0 0.5171875 0.61796875 0.01875 0.03828125
0 0.45390625 0.60390625 0.01953125 0.02421875
0 0.553125 0.7125 0.02578125 0.028125
0 0.60390625 0.58515625 0.02265625 0.02421875
0 0.56796875 0.57421875 0.0234375 0.01953125
0 0.56953125 0.55390625 0.0234375 0.028125
0 0.53984375 0.57734375 0.025 0.03046875
0 0.53359375 0.471875 0.015625 0.0203125
0 0.52265625 0.5484375 0.02265625 0.0203125
0 0.41640625 0.4828125 0.0203125 0.0203125
0 0.4296875 0.46328125 0.021875 0.021875
0 0.4171875 0.540625 0.01953125 0.021875
0 0.62734375 0.70859375 0.02109375 0.01953125
0 0.69765625 0.70234375 0.0359375 0.040625
0 0.6921875 0.7515625 0.028125 0.0390625
0 0.96640625 0.75859375 0.02109375 0.03125
0 0.84609375 0.5296875 0.02890625 0.02890625
0 0.89921875 0.5984375 0.0234375 0.02109375
0 0.9203125 0.93984375 0.04140625 0.04140625
0 0.7375 0.7234375 0.0265625 0.02421875
0 0.77265625 0.68984375 0.02265625 0.0390625
0 0.72890625 0.6859375 0.0234375 0.0390625
0 0.70234375 0.65390625 0.025 0.021875
0 0.5953125 0.6578125 0.028125 0.021875
0 0.73046875 0.5265625 0.0265625 0.021875
0 0.82890625 0.6609375 0.03046875 0.03515625
0 0.8703125 0.75390625 0.0234375 0.03046875
0 0.92421875 0.59296875 0.02265625 0.028125
0 0.646875 0.640625 0.025 0.0265625
0 0.37890625 0.56796875 0.02265625 0.028125
0 0.25859375 0.475 0.0203125 0.01875
0 0.82109375 0.621875 0.015625 0.02109375