0 0.0328125 0.9359375 0.0578125 0.0703125
0 0.1296875 0.85859375 0.03828125 0.06875
0 0.21796875 0.9328125 0.0390625 0.05234375
0 0.19375 0.96328125 0.02578125 0.0453125
0 0.28515625 0.96640625 0.03984375 0.06328125
0 0.33671875 0.9125 0.03359375 0.05078125
0 0.36875 0.915625 0.02578125 0.053125
0 0.38359375 0.96171875 0.0390625 0.04765625
0 0.38125 0.84921875 0.05 0.05234375
0 0.3234375 0.84609375 0.04140625 0.05
0 0.31171875 0.76640625 0.0359375 0.059375
0 0.25625 0.77421875 0.02109375 0.040625
0 0.2265625 0.7265625 0.03984375 0.05078125
0 0.23125 0.69140625 0.02890625 0.028125
0 0.284375 0.6890625 0.025 0.046875
0 0.35078125 0.67578125 0.025 0.04140625
0 0.3796875 0.71796875 0.03125 0.040625
0 0.37734375 0.78203125 0.0359375 0.04765625
0 0.4375 0.81875 0.04609375 0.06015625
0 0.44453125 0.74921875 0.03671875 0.04765625
0 0.48671875 0.703125 0.03515625 0.046875
0 0.5109375 0.7453125 0.02109375 0.0359375
0 0.4234375 0.66015625 0.03828125 0.03203125
0 0.42421875 0.62421875 0.03828125 0.0296875
0 0.4796875 0.61875 0.02890625 0.0453125
0 0.42109375 0.5609375 0.028125 0.0421875
0 0.34375 0.6140625 0.03203125 0.03515625
0 0.2453125 0.60625 0.02890625 0.03515625
0 0.2515625 0.67265625 0.02265625 0.0328125
0 0.19921875 0.66171875 0.025 0.03359375
0 0.1703125 0.7078125 0.03984375 0.04140625
0 0.0953125 0.75703125 0.03671875 0.03125
0 0.09375 0.6890625 0.0296875 0.046875
0 0.0625 0.73203125 0.03203125 0.034375
0 0.02109375 0.71640625 0.03671875 0.0484375
0 0.04296875 0.7953125 0.04453125 0.04921875
0 0.06015625 0.83125 0.03515625 0.04140625
0 0.0703125 0.5859375 0.04375 0.040625
0 0.071875 0.65 0.034375 0.0421875
0 0.12890625 0.634375 0.0328125 0.05390625
0 0.13125 0.590625 0.02578125 0.04140625
0 0.15703125 0.5671875 0.02578125 0.0328125
0 0.146875 0.553125 0.03828125 0.02265625
0 0.10390625 0.53828125 0.034375 0.0328125
0 0.14296875 0.52109375 0.0296875 0.03203125
0 0.1703125 0.51015625 0.01953125 0.02578125
0 0.203125 0.58203125 0.0296875 0.05078125
0 0.2546875 0.53671875 0.03359375 0.02578125
0 0.2453125 0.5015625 0.02890625 0.04140625
0 0.29296875 0.56171875 0.0296875 0.0421875
0 0.06171875 0.55 0.03359375 0.03984375
0 0.5328125 0.9234375 0.0484375 0.08359375
0 0.58203125 0.8859375 0.0421875 0.0546875
0 0.6375 0.8765625 0.03203125 0.05078125
0 0.55390625 0.81875 0.040625 0.0515625
0 0.59296875 0.81015625 0.03203125 0.059375
0 0.63359375 0.74921875 0.025 0.0609375
0 0.57734375 0.734375 0.03671875 0.04765625
0 0.68046875 0.8015625 0.03359375 0.05
0 0.7171875 0.90859375 0.03515625 0.0484375
0 0.7359375 0.87265625 0.0296875 0.05625
0 0.7609375 0.90703125 0.02734375 0.05859375
0 0.77265625 0.8671875 0.0234375 0.0421875
0 0.79453125 0.92109375 0.0296875 0.06484375
0 0.821875 0.89609375 0.0375 0.06328125
0 0.81328125 0.77109375 0.03359375 0.04296875
0 0.8046875 0.73828125 0.02734375 0.0375
0 0.84296875 0.76484375 0.02734375 0.05
0 0.82109375 0.6953125 0.021875 0.0375
0 0.8453125 0.71484375 0.02578125 0.04765625
0 0.83828125 0.65625 0.0390625 0.04921875
0 0.77109375 0.5734375 0.02421875 0.0328125
0 0.803125 0.590625 0.0203125 0.0390625
0 0.76875 0.68125 0.03671875 0.0484375
0 0.725 0.7421875 0.03828125 0.05078125
0 0.73046875 0.70390625 0.0296875 0.03984375
0 0.68671875 0.6890625 0.03125 0.05
0 0.68046875 0.62734375 0.0296875 0.04296875
0 0.584375 0.61875 0.02890625 0.0359375
0 0.59296875 0.5890625 0.01875 0.034375
0 0.62890625 0.540625 0.02734375 0.040625
0 0.6703125 0.56328125 0.0328125 0.0328125
0 0.684375 0.496875 0.0296875 0.03359375
0 0.590625 0.5484375 0.0328125 0.0359375
0 0.91640625 0.94296875 0.05546875 0.0546875
0 0.8875 0.9703125 0.04140625 0.059375
0 0.8609375 0.8546875 0.0578125 0.0609375
0 0.8171875 0.83984375 0.03359375 0.04375
0 0.9296875 0.69765625 0.0390625 0.03671875
0 0.91796875 0.64375 0.02890625 0.04140625
0 0.9234375 0.61328125 0.0375 0.04453125
0 0.96796875 0.6578125 0.04140625 0.046875
0 0.9546875 0.5671875 0.03984375 0.028125
0 0.97421875 0.809375 0.0515625 0.07109375
0 0.9328125 0.78125 0.03828125 0.05