0 0.26640625 0.896875 0.05234375 0.07265625
0 0.15390625 0.9265625 0.0375 0.06171875
0 0.0421875 0.978125 0.034375 0.04375
0 0.0203125 0.8828125 0.03984375 0.04765625
0 0.01796875 0.82109375 0.0359375 0.0484375
0 0.096875 0.74609375 0.05234375 0.046875
0 0.0921875 0.64921875 0.02578125 0.0296875
0 0.17421875 0.6828125 0.03671875 0.04140625
0 0.253125 0.74296875 0.028125 0.05234375
0 0.34921875 0.91796875 0.0359375 0.07265625
0 0.40625 0.86953125 0.0640625 0.0765625
0 0.421875 0.82421875 0.0375 0.0453125
0 0.4890625 0.85859375 0.03671875 0.04453125
0 0.53125 0.903125 0.0390625 0.07109375
0 0.5421875 0.828125 0.025 0.0328125
0 0.6359375 0.8203125 0.03671875 0.0578125
0 0.74921875 0.9453125 0.05234375 0.05625
0 0.83515625 0.940625 0.06328125 0.07578125
0 0.865625 0.84609375 0.05 0.05546875
0 0.92578125 0.90625 0.05390625 0.07421875
0 0.965625 0.82890625 0.04609375 0.046875
0 0.696875 0.6984375 0.01953125 0.0296875
0 0.74140625 0.72734375 0.025 0.0328125
0 0.81171875 0.7609375 0.034375 0.0359375
0 0.5265625 0.73359375 0.034375 0.04765625
0 0.40234375 0.7578125 0.03671875 0.0328125
0 0.43828125 0.65390625 0.03046875 0.04296875
0 0.38671875 0.684375 0.03359375 0.040625
0 0.34296875 0.6765625 0.03359375 0.0296875
0 0.35625 0.72578125 0.03203125 0.0296875
0 0.24765625 0.59375 0.03046875 0.02578125
0 0.24296875 0.565625 0.02890625 0.02890625
0 0.2 0.5765625 0.02890625 0.03671875
0 0.2171875 0.54296875 0.01796875 0.02578125
0 0.065625 0.5859375 0.03046875 0.03515625
0 0.04453125 0.63359375 0.0234375 0.0234375
0 0.1 0.596875 0.0265625 0.028125
0 0.12578125 0.565625 0.02109375 0.03046875
0 0.1078125 0.53984375 0.0203125 0.021875
0 0.1578125 0.52265625 0.0296875 0.02578125
0 0.13203125 0.6140625 0.0234375 0.02578125
0 0.103125 0.890625 0.0234375 0.0421875
0 0.09609375 0.4875 0.02890625 0.034375
0 0.15390625 0.49140625 0.02421875 0.025
0 0.296875 0.5671875 0.0203125 0.03125
0 0.2703125 0.55546875 0.02109375 0.0234375
0 0.38203125 0.58671875 0.02734375 0.02578125
0 0.38828125 0.63125 0.03125 0.03671875
0 0.440625 0.61015625 0.03359375 0.0296875
0 0.4796875 0.57578125 0.025 0.02578125
0 0.50234375 0.596875 0.02421875 0.02890625
0 0.5703125 0.64609375 0.03125 0.04609375
0 0.56640625 0.7 0.0296875 0.04609375
0 0.6109375 0.6984375 0.03125 0.03515625
0 0.67421875 0.71171875 0.02578125 0.03515625
0 0.65 0.64765625 0.0203125 0.046875
0 0.60703125 0.61015625 0.02734375 0.04765625
0 0.65390625 0.5625 0.02265625 0.02734375
0 0.6875 0.60234375 0.0296875 0.03125
0 0.76953125 0.5671875 0.0234375 0.034375
0 0.76875 0.70703125 0.02734375 0.0328125
0 0.97265625 0.74375 0.0328125 0.0421875
0 0.84609375 0.7421875 0.034375 0.0421875
0 0.346875 0.51015625 0.02109375 0.02109375
0 0.4234375 0.53984375 0.0296875 0.02421875
0 0.41875 0.51171875 0.03046875 0.02421875
0 0.4703125 0.5109375 0.0234375 0.03046875
0 0.55859375 0.51015625 0.02109375 0.02109375
0 0.5703125 0.48828125 0.0171875 0.01796875
0 0.6484375 0.49375 0.0171875 0.02265625
0 0.60703125 0.5109375 0.025 0.0265625
0 0.853125 0.53125 0.02265625 0.025
0 0.85 0.509375 0.02421875 0.02265625
0 0.35625 0.5515625 0.02265625 0.021875
0 0.8890625 0.57578125 0.0234375 0.02578125
0 0.890625 0.596875 0.02265625 0.025