0 0.25625 0.9375 0.05390625 0.07890625
0 0.1703125 0.96484375 0.04921875 0.05859375
0 0.12734375 0.93828125 0.05703125 0.0578125
0 0.07109375 0.8640625 0.0453125 0.05390625
0 0.11640625 0.8875 0.0578125 0.05390625
0 0.340625 0.9 0.0625 0.06796875
0 0.3640625 0.95859375 0.04296875 0.05078125
0 0.45546875 0.95 0.0671875 0.1
0 0.51015625 0.95390625 0.02734375 0.053125
0 0.60859375 0.93125 0.071875 0.084375
0 0.79296875 0.96640625 0.05078125 0.0578125
0 0.8359375 0.91953125 0.05078125 0.06484375
0 0.78984375 0.846875 0.05546875 0.06484375
0 0.48125 0.85625 0.05859375 0.06640625
0 0.596875 0.809375 0.0421875 0.06953125
0 0.54609375 0.85625 0.04765625 0.05703125
0 0.73203125 0.765625 0.0515625 0.06953125
0 0.6953125 0.86015625 0.05234375 0.0390625
0 0.890625 0.925 0.065625 0.0796875
0 0.88125 0.81328125 0.05 0.06640625
0 0.8828125 0.85546875 0.04609375 0.04296875
0 0.9515625 0.8515625 0.06171875 0.0796875
0 0.9625 0.8046875 0.0671875 0.07421875
0 0.8203125 0.73671875 0.02890625 0.0359375
0 0.74140625 0.70078125 0.040625 0.06015625
0 0.77109375 0.6765625 0.03984375 0.05
0 0.9390625 0.6859375 0.0515625 0.04296875
0 0.7890625 0.61953125 0.04140625 0.0578125
0 0.66015625 0.6703125 0.03125 0.03203125
0 0.646875 0.7296875 0.0296875 0.03984375
0 0.559375 0.7609375 0.046875 0.0578125
0 0.5984375 0.7296875 0.040625 0.04375
0 0.56171875 0.7140625 0.0421875 0.05
0 0.534375 0.69453125 0.03203125 0.0328125
0 0.490625 0.7671875 0.03828125 0.05
0 0.40859375 0.77578125 0.0265625 0.040625
0 0.46953125 0.703125 0.034375 0.05234375
0 0.428125 0.69453125 0.0390625 0.04140625
0 0.3921875 0.7171875 0.0296875 0.040625
0 0.35078125 0.78125 0.04453125 0.03828125
0 0.284375 0.771875 0.05703125 0.07421875
0 0.3921875 0.63203125 0.03125 0.03515625
0 0.43828125 0.6 0.034375 0.03125
0 0.27265625 0.6984375 0.0484375 0.05234375
0 0.33359375 0.83125 0.0390625 0.05
0 0.34296875 0.68828125 0.0421875 0.04609375
0 0.4953125 0.6875 0.03828125 0.0390625
0 0.49921875 0.6453125 0.028125 0.04375
0 0.9546875 0.6328125 0.0375 0.03671875
0 0.8640625 0.60703125 0.0265625 0.02578125
0 0.784375 0.559375 0.02734375 0.02421875
0 0.65546875 0.60625 0.0234375 0.03359375
0 0.6296875 0.6 0.03203125 0.0421875
0 0.70546875 0.56640625 0.02421875 0.028125
0 0.58359375 0.57421875 0.01953125 0.0265625
0 0.60390625 0.56640625 0.02265625 0.0328125
0 0.49921875 0.59765625 0.0296875 0.034375
0 0.52734375 0.5390625 0.02890625 0.02734375
0 0.5625 0.51171875 0.03125 0.03203125
0 0.51328125 0.4921875 0.0265625 0.02734375
0 0.81875 0.60859375 0.03125 0.0375
0 0.92578125 0.571875 0.03203125 0.0390625
0 0.88671875 0.74453125 0.0390625 0.05078125
0 0.45546875 0.5421875 0.03203125 0.03515625
0 0.40234375 0.55859375 0.03125 0.03125
0 0.396875 0.5203125 0.03046875 0.03125
0 0.31484375 0.49765625 0.025 0.03046875
0 0.31015625 0.59140625 0.03203125 0.04375
0 0.34453125 0.56328125 0.04140625 0.0328125
0 0.2625 0.53359375 0.025 0.02734375
0 0.259375 0.50390625 0.0359375 0.03046875
0 0.24453125 0.58125 0.03046875 0.0265625
0 0.2453125 0.5640625 0.03203125 0.034375
0 0.2375 0.62265625 0.0234375 0.034375
0 0.21171875 0.746875 0.0296875 0.034375
0 0.17578125 0.69140625 0.0296875 0.03828125
0 0.43203125 0.44140625 0.04296875 0.03359375
0 0.609375 0.47578125 0.03203125 0.03203125
0 0.684375 0.475 0.02265625 0.03046875
0 0.06484375 0.71953125 0.03671875 0.0390625
0 0.16875 0.59140625 0.04296875 0.0328125
0 0.17578125 0.56015625 0.034375 0.02890625
0 0.12265625 0.628125 0.03828125 0.03203125
0 0.2203125 0.684375 0.0296875 0.0390625
0 0.59921875 0.44140625 0.021875 0.02890625
0 0.48515625 0.478125 0.03125 0.028125
0 0.07734375 0.57421875 0.03828125 0.03984375
0 0.1015625 0.69609375 0.0453125 0.04140625