0 0.090625 0.971875 0.04609375 0.05625
0 0.1125 0.91328125 0.046875 0.05703125
0 0.0765625 0.72265625 0.02890625 0.0453125
0 0.1859375 0.846875 0.03671875 0.0515625
0 0.225 0.89140625 0.03515625 0.0515625
0 0.26640625 0.940625 0.0390625 0.06484375
0 0.375 0.9546875 0.0359375 0.05
0 0.40859375 0.90703125 0.0265625 0.03359375
0 0.45234375 0.84140625 0.04453125 0.05859375
0 0.41328125 0.76015625 0.04140625 0.0453125
0 0.36015625 0.8 0.03984375 0.053125
0 0.30078125 0.771875 0.034375 0.04296875
0 0.30234375 0.73046875 0.03046875 0.04375
0 0.2703125 0.66171875 0.03359375 0.040625
0 0.21484375 0.6796875 0.03046875 0.02734375
0 0.2390625 0.703125 0.03046875 0.03984375
0 0.19921875 0.75625 0.03203125 0.0421875
0 0.17890625 0.6328125 0.025 0.03125
0 0.07109375 0.59609375 0.02890625 0.02578125
0 0.29375 0.56796875 0.04296875 0.03203125
0 0.33125 0.63984375 0.02890625 0.03515625
0 0.35390625 0.6625 0.03359375 0.03671875
0 0.41328125 0.66640625 0.03984375 0.04609375
0 0.47421875 0.74375 0.028125 0.04140625
0 0.509375 0.78359375 0.02890625 0.04140625
0 0.53125 0.8421875 0.03984375 0.04921875
0 0.57421875 0.84765625 0.03671875 0.05859375
0 0.65546875 0.7484375 0.0421875 0.0359375
0 0.7109375 0.9203125 0.0390625 0.04765625
0 0.76328125 0.88828125 0.04375 0.0796875
0 0.7625 0.83671875 0.034375 0.04765625
0 0.79375 0.828125 0.01953125 0.03203125
0 0.78671875 0.76328125 0.0421875 0.04765625
0 0.92109375 0.8015625 0.05078125 0.05
0 0.69765625 0.69140625 0.02890625 0.0390625
0 0.66171875 0.61484375 0.0296875 0.03671875
0 0.628125 0.57109375 0.03515625 0.03828125
0 0.640625 0.5265625 0.025 0.03671875
0 0.7359375 0.5953125 0.0328125 0.03359375
0 0.72734375 0.6546875 0.0296875 0.0375
0 0.68828125 0.6515625 0.02734375 0.04140625
0 0.83828125 0.61328125 0.02890625 0.0375
0 0.90546875 0.69609375 0.03125 0.0453125
0 0.78671875 0.71484375 0.0390625 0.03515625
0 0.7921875 0.52421875 0.028125 0.025
0 0.8234375 0.578125 0.02421875 0.0359375
0 0.68984375 0.48046875 0.02890625 0.0359375
0 0.6640625 0.515625 0.02421875 0.03046875
0 0.49765625 0.55859375 0.034375 0.025
0 0.5234375 0.5953125 0.02265625 0.0265625
0 0.525 0.65546875 0.04375 0.03359375
0 0.43671875 0.6140625 0.04609375 0.03046875
0 0.44765625 0.5625 0.0265625 0.034375
0 0.4609375 0.459375 0.01796875 0.02421875
0 0.434375 0.52578125 0.01875 0.03046875
0 0.34765625 0.57265625 0.034375 0.0296875
0 0.28828125 0.52578125 0.02265625 0.025
0 0.13046875 0.5390625 0.028125 0.02265625
0 0.1453125 0.6171875 0.0171875 0.02421875
0 0.21015625 0.52421875 0.01875 0.0265625
0 0.371875 0.4859375 0.02265625 0.02265625
0 0.33984375 0.51875 0.02578125 0.02734375
0 0.5 0.53203125 0.02109375 0.02734375
0 0.2859375 0.83203125 0.04765625 0.05234375
0 0.2296875 0.79375 0.0390625 0.05234375
0 0.3203125 0.39921875 0.01796875 0.025
0 0.5265625 0.5421875 0.0265625 0.03046875
0 0.93125 0.5890625 0.046875 0.03515625
0 0.9140625 0.52890625 0.03046875 0.0359375
0 0.834375 0.74140625 0.03984375 0.0359375
0 0.81796875 0.7734375 0.01875 0.02578125
0 0.7734375 0.61328125 0.02734375 0.03828125
0 0.5640625 0.5421875 0.02421875 0.021875