0 0.353125 0.9265625 0.08203125 0.0921875
0 0.43671875 0.95078125 0.06328125 0.06640625
0 0.6171875 0.9375 0.05625 0.0828125
0 0.6984375 0.92578125 0.06640625 0.0953125
0 0.93984375 0.95 0.0828125 0.09921875
0 0.8015625 0.8859375 0.0609375 0.06796875
0 0.696875 0.8484375 0.05 0.07578125
0 0.73671875 0.878125 0.0609375 0.0734375
0 0.9265625 0.8546875 0.06875 0.0875
0 0.96484375 0.825 0.06796875 0.08046875
0 0.971875 0.73828125 0.05625 0.084375
0 0.79296875 0.7796875 0.04921875 0.05390625
0 0.61015625 0.815625 0.040625 0.05234375
0 0.509375 0.9453125 0.03515625 0.0609375
0 0.484375 0.85234375 0.05 0.06875
0 0.52578125 0.8203125 0.0484375 0.05546875
0 0.47421875 0.73515625 0.0484375 0.0515625
0 0.4203125 0.81015625 0.046875 0.05859375
0 0.33125 0.8015625 0.05390625 0.06640625
0 0.26015625 0.88125 0.03671875 0.04453125
0 0.2140625 0.8109375 0.05625 0.0578125
0 0.79765625 0.71640625 0.03046875 0.05
0 0.76171875 0.7140625 0.04140625 0.0515625
0 0.52890625 0.6921875 0.04453125 0.05
0 0.6046875 0.6921875 0.040625 0.0453125
0 0.6078125 0.75546875 0.05234375 0.04921875
0 0.48984375 0.63125 0.04296875 0.03984375
0 0.55234375 0.61328125 0.053125 0.04765625
0 0.48203125 0.58359375 0.03046875 0.03828125
0 0.375 0.6703125 0.0375 0.0546875
0 0.421875 0.63359375 0.0359375 0.03828125
0 0.39375 0.62890625 0.03359375 0.03203125
0 0.2890625 0.70078125 0.03515625 0.03828125
0 0.2171875 0.65078125 0.0515625 0.04375
0 0.159375 0.70859375 0.04453125 0.046875
0 0.0859375 0.8359375 0.05703125 0.05625
0 0.13125 0.803125 0.04921875 0.05625
0 0.10390625 0.7140625 0.034375 0.0546875
0 0.1140625 0.63671875 0.04375 0.0484375
0 0.30078125 0.65234375 0.03125 0.028125
0 0.2984375 0.62265625 0.0328125 0.040625
0 0.22734375 0.62421875 0.03359375 0.03515625
0 0.63515625 0.61328125 0.0390625 0.04296875
0 0.61171875 0.55390625 0.034375 0.0390625
0 0.95625 0.653125 0.04453125 0.02734375
0 0.85390625 0.66171875 0.0359375 0.03203125
0 0.8265625 0.675 0.028125 0.028125
0 0.79765625 0.6515625 0.03828125 0.03828125
0 0.7078125 0.6671875 0.02890625 0.034375
0 0.7234375 0.53203125 0.04375 0.0375
0 0.67421875 0.58203125 0.05 0.06015625
0 0.515625 0.4875 0.05078125 0.0484375
0 0.3828125 0.55390625 0.03359375 0.040625
0 0.31171875 0.55234375 0.04375 0.03828125
0 0.3203125 0.58515625 0.0328125 0.03984375
0 0.18515625 0.5953125 0.02734375 0.02734375
0 0.85546875 0.55 0.04609375 0.03984375
0 0.81796875 0.53828125 0.03046875 0.03984375
0 0.6734375 0.46015625 0.03125 0.02734375
0 0.3484375 0.47890625 0.0375 0.03828125
0 0.1671875 0.5390625 0.05 0.0265625
0 0.2734375 0.79453125 0.0375 0.0453125
0 0.31875 0.74296875 0.02578125 0.03125
0 0.725 0.65078125 0.04375 0.04296875
0 0.75390625 0.62734375 0.0390625 0.03828125
0 0.8703125 0.603125 0.053125 0.0484375
0 0.79375 0.58046875 0.0359375 0.03203125
0 0.66640625 0.53125 0.0375 0.03515625
0 0.57734375 0.528125 0.03671875 0.03984375
0 0.5546875 0.4640625 0.03125 0.0421875
0 0.49296875 0.4328125 0.028125 0.03828125
0 0.62890625 0.4796875 0.03984375 0.03515625
0 0.3578125 0.459375 0.02265625 0.021875
0 0.25078125 0.4984375 0.04140625 0.02734375
0 0.196875 0.49453125 0.02890625 0.03515625
0 0.7046875 0.4875 0.0328125 0.0359375
0 0.125 0.4828125 0.03203125 0.028125
0 0.0875 0.52890625 0.03984375 0.0375
0 0.015625 0.61171875 0.03125 0.03828125
0 0.65859375 0.8296875 0.0390625 0.03984375
0 0.71328125 0.57109375 0.03125 0.028125
0 0.78515625 0.546875 0.0359375 0.034375
0 0.7515625 0.53046875 0.03046875 0.0375
0 0.4578125 0.53046875 0.03125 0.03125
0 0.3296875 0.5078125 0.0375 0.03984375
0 0.409375 0.528125 0.02265625 0.02890625
0 0.5734375 0.8328125 0.046875 0.08125
0 0.521875 0.5828125 0.02421875 0.021875
0 0.41015625 0.59453125 0.02734375 0.02109375
0 0.2109375 0.5484375 0.0234375 0.0234375
0 0.40234375 0.4390625 0.0171875 0.02578125