0 0.37578125 0.4765625 0.0265625 0.02421875
0 0.628125 0.84765625 0.0625 0.071875
0 0.60234375 0.575 0.0375 0.0453125
0 0.16015625 0.621875 0.04375 0.0375
0 0.30703125 0.871875 0.04765625 0.0671875
0 0.7125 0.8171875 0.03671875 0.05859375
0 0.346875 0.91015625 0.059375 0.0796875
0 0.06484375 0.92421875 0.04609375 0.08125
0 0.76328125 0.9625 0.053125 0.07421875
0 0.1578125 0.7109375 0.05078125 0.05234375
0 0.43984375 0.5234375 0.0328125 0.03046875
0 0.3171875 0.77890625 0.05859375 0.0765625
0 0.81875 0.7703125 0.0546875 0.07265625
0 0.340625 0.3875 0.02109375 0.02109375
0 0.28984375 0.70078125 0.0421875 0.0578125
0 0.43359375 0.734375 0.03828125 0.05859375
0 0.85859375 0.6109375 0.03828125 0.03828125
0 0.53671875 0.484375 0.02890625 0.03203125
0 0.03046875 0.81328125 0.03203125 0.03828125
0 0.17265625 0.8375 0.04296875 0.05625
0 0.6609375 0.96484375 0.0671875 0.06953125
0 0.6734375 0.49921875 0.03515625 0.03828125
0 0.91875 0.56015625 0.03203125 0.03203125
0 0.6359375 0.51171875 0.03828125 0.0390625
0 0.1421875 0.50390625 0.03203125 0.03203125
0 0.4453125 0.81875 0.040625 0.0546875
0 0.93671875 0.7796875 0.05390625 0.07578125
0 0.94609375 0.6203125 0.0453125 0.046875
0 0.80625 0.47109375 0.02265625 0.025
0 0.53046875 0.86953125 0.05 0.0625
0 0.2328125 0.803125 0.04453125 0.0671875
0 0.52265625 0.82890625 0.04765625 0.0484375
0 0.1953125 0.74765625 0.03359375 0.0421875
0 0.4578125 0.6015625 0.0265625 0.025
0 0.9859375 0.9859375 0.028125 0.025
0 0.05703125 0.7203125 0.02734375 0.03984375
0 0.190625 0.4875 0.021875 0.02734375
0 0.4890625 0.4609375 0.02890625 0.02421875
0 0.74375 0.88125 0.05 0.0640625
0 0.87421875 0.76640625 0.03046875 0.0671875
0 0.375 0.7515625 0.034375 0.0578125
0 0.79140625 0.80703125 0.04609375 0.06328125
0 0.71953125 0.728125 0.05 0.06484375
0 0.75 0.6109375 0.028125 0.040625
0 0.08515625 0.53515625 0.0328125 0.0296875
0 0.56171875 0.5859375 0.03671875 0.03828125
0 0.15390625 0.55 0.03046875 0.0421875
0 0.39921875 0.66796875 0.034375 0.0546875
0 0.840625 0.8734375 0.03984375 0.0609375
0 0.57421875 0.46015625 0.03046875 0.02890625
0 0.69921875 0.53671875 0.0484375 0.04375
0 0.7890625 0.425 0.02890625 0.02578125
0 0.9359375 0.50859375 0.03046875 0.028125
0 0.73984375 0.4609375 0.01796875 0.025
0 0.22109375 0.6890625 0.0421875 0.05234375
0 0.32890625 0.55703125 0.0234375 0.02421875
0 0.67265625 0.42734375 0.028125 0.0265625
0 0.79921875 0.59765625 0.03046875 0.03359375
0 0.7421875 0.49609375 0.03515625 0.03046875
0 0.70078125 0.6625 0.0390625 0.04296875
0 0.21640625 0.4296875 0.02109375 0.02265625
0 0.08046875 0.5203125 0.02265625 0.01640625
0 0.09921875 0.7890625 0.05859375 0.06484375
0 0.78203125 0.5140625 0.03046875 0.03046875
0 0.36484375 0.81953125 0.03828125 0.071875
0 0.81875 0.95078125 0.04453125 0.084375
0 0.0734375 0.63984375 0.0453125 0.0390625
0 0.215625 0.64140625 0.03828125 0.04609375
0 0.42109375 0.609375 0.028125 0.02578125
0 0.84296875 0.4484375 0.0203125 0.02265625
0 0.26328125 0.4265625 0.02265625 0.02578125
0 0.425 0.41328125 0.021875 0.02421875
0 0.46875 0.434375 0.0234375 0.021875
0 0.64140625 0.5921875 0.03515625 0.03359375
0 0.240625 0.56640625 0.02890625 0.03828125
0 0.04609375 0.44921875 0.02578125 0.02578125
0 0.12734375 0.528125 0.0328125 0.02734375
0 0.98203125 0.63359375 0.03359375 0.03125
0 0.846875 0.53359375 0.03125 0.0296875
0 0.30390625 0.5796875 0.03046875 0.04296875
0 0.86328125 0.5515625 0.02265625 0.0234375
0 0.7484375 0.6515625 0.04140625 0.03359375
0 0.98359375 0.82109375 0.03046875 0.0328125
0 0.015625 0.5859375 0.03125 0.0375
0 0.478125 0.49140625 0.02265625 0.02578125
0 0.44765625 0.6203125 0.01796875 0.0234375
0 0.175 0.40703125 0.02109375 0.025
0 0.646875 0.46484375 0.03125 0.02265625
0 0.35546875 0.4078125 0.0203125 0.0234375
0 0.36328125 0.6390625 0.0328125 0.04609375
0 0.6078125 0.47734375 0.028125 0.0171875
0 0.95703125 0.678125 0.06640625 0.05078125
0 0.83984375 0.4671875 0.021875 0.0203125
0 0.92421875 0.47734375 0.02421875 0.02578125
0 0.35625 0.51953125 0.02109375 0.0296875
0 0.9640625 0.54140625 0.0359375 0.0328125
0 0.65625 0.446875 0.02890625 0.021875
0 0.340625 0.69375 0.028125 0.04453125
0 0.03125 0.965625 0.0484375 0.0609375
0 0.65859375 0.6109375 0.0203125 0.02265625
0 0.43203125 0.58203125 0.02109375 0.0234375
0 0.68828125 0.45546875 0.02421875 0.0328125
0 0.296875 0.47578125 0.02265625 0.0234375
0 0.80546875 0.70703125 0.02890625 0.03671875
0 0.7265625 0.7 0.0234375 0.021875
0 0.2453125 0.41015625 0.01953125 0.0203125
0 0.3140625 0.6078125 0.028125 0.03046875
0 0.9453125 0.421875 0.0296875 0.02890625
0 0.67578125 0.64140625 0.02421875 0.03203125
0 0.025 0.925 0.040625 0.04375
0 0.88828125 0.63984375 0.03671875 0.028125
0 0.17109375 0.97109375 0.0421875 0.0578125
0 0.06875 0.4984375 0.01796875 0.01875
0 0.05703125 0.48359375 0.0171875 0.0234375
0 0.0921875 0.49375 0.03125 0.025
0 0.20234375 0.58125 0.01953125 0.021875
0 0.87734375 0.471875 0.0234375 0.03046875
0 0.2953125 0.44921875 0.01953125 0.0203125