0 0.16328125 0.971875 0.05078125 0.05546875
0 0.0375 0.8171875 0.04609375 0.0671875
0 0.2125 0.9078125 0.04609375 0.06640625
0 0.17734375 0.85546875 0.03984375 0.0578125
0 0.28046875 0.959375 0.05078125 0.04921875
0 0.3625 0.91328125 0.04609375 0.0671875
0 0.296875 0.8765625 0.04140625 0.0484375
0 0.29921875 0.8265625 0.04140625 0.059375
0 0.428125 0.8671875 0.06015625 0.0578125
0 0.48125 0.96953125 0.05234375 0.0609375
0 0.5640625 0.96796875 0.05078125 0.0640625
0 0.61484375 0.9671875 0.03984375 0.065625
0 0.5390625 0.896875 0.034375 0.053125
0 0.49609375 0.84375 0.03046875 0.05234375
0 0.4265625 0.74140625 0.04375 0.05859375
0 0.3578125 0.740625 0.0328125 0.0453125
0 0.33359375 0.71015625 0.03359375 0.04140625
0 0.26484375 0.73203125 0.0421875 0.04921875
0 0.2296875 0.7890625 0.03671875 0.046875
0 0.20546875 0.75703125 0.03203125 0.0421875
0 0.1703125 0.7359375 0.0359375 0.0375
0 0.16015625 0.69921875 0.04140625 0.03359375
0 0.125 0.68046875 0.02578125 0.034375
0 0.03828125 0.65703125 0.03828125 0.03359375
0 0.109375 0.5859375 0.028125 0.03515625
0 0.13984375 0.57109375 0.03359375 0.03359375
0 0.2 0.5703125 0.02421875 0.03125
0 0.2390625 0.56171875 0.02890625 0.0296875
0 0.2921875 0.62109375 0.04609375 0.04453125
0 0.28359375 0.5703125 0.03125 0.03671875
0 0.34609375 0.62890625 0.04296875 0.03515625
0 0.45234375 0.678125 0.04765625 0.03671875
0 0.546875 0.7296875 0.0484375 0.04375
0 0.70703125 0.8453125 0.05390625 0.04921875
0 0.74921875 0.7734375 0.0375 0.0546875
0 0.77890625 0.72265625 0.03828125 0.0421875
0 0.73671875 0.72421875 0.03125 0.04921875
0 0.70546875 0.67734375 0.0375 0.0515625
0 0.665625 0.62265625 0.04453125 0.0421875
0 0.78359375 0.65546875 0.0375 0.0390625
0 0.83125 0.678125 0.03671875 0.05234375
0 0.85859375 0.865625 0.05390625 0.059375
0 0.85234375 0.80234375 0.053125 0.04921875
0 0.91015625 0.83671875 0.04453125 0.04921875
0 0.90078125 0.671875 0.0390625 0.0359375
0 0.79921875 0.6015625 0.0234375 0.028125
0 0.8921875 0.61015625 0.03046875 0.034375
0 0.93125 0.57421875 0.03203125 0.0328125
0 0.70234375 0.5578125 0.03359375 0.03515625
0 0.678125 0.5734375 0.03359375 0.03828125
0 0.51875 0.61171875 0.03984375 0.03984375
0 0.4453125 0.5734375 0.02109375 0.03046875
0 0.4703125 0.56015625 0.02890625 0.028125
0 0.52109375 0.5796875 0.03046875 0.0328125
0 0.37890625 0.525 0.02734375 0.0265625
0 0.34140625 0.56171875 0.0296875 0.034375
0 0.19765625 0.490625 0.03359375 0.03359375
0 0.259375 0.4703125 0.0234375 0.0359375
0 0.3140625 0.48984375 0.025 0.028125
0 0.47578125 0.49765625 0.02734375 0.0265625
0 0.61171875 0.50546875 0.021875 0.0265625
0 0.72578125 0.51796875 0.03359375 0.03828125
0 0.753125 0.509375 0.025 0.03125
0 0.84453125 0.56953125 0.0359375 0.03203125
0 0.6265625 0.68359375 0.0375 0.046875
0 0.41015625 0.565625 0.02734375 0.03828125
0 0.43984375 0.4484375 0.0296875 0.02890625
0 0.39375 0.46640625 0.0265625 0.02734375
0 0.54921875 0.5953125 0.03046875 0.0375
0 0.546875 0.6546875 0.02734375 0.03359375
0 0.46171875 0.61640625 0.034375 0.03671875
0 0.5828125 0.50390625 0.025 0.02734375
0 0.93671875 0.64296875 0.03828125 0.0359375
0 0.790625 0.50546875 0.02890625 0.03125
0 0.575 0.40234375 0.025 0.021875
0 0.5015625 0.45390625 0.02265625 0.0234375
0 0.278125 0.44765625 0.01875 0.01875