0 0.1578125 0.71484375 0.04921875 0.05078125
0 0.31640625 0.7734375 0.0578125 0.0671875
0 0.4484375 0.603125 0.03046875 0.03046875
0 0.62265625 0.85234375 0.06171875 0.07265625
0 0.7109375 0.815625 0.0375 0.05390625
0 0.43203125 0.73515625 0.0375 0.04375
0 0.34296875 0.90625 0.05234375 0.06953125
0 0.29765625 0.875 0.04609375 0.06171875
0 0.5296875 0.875 0.05078125 0.0546875
0 0.2265625 0.80546875 0.04375 0.06171875
0 0.3734375 0.4734375 0.028125 0.025
0 0.59921875 0.57109375 0.0296875 0.03828125
0 0.82265625 0.771875 0.04921875 0.05546875
0 0.07890625 0.53671875 0.0359375 0.03203125
0 0.3921875 0.66640625 0.0359375 0.0421875
0 0.66328125 0.96875 0.05859375 0.0625
0 0.87578125 0.7640625 0.0328125 0.05078125
0 0.28515625 0.709375 0.0421875 0.05078125
0 0.16484375 0.84609375 0.0375 0.05703125
0 0.434375 0.521875 0.0328125 0.03046875
0 0.1890625 0.75546875 0.03828125 0.04453125
0 0.15625 0.621875 0.03671875 0.03828125
0 0.825 0.96171875 0.05 0.06640625
0 0.09140625 0.79453125 0.046875 0.0625
0 0.434375 0.828125 0.04140625 0.04765625
0 0.7140625 0.71875 0.0484375 0.04375
0 0.12109375 0.5328125 0.0296875 0.02421875
0 0.73671875 0.490625 0.0328125 0.03046875
0 0.3734375 0.7546875 0.03046875 0.0453125
0 0.64140625 0.590625 0.034375 0.03359375
0 0.5203125 0.83046875 0.0421875 0.04375
0 0.3671875 0.82421875 0.0359375 0.05546875
0 0.79765625 0.5953125 0.028125 0.034375
0 0.6703125 0.49609375 0.03125 0.034375
0 0.2609375 0.428125 0.0234375 0.02578125
0 0.86328125 0.596875 0.03515625 0.03828125
0 0.79296875 0.809375 0.0484375 0.0640625
0 0.94609375 0.61640625 0.040625 0.0453125
0 0.48671875 0.45859375 0.02890625 0.025
0 0.22109375 0.69453125 0.04296875 0.04765625
0 0.809375 0.46640625 0.025 0.025
0 0.32421875 0.5546875 0.02421875 0.0234375
0 0.06171875 0.646875 0.0359375 0.0375
0 0.7625 0.96796875 0.05546875 0.0640625
0 0.74296875 0.8734375 0.04140625 0.06484375
0 0.41796875 0.60703125 0.02734375 0.02890625
0 0.56875 0.45859375 0.03046875 0.02890625
0 0.53125 0.478125 0.02890625 0.0328125
0 0.9390625 0.77421875 0.0578125 0.0734375
0 0.92265625 0.56171875 0.0328125 0.03515625
0 0.6296875 0.50625 0.03046875 0.03515625
0 0.7875 0.42265625 0.0296875 0.02578125
0 0.215625 0.4296875 0.02109375 0.02265625
0 0.84453125 0.43984375 0.02265625 0.0234375
0 0.5578125 0.5796875 0.0328125 0.03125
0 0.05703125 0.9328125 0.04296875 0.06484375
0 0.703125 0.66015625 0.034375 0.03203125
0 0.8421875 0.8765625 0.0390625 0.04921875
0 0.7484375 0.60703125 0.02890625 0.03203125
0 0.9359375 0.50703125 0.03125 0.02734375
0 0.2375 0.5640625 0.02890625 0.0359375
0 0.44140625 0.6203125 0.01875 0.02421875
0 0.6984375 0.534375 0.0359375 0.03203125
0 0.73671875 0.4546875 0.01875 0.02421875
0 0.02265625 0.81875 0.03828125 0.046875
0 0.18671875 0.48671875 0.02265625 0.028125
0 0.21015625 0.64609375 0.03125 0.040625
0 0.05 0.72421875 0.034375 0.04375
0 0.153125 0.54921875 0.0265625 0.0359375
0 0.13984375 0.503125 0.03046875 0.03359375
0 0.2953125 0.47265625 0.02578125 0.0265625
0 0.9875 0.81953125 0.025 0.0390625
0 0.7453125 0.64921875 0.034375 0.02890625
0 0.90390625 0.3734375 0.02578125 0.021875
0 0.35234375 0.40546875 0.0234375 0.02421875
0 0.46640625 0.43359375 0.025 0.02265625
0 0.9546875 0.68046875 0.04609375 0.04921875
0 0.09140625 0.4921875 0.03203125 0.03125
0 0.42421875 0.46328125 0.0171875 0.021875
0 0.66875 0.4234375 0.0234375 0.025
0 0.9859375 0.6265625 0.02265625 0.028125
0 0.69140625 0.40390625 0.01953125 0.02421875
0 0.3015625 0.57578125 0.02265625 0.03125
0 0.42109375 0.41015625 0.021875 0.0234375
0 0.42421875 0.5796875 0.025 0.028125
0 0.33828125 0.38671875 0.0203125 0.02109375
0 0.17265625 0.40390625 0.02265625 0.0234375
0 0.92578125 0.4765625 0.028125 0.02734375
0 0.78203125 0.5109375 0.03203125 0.02890625
0 0.64453125 0.4625 0.025 0.01953125
0 0.47734375 0.49140625 0.0234375 0.02578125
0 0.865625 0.54765625 0.0234375 0.02421875
0 0.97109375 0.53984375 0.02890625 0.03046875
0 0.8453125 0.4640625 0.025 0.02109375
0 0.11484375 0.5265625 0.03046875 0.025
0 0.80859375 0.70390625 0.02890625 0.0375
0 0.21796875 0.39921875 0.01875 0.01953125
0 0.35234375 0.51484375 0.01953125 0.0265625
0 0.54765625 0.375 0.021875 0.025
0 0.65390625 0.44140625 0.02109375 0.02265625
0 0.0421875 0.44296875 0.02734375 0.0296875
0 0.74375 0.315625 0.02109375 0.0203125
0 0.43125 0.5890625 0.0203125 0.02421875
0 0.88828125 0.4015625 0.025 0.02734375
0 0.60390625 0.47734375 0.02109375 0.01875
0 0.7390625 0.3359375 0.021875 0.01875
0 0.865625 0.3296875 0.02265625 0.01953125
0 0.6546875 0.61171875 0.021875 0.0234375
0 0.31640625 0.60546875 0.0265625 0.03125
0 0.2921875 0.4484375 0.01953125 0.021875
0 0.409375 0.325 0.01640625 0.021875
0 0.84375 0.53125 0.03203125 0.028125
0 0.334375 0.6921875 0.0265625 0.04140625
0 0.784375 0.36953125 0.02421875 0.02109375
0 0.009375 0.58828125 0.01796875 0.03359375
0 0.48125 0.3640625 0.01640625 0.01875
0 0.7015625 0.378125 0.021875 0.02265625
0 0.89140625 0.6375 0.0515625 0.04609375
0 0.684375 0.4453125 0.02421875 0.03984375
0 0.29140625 0.37890625 0.04375 0.0296875
0 0.24140625 0.40859375 0.02421875 0.0265625
0 0.18359375 0.44140625 0.0234375 0.0140625
0 0.053125 0.4953125 0.0390625 0.021875
0 0.04765625 0.48125 0.01875 0.03203125