0 0.0625 0.9625 0.065625 0.075
0 0.12265625 0.953125 0.04765625 0.05390625
0 0.10546875 0.9109375 0.02265625 0.03125
0 0.08125 0.871875 0.03515625 0.059375
0 0.034375 0.88515625 0.0390625 0.05390625
0 0.1609375 0.97421875 0.04140625 0.05
0 0.19921875 0.934375 0.03125 0.05703125
0 0.203125 0.82421875 0.0359375 0.05078125
0 0.15234375 0.83828125 0.02734375 0.034375
0 0.06484375 0.75 0.0328125 0.03125
0 0.09765625 0.80703125 0.02109375 0.03046875
0 0.159375 0.7578125 0.02890625 0.0421875
0 0.16171875 0.68515625 0.03203125 0.03046875
0 0.24765625 0.75234375 0.03984375 0.0453125
0 0.23671875 0.66953125 0.034375 0.0359375
0 0.28828125 0.6875 0.03046875 0.0390625
0 0.3 0.73203125 0.03359375 0.04140625
0 0.28359375 0.78359375 0.03125 0.0421875
0 0.26953125 0.86484375 0.03671875 0.0546875
0 0.3203125 0.83203125 0.03203125 0.05703125
0 0.07734375 0.584375 0.0359375 0.0296875
0 0.03046875 0.57265625 0.02734375 0.02265625
0 0.0734375 0.55078125 0.0234375 0.03125
0 0.0921875 0.465625 0.02734375 0.0203125
0 0.11875 0.4890625 0.02109375 0.02578125
0 0.128125 0.52890625 0.015625 0.02734375
0 0.1421875 0.54140625 0.01640625 0.02109375
0 0.1625 0.54140625 0.0234375 0.0265625
0 0.1609375 0.58359375 0.034375 0.02890625
0 0.209375 0.55390625 0.02890625 0.03125
0 0.19765625 0.58125 0.02734375 0.021875
0 0.22734375 0.596875 0.025 0.03515625
0 0.27265625 0.6296875 0.0171875 0.0234375
0 0.38515625 0.890625 0.040625 0.0484375
0 0.42890625 0.91328125 0.04140625 0.06328125
0 0.3921875 0.80390625 0.04609375 0.053125
0 0.3625 0.746875 0.03359375 0.0453125
0 0.365625 0.625 0.021875 0.03125
0 0.38359375 0.6046875 0.021875 0.01796875
0 0.38046875 0.653125 0.02421875 0.0296875
0 0.34453125 0.503125 0.01796875 0.0234375
0 0.3125 0.48046875 0.01953125 0.025
0 0.27109375 0.48046875 0.02109375 0.021875
0 0.2703125 0.453125 0.01796875 0.02109375
0 0.23046875 0.45546875 0.01953125 0.02109375
0 0.12265625 0.44375 0.0234375 0.02265625
0 0.45 0.70625 0.03359375 0.0421875
0 0.48984375 0.7703125 0.0296875 0.0421875
0 0.43828125 0.78671875 0.02421875 0.0375
0 0.41796875 0.68828125 0.02421875 0.040625
0 0.43984375 0.8421875 0.02421875 0.04375
0 0.49609375 0.85 0.03515625 0.04609375
0 0.56875 0.8453125 0.02578125 0.03828125
0 0.5765625 0.88671875 0.03203125 0.046875
0 0.6546875 0.871875 0.04296875 0.0640625
0 0.68984375 0.96875 0.0484375 0.0625
0 0.7703125 0.9640625 0.0484375 0.065625
0 0.81953125 0.95625 0.03515625 0.0578125
0 0.7265625 0.840625 0.03359375 0.04296875
0 0.75625 0.88671875 0.03671875 0.05
0 0.79296875 0.8359375 0.0375 0.05
0 0.83515625 0.8921875 0.03125 0.040625
0 0.81875 0.79921875 0.040625 0.05703125
0 0.80546875 0.73984375 0.02734375 0.0375
0 0.96796875 0.96875 0.04609375 0.05859375
0 0.91875 0.803125 0.0453125 0.06796875
0 0.865625 0.79453125 0.0296875 0.04296875
0 0.959375 0.840625 0.02265625 0.02890625
0 0.9265625 0.66328125 0.02578125 0.04296875
0 0.95859375 0.66953125 0.0171875 0.02578125
0 0.98359375 0.709375 0.02421875 0.03515625
0 0.9296875 0.721875 0.03046875 0.0421875
0 0.853125 0.6453125 0.03671875 0.03671875
0 0.9046875 0.6140625 0.025 0.0359375
0 0.91953125 0.5609375 0.025 0.02421875
0 0.909375 0.5296875 0.02421875 0.02578125
0 0.8375 0.51875 0.021875 0.0234375
0 0.83984375 0.4984375 0.01875 0.021875
0 0.87578125 0.45703125 0.01953125 0.0296875
0 0.8078125 0.52421875 0.02265625 0.02421875
0 0.78515625 0.47578125 0.02890625 0.025
0 0.74375 0.509375 0.02109375 0.0265625
0 0.74140625 0.54453125 0.03515625 0.028125
0 0.7796875 0.565625 0.02265625 0.025
0 0.7546875 0.65234375 0.025 0.03359375
0 0.75234375 0.6890625 0.03046875 0.02734375
0 0.71484375 0.7 0.02890625 0.04140625
0 0.72890625 0.753125 0.040625 0.03828125
0 0.7375 0.73984375 0.0171875 0.0203125
0 0.8 0.640625 0.0234375 0.02734375
0 0.8375 0.58203125 0.02421875 0.02421875
0 0.85703125 0.59921875 0.0203125 0.02265625
0 0.89453125 0.4296875 0.02109375 0.01796875
0 0.70703125 0.5859375 0.03125 0.03203125
0 0.6875 0.55234375 0.02734375 0.03203125
0 0.65234375 0.56015625 0.03046875 0.0359375
0 0.625 0.62109375 0.0296875 0.03515625
0 0.66015625 0.6359375 0.02890625 0.03671875
0 0.67578125 0.65703125 0.01875 0.021875
0 0.590625 0.63125 0.028125 0.02578125
0 0.68203125 0.47890625 0.02109375 0.02265625
0 0.66875 0.49765625 0.01796875 0.021875
0 0.69921875 0.46171875 0.01796875 0.02109375
0 0.71875 0.39375 0.01796875 0.01640625
0 0.74609375 0.39296875 0.0234375 0.01796875
0 0.7640625 0.41484375 0.02578125 0.01875
0 0.5953125 0.515625 0.02890625 0.0234375
0 0.6265625 0.52890625 0.015625 0.015625
0 0.49140625 0.6671875 0.01640625 0.025
0 0.49921875 0.6484375 0.02109375 0.0234375
0 0.46875 0.65625 0.0234375 0.03203125
0 0.47578125 0.63046875 0.01796875 0.01953125
0 0.46328125 0.5203125 0.015625 0.0171875
0 0.41796875 0.528125 0.025 0.02109375
0 0.40703125 0.56640625 0.01640625 0.028125
0 0.56171875 0.534375 0.025 0.028125
0 0.5125 0.5421875 0.0234375 0.02421875
0 0.5 0.48671875 0.02109375 0.02109375
0 0.45625 0.46484375 0.021875 0.02421875
0 0.38046875 0.440625 0.021875 0.01875
0 0.3109375 0.3828125 0.01328125 0.01796875
0 0.42734375 0.44296875 0.01796875 0.01953125
0 0.3953125 0.459375 0.02734375 0.021875
0 0.15546875 0.4859375 0.02578125 0.02734375