0 0.0953125 0.91015625 0.034375 0.0484375
0 0.0546875 0.971875 0.0625 0.05625
0 0.06953125 0.85390625 0.03671875 0.040625
0 0.0515625 0.778125 0.0328125 0.03984375
0 0.0109375 0.7796875 0.021875 0.028125
0 0.08671875 0.73671875 0.03125 0.03515625
0 0.1203125 0.76796875 0.02421875 0.0296875
0 0.23046875 0.81640625 0.04140625 0.05703125
0 0.225 0.87578125 0.034375 0.04453125
0 0.17578125 0.94140625 0.04609375 0.065625
0 0.29296875 0.9796875 0.04453125 0.040625
0 0.30703125 0.821875 0.034375 0.0546875
0 0.190625 0.67109375 0.0203125 0.02734375
0 0.18515625 0.65 0.0140625 0.01796875
0 0.13203125 0.68828125 0.03125 0.0328125
0 0.1015625 0.67734375 0.0265625 0.02734375
0 0.26875 0.7359375 0.03671875 0.0546875
0 0.31015625 0.69296875 0.02734375 0.03984375
0 0.3546875 0.7828125 0.0234375 0.03203125
0 0.4109375 0.7875 0.0390625 0.05546875
0 0.41640625 0.9015625 0.034375 0.0578125
0 0.4671875 0.909375 0.02890625 0.0328125
0 0.49765625 0.97265625 0.0546875 0.0546875
0 0.5984375 0.88671875 0.04296875 0.05703125
0 0.67890625 0.95078125 0.05390625 0.0703125
0 0.76640625 0.865625 0.04609375 0.0625
0 0.7375 0.88359375 0.0265625 0.03984375
0 0.74921875 0.9515625 0.03515625 0.06015625
0 0.821875 0.87109375 0.03046875 0.0578125
0 0.92109375 0.903125 0.04375 0.05390625
0 0.88828125 0.7453125 0.034375 0.034375
0 0.7625 0.77890625 0.02421875 0.03359375
0 0.72890625 0.7609375 0.03515625 0.0359375
0 0.71796875 0.71015625 0.02734375 0.028125
0 0.65546875 0.734375 0.03046875 0.03359375
0 0.74140625 0.64296875 0.028125 0.0390625
0 0.703125 0.63671875 0.0234375 0.0390625
0 0.81796875 0.68671875 0.02578125 0.040625
0 0.846875 0.66484375 0.0296875 0.0359375
0 0.95859375 0.81875 0.05703125 0.05703125
0 0.91875 0.67734375 0.03125 0.04375
0 0.8984375 0.6296875 0.02578125 0.03671875
0 0.7875 0.60546875 0.0265625 0.034375
0 0.78359375 0.52421875 0.02109375 0.028125
0 0.72734375 0.59375 0.01953125 0.02890625
0 0.70078125 0.58515625 0.02265625 0.02890625
0 0.58984375 0.6421875 0.025 0.03359375
0 0.55546875 0.69453125 0.02890625 0.03203125
0 0.56015625 0.72578125 0.0265625 0.0296875
0 0.58984375 0.6 0.02109375 0.028125
0 0.55 0.58125 0.02890625 0.03125
0 0.49921875 0.725 0.04140625 0.06796875
0 0.5671875 0.8296875 0.03359375 0.05078125
0 0.325 0.65078125 0.02578125 0.0265625
0 0.3453125 0.62734375 0.0234375 0.02421875
0 0.30625 0.5953125 0.02109375 0.03046875
0 0.37578125 0.6296875 0.02109375 0.03046875
0 0.40859375 0.6046875 0.02421875 0.02734375
0 0.2421875 0.6625 0.02421875 0.02734375
0 0.46640625 0.5765625 0.025 0.02578125
0 0.4796875 0.52265625 0.0203125 0.0265625
0 0.4625 0.5484375 0.021875 0.02578125
0 0.5046875 0.55546875 0.02109375 0.02578125
0 0.528125 0.57890625 0.01875 0.03046875
0 0.55 0.5359375 0.021875 0.03203125
0 0.584375 0.525 0.0234375 0.02578125
0 0.634375 0.58515625 0.021875 0.0296875
0 0.73125 0.47890625 0.02265625 0.025
0 0.69609375 0.534375 0.0203125 0.0265625
0 0.4421875 0.5265625 0.02265625 0.02578125
0 0.384375 0.54609375 0.02578125 0.028125
0 0.86640625 0.90234375 0.03515625 0.05546875
0 0.878125 0.984375 0.034375 0.03125
0 0.359375 0.49296875 0.01953125 0.02734375
0 0.4140625 0.4703125 0.02265625 0.0234375
0 0.51171875 0.52578125 0.025 0.025
0 0.01796875 0.63671875 0.03359375 0.0375
0 0.19609375 0.70625 0.025 0.028125
0 0.2421875 0.4484375 0.01953125 0.0203125
0 0.296875 0.4375 0.01953125 0.02109375
0 0.50078125 0.47890625 0.02109375 0.0234375