0 0.12265625 0.959375 0.05703125 0.07109375
0 0.07578125 0.81796875 0.0375 0.04296875
0 0.0296875 0.71171875 0.046875 0.046875
0 0.15078125 0.7625 0.05 0.04609375
0 0.1671875 0.70234375 0.02890625 0.0328125
0 0.128125 0.67421875 0.01875 0.0390625
0 0.08984375 0.62578125 0.025 0.0328125
0 0.03828125 0.6296875 0.02734375 0.025
0 0.0546875 0.59375 0.0109375 0.0234375
0 0.021875 0.57265625 0.04296875 0.040625
0 0.1125 0.5859375 0.0484375 0.0265625
0 0.15234375 0.60703125 0.01953125 0.0265625
0 0.1609375 0.53828125 0.02890625 0.02265625
0 0.125 0.54140625 0.021875 0.0234375
0 0.2375 0.82734375 0.03984375 0.0359375
0 0.19921875 0.9484375 0.05078125 0.0765625
0 0.28984375 0.9640625 0.0671875 0.071875
0 0.26875 0.89296875 0.0328125 0.04765625
0 0.3359375 0.78515625 0.05078125 0.065625
0 0.40546875 0.7453125 0.028125 0.0484375
0 0.37421875 0.72890625 0.03125 0.04453125
0 0.3890625 0.675 0.01796875 0.02265625
0 0.3578125 0.615625 0.0375 0.04609375
0 0.47265625 0.65546875 0.03125 0.03984375
0 0.48125 0.7328125 0.0484375 0.06171875
0 0.4546875 0.87421875 0.0609375 0.059375
0 0.38515625 0.96796875 0.0578125 0.0640625
0 0.62265625 0.91484375 0.0484375 0.07578125
0 0.53125 0.81328125 0.05546875 0.0484375
0 0.62890625 0.8140625 0.05859375 0.05625
0 0.25234375 0.7609375 0.03828125 0.0359375
0 0.25703125 0.71875 0.04609375 0.0421875
0 0.290625 0.66015625 0.04296875 0.0390625
0 0.27578125 0.61796875 0.03515625 0.04375
0 0.3078125 0.55390625 0.04140625 0.040625
0 0.33125 0.52109375 0.02890625 0.03125
0 0.4390625 0.63046875 0.03515625 0.04296875
0 0.44453125 0.578125 0.04140625 0.03515625
0 0.55546875 0.6984375 0.05 0.0453125
0 0.52109375 0.659375 0.02265625 0.02734375
0 0.6375 0.621875 0.03671875 0.04921875
0 0.59609375 0.58828125 0.0328125 0.040625
0 0.6671875 0.7109375 0.03671875 0.065625
0 0.7109375 0.65546875 0.0453125 0.04921875
0 0.9046875 0.97734375 0.034375 0.0453125
0 0.88125 0.859375 0.03125 0.05546875
0 0.83203125 0.865625 0.04921875 0.05390625
0 0.81953125 0.81875 0.0140625 0.02265625
0 0.8390625 0.81015625 0.03046875 0.046875
0 0.75625 0.775 0.04921875 0.04140625
0 0.78203125 0.75859375 0.04609375 0.040625
0 0.72265625 0.7 0.02734375 0.03046875
0 0.8109375 0.72265625 0.0453125 0.04453125
0 0.87421875 0.7640625 0.04453125 0.0421875
0 0.9140625 0.79375 0.03046875 0.02734375
0 0.9453125 0.7765625 0.04296875 0.04453125
0 0.965625 0.70234375 0.04453125 0.03984375
0 0.86328125 0.65859375 0.015625 0.02109375
0 0.76640625 0.653125 0.028125 0.03984375
0 0.74609375 0.609375 0.0125 0.0296875
0 0.7046875 0.5984375 0.02421875 0.02421875
0 0.76640625 0.58828125 0.03359375 0.028125
0 0.80546875 0.5875 0.028125 0.03203125
0 0.82578125 0.6484375 0.02421875 0.021875
0 0.84296875 0.61015625 0.02734375 0.01640625
0 0.87265625 0.6375 0.0234375 0.01953125
0 0.88515625 0.603125 0.02890625 0.040625
0 0.9375 0.6171875 0.04921875 0.03359375
0 0.9671875 0.57734375 0.02578125 0.02578125
0 0.896875 0.5515625 0.02890625 0.025
0 0.8484375 0.51015625 0.0203125 0.01875
0 0.75546875 0.5390625 0.021875 0.0359375
0 0.72421875 0.53203125 0.01953125 0.02734375
0 0.703125 0.5015625 0.01796875 0.025
0 0.65390625 0.53125 0.0265625 0.03203125
0 0.575 0.52578125 0.01796875 0.0265625
0 0.603125 0.528125 0.01953125 0.0234375
0 0.565625 0.503125 0.021875 0.0265625
0 0.5203125 0.5328125 0.0484375 0.04765625
0 0.39609375 0.58125 0.01484375 0.01640625
0 0.3640625 0.55546875 0.0296875 0.01640625
0 0.39921875 0.52421875 0.02265625 0.0234375
0 0.33359375 0.49765625 0.03125 0.0171875
0 0.35078125 0.475 0.0265625 0.01484375
0 0.384375 0.478125 0.0328125 0.0203125
0 0.26328125 0.5046875 0.03359375 0.01875
0 0.18671875 0.5703125 0.01171875 0.0140625
0 0.21875 0.53359375 0.03046875 0.02890625
0 0.24921875 0.56953125 0.02109375 0.02578125
0 0.19921875 0.51015625 0.0265625 0.0171875
0 0.15390625 0.49375 0.02265625 0.03203125
0 0.1796875 0.4921875 0.015625 0.02890625
0 0.11796875 0.5046875 0.01640625 0.02109375
0 0.07578125 0.528125 0.02578125 0.0328125
0 0.0171875 0.51875 0.034375 0.03515625
0 0.034375 0.94375 0.03984375 0.06640625
0 0.08515625 0.76796875 0.0203125 0.01796875
0 0.14609375 0.8671875 0.01953125 0.01953125
0 0.11640625 0.83984375 0.01015625 0.0234375
0 0.51953125 0.9859375 0.04140625 0.028125
0 0.9546875 0.54375 0.0171875 0.02734375
0 0.9265625 0.5140625 0.0171875 0.01640625
0 0.88125 0.50390625 0.01640625 0.01484375
0 0.896875 0.46796875 0.01875 0.0125
0 0.9671875 0.50546875 0.0265625 0.0203125
0 0.95546875 0.4859375 0.01953125 0.015625
0 0.78828125 0.478125 0.01796875 0.0109375
0 0.7171875 0.453125 0.0265625 0.0140625
0 0.6796875 0.453125 0.02109375 0.0203125
0 0.5859375 0.46953125 0.0234375 0.0203125
0 0.59453125 0.44296875 0.021875 0.01640625
0 0.4953125 0.4703125 0.03359375 0.034375
0 0.4078125 0.45078125 0.0203125 0.01640625
0 0.31640625 0.45703125 0.01953125 0.025
0 0.290625 0.44609375 0.01953125 0.01796875
0 0.040625 0.51484375 0.0140625 0.01875