0 0.9296875 0.9609375 0.06484375 0.0703125
0 0.66328125 0.78203125 0.04453125 0.05
0 0.43125 0.48984375 0.0234375 0.02265625
0 0.325 0.9046875 0.04375 0.0609375
0 0.32890625 0.98046875 0.0421875 0.0390625
0 0.1296875 0.875 0.053125 0.0640625
0 0.19609375 0.63984375 0.02890625 0.03046875
0 0.6515625 0.5140625 0.02578125 0.03046875
0 0.80859375 0.7171875 0.03828125 0.04609375
0 0.725 0.6828125 0.0375 0.03515625
0 0.41640625 0.81328125 0.0359375 0.0484375
0 0.89375 0.72109375 0.03828125 0.053125
0 0.7015625 0.87421875 0.04296875 0.0640625
0 0.72421875 0.75390625 0.02578125 0.0359375
0 0.57734375 0.77265625 0.0265625 0.03359375
0 0.5078125 0.70390625 0.0265625 0.03671875
0 0.8375 0.5859375 0.03671875 0.03515625
0 0.734375 0.5 0.02890625 0.0265625
0 0.28515625 0.69375 0.03828125 0.04140625
0 0.45546875 0.83046875 0.03671875 0.0546875
0 0.1375 0.796875 0.02734375 0.0484375
0 0.76875 0.8640625 0.03984375 0.0578125
0 0.6671875 0.95546875 0.0359375 0.05859375
0 0.2453125 0.75546875 0.03515625 0.04140625
0 0.26796875 0.62109375 0.0296875 0.03046875
0 0.1015625 0.80859375 0.0359375 0.0453125
0 0.98203125 0.71171875 0.03515625 0.040625
0 0.3140625 0.78984375 0.0296875 0.04375
0 0.859375 0.978125 0.04375 0.04375
0 0.7140625 0.63828125 0.02421875 0.034375
0 0.1875 0.5484375 0.028125 0.02734375
0 0.9015625 0.6 0.0265625 0.03203125
0 0.42109375 0.73203125 0.03828125 0.04765625
0 0.6265625 0.5671875 0.0265625 0.034375
0 0.84609375 0.71328125 0.02578125 0.034375
0 0.3890625 0.68359375 0.02734375 0.0390625
0 0.73359375 0.46796875 0.01875 0.0234375
0 0.7609375 0.965625 0.0375 0.05234375
0 0.8828125 0.55703125 0.021875 0.02734375
0 0.52265625 0.97734375 0.0390625 0.0453125
0 0.59609375 0.5765625 0.02421875 0.0265625
0 0.753125 0.79296875 0.03359375 0.04609375
0 0.5921875 0.80078125 0.03125 0.04140625
0 0.78359375 0.74765625 0.03125 0.04453125
0 0.66171875 0.58046875 0.0296875 0.03203125
0 0.3328125 0.671875 0.0328125 0.03984375
0 0.51640625 0.76953125 0.03125 0.0359375
0 0.8265625 0.79296875 0.02578125 0.03671875
0 0.24609375 0.8515625 0.0265625 0.04609375
0 0.39375 0.94296875 0.0328125 0.04609375
0 0.1390625 0.58984375 0.021875 0.03203125
0 0.3546875 0.75859375 0.03125 0.0484375
0 0.93359375 0.86640625 0.04296875 0.05078125
0 0.31875 0.721875 0.02578125 0.034375
0 0.7859375 0.58125 0.021875 0.028125
0 0.9703125 0.8109375 0.04453125 0.0484375
0 0.06171875 0.540625 0.02578125 0.0234375
0 0.46796875 0.64921875 0.03046875 0.0359375
0 0.7453125 0.596875 0.0234375 0.02890625
0 0.3171875 0.6359375 0.02734375 0.03359375
0 0.8125 0.84921875 0.03203125 0.04140625
0 0.2 0.76875 0.02578125 0.03203125
0 0.23359375 0.5171875 0.025 0.028125
0 0.11484375 0.6984375 0.0265625 0.03125
0 0.4640625 0.76484375 0.021875 0.034375
0 0.4609375 0.71796875 0.02109375 0.034375
0 0.2859375 0.44921875 0.01796875 0.0203125
0 0.0234375 0.9171875 0.04375 0.05234375
0 0.18125 0.86875 0.03984375 0.0375
0 0.565625 0.49140625 0.02421875 0.028125
0 0.1984375 0.7 0.02265625 0.02890625
0 0.015625 0.575 0.03125 0.03203125
0 0.70546875 0.5390625 0.03125 0.028125
0 0.4921875 0.53203125 0.02109375 0.02421875
0 0.1859375 0.50859375 0.0203125 0.02734375
0 0.325 0.4484375 0.0203125 0.021875
0 0.85546875 0.4234375 0.0203125 0.02421875
0 0.253125 0.55546875 0.025 0.03125
0 0.1125 0.4421875 0.02265625 0.021875
0 0.2140625 0.89765625 0.04296875 0.06640625
0 0.3890625 0.40859375 0.01953125 0.0203125
0 0.0515625 0.7609375 0.03671875 0.0328125
0 0.2234375 0.54296875 0.025 0.0234375
0 0.68125 0.50703125 0.02578125 0.028125
0 0.9890625 0.6015625 0.0203125 0.034375
0 0.903125 0.65 0.02734375 0.0375
0 0.596875 0.47734375 0.028125 0.025
0 0.6765625 0.44140625 0.021875 0.02265625
0 0.93046875 0.6078125 0.01796875 0.0234375
0 0.51015625 0.596875 0.0171875 0.0203125
0 0.8125 0.98046875 0.021875 0.03828125
0 0.46328125 0.43515625 0.01953125 0.02109375
0 0.3578125 0.46640625 0.01953125 0.02265625
0 0.50546875 0.45 0.02109375 0.0203125
0 0.96953125 0.7671875 0.04453125 0.03828125
0 0.8234375 0.453125 0.01796875 0.02109375
0 0.01640625 0.53125 0.03046875 0.03046875
0 0.27109375 0.5015625 0.0203125 0.0234375
0 0.17265625 0.97734375 0.0265625 0.0453125
0 0.43828125 0.62890625 0.02265625 0.0375
0 0.1484375 0.7421875 0.01875 0.025
0 0.77421875 0.4375 0.02578125 0.0234375
0 0.10859375 0.5515625 0.03125 0.025
0 0.1 0.5171875 0.025 0.0296875
0 0.921875 0.46796875 0.0234375 0.021875
0 0.0234375 0.665625 0.03125 0.03203125
0 0.47109375 0.48359375 0.0140625 0.01875
0 0.94921875 0.6421875 0.0296875 0.0375
0 0.4 0.559375 0.01796875 0.0203125
0 0.42265625 0.5296875 0.015625 0.021875
0 0.5203125 0.503125 0.02109375 0.02421875
0 0.38359375 0.578125 0.0171875 0.02421875
0 0.50390625 0.6125 0.01484375 0.0203125
0 0.5234375 0.4734375 0.02421875 0.02109375
0 0.7921875 0.48125 0.0203125 0.021875
0 0.2828125 0.42578125 0.0171875 0.01875
0 0.41484375 0.98671875 0.0234375 0.0265625
0 0.89453125 0.509375 0.025 0.02421875
0 0.93046875 0.75234375 0.01796875 0.02109375
0 0.2421875 0.43046875 0.01796875 0.021875
0 0.4046875 0.4296875 0.0203125 0.02109375
0 0.66328125 0.459375 0.0203125 0.02109375
0 0.0484375 0.709375 0.0515625 0.040625
0 0.39921875 0.60234375 0.02265625 0.028125
0 0.875 0.39296875 0.021875 0.01875
0 0.4828125 0.5984375 0.0203125 0.02578125
0 0.4890625 0.5796875 0.0265625 0.02421875
0 0.85703125 0.61953125 0.0453125 0.03125
0 0.21328125 0.840625 0.0453125 0.0453125