0 0.0421875 0.803125 0.05078125 0.06328125
0 0.1671875 0.95234375 0.04140625 0.05625
0 0.27890625 0.93828125 0.0546875 0.04609375
0 0.215625 0.8859375 0.04921875 0.053125
0 0.1828125 0.83671875 0.03828125 0.0484375
0 0.2671875 0.7203125 0.034375 0.04609375
0 0.29921875 0.86328125 0.04296875 0.04375
0 0.2984375 0.809375 0.04375 0.06328125
0 0.3625 0.88828125 0.04375 0.05625
0 0.425 0.84609375 0.0546875 0.04765625
0 0.47265625 0.9453125 0.05859375 0.06875
0 0.22890625 0.76953125 0.04140625 0.046875
0 0.1734375 0.72109375 0.034375 0.03671875
0 0.20546875 0.73984375 0.03359375 0.0453125
0 0.1265625 0.66953125 0.02578125 0.028125
0 0.16484375 0.68515625 0.0359375 0.03984375
0 0.04296875 0.64453125 0.03671875 0.03203125
0 0.11484375 0.5765625 0.028125 0.028125
0 0.35625 0.725 0.03359375 0.0453125
0 0.33515625 0.6953125 0.03359375 0.03359375
0 0.42109375 0.72734375 0.04609375 0.0484375
0 0.4921875 0.825 0.02890625 0.04453125
0 0.53515625 0.87421875 0.03359375 0.04921875
0 0.55859375 0.94375 0.05 0.059375
0 0.6109375 0.940625 0.0484375 0.071875
0 0.54296875 0.7171875 0.0375 0.040625
0 0.45390625 0.66796875 0.03671875 0.0390625
0 0.28984375 0.609375 0.04453125 0.04453125
0 0.284375 0.5609375 0.03515625 0.0375
0 0.3421875 0.55625 0.02890625 0.0265625
0 0.34296875 0.61953125 0.03515625 0.0375
0 0.19921875 0.55859375 0.025 0.028125
0 0.14140625 0.5609375 0.0328125 0.0296875
0 0.2 0.4890625 0.0328125 0.02578125
0 0.259375 0.465625 0.02578125 0.02578125
0 0.315625 0.48359375 0.02265625 0.02421875
0 0.46015625 0.6078125 0.0265625 0.0421875
0 0.41015625 0.5578125 0.025 0.02890625
0 0.4203125 0.4953125 0.02578125 0.02578125
0 0.3765625 0.51796875 0.02265625 0.0265625
0 0.47421875 0.48984375 0.02109375 0.02890625
0 0.44296875 0.56328125 0.01875 0.03515625
0 0.46640625 0.553125 0.02578125 0.02890625
0 0.49765625 0.559375 0.02578125 0.01953125
0 0.5140625 0.6015625 0.040625 0.0359375
0 0.515625 0.57265625 0.028125 0.02578125
0 0.540625 0.64375 0.0265625 0.0390625
0 0.69609375 0.82890625 0.04375 0.04453125
0 0.68828125 0.74453125 0.0265625 0.034375
0 0.69609375 0.66640625 0.028125 0.03671875
0 0.6609375 0.6171875 0.034375 0.0359375
0 0.59140625 0.58046875 0.03046875 0.021875
0 0.66875 0.565625 0.02578125 0.0390625
0 0.696875 0.55 0.03203125 0.0359375
0 0.77734375 0.646875 0.034375 0.0359375
0 0.7734375 0.7109375 0.0390625 0.040625
0 0.72734375 0.715625 0.0296875 0.03984375
0 0.740625 0.7578125 0.0375 0.04296875
0 0.84609375 0.84921875 0.0453125 0.059375
0 0.88046875 0.8609375 0.0234375 0.0421875
0 0.90078125 0.8203125 0.04296875 0.04765625
0 0.8453125 0.7890625 0.040625 0.0421875
0 0.97578125 0.76796875 0.0484375 0.05703125
0 0.83828125 0.63828125 0.03984375 0.046875
0 0.88984375 0.6625 0.03515625 0.0375
0 0.9265625 0.6359375 0.04375 0.03828125
0 0.87109375 0.621875 0.02890625 0.03359375
0 0.8859375 0.603125 0.02578125 0.0328125
0 0.89765625 0.5875 0.03984375 0.02890625
0 0.83515625 0.559375 0.03515625 0.02890625
0 0.7203125 0.5109375 0.0328125 0.03671875
0 0.6078125 0.496875 0.02265625 0.02734375
0 0.60546875 0.54296875 0.03046875 0.028125
0 0.5 0.44609375 0.02421875 0.03125
0 0.57265625 0.39765625 0.0265625 0.0265625
0 0.54375 0.58515625 0.025 0.03203125
0 0.9203125 0.565625 0.0359375 0.03203125
0 0.78984375 0.5953125 0.03046875 0.03984375
0 0.32109375 0.41796875 0.0203125 0.0265625
0 0.23203125 0.596875 0.0234375 0.02421875