0 0.053125 0.96875 0.046875 0.06171875
0 0.034375 0.9078125 0.05703125 0.075
0 0.1109375 0.87734375 0.05078125 0.053125
0 0.11328125 0.80859375 0.04140625 0.06015625
0 0.04765625 0.8 0.04609375 0.065625
0 0.1640625 0.87421875 0.03984375 0.03828125
0 0.18671875 0.925 0.02890625 0.0453125
0 0.2171875 0.97578125 0.03671875 0.0484375
0 0.2546875 0.96015625 0.02578125 0.046875
0 0.29296875 0.9796875 0.04375 0.040625
0 0.37734375 0.96484375 0.03984375 0.0515625
0 0.3671875 0.91328125 0.021875 0.04140625
0 0.37265625 0.86484375 0.0296875 0.04140625
0 0.4 0.8578125 0.01640625 0.03359375
0 0.4765625 0.875 0.0390625 0.04609375
0 0.4765625 0.94375 0.0421875 0.040625
0 0.53125 0.8984375 0.0203125 0.028125
0 0.55078125 0.87265625 0.0296875 0.06484375
0 0.5265625 0.84921875 0.028125 0.0484375
0 0.48359375 0.83359375 0.034375 0.02734375
0 0.4703125 0.7640625 0.03125 0.0453125
0 0.41328125 0.7875 0.0140625 0.02734375
0 0.36875 0.77890625 0.02734375 0.04140625
0 0.31640625 0.7671875 0.01953125 0.05078125
0 0.2953125 0.75234375 0.0265625 0.04609375
0 0.2859375 0.8125 0.0390625 0.04375
0 0.25546875 0.83984375 0.02421875 0.03984375
0 0.2109375 0.8078125 0.03828125 0.0578125
0 0.15859375 0.76484375 0.02734375 0.04609375
0 0.14765625 0.7328125 0.034375 0.0375
0 0.196875 0.7234375 0.03984375 0.04609375
0 0.178125 0.67109375 0.0328125 0.04140625
0 0.134375 0.6828125 0.02109375 0.04140625
0 0.15703125 0.6578125 0.02421875 0.0390625
0 0.1015625 0.66015625 0.0390625 0.05078125
0 0.0984375 0.7109375 0.03515625 0.046875
0 0.04609375 0.74296875 0.025 0.0453125
0 0.02578125 0.67421875 0.0328125 0.0390625
0 0.4125 0.753125 0.03671875 0.03046875
0 0.403125 0.7234375 0.0421875 0.06484375
0 0.32265625 0.66953125 0.0359375 0.0375
0 0.34375 0.63359375 0.0359375 0.04609375
0 0.27265625 0.70625 0.03671875 0.03828125
0 0.27109375 0.6703125 0.03515625 0.0265625
0 0.23203125 0.6625 0.02578125 0.03046875
0 0.2125 0.62265625 0.0234375 0.05390625
0 0.18359375 0.62421875 0.02265625 0.02421875
0 0.24296875 0.56796875 0.01796875 0.02890625
0 0.2171875 0.553125 0.025 0.04296875
0 0.2734375 0.54453125 0.03046875 0.0421875
0 0.32421875 0.51796875 0.0359375 0.03359375
0 0.35859375 0.50546875 0.0234375 0.0453125
0 0.43359375 0.53828125 0.02734375 0.02734375
0 0.41953125 0.51171875 0.01875 0.0203125
0 0.1703125 0.60078125 0.02578125 0.040625
0 0.13125 0.49921875 0.01875 0.02265625
0 0.23828125 0.525 0.03359375 0.028125
0 0.271875 0.41796875 0.02734375 0.02734375
0 0.35546875 0.45859375 0.02578125 0.0265625
0 0.47421875 0.59453125 0.0296875 0.0328125
0 0.5390625 0.6390625 0.02734375 0.04140625
0 0.58203125 0.66484375 0.0203125 0.02734375
0 0.49375 0.66875 0.01875 0.02421875
0 0.3828125 0.678125 0.02109375 0.02734375
0 0.58671875 0.89921875 0.028125 0.04296875
0 0.65859375 0.92734375 0.0359375 0.0390625
0 0.6546875 0.975 0.03515625 0.0375
0 0.67578125 0.875 0.040625 0.04140625
0 0.690625 0.821875 0.02890625 0.04140625
0 0.6828125 0.76953125 0.03359375 0.04453125
0 0.73046875 0.74453125 0.04453125 0.04296875
0 0.6828125 0.7015625 0.01875 0.05
0 0.64609375 0.703125 0.03359375 0.0453125
0 0.6421875 0.6671875 0.02734375 0.03515625
0 0.6203125 0.64453125 0.028125 0.0328125
0 0.58203125 0.5953125 0.03828125 0.0390625
0 0.51171875 0.5984375 0.01953125 0.04296875
0 0.625 0.5875 0.03515625 0.05390625
0 0.65078125 0.59296875 0.028125 0.0359375
0 0.6859375 0.571875 0.02890625 0.0359375
0 0.71796875 0.6328125 0.05 0.034375
0 0.70625 0.6 0.021875 0.03125
0 0.74140625 0.6578125 0.0328125 0.025
0 0.76796875 0.67421875 0.02421875 0.0359375
0 0.80234375 0.665625 0.03828125 0.04765625
0 0.83046875 0.6375 0.0265625 0.04140625
0 0.79453125 0.7859375 0.0515625 0.0359375
0 0.8109375 0.83515625 0.0453125 0.04765625
0 0.76875 0.815625 0.03203125 0.0453125
0 0.74453125 0.8890625 0.03046875 0.06328125
0 0.8 0.8875 0.0375 0.040625
0 0.84140625 0.9328125 0.02734375 0.053125
0 0.64296875 0.79921875 0.03203125 0.0390625
0 0.534375 0.5609375 0.0234375 0.034375
0 0.56796875 0.55 0.0359375 0.04140625
0 0.59296875 0.49921875 0.02109375 0.03203125
0 0.67109375 0.50546875 0.025 0.0328125
0 0.73203125 0.57265625 0.03515625 0.0328125
0 0.76875 0.58515625 0.02890625 0.02265625
0 0.7921875 0.57421875 0.02421875 0.03671875
0 0.7859375 0.6203125 0.02265625 0.03046875
0 0.890625 0.92890625 0.025 0.0515625
0 0.946875 0.9390625 0.03515625 0.053125
0 0.93125 0.984375 0.04375 0.03046875
0 0.97890625 0.83828125 0.04140625 0.05078125
0 0.9265625 0.8140625 0.03984375 0.06171875
0 0.87734375 0.83828125 0.0234375 0.0421875
0 0.8515625 0.8140625 0.021875 0.0421875
0 0.8453125 0.7609375 0.02109375 0.04453125
0 0.81875 0.7328125 0.025 0.0484375
0 0.88515625 0.72734375 0.03359375 0.05703125
0 0.92734375 0.70625 0.0234375 0.04765625
0 0.94140625 0.759375 0.04375 0.04140625
0 0.92578125 0.64765625 0.0296875 0.0296875
0 0.88828125 0.65546875 0.02578125 0.03046875
0 0.8640625 0.62578125 0.025 0.028125
0 0.84140625 0.59921875 0.021875 0.0296875
0 0.73515625 0.5296875 0.0328125 0.03515625
0 0.825 0.50859375 0.0234375 0.028125
0 0.98046875 0.6828125 0.03125 0.06171875
0 0.59765625 0.790625 0.0375 0.03125
0 0.54296875 0.68515625 0.0265625 0.03359375
0 0.0140625 0.55078125 0.028125 0.0421875