0 0.125 0.9609375 0.053125 0.078125
0 0.06484375 0.9328125 0.0453125 0.06484375
0 0.24375 0.93671875 0.05703125 0.07890625
0 0.321875 0.96015625 0.03046875 0.0609375
0 0.3921875 0.90390625 0.0484375 0.1203125
0 0.4046875 0.8515625 0.03125 0.05546875
0 0.46796875 0.88515625 0.0375 0.03984375
0 0.51640625 0.94609375 0.0578125 0.0734375
0 0.75 0.89921875 0.0453125 0.08515625
0 0.74609375 0.97578125 0.046875 0.04609375
0 0.6328125 0.85859375 0.0578125 0.09765625
0 0.53359375 0.85546875 0.02890625 0.03203125
0 0.5203125 0.75 0.03828125 0.07421875
0 0.55390625 0.721875 0.028125 0.053125
0 0.528125 0.68203125 0.040625 0.05234375
0 0.60234375 0.715625 0.04296875 0.0515625
0 0.5640625 0.66015625 0.02578125 0.05859375
0 0.59765625 0.61953125 0.03359375 0.04921875
0 0.6390625 0.6578125 0.03515625 0.05390625
0 0.66875 0.73359375 0.0328125 0.0671875
0 0.69453125 0.71796875 0.021875 0.04765625
0 0.71953125 0.72421875 0.021875 0.06953125
0 0.7390625 0.75078125 0.01953125 0.04609375
0 0.7671875 0.7234375 0.0328125 0.04375
0 0.296875 0.79609375 0.0328125 0.05390625
0 0.34609375 0.75078125 0.015625 0.04609375
0 0.38203125 0.78984375 0.02734375 0.04140625
0 0.371875 0.75546875 0.0203125 0.034375
0 0.378125 0.70625 0.03828125 0.065625
0 0.43203125 0.68671875 0.03984375 0.0359375
0 0.440625 0.625 0.028125 0.03515625
0 0.37421875 0.653125 0.03828125 0.04765625
0 0.33046875 0.7 0.034375 0.05078125
0 0.3171875 0.6375 0.03515625 0.05546875
0 0.28515625 0.5796875 0.025 0.034375
0 0.22578125 0.5765625 0.02734375 0.01953125
0 0.2359375 0.60390625 0.01796875 0.03515625
0 0.2546875 0.56328125 0.0140625 0.015625
0 0.18046875 0.59453125 0.028125 0.03671875
0 0.203125 0.54921875 0.02421875 0.04609375
0 0.14921875 0.70703125 0.04375 0.046875
0 0.20703125 0.784375 0.01640625 0.03515625
0 0.234375 0.7734375 0.025 0.05234375
0 0.28125 0.74296875 0.03359375 0.04609375
0 0.33046875 0.86171875 0.0328125 0.059375
0 0.07109375 0.7734375 0.05234375 0.0703125
0 0.08125 0.69140625 0.0234375 0.04765625
0 0.0671875 0.665625 0.01796875 0.03984375
0 0.11015625 0.6296875 0.025 0.0671875
0 0.109375 0.57734375 0.015625 0.04140625
0 0.07578125 0.6203125 0.03046875 0.04375
0 0.0390625 0.60234375 0.0453125 0.046875
0 0.07890625 0.49296875 0.0390625 0.03515625
0 0.08515625 0.55078125 0.028125 0.03671875
0 0.140625 0.534375 0.03125 0.05234375
0 0.1390625 0.50078125 0.02734375 0.034375
0 0.1609375 0.47578125 0.02109375 0.0484375
0 0.13828125 0.44453125 0.0203125 0.04453125
0 0.1625 0.43515625 0.0296875 0.03671875
0 0.209375 0.48828125 0.0171875 0.0375
0 0.2484375 0.425 0.03515625 0.02421875
0 0.33515625 0.51875 0.0296875 0.0375
0 0.34765625 0.55859375 0.0328125 0.0359375
0 0.36796875 0.6046875 0.028125 0.0234375
0 0.46796875 0.5859375 0.025 0.04453125
0 0.4921875 0.61015625 0.02109375 0.0375
0 0.41484375 0.55234375 0.02421875 0.0375
0 0.40625 0.52578125 0.0296875 0.03515625
0 0.44609375 0.52109375 0.0375 0.05625
0 0.40234375 0.38125 0.028125 0.02578125
0 0.8328125 0.9609375 0.05625 0.078125
0 0.9046875 0.96796875 0.04453125 0.05703125
0 0.93046875 0.9484375 0.03671875 0.07890625
0 0.9640625 0.90703125 0.040625 0.0734375
0 0.97265625 0.85859375 0.04453125 0.06875
0 0.8625 0.86953125 0.06484375 0.07734375
0 0.81875 0.7875 0.040625 0.04609375
0 0.8109375 0.875 0.0265625 0.06328125
0 0.84765625 0.76328125 0.04453125 0.05
0 0.90234375 0.815625 0.06015625 0.06015625
0 0.9796875 0.76640625 0.02890625 0.04921875
0 0.9625 0.71484375 0.03984375 0.0640625
0 0.896875 0.67890625 0.02578125 0.04609375
0 0.89453125 0.60625 0.0296875 0.0375
0 0.8953125 0.59140625 0.0265625 0.0390625
0 0.84921875 0.596875 0.03203125 0.04296875
0 0.859375 0.54375 0.02890625 0.0296875
0 0.79140625 0.59453125 0.0328125 0.0375
0 0.75625 0.61796875 0.02578125 0.04375
0 0.76953125 0.56953125 0.02421875 0.04140625
0 0.60234375 0.52265625 0.01953125 0.02734375
0 0.6453125 0.57890625 0.03515625 0.0328125
0 0.6875 0.609375 0.028125 0.03828125
0 0.5984375 0.45703125 0.0328125 0.03984375
0 0.63515625 0.4859375 0.0375 0.040625
0 0.859375 0.51484375 0.03984375 0.034375