0 0.08203125 0.81953125 0.059375 0.06171875
0 0.15546875 0.9234375 0.03828125 0.05390625
0 0.2765625 0.8734375 0.04375 0.0796875
0 0.1875 0.83828125 0.03515625 0.03671875
0 0.2 0.7828125 0.0375 0.0515625
0 0.24609375 0.71953125 0.03203125 0.046875
0 0.24453125 0.66484375 0.04296875 0.05859375
0 0.1125 0.76015625 0.0296875 0.05078125
0 0.078125 0.71640625 0.03125 0.0421875
0 0.08515625 0.6078125 0.03828125 0.0328125
0 0.01015625 0.653125 0.01953125 0.0265625
0 0.13359375 0.5609375 0.03125 0.03046875
0 0.09921875 0.55625 0.03046875 0.03046875
0 0.1859375 0.5265625 0.01875 0.01796875
0 0.32578125 0.803125 0.03671875 0.04921875
0 0.35234375 0.8359375 0.0421875 0.05859375
0 0.328125 0.6640625 0.0421875 0.05
0 0.28203125 0.59609375 0.03671875 0.03671875
0 0.31796875 0.553125 0.03125 0.03828125
0 0.3875 0.49375 0.01796875 0.03046875
0 0.33203125 0.515625 0.03046875 0.02265625
0 0.3109375 0.46484375 0.01640625 0.0234375
0 0.37421875 0.62890625 0.02265625 0.02734375
0 0.38828125 0.5640625 0.025 0.02734375
0 0.4484375 0.73203125 0.04453125 0.05703125
0 0.44765625 0.81640625 0.0578125 0.06484375
0 0.4859375 0.9375 0.0515625 0.07734375
0 0.60234375 0.96015625 0.04375 0.0796875
0 0.76171875 0.92421875 0.03125 0.05859375
0 0.6609375 0.81171875 0.04296875 0.06796875
0 0.6984375 0.84609375 0.0125 0.0234375
0 0.80390625 0.89765625 0.05625 0.06640625
0 0.8453125 0.85390625 0.04921875 0.0734375
0 0.91796875 0.771875 0.03515625 0.046875
0 0.95546875 0.68984375 0.03984375 0.0484375
0 0.8546875 0.6703125 0.03359375 0.0484375
0 0.80078125 0.66953125 0.04765625 0.05234375
0 0.77109375 0.68671875 0.03125 0.03984375
0 0.78671875 0.74609375 0.0390625 0.053125
0 0.725 0.74765625 0.0609375 0.06875
0 0.73828125 0.80703125 0.03125 0.03046875
0 0.63828125 0.6984375 0.04375 0.05859375
0 0.596875 0.65625 0.046875 0.04140625
0 0.53828125 0.790625 0.05234375 0.07109375
0 0.51953125 0.56484375 0.04296875 0.0625
0 0.575 0.53359375 0.02734375 0.03515625
0 0.5828125 0.565625 0.02578125 0.03046875
0 0.67421875 0.56484375 0.03515625 0.03828125
0 0.75234375 0.584375 0.0296875 0.0328125
0 0.7890625 0.5953125 0.02890625 0.04296875
0 0.73984375 0.54453125 0.0328125 0.02890625
0 0.859375 0.49609375 0.0421875 0.03203125
0 0.80078125 0.4515625 0.02265625 0.02578125
0 0.9109375 0.56796875 0.0328125 0.0296875
0 0.8375 0.5203125 0.0296875 0.03984375
0 0.909375 0.46875 0.03046875 0.0328125
0 0.76015625 0.4859375 0.02890625 0.02890625
0 0.71796875 0.48125 0.02578125 0.03203125
0 0.709375 0.43671875 0.02890625 0.02890625
0 0.64609375 0.43984375 0.0265625 0.0296875
0 0.615625 0.4703125 0.01875 0.02734375
0 0.47578125 0.440625 0.02578125 0.03203125
0 0.5109375 0.42265625 0.02265625 0.02890625
0 0.55625 0.4390625 0.02578125 0.02890625
0 0.4171875 0.4703125 0.0296875 0.02109375
0 0.43125 0.43046875 0.0234375 0.0234375
0 0.38828125 0.42265625 0.028125 0.028125
0 0.35859375 0.37734375 0.02578125 0.0296875
0 0.24609375 0.53203125 0.0265625 0.03671875
0 0.43671875 0.63125 0.0421875 0.05078125
0 0.77890625 0.41484375 0.02109375 0.02265625
0 0.73203125 0.34765625 0.021875 0.025
0 0.78828125 0.38359375 0.02421875 0.028125
0 0.8296875 0.3984375 0.021875 0.0265625
0 0.9 0.6984375 0.040625 0.0484375
0 0.484375 0.39609375 0.02265625 0.028125
0 0.55859375 0.40234375 0.028125 0.02890625
0 0.12578125 0.63828125 0.021875 0.02890625