0 0.284375 0.73125 0.02890625 0.03046875
0 0.83046875 0.7828125 0.0328125 0.03671875
0 0.2875 0.9078125 0.04453125 0.08671875
0 0.43671875 0.91796875 0.0359375 0.0484375
0 0.690625 0.7171875 0.03515625 0.0359375
0 0.21328125 0.7 0.0296875 0.03125
0 0.51328125 0.67265625 0.02734375 0.03203125
0 0.50234375 0.9453125 0.03515625 0.04765625
0 0.903125 0.8359375 0.03046875 0.04375
0 0.80078125 0.7890625 0.03046875 0.03515625
0 0.96015625 0.98046875 0.03984375 0.0390625
0 0.44609375 0.7359375 0.02421875 0.034375
0 0.5 0.79765625 0.03125 0.03984375
0 0.2984375 0.80234375 0.02421875 0.0328125
0 0.10625 0.884375 0.04296875 0.04609375
0 0.13203125 0.828125 0.03046875 0.0328125
0 0.59140625 0.7578125 0.03203125 0.0359375
0 0.19453125 0.63125 0.025 0.03046875
0 0.509375 0.7359375 0.0265625 0.0328125
0 0.884375 0.70234375 0.0328125 0.03515625
0 0.346875 0.87109375 0.03359375 0.04296875
0 0.37421875 0.68046875 0.02734375 0.028125
0 0.53515625 0.56015625 0.02421875 0.02734375
0 0.86875 0.84375 0.03828125 0.053125
0 0.225 0.76796875 0.02734375 0.028125
0 0.18671875 0.7984375 0.02421875 0.0328125
0 0.246875 0.7171875 0.02421875 0.03125
0 0.53984375 0.80703125 0.03046875 0.0390625
0 0.66015625 0.921875 0.0359375 0.0375
0 0.7390625 0.86796875 0.03515625 0.04140625
0 0.91171875 0.6828125 0.03125 0.0375
0 0.9453125 0.8625 0.04375 0.04921875
0 0.63359375 0.82421875 0.0375 0.04765625
0 0.60078125 0.659375 0.028125 0.03359375
0 0.7015625 0.83046875 0.02734375 0.03828125
0 0.79765625 0.915625 0.03203125 0.0484375
0 0.740625 0.70546875 0.02890625 0.03046875
0 0.69140625 0.78046875 0.0328125 0.0359375
0 0.2859375 0.696875 0.03046875 0.03203125
0 0.6546875 0.71328125 0.025 0.0296875
0 0.809375 0.8765625 0.03359375 0.0421875
0 0.334375 0.66953125 0.025 0.02734375
0 0.86953125 0.98125 0.03671875 0.0375
0 0.53359375 0.96875 0.03125 0.05546875
0 0.60625 0.85546875 0.03046875 0.05390625
0 0.56171875 0.60546875 0.02734375 0.03203125
0 0.503125 0.890625 0.028125 0.03203125
0 0.834375 0.95078125 0.0359375 0.06171875
0 0.4703125 0.6765625 0.02890625 0.0328125
0 0.7296875 0.75703125 0.03359375 0.03125
0 0.72578125 0.5734375 0.02421875 0.02265625
0 0.1578125 0.80078125 0.025 0.0265625
0 0.3765625 0.53046875 0.02421875 0.028125
0 0.72109375 0.55390625 0.02734375 0.02734375
0 0.82109375 0.64140625 0.02265625 0.02421875
0 0.40390625 0.7828125 0.02578125 0.03203125
0 0.50078125 0.5421875 0.0234375 0.028125
0 0.87421875 0.65390625 0.028125 0.0296875
0 0.3734375 0.9296875 0.02421875 0.03359375
0 0.3453125 0.91328125 0.02578125 0.04375
0 0.640625 0.67734375 0.0234375 0.03203125
0 0.5390625 0.74609375 0.0234375 0.03125
0 0.1171875 0.9375 0.02890625 0.0328125
0 0.38203125 0.63828125 0.025 0.03046875
0 0.77109375 0.65546875 0.0265625 0.02578125
0 0.95078125 0.83046875 0.0359375 0.03984375
0 0.3046875 0.66328125 0.021875 0.028125
0 0.971875 0.7765625 0.03515625 0.04140625
0 0.0515625 0.94453125 0.05078125 0.0578125
0 0.3234375 0.7078125 0.025 0.0296875
0 0.1546875 0.61015625 0.01953125 0.021875
0 0.4046875 0.5765625 0.01953125 0.0265625
0 0.490625 0.61171875 0.0296875 0.028125
0 0.190625 0.984375 0.034375 0.03046875
0 0.340625 0.73671875 0.0265625 0.03359375
0 0.3921875 0.81328125 0.0296875 0.03515625
0 0.96484375 0.92890625 0.03359375 0.0453125
0 0.35390625 0.5546875 0.02734375 0.028125
0 0.26953125 0.671875 0.0234375 0.02734375
0 0.3640625 0.734375 0.0234375 0.03046875
0 0.12109375 0.76171875 0.02421875 0.03046875
0 0.40703125 0.66796875 0.02265625 0.03125
0 0.9859375 0.75234375 0.028125 0.0359375
0 0.0890625 0.5734375 0.02421875 0.02421875
0 0.7015625 0.57578125 0.02109375 0.02578125
0 0.8578125 0.7640625 0.021875 0.0296875
0 0.0390625 0.8515625 0.03359375 0.0421875
0 0.12578125 0.834375 0.0296875 0.03203125
0 0.63359375 0.58125 0.02265625 0.02265625
0 0.1671875 0.896875 0.028125 0.0359375
0 0.57734375 0.57109375 0.02421875 0.0265625
0 0.5109375 0.59140625 0.0203125 0.02578125
0 0.4046875 0.71328125 0.0171875 0.0234375
0 0.45234375 0.559375 0.0203125 0.02265625
0 0.68203125 0.61484375 0.01953125 0.0328125
0 0.65703125 0.875 0.03203125 0.03515625
0 0.58125 0.70546875 0.0203125 0.021875
0 0.46796875 0.56953125 0.0203125 0.02421875
0 0.5875 0.5796875 0.025 0.02421875
0 0.3359375 0.61171875 0.021875 0.02578125
0 0.50390625 0.5015625 0.02109375 0.0234375
0 0.7640625 0.58359375 0.0265625 0.028125
0 0.39765625 0.7578125 0.0234375 0.02890625
0 0.77578125 0.9796875 0.0234375 0.03984375
0 0.13125 0.9875 0.03125 0.025
0 0.38203125 0.52421875 0.0234375 0.02578125
0 0.34609375 0.4875 0.0203125 0.02421875
0 0.42734375 0.6984375 0.02109375 0.03125
0 0.565625 0.4609375 0.0203125 0.02265625
0 0.1109375 0.74296875 0.028125 0.02578125
0 0.93125 0.72421875 0.0265625 0.025
0 0.87734375 0.53125 0.02265625 0.021875
0 0.5375 0.6125 0.02109375 0.025
0 0.5546875 0.484375 0.021875 0.02421875
0 0.88828125 0.74609375 0.02734375 0.0375