0 0.05859375 0.9234375 0.0390625 0.05
0 0.01953125 0.890625 0.0359375 0.059375
0 0.06171875 0.828125 0.04296875 0.05546875
0 0.053125 0.77421875 0.0375 0.05625
0 0.1203125 0.7515625 0.03984375 0.04453125
0 0.15703125 0.853125 0.03671875 0.059375
0 0.18671875 0.78828125 0.03671875 0.03828125
0 0.20625 0.69296875 0.02421875 0.03359375
0 0.1703125 0.746875 0.02734375 0.02890625
0 0.1234375 0.690625 0.02734375 0.0421875
0 0.05234375 0.6859375 0.03984375 0.04453125
0 0.05 0.6375 0.02109375 0.0375
0 0.15625 0.6609375 0.0328125 0.03515625
0 0.146875 0.6328125 0.02890625 0.03203125
0 0.2546875 0.5859375 0.028125 0.03515625
0 0.20234375 0.54140625 0.02109375 0.034375
0 0.21875 0.8328125 0.03359375 0.0484375
0 0.221875 0.88671875 0.0390625 0.05078125
0 0.2875 0.83984375 0.034375 0.0421875
0 0.36484375 0.81328125 0.03828125 0.03359375
0 0.38984375 0.87578125 0.04375 0.05390625
0 0.39296875 0.9671875 0.040625 0.0625
0 0.321875 0.95078125 0.03515625 0.04375
0 0.30703125 0.93125 0.02109375 0.03671875
0 0.24921875 0.94453125 0.02109375 0.04140625
0 0.471875 0.92578125 0.03359375 0.06953125
0 0.52421875 0.86640625 0.03125 0.040625
0 0.55390625 0.91171875 0.03125 0.0484375
0 0.4453125 0.74765625 0.02890625 0.0359375
0 0.446875 0.79296875 0.0265625 0.025
0 0.515625 0.74453125 0.01953125 0.04296875
0 0.490625 0.72421875 0.02421875 0.034375
0 0.55078125 0.7578125 0.02421875 0.03984375
0 0.6953125 0.934375 0.03203125 0.06171875
0 0.62734375 0.8984375 0.02890625 0.05
0 0.609375 0.78125 0.021875 0.0375
0 0.6296875 0.74296875 0.0234375 0.0328125
0 0.6 0.68359375 0.02109375 0.02890625
0 0.64296875 0.65625 0.025 0.034375
0 0.25 0.81328125 0.02890625 0.0390625
0 0.35546875 0.7390625 0.03359375 0.0359375
0 0.3046875 0.65703125 0.02578125 0.03984375
0 0.27734375 0.659375 0.02578125 0.0328125
0 0.26015625 0.61875 0.02578125 0.0359375
0 0.19375 0.6203125 0.02734375 0.0359375
0 0.1328125 0.5953125 0.02109375 0.03125
0 0.1703125 0.5828125 0.02265625 0.02890625
0 0.1765625 0.54609375 0.0125 0.01875
0 0.2296875 0.4578125 0.02421875 0.025
0 0.340625 0.4421875 0.02578125 0.02265625
0 0.20625 0.478125 0.01875 0.0234375
0 0.30703125 0.45703125 0.02421875 0.0296875
0 0.4421875 0.6546875 0.02890625 0.03203125
0 0.3796875 0.61875 0.025 0.02421875
0 0.390625 0.64765625 0.02734375 0.02421875
0 0.75703125 0.846875 0.034375 0.05234375
0 0.809375 0.921875 0.0359375 0.05625
0 0.8125 0.8671875 0.02421875 0.0359375
0 0.85078125 0.83203125 0.03515625 0.04296875
0 0.88515625 0.875 0.02265625 0.034375
0 0.92734375 0.8640625 0.03046875 0.0421875
0 0.94453125 0.81171875 0.04609375 0.053125
0 0.9109375 0.94296875 0.03125 0.0609375
0 0.95625 0.928125 0.04296875 0.04140625
0 0.96484375 0.97421875 0.03515625 0.04375
0 0.68359375 0.6375 0.03203125 0.03046875
0 0.6421875 0.70546875 0.02109375 0.03046875
0 0.7328125 0.67265625 0.0296875 0.034375
0 0.74609375 0.7140625 0.028125 0.03828125
0 0.7390625 0.75390625 0.02578125 0.0390625
0 0.6953125 0.74921875 0.03046875 0.03984375
0 0.7109375 0.70234375 0.0265625 0.0328125
0 0.746875 0.57734375 0.03046875 0.02890625
0 0.85390625 0.6890625 0.0296875 0.03828125
0 0.89375 0.7109375 0.0328125 0.0296875
0 0.815625 0.77890625 0.01796875 0.025
0 0.90546875 0.759375 0.03359375 0.0296875
0 0.94765625 0.72578125 0.040625 0.0390625
0 0.82734375 0.57265625 0.0234375 0.02578125
0 0.8578125 0.5625 0.02109375 0.025
0 0.77578125 0.553125 0.0171875 0.02265625
0 0.80859375 0.7140625 0.02265625 0.02890625
0 0.78046875 0.65859375 0.025 0.0328125
0 0.6390625 0.6078125 0.0234375 0.03125
0 0.61015625 0.6046875 0.02265625 0.028125
0 0.64375 0.49765625 0.02421875 0.0328125
0 0.6140625 0.51796875 0.021875 0.028125
0 0.5515625 0.51328125 0.0203125 0.02578125
0 0.5125 0.5515625 0.0234375 0.028125
0 0.546875 0.5796875 0.015625 0.0265625
0 0.584375 0.55078125 0.02265625 0.028125
0 0.66953125 0.5515625 0.028125 0.02734375
0 0.6875 0.5 0.0234375 0.028125
0 0.72265625 0.51484375 0.02734375 0.02421875
0 0.4484375 0.51640625 0.021875 0.028125
0 0.50625 0.48984375 0.0203125 0.0203125
0 0.62890625 0.446875 0.01640625 0.0234375
0 0.58984375 0.50546875 0.0203125 0.02734375
0 0.53828125 0.47890625 0.02421875 0.0234375
0 0.2625 0.47109375 0.021875 0.02265625
0 0.23046875 0.49453125 0.02265625 0.02265625
0 0.103125 0.57421875 0.03046875 0.025
0 0.10234375 0.6203125 0.02734375 0.02890625
0 0.221875 0.57578125 0.0265625 0.02734375
0 0.32109375 0.5578125 0.02109375 0.0296875
0 0.40859375 0.46875 0.01640625 0.0265625
0 0.66484375 0.52421875 0.01796875 0.0234375
0 0.30390625 0.58125 0.0203125 0.0265625
0 0.125 0.43828125 0.0234375 0.0234375