0 0.0609375 0.8890625 0.04453125 0.0484375
0 0.01796875 0.76640625 0.0359375 0.04375
0 0.20625 0.9390625 0.0234375 0.046875
0 0.16171875 0.84609375 0.04609375 0.0609375
0 0.128125 0.78359375 0.0296875 0.04140625
0 0.0796875 0.7375 0.0328125 0.0296875
0 0.03125 0.6890625 0.0265625 0.021875
0 0.07421875 0.6953125 0.03359375 0.034375
0 0.05 0.65 0.02890625 0.03125
0 0.13671875 0.68125 0.02734375 0.02890625
0 0.171875 0.72265625 0.01796875 0.02265625
0 0.034375 0.56484375 0.040625 0.03359375
0 0.03515625 0.5203125 0.028125 0.02265625
0 0.07890625 0.53125 0.0265625 0.0234375
0 0.16484375 0.76875 0.021875 0.0375
0 0.209375 0.840625 0.0375 0.03046875
0 0.2390625 0.86796875 0.0390625 0.0625
0 0.271875 0.82734375 0.025 0.03671875
0 0.3 0.975 0.04296875 0.04453125
0 0.35078125 0.96015625 0.05 0.05703125
0 0.346875 0.871875 0.0453125 0.06171875
0 0.265625 0.734375 0.03125 0.040625
0 0.2203125 0.684375 0.02265625 0.02890625
0 0.215625 0.62421875 0.0296875 0.0296875
0 0.1546875 0.57734375 0.021875 0.03359375
0 0.20390625 0.53671875 0.03046875 0.03125
0 0.12265625 0.54453125 0.03046875 0.025
0 0.153125 0.45859375 0.01875 0.0265625
0 0.12421875 0.4375 0.025 0.025
0 0.20078125 0.503125 0.01875 0.02421875
0 0.165625 0.49140625 0.01875 0.02109375
0 0.24765625 0.50859375 0.0265625 0.028125
0 0.2359375 0.53203125 0.025 0.02109375
0 0.2640625 0.54609375 0.025 0.02734375
0 0.2828125 0.60703125 0.02890625 0.028125
0 0.30078125 0.671875 0.0375 0.04765625
0 0.33515625 0.70234375 0.0296875 0.03359375
0 0.33046875 0.7640625 0.02890625 0.03515625
0 0.3734375 0.7375 0.0265625 0.04921875
0 0.346875 0.65390625 0.03359375 0.04140625
0 0.32890625 0.62265625 0.0234375 0.034375
0 0.40390625 0.6671875 0.02421875 0.0375
0 0.4328125 0.71484375 0.03203125 0.04609375
0 0.43515625 0.7859375 0.03828125 0.04375
0 0.4703125 0.8015625 0.03671875 0.0515625
0 0.41640625 0.90859375 0.0328125 0.0453125
0 0.434375 0.95625 0.03046875 0.046875
0 0.53671875 0.9421875 0.03671875 0.05390625
0 0.62578125 0.9578125 0.0328125 0.05546875
0 0.67890625 0.91640625 0.03515625 0.05390625
0 0.7046875 0.84453125 0.0390625 0.0609375
0 0.66875 0.75703125 0.04375 0.0484375
0 0.603125 0.77265625 0.0265625 0.0421875
0 0.59140625 0.7453125 0.02265625 0.028125
0 0.76328125 0.9265625 0.03828125 0.05390625
0 0.76953125 0.83125 0.03515625 0.04765625
0 0.80859375 0.81953125 0.03046875 0.0390625
0 0.7265625 0.7296875 0.03046875 0.040625
0 0.51875 0.68671875 0.028125 0.03359375
0 0.48125 0.6296875 0.02890625 0.03671875
0 0.47578125 0.7 0.0234375 0.03046875
0 0.53203125 0.74609375 0.02890625 0.0328125
0 0.86015625 0.946875 0.03046875 0.06171875
0 0.91875 0.9234375 0.053125 0.06484375
0 0.975 0.9796875 0.0328125 0.03984375
0 0.9796875 0.9296875 0.040625 0.0484375
0 0.8078125 0.98203125 0.025 0.0359375
0 0.759375 0.98828125 0.034375 0.0234375
0 0.95625 0.7828125 0.0390625 0.0453125
0 0.88828125 0.70078125 0.04140625 0.04453125
0 0.9203125 0.7296875 0.0203125 0.02109375
0 0.95390625 0.74375 0.03828125 0.03671875
0 0.97109375 0.69296875 0.04296875 0.040625
0 0.784375 0.7265625 0.0296875 0.03828125
0 0.821875 0.7703125 0.028125 0.0359375
0 0.80390625 0.69921875 0.03828125 0.0453125
0 0.84375 0.69453125 0.02578125 0.03515625
0 0.7546875 0.76953125 0.0296875 0.0453125
0 0.72578125 0.66484375 0.0375 0.03125
0 0.7140625 0.6234375 0.02265625 0.03359375
0 0.8328125 0.57578125 0.03125 0.02890625
0 0.89765625 0.58828125 0.0265625 0.0328125
0 0.87421875 0.54609375 0.02421875 0.0203125
0 0.87890625 0.47734375 0.0203125 0.01875
0 0.93984375 0.62578125 0.03203125 0.0359375
0 0.98046875 0.58828125 0.0265625 0.03515625
0 0.784375 0.57265625 0.02421875 0.02890625
0 0.73203125 0.49296875 0.03046875 0.02578125
0 0.73046875 0.46484375 0.0171875 0.02265625
0 0.77109375 0.434375 0.0265625 0.0203125
0 0.81875 0.45 0.01875 0.01640625
0 0.85078125 0.41796875 0.0171875 0.021875
0 0.6828125 0.4984375 0.02890625 0.03203125
0 0.70703125 0.5296875 0.0265625 0.02734375
0 0.6640625 0.56953125 0.02890625 0.02734375
0 0.6765625 0.590625 0.0203125 0.015625
0 0.63203125 0.5546875 0.0265625 0.03671875
0 0.59921875 0.565625 0.02890625 0.0296875
0 0.653125 0.50703125 0.02578125 0.028125
0 0.66328125 0.45546875 0.0203125 0.0203125
0 0.67734375 0.4359375 0.01953125 0.02109375
0 0.56953125 0.48828125 0.02734375 0.03125
0 0.59921875 0.46953125 0.02890625 0.0296875
0 0.5140625 0.60078125 0.015625 0.02109375
0 0.51796875 0.58203125 0.01640625 0.01953125
0 0.49453125 0.59140625 0.01796875 0.02421875
0 0.39921875 0.56953125 0.01875 0.02421875
0 0.4109375 0.54921875 0.0203125 0.015625
0 0.428125 0.51875 0.02265625 0.02578125
0 0.43828125 0.48359375 0.02421875 0.01953125
0 0.45078125 0.6171875 0.0265625 0.03671875
0 0.39609375 0.403125 0.0171875 0.01953125
0 0.36875 0.4625 0.01796875 0.021875
0 0.52734375 0.49375 0.0234375 0.0234375
0 0.528125 0.46796875 0.021875 0.0203125
0 0.47265625 0.428125 0.021875 0.01953125
0 0.296875 0.44375 0.01875 0.01953125
0 0.29296875 0.4203125 0.01640625 0.0171875
0 0.33359375 0.44140625 0.01953125 0.02109375
0 0.47890625 0.475 0.0140625 0.01953125