0 0.24140625 0.8078125 0.03046875 0.040625
0 0.2703125 0.94921875 0.0359375 0.046875
0 0.66796875 0.93125 0.0421875 0.05703125
0 0.09921875 0.75703125 0.04375 0.04609375
0 0.49140625 0.79296875 0.03984375 0.04921875
0 0.33671875 0.909375 0.03046875 0.04375
0 0.75859375 0.69140625 0.03515625 0.040625
0 0.5484375 0.65859375 0.034375 0.03828125
0 0.74140625 0.4703125 0.025 0.02421875
0 0.178125 0.709375 0.03828125 0.04296875
0 0.7984375 0.76171875 0.0375 0.05078125
0 0.5984375 0.90234375 0.04375 0.0578125
0 0.85859375 0.82421875 0.03359375 0.03984375
0 0.5953125 0.728125 0.03125 0.0421875
0 0.8921875 0.69921875 0.02421875 0.0296875
0 0.8015625 0.61328125 0.03203125 0.02890625
0 0.42578125 0.62734375 0.03359375 0.03515625
0 0.7015625 0.7046875 0.025 0.03203125
0 0.32265625 0.7734375 0.0359375 0.04765625
0 0.0609375 0.60859375 0.02578125 0.03359375
0 0.50625 0.86015625 0.0375 0.053125
0 0.740625 0.8515625 0.02890625 0.0421875
0 0.30390625 0.5109375 0.02421875 0.025
0 0.3765625 0.85078125 0.02109375 0.0390625
0 0.2296875 0.6890625 0.028125 0.02734375
0 0.059375 0.85859375 0.0359375 0.04140625
0 0.2828125 0.72109375 0.03125 0.0296875
0 0.26875 0.54765625 0.01796875 0.028125
0 0.71640625 0.47890625 0.02421875 0.0265625
0 0.57890625 0.85546875 0.02578125 0.0359375
0 0.2296875 0.8796875 0.0375 0.0515625
0 0.3625 0.76796875 0.03359375 0.03359375
0 0.78203125 0.82109375 0.02890625 0.04921875
0 0.1578125 0.7625 0.02890625 0.03515625
0 0.1765625 0.7953125 0.03125 0.03828125
0 0.87265625 0.64140625 0.0328125 0.0359375
0 0.4984375 0.6796875 0.02578125 0.040625
0 0.8515625 0.75 0.034375 0.04375
0 0.39296875 0.7921875 0.0328125 0.04765625
0 0.5578125 0.71953125 0.0296875 0.0359375
0 0.46328125 0.70625 0.0296875 0.03671875
0 0.63515625 0.68125 0.025 0.02734375
0 0.3328125 0.5859375 0.02734375 0.0265625
0 0.0921875 0.69296875 0.03984375 0.04140625
0 0.31640625 0.71328125 0.0265625 0.0296875
0 0.39453125 0.5703125 0.02421875 0.0265625
0 0.8078125 0.6671875 0.02578125 0.03203125
0 0.61796875 0.63203125 0.025 0.03125
0 0.5765625 0.59140625 0.0296875 0.0296875
0 0.92109375 0.9234375 0.03984375 0.0515625
0 0.27265625 0.63515625 0.02578125 0.02734375
0 0.3984375 0.678125 0.0296875 0.034375
0 0.46328125 0.875 0.0375 0.04609375
0 0.115625 0.634375 0.01875 0.02109375
0 0.45703125 0.65234375 0.025 0.028125
0 0.4625 0.61171875 0.028125 0.0359375
0 0.215625 0.97265625 0.02890625 0.0390625
0 0.94609375 0.640625 0.03359375 0.04140625
0 0.209375 0.8453125 0.02890625 0.04296875
0 0.70390625 0.5203125 0.0234375 0.028125
0 0.2203125 0.65234375 0.03671875 0.0328125
0 0.690625 0.678125 0.02109375 0.02578125
0 0.78359375 0.57421875 0.021875 0.028125
0 0.93671875 0.8390625 0.0328125 0.04453125
0 0.54140625 0.8921875 0.02578125 0.0375
0 0.859375 0.87890625 0.03125 0.03046875
0 0.88515625 0.7375 0.028125 0.034375
0 0.15703125 0.540625 0.03046875 0.02890625
0 0.73203125 0.5359375 0.02578125 0.02578125
0 0.05234375 0.94375 0.046875 0.04375
0 0.1859375 0.61015625 0.0234375 0.02734375
0 0.3359375 0.50703125 0.0234375 0.021875
0 0.5796875 0.64609375 0.0203125 0.02890625
0 0.6140625 0.95703125 0.0359375 0.046875
0 0.04453125 0.7875 0.0359375 0.04375
0 0.15 0.9125 0.02265625 0.03828125
0 0.98359375 0.82421875 0.03203125 0.0515625
0 0.5578125 0.81953125 0.0265625 0.03046875
0 0.44140625 0.58046875 0.02421875 0.028125
0 0.64140625 0.459375 0.02421875 0.02578125
0 0.665625 0.8421875 0.0328125 0.04140625
0 0.8546875 0.66484375 0.02421875 0.03125
0 0.36875 0.515625 0.0234375 0.02734375
0 0.67421875 0.53046875 0.021875 0.02421875
0 0.0875 0.80703125 0.02890625 0.03515625
0 0.18515625 0.646875 0.0234375 0.02421875
0 0.2359375 0.9203125 0.034375 0.0375
0 0.1890625 0.50625 0.02265625 0.021875
0 0.7859375 0.46328125 0.0265625 0.02265625
0 0.34296875 0.48671875 0.025 0.0265625
0 0.5171875 0.61640625 0.0234375 0.0375
0 0.8859375 0.5359375 0.0296875 0.0265625
0 0.903125 0.6375 0.0234375 0.02890625
0 0.01015625 0.74140625 0.0203125 0.0359375
0 0.9765625 0.97890625 0.046875 0.0421875
0 0.6046875 0.546875 0.01796875 0.01953125
0 0.2328125 0.51640625 0.02578125 0.02109375
0 0.21875 0.48828125 0.02109375 0.0296875
0 0.41875 0.7578125 0.021875 0.03203125
0 0.81640625 0.41015625 0.0234375 0.021875
0 0.8828125 0.984375 0.05625 0.03046875
0 0.15 0.5 0.02578125 0.02421875
0 0.3078125 0.67265625 0.015625 0.02109375
0 0.3875 0.7484375 0.03359375 0.03125
0 0.46640625 0.38671875 0.01953125 0.01953125
0 0.346875 0.63828125 0.02109375 0.021875
0 0.83359375 0.7015625 0.028125 0.034375
0 0.1203125 0.54921875 0.02265625 0.02265625
0 0.29765625 0.48046875 0.0171875 0.02265625
0 0.49609375 0.5359375 0.01796875 0.025
0 0.58359375 0.5515625 0.01875 0.021875
0 0.1609375 0.5921875 0.0234375 0.02578125
0 0.24296875 0.43984375 0.01875 0.0234375
0 0.21484375 0.4234375 0.021875 0.02109375
0 0.765625 0.4921875 0.0265625 0.02265625
0 0.5171875 0.4578125 0.02421875 0.021875
0 0.78359375 0.43984375 0.01953125 0.021875
0 0.075 0.54765625 0.02578125 0.02578125
0 0.896875 0.875 0.025 0.03046875
0 0.6015625 0.4671875 0.0203125 0.021875
0 0.01796875 0.67265625 0.03359375 0.03203125
0 0.8078125 0.565625 0.02734375 0.03125
0 0.59375 0.6828125 0.034375 0.046875