0 0.37734375 0.5515625 0.02890625 0.0375
0 0.42109375 0.63671875 0.03203125 0.0296875
0 0.37421875 0.67109375 0.0359375 0.04140625
0 0.4703125 0.73125 0.0421875 0.03828125
0 0.52421875 0.6875 0.040625 0.03125
0 0.59921875 0.684375 0.03828125 0.0375
0 0.60390625 0.7515625 0.03515625 0.03671875
0 0.63046875 0.609375 0.03203125 0.03125
0 0.54609375 0.6078125 0.040625 0.03515625
0 0.60625 0.55390625 0.02734375 0.0328125
0 0.66953125 0.5734375 0.0359375 0.03828125
0 0.71328125 0.52890625 0.03125 0.03125
0 0.80234375 0.78671875 0.04140625 0.04609375
0 0.91328125 0.84140625 0.06328125 0.06484375
0 0.9484375 0.81015625 0.05703125 0.06171875
0 0.96640625 0.7328125 0.06640625 0.07109375
0 0.79375 0.8703125 0.0640625 0.04296875
0 0.9171875 0.94375 0.07890625 0.084375
0 0.7390625 0.98359375 0.0234375 0.0328125
0 0.68671875 0.90703125 0.0609375 0.06875
0 0.6078125 0.92734375 0.04375 0.05234375
0 0.68203125 0.84375 0.0390625 0.04453125
0 0.73046875 0.86640625 0.0578125 0.065625
0 0.60234375 0.80625 0.03671875 0.03984375
0 0.65078125 0.821875 0.03125 0.0359375
0 0.56796875 0.82265625 0.0375 0.06171875
0 0.52109375 0.809375 0.0375 0.04453125
0 0.50546875 0.934375 0.0375 0.0484375
0 0.48046875 0.8453125 0.046875 0.04140625
0 0.35234375 0.90703125 0.06875 0.078125
0 0.43515625 0.9328125 0.0671875 0.05234375
0 0.403125 0.984375 0.046875 0.03125
0 0.2625 0.871875 0.0265625 0.0359375
0 0.33203125 0.80859375 0.05390625 0.06640625
0 0.2734375 0.7859375 0.02890625 0.0359375
0 0.21953125 0.796875 0.04375 0.04609375
0 0.1359375 0.7953125 0.05 0.0453125
0 0.09296875 0.82734375 0.046875 0.03828125
0 0.01796875 0.88671875 0.0359375 0.0578125
0 0.1609375 0.7015625 0.0421875 0.04453125
0 0.21953125 0.65703125 0.03671875 0.0375
0 0.30078125 0.628125 0.03046875 0.03359375
0 0.28984375 0.70546875 0.0265625 0.02734375
0 0.3234375 0.7484375 0.021875 0.025
0 0.4859375 0.62890625 0.040625 0.03984375
0 0.4734375 0.58046875 0.028125 0.02734375
0 0.51328125 0.48515625 0.04140625 0.03125
0 0.3125 0.55390625 0.0328125 0.02578125
0 0.32421875 0.58828125 0.0328125 0.02421875
0 0.16875 0.534375 0.04765625 0.0171875
0 0.0890625 0.52578125 0.02890625 0.0171875
0 0.06484375 0.4859375 0.0328125 0.0265625
0 0.01484375 0.61171875 0.0296875 0.0296875
0 0.1125 0.63359375 0.04296875 0.03828125
0 0.10625 0.71328125 0.0265625 0.04375
0 0.41875 0.80234375 0.04765625 0.04609375
0 0.6984375 0.65859375 0.01953125 0.0296875
0 0.7890625 0.70234375 0.0359375 0.0390625
0 0.84140625 0.65234375 0.0328125 0.03359375
0 0.7953125 0.6453125 0.0390625 0.02890625
0 0.815625 0.6671875 0.03046875 0.0234375
0 0.86015625 0.59453125 0.04296875 0.0375
0 0.6203125 0.4734375 0.02890625 0.02578125
0 0.57109375 0.52890625 0.03515625 0.025
0 0.22890625 0.621875 0.02421875 0.021875
0 0.18359375 0.59921875 0.0171875 0.021875
0 0.06640625 0.96015625 0.025 0.0234375
0 0.33203125 0.86328125 0.02265625 0.04375
0 0.0140625 0.56328125 0.028125 0.025
0 0.00625 0.52890625 0.0125 0.021875