0 0.11484375 0.80625 0.0421875 0.0453125
0 0.21953125 0.95859375 0.0453125 0.06015625
0 0.78359375 0.91328125 0.04140625 0.0578125
0 0.45703125 0.85234375 0.034375 0.04140625
0 0.153125 0.9140625 0.0390625 0.0578125
0 0.05 0.7328125 0.04375 0.046875
0 0.6625 0.7015625 0.0296875 0.03984375
0 0.2203125 0.89375 0.0375 0.053125
0 0.715625 0.80625 0.03828125 0.04453125
0 0.16953125 0.796875 0.0328125 0.0390625
0 0.98046875 0.871875 0.0390625 0.05
0 0.3609375 0.7890625 0.03515625 0.04453125
0 0.309375 0.7046875 0.02734375 0.03515625
0 0.8828125 0.73515625 0.03515625 0.0453125
0 0.65859375 0.64765625 0.02734375 0.03828125
0 0.37265625 0.87578125 0.03984375 0.04140625
0 0.88515625 0.896875 0.04296875 0.05234375
0 0.45625 0.79921875 0.0328125 0.03984375
0 0.76953125 0.61328125 0.03203125 0.0359375
0 0.3953125 0.946875 0.046875 0.06015625
0 0.5265625 0.5890625 0.03359375 0.03359375
0 0.2703125 0.5 0.02734375 0.0265625
0 0.1875 0.846875 0.03203125 0.03984375
0 0.3546875 0.7140625 0.02890625 0.03515625
0 0.20859375 0.7375 0.028125 0.04296875
0 0.7578125 0.71796875 0.034375 0.040625
0 0.93046875 0.7640625 0.03984375 0.040625
0 0.5671875 0.9796875 0.04140625 0.040625
0 0.46015625 0.54921875 0.02421875 0.03359375
0 0.70625 0.6796875 0.034375 0.03828125
0 0.6515625 0.79921875 0.03046875 0.0390625
0 0.625 0.64453125 0.02734375 0.03125
0 0.27734375 0.74140625 0.0390625 0.05078125
0 0.2828125 0.70390625 0.02578125 0.03828125
0 0.0546875 0.88984375 0.0734375 0.078125
0 0.0453125 0.8375 0.0375 0.0546875
0 0.61640625 0.73046875 0.02734375 0.0359375
0 0.771875 0.76484375 0.0328125 0.0421875
0 0.38828125 0.6609375 0.034375 0.03359375
0 0.20703125 0.57578125 0.02734375 0.03359375
0 0.53203125 0.803125 0.0234375 0.046875
0 0.2890625 0.90078125 0.0328125 0.05546875
0 0.5421875 0.94140625 0.0359375 0.0515625
0 0.415625 0.4953125 0.02265625 0.03203125
0 0.6484375 0.975 0.03203125 0.046875
0 0.2546875 0.76953125 0.0328125 0.03125
0 0.234375 0.52578125 0.025 0.02734375
0 0.14921875 0.67421875 0.03203125 0.03046875
0 0.10234375 0.61328125 0.03203125 0.03125
0 0.96875 0.93828125 0.0296875 0.0546875
0 0.6265625 0.84140625 0.02578125 0.046875
0 0.26015625 0.621875 0.0296875 0.03515625
0 0.121875 0.7390625 0.03359375 0.0421875
0 0.88515625 0.59609375 0.0296875 0.03203125
0 0.925 0.9484375 0.03046875 0.04296875
0 0.690625 0.58125 0.03203125 0.03046875
0 0.04921875 0.67734375 0.028125 0.040625
0 0.2640625 0.65703125 0.028125 0.03828125
0 0.60078125 0.5890625 0.02734375 0.0328125
0 0.5609375 0.61484375 0.021875 0.028125
0 0.25 0.871875 0.028125 0.034375
0 0.765625 0.8125 0.0359375 0.04921875
0 0.2328125 0.4859375 0.0234375 0.0296875
0 0.15625 0.70859375 0.03515625 0.03203125
0 0.45390625 0.70546875 0.03125 0.0359375
0 0.840625 0.98515625 0.0375 0.0296875
0 0.16953125 0.6203125 0.0265625 0.0328125
0 0.73046875 0.74921875 0.03203125 0.040625
0 0.5171875 0.51796875 0.02265625 0.03046875
0 0.84453125 0.940625 0.03203125 0.04375
0 0.565625 0.81875 0.0296875 0.04765625
0 0.05078125 0.98671875 0.03671875 0.02578125
0 0.521875 0.52265625 0.02265625 0.03125
0 0.659375 0.7515625 0.02890625 0.0375
0 0.34765625 0.465625 0.02421875 0.02421875
0 0.5078125 0.8203125 0.02421875 0.03671875
0 0.6609375 0.53125 0.02578125 0.03203125
0 0.79921875 0.58671875 0.02421875 0.02890625
0 0.9828125 0.77265625 0.03359375 0.03515625
0 0.50390625 0.7734375 0.028125 0.04453125
0 0.175 0.6265625 0.0265625 0.03125
0 0.565625 0.54609375 0.0265625 0.02734375
0 0.60625 0.53828125 0.021875 0.03046875
0 0.6328125 0.54921875 0.02421875 0.03046875
0 0.190625 0.66328125 0.0296875 0.034375
0 0.84765625 0.665625 0.02578125 0.03671875
0 0.3859375 0.7828125 0.02109375 0.03515625
0 0.09921875 0.66015625 0.03046875 0.034375
0 0.39453125 0.69296875 0.03671875 0.028125
0 0.396875 0.72109375 0.02109375 0.02578125
0 0.4671875 0.75625 0.03515625 0.03203125
0 0.48046875 0.9875 0.0453125 0.025
0 0.56015625 0.8984375 0.01796875 0.03125
0 0.621875 0.8859375 0.03671875 0.0296875
0 0.6546875 0.85546875 0.021875 0.02265625
0 0.70859375 0.990625 0.03359375 0.01875
0 0.74921875 0.90390625 0.01640625 0.0203125
0 0.79921875 0.84296875 0.0234375 0.03203125
0 0.84765625 0.8390625 0.03125 0.03671875
0 0.89296875 0.8453125 0.04296875 0.03828125
0 0.93984375 0.81328125 0.04765625 0.03125
0 0.8390625 0.7640625 0.0203125 0.03046875
0 0.81328125 0.7390625 0.01875 0.03515625
0 0.80703125 0.69765625 0.02578125 0.03828125
0 0.78046875 0.6703125 0.01875 0.02734375
0 0.90234375 0.69765625 0.02734375 0.02265625
0 0.96484375 0.6890625 0.03359375 0.02578125
0 0.92890625 0.65703125 0.01484375 0.01953125
0 0.88515625 0.64921875 0.03671875 0.02421875
0 0.89375 0.63359375 0.0234375 0.02109375
0 0.934375 0.621875 0.04609375 0.025
0 0.85078125 0.60390625 0.0234375 0.02109375
0 0.825 0.61015625 0.015625 0.02109375
0 0.8328125 0.5796875 0.02109375 0.015625
0 0.80625 0.5546875 0.0203125 0.015625
0 0.7515625 0.57109375 0.0234375 0.025
0 0.73828125 0.54375 0.021875 0.02578125
0 0.70390625 0.5296875 0.0234375 0.0234375
0 0.68125 0.553125 0.01796875 0.01953125
0 0.73671875 0.6203125 0.021875 0.01796875
0 0.7125 0.60390625 0.02578125 0.028125
0 0.6203125 0.6125 0.0234375 0.02265625
0 0.62578125 0.57421875 0.0125 0.021875
0 0.64296875 0.5796875 0.01953125 0.01640625
0 0.578125 0.7234375 0.02890625 0.0296875
0 0.52734375 0.625 0.01484375 0.0234375
0 0.4765625 0.61484375 0.02109375 0.01953125
0 0.48046875 0.66875 0.01484375 0.02109375
0 0.3109375 0.61640625 0.02578125 0.03046875
0 0.3203125 0.5921875 0.02109375 0.03203125
0 0.340625 0.57421875 0.0234375 0.025
0 0.1765625 0.5765625 0.01484375 0.0203125
0 0.12734375 0.6328125 0.01953125 0.02890625
0 0.1421875 0.640625 0.01484375 0.01796875
0 0.04765625 0.63515625 0.01796875 0.028125
0 0.015625 0.62890625 0.03125 0.03671875
0 0.02578125 0.60234375 0.02578125 0.0234375
0 0.0203125 0.57734375 0.03125 0.02578125
0 0.04140625 0.55546875 0.0171875 0.01640625
0 0.0109375 0.70234375 0.02109375 0.0296875
0 0.1515625 0.609375 0.028125 0.025
0 0.21953125 0.615625 0.03203125 0.03203125
0 0.16328125 0.55546875 0.0171875 0.0265625
0 0.16328125 0.5359375 0.028125 0.02265625
0 0.1109375 0.52265625 0.0203125 0.0234375
0 0.09140625 0.51953125 0.015625 0.02421875
0 0.2125 0.509375 0.03046875 0.02421875
0 0.046875 0.4984375 0.02421875 0.01953125
0 0.0109375 0.5078125 0.021875 0.03125
0 0.2609375 0.53984375 0.03125 0.02109375
0 0.325 0.5390625 0.01640625 0.02109375
0 0.30546875 0.51875 0.01171875 0.0125
0 0.3015625 0.5421875 0.01171875 0.0203125
0 0.36875 0.5 0.02421875 0.02109375
0 0.309375 0.48125 0.02890625 0.02109375
0 0.275 0.47421875 0.01953125 0.015625
0 0.27734375 0.45625 0.01875 0.0171875
0 0.4046875 0.4734375 0.015625 0.01640625
0 0.4390625 0.49375 0.02265625 0.0265625
0 0.490625 0.55 0.0234375 0.02265625
0 0.5203125 0.5515625 0.02578125 0.015625
0 0.4109375 0.54609375 0.0125 0.015625
0 0.3734375 0.58671875 0.01171875 0.0125
0 0.37109375 0.6265625 0.01875 0.01875
0 0.54765625 0.509375 0.01953125 0.01953125
0 0.55078125 0.4890625 0.01640625 0.01015625
0 0.878125 0.55 0.0140625 0.0125
0 0.83984375 0.54296875 0.01796875 0.0109375
0 0.7625 0.53046875 0.0125 0.0171875
0 0.7578125 0.51484375 0.0203125 0.01328125
0 0.3625 0.8296875 0.02265625 0.03125
0 0.22265625 0.7 0.02734375 0.02890625