0 0.2546875 0.7984375 0.04296875 0.059375
0 0.6671875 0.9625 0.065625 0.07421875
0 0.46328125 0.60234375 0.02109375 0.02734375
0 0.53984375 0.8640625 0.046875 0.05078125
0 0.06015625 0.80703125 0.0375 0.04609375
0 0.45078125 0.8171875 0.0390625 0.04765625
0 0.6296875 0.84296875 0.06171875 0.06875
0 0.3234375 0.865625 0.04609375 0.05859375
0 0.3671875 0.8953125 0.05 0.06875
0 0.10546875 0.5375 0.03671875 0.03125
0 0.18203125 0.71015625 0.04921875 0.04765625
0 0.17734375 0.6203125 0.03671875 0.03515625
0 0.715625 0.8078125 0.03671875 0.053125
0 0.1921875 0.8328125 0.03671875 0.05234375
0 0.3046875 0.70625 0.03984375 0.05078125
0 0.79921875 0.5984375 0.02890625 0.03671875
0 0.384375 0.4796875 0.02734375 0.02421875
0 0.821875 0.7671875 0.046875 0.05546875
0 0.49609375 0.46328125 0.028125 0.0234375
0 0.44921875 0.52734375 0.0265625 0.02890625
0 0.54140625 0.48671875 0.02890625 0.0328125
0 0.1234375 0.78515625 0.04375 0.05546875
0 0.765625 0.95859375 0.0546875 0.078125
0 0.240625 0.6875 0.04140625 0.046875
0 0.04453125 0.96796875 0.05390625 0.0640625
0 0.821875 0.946875 0.046875 0.065625
0 0.93359375 0.77265625 0.0546875 0.06796875
0 0.79140625 0.80546875 0.04296875 0.0640625
0 0.87421875 0.76015625 0.03125 0.05078125
0 0.67578125 0.503125 0.03046875 0.034375
0 0.83984375 0.87109375 0.0359375 0.0484375
0 0.446875 0.73046875 0.03203125 0.04140625
0 0.6078125 0.575 0.03125 0.0390625
0 0.73984375 0.49765625 0.03125 0.03125
0 0.94296875 0.61796875 0.03828125 0.04453125
0 0.6375 0.51171875 0.0296875 0.034375
0 0.67421875 0.43125 0.0234375 0.02421875
0 0.33515625 0.76875 0.05546875 0.06484375
0 0.17421875 0.54921875 0.0265625 0.03515625
0 0.78984375 0.43125 0.03125 0.02734375
0 0.409375 0.66640625 0.03515625 0.04140625
0 0.74140625 0.34375 0.021875 0.0203125
0 0.7015625 0.540625 0.0359375 0.03515625
0 0.74765625 0.609375 0.02734375 0.0328125
0 0.215625 0.7453125 0.03203125 0.04140625
0 0.575 0.46484375 0.03046875 0.028125
0 0.384375 0.8140625 0.03359375 0.0546875
0 0.71875 0.7171875 0.04609375 0.04453125
0 0.1875 0.4078125 0.0203125 0.0234375
0 0.86171875 0.60234375 0.03515625 0.0359375
0 0.10078125 0.91015625 0.0359375 0.06796875
0 0.8109375 0.478125 0.02265625 0.025
0 0.390625 0.74765625 0.02890625 0.04296875
0 0.14609375 0.5328125 0.028125 0.0234375
0 0.43359375 0.60859375 0.02265625 0.0296875
0 0.64921875 0.59375 0.03203125 0.0328125
0 0.9203125 0.56796875 0.03046875 0.03515625
0 0.23046875 0.64375 0.03203125 0.0390625
0 0.0921875 0.64375 0.03515625 0.0359375
0 0.7453125 0.8640625 0.04140625 0.06328125
0 0.43203125 0.41875 0.02421875 0.02421875
0 0.5328125 0.82109375 0.0390625 0.0421875
0 0.56640625 0.58203125 0.0296875 0.03046875
0 0.2078125 0.48984375 0.0234375 0.02890625
0 0.084375 0.7171875 0.03125 0.0421875
0 0.7078125 0.66015625 0.03203125 0.0328125
0 0.2765625 0.43203125 0.02109375 0.025
0 0.36953125 0.51953125 0.01875 0.028125
0 0.1625 0.5046875 0.03125 0.0328125
0 0.321875 0.57734375 0.021875 0.03203125
0 0.65078125 0.46796875 0.025 0.01953125
0 0.8453125 0.44921875 0.02109375 0.02265625
0 0.88828125 0.41328125 0.025 0.0296875
0 0.33984375 0.55625 0.0234375 0.02421875
0 0.203125 0.44140625 0.02890625 0.02890625
0 0.23203125 0.40390625 0.01953125 0.0203125
0 0.7484375 0.65 0.03515625 0.03125
0 0.73984375 0.46171875 0.01796875 0.02421875
0 0.43515625 0.46875 0.01484375 0.02109375
0 0.1125 0.49453125 0.0296875 0.02890625
0 0.18203125 0.97421875 0.06953125 0.05078125
0 0.9234375 0.48515625 0.02734375 0.02734375
0 0.06640625 0.4421875 0.025 0.03046875
0 0.25859375 0.5671875 0.02734375 0.0359375
0 0.93515625 0.51484375 0.028125 0.0265625
0 0.0078125 0.771875 0.01484375 0.0375
0 0.30703125 0.45234375 0.01953125 0.02265625
0 0.47890625 0.4375 0.02265625 0.01875
0 0.01796875 0.9296875 0.0359375 0.04609375
0 0.0109375 0.5015625 0.021875 0.0296875
0 0.9828125 0.81796875 0.028125 0.03671875
0 0.9046875 0.3828125 0.025 0.02265625
0 0.9453125 0.68203125 0.0421875 0.04453125
0 0.78359375 0.51796875 0.03125 0.02890625
0 0.84296875 0.5359375 0.03203125 0.03203125
0 0.45390625 0.62109375 0.0171875 0.02109375
0 0.9796875 0.6296875 0.0203125 0.028125
0 0.4421875 0.58125 0.0171875 0.02265625
0 0.31015625 0.4796875 0.02421875 0.02421875
0 0.35 0.390625 0.01953125 0.01953125
0 0.2328125 0.43203125 0.0203125 0.021875
0 0.01171875 0.540625 0.0234375 0.02734375
0 0.03359375 0.58515625 0.02734375 0.0328125
0 0.48828125 0.49609375 0.02421875 0.0265625
0 0.809375 0.70625 0.0265625 0.0359375
0 0.71328125 0.3453125 0.01953125 0.0203125
0 0.9859375 0.96328125 0.02734375 0.06484375
0 0.83984375 0.47109375 0.02421875 0.02265625
0 0.3671875 0.4125 0.021875 0.0234375
0 0.04140625 0.42265625 0.0265625 0.021875
0 0.91796875 0.3421875 0.02734375 0.0234375
0 0.61015625 0.4828125 0.0234375 0.01875
0 0.865625 0.55390625 0.02265625 0.02421875
0 0.3515625 0.68828125 0.0265625 0.04140625
0 0.33203125 0.6015625 0.025 0.0296875
0 0.3734375 0.63671875 0.02578125 0.04140625
0 0.65859375 0.45 0.01953125 0.0203125
0 0.9671875 0.54921875 0.02734375 0.03046875
0 0.5359375 0.43359375 0.0375 0.0328125
0 0.53125 0.40234375 0.0234375 0.03203125
0 0.553125 0.38046875 0.0203125 0.025
0 0.69453125 0.41640625 0.01796875 0.02109375
0 0.00859375 0.8359375 0.01640625 0.0453125
0 0.96640625 0.46640625 0.02578125 0.02265625
0 0.86484375 0.38359375 0.0203125 0.01953125
0 0.08359375 0.49453125 0.01796875 0.0234375
0 0.74921875 0.32421875 0.01875 0.01953125
0 0.221875 0.5796875 0.0203125 0.02578125
0 0.8828125 0.47265625 0.0265625 0.02734375
0 0.690625 0.3296875 0.01640625 0.0171875
0 0.4234375 0.32421875 0.01640625 0.0171875
0 0.3078125 0.38515625 0.02578125 0.02109375
0 0.1109375 0.43828125 0.02109375 0.0234375
0 0.74609375 0.38828125 0.02109375 0.0203125
0 0.6859375 0.4546875 0.01875 0.028125
0 0.70546875 0.29453125 0.015625 0.01796875
0 0.94296875 0.42734375 0.034375 0.03125
0 0.54765625 0.290625 0.0203125 0.01875
0 0.8390625 0.50703125 0.0203125 0.02265625
0 0.059375 0.91484375 0.02890625 0.03828125
0 0.2859375 0.33515625 0.015625 0.01953125
0 0.99296875 0.3875 0.01328125 0.02109375
0 0.8671875 0.3390625 0.01875 0.0171875
0 0.76484375 0.41328125 0.021875 0.0203125
0 0.7875 0.378125 0.02265625 0.01875
0 0.99453125 0.49375 0.0109375 0.02890625
0 0.703125 0.38515625 0.0203125 0.02109375
0 0.66171875 0.61484375 0.02109375 0.0234375
0 0.60703125 0.27890625 0.015625 0.01640625
0 0.99453125 0.67109375 0.01015625 0.0390625
0 0.425 0.3671875 0.0171875 0.02109375
0 0.1703125 0.390625 0.0171875 0.01953125
0 0.8875 0.63984375 0.034375 0.034375
0 0.67890625 0.35234375 0.01796875 0.01875
0 0.478125 0.41171875 0.0296875 0.02890625
0 0.49453125 0.3734375 0.015625 0.01875
0 0.25703125 0.4109375 0.01953125 0.0203125
0 0.17890625 0.43984375 0.01953125 0.01875
0 0.06953125 0.48125 0.02265625 0.025
0 0.56015625 0.53671875 0.04453125 0.0328125
0 0.77578125 0.3484375 0.034375 0.0328125