0 0.3921875 0.9515625 0.06484375 0.0859375
0 0.3 0.825 0.04140625 0.0390625
0 0.23359375 0.80078125 0.03828125 0.0453125
0 0.33203125 0.896875 0.028125 0.05234375
0 0.41171875 0.90078125 0.0421875 0.034375
0 0.48046875 0.94296875 0.04453125 0.05
0 0.54375 0.90703125 0.03828125 0.034375
0 0.64296875 0.890625 0.0421875 0.0546875
0 0.56796875 0.76015625 0.0390625 0.0515625
0 0.61484375 0.7546875 0.03515625 0.02890625
0 0.575 0.69375 0.028125 0.046875
0 0.6546875 0.68984375 0.02109375 0.0453125
0 0.61328125 0.6515625 0.02265625 0.03828125
0 0.434375 0.70546875 0.03046875 0.0296875
0 0.3734375 0.62421875 0.03671875 0.0296875
0 0.23359375 0.634375 0.0328125 0.03671875
0 0.38046875 0.67734375 0.03359375 0.03125
0 0.4390625 0.64921875 0.03125 0.03046875
0 0.38125 0.73515625 0.0515625 0.04765625
0 0.33203125 0.72578125 0.02890625 0.03515625
0 0.5265625 0.7921875 0.0421875 0.06796875
0 0.4796875 0.61328125 0.0296875 0.03125
0 0.8328125 0.821875 0.040625 0.0515625
0 0.890625 0.9171875 0.06875 0.0890625
0 0.66328125 0.6 0.0296875 0.0328125
0 0.771875 0.66328125 0.04140625 0.0296875
0 0.7703125 0.64296875 0.025 0.03359375
0 0.7859375 0.6015625 0.021875 0.0328125
0 0.784375 0.76328125 0.03515625 0.03671875
0 0.784375 0.7609375 0.03046875 0.03359375
0 0.68203125 0.77109375 0.02890625 0.025
0 0.73125 0.771875 0.0203125 0.05625
0 0.69921875 0.640625 0.02421875 0.03203125
0 0.5375 0.709375 0.025 0.04765625
0 0.61328125 0.53984375 0.025 0.0234375
0 0.7328125 0.5875 0.025 0.01796875
0 0.51796875 0.98515625 0.0421875 0.0296875
0 0.2453125 0.971875 0.06875 0.05625
0 0.0671875 0.98046875 0.05078125 0.0390625
0 0.0703125 0.80390625 0.046875 0.06015625
0 0.1515625 0.73984375 0.04375 0.040625
0 0.18515625 0.615625 0.03203125 0.02734375
0 0.04453125 0.62265625 0.03203125 0.03046875
0 0.30625 0.65390625 0.02734375 0.01875
0 0.3234375 0.9796875 0.028125 0.040625
0 0.28828125 0.7734375 0.04140625 0.03125
0 0.346875 0.78359375 0.03515625 0.03203125
0 0.39296875 0.8234375 0.04765625 0.03359375
0 0.37578125 0.7953125 0.015625 0.0359375
0 0.35078125 0.584375 0.03828125 0.02421875
0 0.2859375 0.60625 0.03046875 0.0296875
0 0.23359375 0.60390625 0.02890625 0.02578125
0 0.2046875 0.575 0.0265625 0.02265625
0 0.33984375 0.53828125 0.025 0.01953125
0 0.41796875 0.57421875 0.02890625 0.025
0 0.4171875 0.54140625 0.02734375 0.02265625
0 0.06796875 0.70078125 0.04375 0.03828125
0 0.084375 0.721875 0.0296875 0.03359375
0 0.01953125 0.67734375 0.03359375 0.025
0 0.07578125 0.634375 0.03671875 0.028125
0 0.08203125 0.5171875 0.040625 0.02421875
0 0.140625 0.51953125 0.0296875 0.0265625
0 0.09375 0.571875 0.03359375 0.0265625
0 0.1046875 0.6046875 0.03359375 0.0234375
0 0.26171875 0.66953125 0.02109375 0.0296875
0 0.2515625 0.46484375 0.02734375 0.01953125
0 0.24765625 0.44375 0.03671875 0.02109375
0 0.15625 0.4796875 0.0265625 0.025
0 0.04296875 0.496875 0.0359375 0.0328125
0 0.21484375 0.51640625 0.0296875 0.02890625
0 0.46875 0.53828125 0.02265625 0.02734375
0 0.50390625 0.63671875 0.03515625 0.03046875
0 0.56015625 0.63359375 0.0296875 0.03046875
0 0.73125 0.89375 0.0234375 0.034375
0 0.746875 0.8859375 0.03046875 0.065625
0 0.74921875 0.95546875 0.03203125 0.05078125
0 0.8265625 0.921875 0.0375 0.04140625
0 0.9453125 0.97578125 0.05234375 0.0484375
0 0.865625 0.8125 0.04453125 0.04609375
0 0.7109375 0.75703125 0.02578125 0.02890625
0 0.7375 0.74765625 0.034375 0.0234375
0 0.75703125 0.7953125 0.025 0.04453125
0 0.821875 0.73359375 0.02109375 0.0203125
0 0.9390625 0.8703125 0.05 0.05390625
0 0.98828125 0.89140625 0.0234375 0.0546875
0 0.9875 0.9546875 0.025 0.05390625
0 0.79921875 0.56953125 0.0328125 0.03515625
0 0.87421875 0.56015625 0.02734375 0.028125
0 0.915625 0.63515625 0.02890625 0.034375
0 0.91640625 0.61015625 0.02578125 0.028125
0 0.91875 0.5734375 0.0296875 0.0296875
0 0.9171875 0.696875 0.03515625 0.046875
0 0.97265625 0.76328125 0.021875 0.0296875
0 0.984375 0.740625 0.03125 0.04453125
0 0.61015625 0.47265625 0.0234375 0.02421875
0 0.65390625 0.540625 0.0203125 0.0203125
0 0.66015625 0.5234375 0.0171875 0.01875
0 0.6453125 0.49453125 0.03203125 0.02265625
0 0.5640625 0.5390625 0.021875 0.0171875
0 0.7421875 0.50546875 0.03046875 0.02421875
0 0.7546875 0.615625 0.02109375 0.01796875
0 0.8078125 0.665625 0.02890625 0.03984375
0 0.80625 0.6390625 0.0328125 0.028125
0 0.74453125 0.5625 0.01796875 0.0203125
0 0.77265625 0.51640625 0.0203125 0.02265625
0 0.8109375 0.51875 0.02734375 0.02109375
0 0.6640625 0.43046875 0.0328125 0.021875
0 0.5390625 0.5015625 0.01484375 0.01796875
0 0.1453125 0.55234375 0.03671875 0.02578125
0 0.16796875 0.49765625 0.02734375 0.01875
0 0.07421875 0.484375 0.02265625 0.01484375
0 0.11640625 0.471875 0.02578125 0.01484375
0 0.10859375 0.44453125 0.0296875 0.015625
0 0.1171875 0.81640625 0.02734375 0.02734375
0 0.1578125 0.8796875 0.05078125 0.03203125
0 0.4953125 0.54765625 0.0140625 0.0296875
0 0.54765625 0.56328125 0.01484375 0.03203125
0 0.840625 0.5859375 0.0234375 0.02578125
0 0.87265625 0.621875 0.0234375 0.028125
0 0.8828125 0.60703125 0.03203125 0.0296875
0 0.878125 0.68046875 0.03359375 0.02734375
0 0.57265625 0.45078125 0.015625 0.01875
0 0.575 0.4828125 0.01875 0.0171875
0 0.571875 0.51328125 0.01875 0.0171875
0 0.3203125 0.6703125 0.02890625 0.02890625
0 0.25703125 0.58671875 0.02265625 0.0171875
0 0.29453125 0.49140625 0.025 0.0140625
0 0.42265625 0.52109375 0.01796875 0.0171875
0 0.36015625 0.5375 0.01640625 0.0140625
0 0.3328125 0.49765625 0.0265625 0.015625
0 0.26796875 0.51640625 0.0421875 0.02109375
0 0.25 0.53125 0.0296875 0.0171875
0 0.27421875 0.49296875 0.0203125 0.01953125
0 0.41171875 0.39609375 0.0171875 0.015625
0 0.29375 0.44375 0.02890625 0.01328125
0 0.30078125 0.4265625 0.0234375 0.01796875
0 0.3125 0.4109375 0.01328125 0.01484375
0 0.24765625 0.365625 0.021875 0.02109375
0 0.41171875 0.4859375 0.021875 0.02265625
0 0.36484375 0.4828125 0.02265625 0.0203125