0 0.07734375 0.9515625 0.0484375 0.06171875
0 0.0640625 0.90859375 0.03359375 0.0453125
0 0.0328125 0.8546875 0.0359375 0.04609375
0 0.10859375 0.8640625 0.0328125 0.04375
0 0.01953125 0.81328125 0.03203125 0.0421875
0 0.05546875 0.75234375 0.0421875 0.05390625
0 0.1953125 0.978125 0.034375 0.04375
0 0.2453125 0.91484375 0.02265625 0.04140625
0 0.19921875 0.828125 0.040625 0.053125
0 0.1640625 0.76796875 0.03828125 0.03671875
0 0.06640625 0.56171875 0.03125 0.03203125
0 0.109375 0.6859375 0.0375 0.03828125
0 0.11640625 0.7265625 0.0265625 0.02890625
0 0.171875 0.6734375 0.0265625 0.02890625
0 0.24609375 0.82265625 0.034375 0.04453125
0 0.2765625 0.85234375 0.03671875 0.0609375
0 0.33828125 0.95 0.0421875 0.03984375
0 0.38515625 0.9390625 0.046875 0.0609375
0 0.378125 0.85546875 0.04140625 0.0546875
0 0.30546875 0.8125 0.0234375 0.0359375
0 0.29765625 0.7234375 0.03203125 0.0390625
0 0.240625 0.6171875 0.03046875 0.02421875
0 0.20390625 0.7125 0.01953125 0.0265625
0 0.24921875 0.6734375 0.0203125 0.02578125
0 0.33203125 0.6640625 0.0375 0.0453125
0 0.3109375 0.603125 0.02421875 0.02734375
0 0.228125 0.53359375 0.0265625 0.0265625
0 0.1828125 0.57265625 0.0203125 0.0296875
0 0.140625 0.51015625 0.02265625 0.025
0 0.221875 0.50234375 0.0203125 0.02421875
0 0.1734375 0.45546875 0.021875 0.02734375
0 0.36484375 0.69296875 0.0234375 0.03046875
0 0.4 0.728125 0.0265625 0.0453125
0 0.36015625 0.75078125 0.0296875 0.0421875
0 0.4453125 0.88671875 0.03125 0.03984375
0 0.46875 0.9296875 0.0265625 0.03984375
0 0.48203125 0.97734375 0.0390625 0.04453125
0 0.565625 0.91796875 0.03515625 0.05078125
0 0.64921875 0.93515625 0.0265625 0.04296875
0 0.69921875 0.896875 0.034375 0.06484375
0 0.778125 0.90078125 0.03203125 0.04296875
0 0.7203125 0.828125 0.0421875 0.0578125
0 0.68203125 0.74296875 0.0421875 0.0453125
0 0.61953125 0.759375 0.02890625 0.03203125
0 0.5515625 0.73203125 0.0296875 0.03046875
0 0.61015625 0.72890625 0.0234375 0.0328125
0 0.7765625 0.9640625 0.03671875 0.03671875
0 0.7828125 0.81875 0.04140625 0.05546875
0 0.821875 0.803125 0.0328125 0.04296875
0 0.73984375 0.71796875 0.02890625 0.03125
0 0.73828125 0.66015625 0.03671875 0.03515625
0 0.81328125 0.68984375 0.03828125 0.04296875
0 0.79296875 0.7140625 0.0265625 0.034375
0 0.83125 0.75546875 0.028125 0.03125
0 0.865625 0.9171875 0.03125 0.05078125
0 0.821875 0.9125 0.01875 0.034375
0 0.8203125 0.95703125 0.0265625 0.03203125
0 0.93359375 0.97421875 0.04296875 0.0515625
0 0.9265625 0.89765625 0.0515625 0.05546875
0 0.984375 0.9515625 0.03046875 0.0515625
0 0.93515625 0.8140625 0.0375 0.03515625
0 0.96328125 0.76953125 0.04296875 0.0390625
0 0.8953125 0.690625 0.0328125 0.04140625
0 0.9234375 0.71953125 0.0203125 0.021875
0 0.97578125 0.684375 0.0359375 0.03984375
0 0.85078125 0.6859375 0.02578125 0.03046875
0 0.90234375 0.62890625 0.028125 0.03671875
0 0.8390625 0.5734375 0.0328125 0.028125
0 0.77421875 0.4359375 0.0234375 0.0234375
0 0.82109375 0.453125 0.01875 0.02109375
0 0.74375 0.4953125 0.03203125 0.02421875
0 0.7390625 0.465625 0.01875 0.0234375
0 0.72734375 0.61796875 0.0265625 0.03125
0 0.75703125 0.5828125 0.02421875 0.025
0 0.7140625 0.52734375 0.02890625 0.02734375
0 0.89921875 0.584375 0.02265625 0.02265625
0 0.94609375 0.61796875 0.03046875 0.03671875
0 0.98046875 0.58828125 0.02578125 0.0328125
0 0.675 0.56953125 0.028125 0.03125
0 0.64296875 0.55390625 0.025 0.03203125
0 0.665625 0.5078125 0.0265625 0.02890625
0 0.69375 0.50078125 0.028125 0.0296875
0 0.6078125 0.47109375 0.02734375 0.0265625
0 0.5828125 0.48515625 0.0203125 0.025
0 0.61328125 0.5640625 0.0234375 0.02890625
0 0.5390625 0.68046875 0.0265625 0.03515625
0 0.496875 0.78515625 0.02890625 0.0546875
0 0.46171875 0.77421875 0.03359375 0.04453125
0 0.45703125 0.70390625 0.03671875 0.04375
0 0.50234375 0.73125 0.02265625 0.0359375
0 0.49765625 0.68984375 0.01953125 0.03125
0 0.50078125 0.6265625 0.034375 0.03125
0 0.5359375 0.5796875 0.01875 0.0265625
0 0.51328125 0.5859375 0.0203125 0.025
0 0.46796875 0.61328125 0.025 0.03203125
0 0.428125 0.66015625 0.0234375 0.0359375
0 0.54296875 0.47109375 0.02265625 0.0203125
0 0.67265625 0.4546875 0.01796875 0.02109375
0 0.68671875 0.4421875 0.01953125 0.01875
0 0.4203125 0.565625 0.0171875 0.0234375
0 0.35546875 0.61640625 0.028125 0.03046875
0 0.37421875 0.653125 0.03515625 0.0421875
0 0.45546875 0.4828125 0.025 0.02265625
0 0.41015625 0.4078125 0.0171875 0.02109375
0 0.28828125 0.54453125 0.025 0.03203125
0 0.2578125 0.5328125 0.0234375 0.0234375
0 0.26796875 0.51171875 0.02265625 0.028125
0 0.05859375 0.6203125 0.03046875 0.0296875
0 0.10546875 0.5296875 0.02421875 0.025
0 0.14296875 0.43984375 0.0234375 0.02421875
0 0.8796875 0.546875 0.0234375 0.02265625
0 0.86796875 0.39765625 0.01953125 0.01640625