0 0.3203125 0.684375 0.02109375 0.0328125
0 0.7984375 0.9578125 0.03828125 0.04921875
0 0.04765625 0.94296875 0.04765625 0.0796875
0 0.4078125 0.84140625 0.040625 0.05
0 0.6125 0.79453125 0.034375 0.0328125
0 0.28203125 0.81484375 0.03359375 0.0390625
0 0.67265625 0.846875 0.02890625 0.03828125
0 0.38515625 0.71640625 0.01796875 0.02265625
0 0.54375 0.715625 0.025 0.02890625
0 0.83828125 0.79765625 0.034375 0.03984375
0 0.38046875 0.77265625 0.0328125 0.03671875
0 0.58203125 0.66640625 0.028125 0.0265625
0 0.4109375 0.9421875 0.0359375 0.0390625
0 0.6390625 0.64921875 0.02265625 0.02421875
0 0.08515625 0.7484375 0.03125 0.03203125
0 0.79609375 0.87578125 0.034375 0.05
0 0.74609375 0.78515625 0.02890625 0.03671875
0 0.63828125 0.859375 0.034375 0.04921875
0 0.421875 0.890625 0.03515625 0.03671875
0 0.409375 0.57734375 0.021875 0.0234375
0 0.878125 0.81484375 0.03125 0.04140625
0 0.83125 0.9375 0.034375 0.05859375
0 0.47109375 0.79765625 0.03671875 0.0421875
0 0.5140625 0.771875 0.03125 0.03046875
0 0.190625 0.7984375 0.0296875 0.02890625
0 0.56875 0.89453125 0.02890625 0.0390625
0 0.45078125 0.728125 0.025 0.02734375
0 0.578125 0.9671875 0.0375 0.05703125
0 0.24140625 0.75234375 0.02890625 0.03671875
0 0.70703125 0.87421875 0.03359375 0.04375
0 0.678125 0.76015625 0.0265625 0.0359375
0 0.68828125 0.7109375 0.03046875 0.03203125
0 0.578125 0.80703125 0.028125 0.0328125
0 0.815625 0.66796875 0.03125 0.03203125
0 0.30390625 0.74921875 0.025 0.03359375
0 0.1890625 0.94296875 0.034375 0.0453125
0 0.53203125 0.584375 0.02109375 0.025
0 0.490625 0.73125 0.034375 0.03671875
0 0.97578125 0.78984375 0.03515625 0.0328125
0 0.8125 0.7390625 0.0328125 0.034375
0 0.3734375 0.8765625 0.02734375 0.04453125
0 0.86953125 0.7125 0.0265625 0.03359375
0 0.9109375 0.6 0.0234375 0.02734375
0 0.50546875 0.6234375 0.01875 0.03203125
0 0.93828125 0.9796875 0.0421875 0.040625
0 0.4453125 0.6921875 0.0234375 0.03125
0 0.31796875 0.81875 0.03203125 0.04296875
0 0.47109375 0.846875 0.028125 0.0375
0 0.17421875 0.8296875 0.03359375 0.03671875
0 0.71640625 0.690625 0.0265625 0.0375
0 0.38828125 0.6140625 0.02421875 0.02890625
0 0.50234375 0.88359375 0.03203125 0.0421875
0 0.18515625 0.6953125 0.028125 0.0296875
0 0.23828125 0.59140625 0.0234375 0.025
0 0.0828125 0.68671875 0.028125 0.03046875
0 0.1515625 0.68359375 0.0234375 0.025
0 0.11484375 0.8953125 0.034375 0.046875
0 0.28203125 0.6921875 0.02734375 0.03359375
0 0.44375 0.60625 0.02578125 0.03515625
0 0.4609375 0.59375 0.0234375 0.021875
0 0.71171875 0.934375 0.025 0.03828125
0 0.12421875 0.6796875 0.0234375 0.02734375
0 0.87578125 0.9796875 0.0296875 0.040625
0 0.26484375 0.90859375 0.02578125 0.0328125
0 0.71796875 0.83828125 0.025 0.03203125
0 0.25390625 0.96796875 0.03671875 0.04609375
0 0.55 0.93359375 0.02734375 0.04609375
0 0.16328125 0.7484375 0.0234375 0.03046875
0 0.88828125 0.60703125 0.02109375 0.02265625
0 0.31328125 0.6515625 0.03203125 0.03359375
0 0.31484375 0.62109375 0.02578125 0.02734375
0 0.4140625 0.66875 0.025 0.03046875
0 0.35703125 0.625 0.02109375 0.025
0 0.4359375 0.55859375 0.01875 0.0296875
0 0.690625 0.66171875 0.0265625 0.028125
0 0.89609375 0.76171875 0.0296875 0.02578125
0 0.559375 0.559375 0.025 0.025
0 0.71953125 0.5328125 0.02421875 0.02265625
0 0.3015625 0.578125 0.02109375 0.02421875
0 0.59453125 0.59140625 0.02265625 0.0265625
0 0.55859375 0.58046875 0.02265625 0.021875
0 0.275 0.9796875 0.028125 0.040625
0 0.90234375 0.94296875 0.0328125 0.0421875
0 0.36875 0.57109375 0.02421875 0.025
0 0.14296875 0.75703125 0.02734375 0.02890625
0 0.07890625 0.82421875 0.03046875 0.03828125
0 0.7640625 0.7 0.0203125 0.034375
0 0.40625 0.48828125 0.02109375 0.0234375
0 0.190625 0.7734375 0.025 0.028125
0 0.22265625 0.68203125 0.02578125 0.03046875
0 0.94453125 0.60859375 0.025 0.021875
0 0.33984375 0.546875 0.03203125 0.0359375
0 0.35078125 0.51015625 0.0203125 0.02109375
0 0.33828125 0.6015625 0.0203125 0.02265625
0 0.69375 0.98671875 0.0359375 0.025
0 0.20390625 0.6546875 0.021875 0.025
0 0.01328125 0.7921875 0.02578125 0.03515625
0 0.93671875 0.54609375 0.02734375 0.02421875
0 0.09609375 0.71328125 0.03671875 0.03125
0 0.64765625 0.77578125 0.01953125 0.028125
0 0.12421875 0.95390625 0.0265625 0.03671875
0 0.10546875 0.9359375 0.0296875 0.03828125
0 0.21015625 0.7265625 0.01875 0.0234375
0 0.4234375 0.46484375 0.02109375 0.02109375
0 0.76640625 0.7546875 0.0296875 0.03984375
0 0.98203125 0.53984375 0.03046875 0.0234375
0 0.9109375 0.55234375 0.0265625 0.0265625
0 0.3734375 0.5796875 0.02421875 0.025
0 0.01484375 0.721875 0.0296875 0.0375
0 0.36484375 0.65625 0.02109375 0.02421875
0 0.44453125 0.5078125 0.01796875 0.025
0 0.12890625 0.7234375 0.0265625 0.028125
0 0.0171875 0.65 0.0296875 0.03046875
0 0.72578125 0.73046875 0.02421875 0.0265625
0 0.5890625 0.7578125 0.01796875 0.02109375
0 0.28203125 0.48671875 0.01796875 0.021875
0 0.478125 0.5390625 0.02421875 0.03515625
0 0.471875 0.50078125 0.01953125 0.02265625
0 0.95 0.7640625 0.02265625 0.025
0 0.78828125 0.56796875 0.021875 0.02265625
0 0.49296875 0.5484375 0.02734375 0.0390625
0 0.5171875 0.57578125 0.02890625 0.0203125
0 0.5109375 0.55390625 0.01484375 0.02109375
0 0.80625 0.628125 0.0234375 0.0296875
0 0.82734375 0.6234375 0.01640625 0.0203125
0 0.38515625 0.65703125 0.015625 0.0234375
0 0.32421875 0.75546875 0.021875 0.03125
0 0.3171875 0.86328125 0.0375 0.03125
0 0.46640625 0.94296875 0.03125 0.053125
0 0.4953125 0.9609375 0.0390625 0.04375
0 0.5140625 0.9859375 0.03203125 0.028125
0 0.2359375 0.71015625 0.0234375 0.040625
0 0.87109375 0.90390625 0.03828125 0.04140625
0 0.97890625 0.93125 0.0421875 0.09375
0 0.8546875 0.76328125 0.03046875 0.0453125
0 0.83125 0.71875 0.0265625 0.04609375
0 0.71953125 0.6109375 0.03203125 0.03515625
0 0.6625 0.52890625 0.03671875 0.028125
0 0.6453125 0.61640625 0.0203125 0.02421875
0 0.6125 0.71640625 0.02421875 0.05078125
0 0.5796875 0.54140625 0.03359375 0.03125
0 0.4015625 0.54609375 0.0375 0.03203125
0 0.3515625 0.94296875 0.0296875 0.053125
0 0.3296875 0.9109375 0.03671875 0.04609375
0 0.0484375 0.7328125 0.03046875 0.046875
0 0.04765625 0.678125 0.03984375 0.04140625
0 0.1640625 0.63046875 0.02734375 0.04296875
0 0.221875 0.621875 0.0328125 0.03515625
0 0.2640625 0.584375 0.0265625 0.0359375
0 0.20078125 0.61015625 0.025 0.03359375
0 0.1765625 0.59140625 0.03125 0.0296875
0 0.521875 0.471875 0.0265625 0.028125
0 0.57421875 0.49609375 0.01953125 0.0234375
0 0.56015625 0.471875 0.02109375 0.03203125
0 0.603125 0.49375 0.03125 0.040625
0 0.22265625 0.53515625 0.04296875 0.03671875
0 0.08828125 0.61640625 0.03671875 0.03359375
0 0.09140625 0.65703125 0.034375 0.03046875