0 0.1625 0.96484375 0.0546875 0.0703125
0 0.215625 0.9 0.04765625 0.06484375
0 0.28046875 0.94765625 0.053125 0.046875
0 0.1796875 0.846875 0.04296875 0.05859375
0 0.03984375 0.80546875 0.0484375 0.06796875
0 0.29921875 0.8671875 0.0359375 0.0421875
0 0.35859375 0.89609375 0.04296875 0.0671875
0 0.42578125 0.85859375 0.05703125 0.0484375
0 0.47734375 0.959375 0.05546875 0.0640625
0 0.5625 0.95703125 0.0515625 0.06328125
0 0.61484375 0.965625 0.05078125 0.06796875
0 0.540625 0.8828125 0.03359375 0.0515625
0 0.49453125 0.8328125 0.02578125 0.053125
0 0.54609375 0.72109375 0.04765625 0.0546875
0 0.4515625 0.6734375 0.0421875 0.04375
0 0.203125 0.746875 0.034375 0.0515625
0 0.23203125 0.78203125 0.04453125 0.04296875
0 0.265625 0.72734375 0.0421875 0.04296875
0 0.2890625 0.6140625 0.0453125 0.03828125
0 0.1625 0.6953125 0.03359375 0.03125
0 0.040625 0.6515625 0.03515625 0.0328125
0 0.1125 0.58359375 0.0265625 0.02890625
0 0.2 0.56484375 0.02109375 0.03046875
0 0.2390625 0.55703125 0.02109375 0.025
0 0.28359375 0.56640625 0.03046875 0.034375
0 0.346875 0.6203125 0.0359375 0.0328125
0 0.33359375 0.70234375 0.0375 0.04609375
0 0.35625 0.73203125 0.034375 0.0390625
0 0.42265625 0.73671875 0.04921875 0.04140625
0 0.475 0.4921875 0.021875 0.028125
0 0.378125 0.521875 0.025 0.028125
0 0.34140625 0.55859375 0.0234375 0.03125
0 0.259375 0.46953125 0.028125 0.02890625
0 0.140625 0.5640625 0.03046875 0.03203125
0 0.3 0.81796875 0.0390625 0.05078125
0 0.7015625 0.834375 0.05 0.0453125
0 0.853125 0.8609375 0.0546875 0.05546875
0 0.94453125 0.9203125 0.059375 0.0578125
0 0.82890625 0.9546875 0.04921875 0.06640625
0 0.7796875 0.65234375 0.02734375 0.0390625
0 0.775 0.7171875 0.0375 0.0421875
0 0.74765625 0.76328125 0.03671875 0.04921875
0 0.7015625 0.66953125 0.0328125 0.0453125
0 0.73203125 0.721875 0.0328125 0.0390625
0 0.6734375 0.56796875 0.03046875 0.0375
0 0.659375 0.61875 0.03828125 0.0421875
0 0.72265625 0.51484375 0.0328125 0.0375
0 0.7015625 0.5546875 0.03046875 0.034375
0 0.8265625 0.67265625 0.03359375 0.046875
0 0.8953125 0.66796875 0.0359375 0.0375
0 0.9265625 0.56875 0.034375 0.040625
0 0.90625 0.59140625 0.02734375 0.03671875
0 0.9296875 0.6390625 0.03515625 0.034375
0 0.87421875 0.625 0.03359375 0.03125
0 0.83984375 0.56484375 0.04140625 0.03359375
0 0.74921875 0.50625 0.025 0.02265625
0 0.5890625 0.5890625 0.0359375 0.03203125
0 0.51484375 0.6078125 0.04296875 0.03359375
0 0.54375 0.64609375 0.028125 0.0421875
0 0.459375 0.6125 0.02578125 0.03046875
0 0.44453125 0.56875 0.01875 0.0390625
0 0.465625 0.559375 0.02421875 0.028125
0 0.51640625 0.57421875 0.0234375 0.03359375
0 0.31328125 0.48828125 0.025 0.02734375
0 0.50234375 0.45078125 0.02265625 0.0265625
0 0.3203125 0.4171875 0.02109375 0.03125
0 0.84921875 0.8015625 0.0484375 0.04375
0 0.90390625 0.82890625 0.0484375 0.05078125
0 0.8453125 0.64609375 0.04609375 0.03984375
0 0.79609375 0.6 0.02890625 0.03515625
0 0.62734375 0.68125 0.0390625 0.03046875
0 0.55625 0.78515625 0.025 0.0328125
0 0.5484375 0.58671875 0.02890625 0.034375
0 0.61015625 0.5015625 0.02265625 0.028125
0 0.6078125 0.54609375 0.0265625 0.0265625
0 0.53359375 0.428125 0.0234375 0.03359375
0 0.57421875 0.4 0.02421875 0.0296875
0 0.8890625 0.5140625 0.02265625 0.02265625