0 0.0515625 0.9046875 0.06640625 0.07265625
0 0.14921875 0.9171875 0.05234375 0.07109375
0 0.10234375 0.77421875 0.04375 0.06328125
0 0.0546875 0.68125 0.0453125 0.0546875
0 0.17265625 0.71953125 0.05625 0.05234375
0 0.30078125 0.9328125 0.0640625 0.08671875
0 0.22421875 0.89921875 0.04296875 0.059375
0 0.40078125 0.91796875 0.05390625 0.0640625
0 0.47265625 0.97578125 0.0484375 0.04765625
0 0.52734375 0.94375 0.06015625 0.06640625
0 0.584375 0.96015625 0.0421875 0.078125
0 0.46484375 0.82265625 0.04296875 0.0578125
0 0.35234375 0.74375 0.034375 0.0578125
0 0.2546875 0.78671875 0.03359375 0.05078125
0 0.27421875 0.6828125 0.03671875 0.046875
0 0.28828125 0.59765625 0.0328125 0.0484375
0 0.30234375 0.63828125 0.03828125 0.04140625
0 0.365625 0.58828125 0.03515625 0.040625
0 0.38359375 0.696875 0.0359375 0.0296875
0 0.4859375 0.6890625 0.0390625 0.0484375
0 0.53125 0.7703125 0.040625 0.05546875
0 0.6296875 0.9453125 0.040625 0.0609375
0 0.6859375 0.96015625 0.040625 0.05
0 0.73671875 0.9765625 0.02421875 0.03515625
0 0.61796875 0.77265625 0.040625 0.05546875
0 0.62265625 0.8625 0.040625 0.06171875
0 0.875 0.925 0.04609375 0.0734375
0 0.853125 0.80234375 0.0375 0.05390625
0 0.80625 0.80546875 0.0390625 0.05078125
0 0.73828125 0.74140625 0.028125 0.0421875
0 0.653125 0.67109375 0.0421875 0.046875
0 0.628125 0.59765625 0.034375 0.05234375
0 0.70234375 0.62734375 0.04296875 0.05234375
0 0.85 0.71796875 0.04140625 0.0453125
0 0.91640625 0.73359375 0.04453125 0.04921875
0 0.68515625 0.69375 0.01328125 0.03203125
0 0.75078125 0.571875 0.03671875 0.046875
0 0.7484375 0.62421875 0.03046875 0.03515625
0 0.73671875 0.5234375 0.021875 0.040625
0 0.709375 0.5125 0.0296875 0.0328125
0 0.64765625 0.50078125 0.028125 0.0359375
0 0.5890625 0.5703125 0.03671875 0.0359375
0 0.55859375 0.66484375 0.04921875 0.040625
0 0.4765625 0.62890625 0.03125 0.04609375
0 0.52109375 0.50859375 0.040625 0.04375
0 0.31328125 0.53671875 0.03828125 0.0375
0 0.1265625 0.56796875 0.05078125 0.0265625
0 0.14140625 0.6453125 0.0265625 0.03515625
0 0.18515625 0.675 0.0265625 0.0296875
0 0.06171875 0.6015625 0.0234375 0.02734375
0 0.04375 0.55 0.03203125 0.02421875
0 0.10234375 0.59609375 0.0203125 0.025
0 0.165625 0.5171875 0.0234375 0.028125
0 0.17265625 0.58125 0.02109375 0.02578125
0 0.26640625 0.7234375 0.02890625 0.0265625
0 0.76796875 0.7203125 0.0375 0.03671875
0 0.79296875 0.690625 0.034375 0.04453125
0 0.8625 0.57578125 0.0359375 0.0359375
0 0.82578125 0.58359375 0.0296875 0.0328125
0 0.84296875 0.6296875 0.02890625 0.0390625
0 0.7046875 0.43828125 0.02265625 0.02890625
0 0.67265625 0.43828125 0.0265625 0.02734375
0 0.5671875 0.50546875 0.025 0.025
0 0.56015625 0.48125 0.0234375 0.028125
0 0.45234375 0.559375 0.0390625 0.034375
0 0.3390625 0.50625 0.0390625 0.0296875
0 0.3453125 0.47734375 0.03046875 0.0234375
0 0.26796875 0.4921875 0.02734375 0.028125
0 0.0890625 0.5046875 0.02734375 0.02265625
0 0.20703125 0.49296875 0.0125 0.01796875
0 0.396875 0.5625 0.02109375 0.021875
0 0.828125 0.4921875 0.021875 0.028125
0 0.465625 0.3765625 0.0234375 0.01640625
0 0.39140625 0.45703125 0.01640625 0.02890625
0 0.3171875 0.43984375 0.0203125 0.02265625
0 0.34765625 0.3640625 0.02109375 0.02734375
0 0.61015625 0.40546875 0.02109375 0.0296875
0 0.66484375 0.40390625 0.02578125 0.02421875
0 0.82109375 0.421875 0.025 0.0234375