0 0.23984375 0.8015625 0.046875 0.0625
0 0.3796875 0.47734375 0.0265625 0.0265625
0 0.765625 0.96015625 0.0546875 0.07578125
0 0.62734375 0.84296875 0.0609375 0.06953125
0 0.44453125 0.8203125 0.04140625 0.04765625
0 0.3125 0.86796875 0.04609375 0.06015625
0 0.715625 0.8125 0.0359375 0.05234375
0 0.0421875 0.80546875 0.046875 0.05
0 0.328125 0.76953125 0.0546875 0.06171875
0 0.66640625 0.96171875 0.0609375 0.07578125
0 0.35625 0.896875 0.05 0.0703125
0 0.82265625 0.76796875 0.04921875 0.05546875
0 0.5359375 0.86640625 0.04765625 0.05234375
0 0.08046875 0.91328125 0.0375 0.0703125
0 0.16875 0.61953125 0.0359375 0.03671875
0 0.7984375 0.5953125 0.0296875 0.03515625
0 0.82109375 0.94765625 0.0484375 0.0671875
0 0.6046875 0.5734375 0.03125 0.0390625
0 0.09765625 0.53515625 0.03515625 0.03359375
0 0.8625 0.59921875 0.03515625 0.0375
0 0.63515625 0.509375 0.03046875 0.03359375
0 0.26953125 0.4296875 0.02265625 0.025
0 0.23359375 0.690625 0.04375 0.04921875
0 0.44375 0.52109375 0.0265625 0.02734375
0 0.67421875 0.49921875 0.03046875 0.03515625
0 0.18359375 0.4046875 0.021875 0.02265625
0 0.87578125 0.7640625 0.0328125 0.0484375
0 0.57421875 0.4625 0.03125 0.03125
0 0.44140625 0.73046875 0.034375 0.0421875
0 0.171875 0.70859375 0.05078125 0.05
0 0.93828125 0.77265625 0.05703125 0.07109375
0 0.39921875 0.66484375 0.03359375 0.0390625
0 0.52734375 0.82265625 0.04296875 0.04609375
0 0.5375 0.48359375 0.03125 0.0328125
0 0.84140625 0.871875 0.03828125 0.05078125
0 0.74453125 0.8625 0.040625 0.065625
0 0.81171875 0.471875 0.02421875 0.025
0 0.70078125 0.5375 0.034375 0.03125
0 0.7390625 0.49453125 0.03203125 0.0296875
0 0.346875 0.3890625 0.0203125 0.02109375
0 0.49140625 0.46015625 0.0296875 0.02421875
0 0.646875 0.59140625 0.03359375 0.03359375
0 0.18046875 0.8375 0.0359375 0.05390625
0 0.22265625 0.64296875 0.03359375 0.0390625
0 0.13359375 0.53046875 0.0296875 0.0234375
0 0.46015625 0.60078125 0.021875 0.0265625
0 0.71640625 0.71796875 0.0484375 0.04296875
0 0.37578125 0.81484375 0.03203125 0.0515625
0 0.20859375 0.7453125 0.0390625 0.040625
0 0.334375 0.55390625 0.0234375 0.02421875
0 0.0671875 0.71640625 0.02890625 0.0421875
0 0.296875 0.70703125 0.0421875 0.05234375
0 0.56328125 0.58359375 0.03828125 0.0421875
0 0.3828125 0.75 0.0296875 0.04296875
0 0.7921875 0.80625 0.046875 0.065625
0 0.7484375 0.6078125 0.02734375 0.03359375
0 0.07890625 0.6421875 0.03359375 0.03671875
0 0.2015625 0.4875 0.02421875 0.02890625
0 0.7390625 0.45859375 0.0171875 0.025
0 0.42890625 0.41328125 0.025 0.025
0 0.9453125 0.61796875 0.03828125 0.04375
0 0.70625 0.6578125 0.03359375 0.0328125
0 0.92109375 0.56484375 0.0328125 0.0359375
0 0.1109375 0.7875 0.04375 0.05859375
0 0.7875 0.42734375 0.0296875 0.02578125
0 0.10390625 0.49296875 0.0296875 0.028125
0 0.90703125 0.37890625 0.025 0.02109375
0 0.1609375 0.54921875 0.02890625 0.0375
0 0.43828125 0.57890625 0.01953125 0.02265625
0 0.15546875 0.503125 0.03125 0.03359375
0 0.428125 0.60703125 0.0234375 0.02890625
0 0.45 0.6203125 0.01953125 0.02421875
0 0.925 0.48046875 0.028125 0.02734375
0 0.02890625 0.41875 0.0296875 0.02578125
0 0.22421875 0.43046875 0.021875 0.02265625
0 0.31171875 0.57578125 0.025 0.03125
0 0.8890625 0.40625 0.02578125 0.0296875
0 0.98671875 0.81796875 0.0265625 0.034375
0 0.74921875 0.6484375 0.0359375 0.02890625
0 0.3640625 0.51640625 0.0203125 0.028125
0 0.64921875 0.4640625 0.02578125 0.01953125
0 0.9828125 0.62734375 0.02265625 0.028125
0 0.25078125 0.56484375 0.028125 0.034375
0 0.43125 0.465625 0.015625 0.02265625
0 0.8453125 0.46875 0.02578125 0.02265625
0 0.9375 0.5109375 0.0296875 0.02734375
0 0.67265625 0.42890625 0.02265625 0.02265625
0 0.7421875 0.3390625 0.021875 0.0203125
0 0.8453125 0.4453125 0.021875 0.021875
0 0.48046875 0.49140625 0.02265625 0.025
0 0.6078125 0.47890625 0.02109375 0.01875
0 0.946875 0.6796875 0.0421875 0.0453125
0 0.34296875 0.69140625 0.02734375 0.04375
0 0.47578125 0.4359375 0.0234375 0.02109375
0 0.303125 0.4765625 0.02578125 0.02578125
0 0.30078125 0.45078125 0.0203125 0.021875
0 0.78359375 0.5140625 0.03359375 0.0296875
0 0.65703125 0.4453125 0.021875 0.02109375
0 0.865625 0.55078125 0.02265625 0.025
0 0.02265625 0.584375 0.028125 0.034375
0 0.16875 0.975 0.0625 0.05
0 0.9703125 0.54453125 0.0265625 0.02890625
0 0.36015625 0.4109375 0.021875 0.021875
0 0.32578125 0.60390625 0.025 0.03203125
0 0.7296875 0.70078125 0.01953125 0.02265625
0 0.24921875 0.40859375 0.02109375 0.021875
0 0.5515625 0.37578125 0.021875 0.02890625
0 0.91875 0.33671875 0.02578125 0.0234375
0 0.81015625 0.70546875 0.02734375 0.03359375
0 0.84296875 0.534375 0.03203125 0.0296875
0 0.98671875 0.96953125 0.0265625 0.05859375
0 0.0546875 0.44296875 0.02421875 0.03046875
0 0.36640625 0.6390625 0.025 0.040625
0 0.69296875 0.409375 0.01875 0.021875
0 0.04296875 0.91171875 0.03984375 0.059375