0 0.06640625 0.978125 0.04609375 0.04296875
0 0.07421875 0.8125 0.0546875 0.0796875
0 0.07890625 0.70703125 0.03984375 0.0578125
0 0.04765625 0.62578125 0.028125 0.040625
0 0.028125 0.69921875 0.04140625 0.04140625
0 0.1140625 0.6609375 0.028125 0.0328125
0 0.075 0.64765625 0.021875 0.0359375
0 0.11171875 0.61171875 0.02734375 0.04609375
0 0.09140625 0.584375 0.02890625 0.0296875
0 0.08671875 0.5125 0.03203125 0.04140625
0 0.14375 0.5578125 0.03515625 0.03515625
0 0.18359375 0.6234375 0.02578125 0.053125
0 0.2078125 0.571875 0.03359375 0.03671875
0 0.23671875 0.6421875 0.0234375 0.0421875
0 0.23515625 0.6015625 0.0265625 0.03359375
0 0.2125 0.83359375 0.02109375 0.03515625
0 0.2390625 0.81875 0.0515625 0.078125
0 0.15 0.746875 0.034375 0.053125
0 0.3 0.83125 0.03515625 0.03515625
0 0.334375 0.909375 0.03828125 0.05078125
0 0.38828125 0.95703125 0.053125 0.0859375
0 0.415625 0.90390625 0.028125 0.05078125
0 0.484375 0.95078125 0.034375 0.07109375
0 0.2484375 0.98203125 0.06328125 0.0359375
0 0.3828125 0.74453125 0.04609375 0.0453125
0 0.34375 0.7890625 0.03515625 0.059375
0 0.38203125 0.83125 0.03359375 0.06875
0 0.3359375 0.7359375 0.03671875 0.03671875
0 0.31328125 0.67421875 0.03515625 0.046875
0 0.37890625 0.68671875 0.03203125 0.04765625
0 0.38203125 0.62890625 0.02265625 0.05
0 0.3546875 0.6046875 0.0421875 0.02890625
0 0.290625 0.6125 0.0375 0.05234375
0 0.3421875 0.54609375 0.02578125 0.03046875
0 0.41953125 0.5734375 0.02421875 0.02578125
0 0.4203125 0.55 0.02890625 0.025
0 0.44921875 0.65546875 0.03828125 0.0546875
0 0.4390625 0.715625 0.04296875 0.0421875
0 0.53515625 0.81015625 0.0484375 0.065625
0 0.55 0.9203125 0.03671875 0.05625
0 0.640625 0.89921875 0.04765625 0.06328125
0 0.5734375 0.771875 0.028125 0.03125
0 0.61953125 0.76796875 0.025 0.05234375
0 0.65859375 0.70546875 0.03671875 0.04375
0 0.6890625 0.77734375 0.0328125 0.0578125
0 0.7109375 0.76640625 0.025 0.04453125
0 0.73359375 0.78828125 0.0203125 0.05
0 0.7375 0.75390625 0.0296875 0.0265625
0 0.76328125 0.79765625 0.03203125 0.04453125
0 0.50703125 0.64921875 0.01875 0.04765625
0 0.4828125 0.6171875 0.02890625 0.04375
0 0.25078125 0.4484375 0.0296875 0.028125
0 0.22265625 0.5234375 0.0453125 0.0390625
0 0.17109375 0.5 0.0203125 0.0328125
0 0.121875 0.45390625 0.0328125 0.0484375
0 0.05234375 0.46171875 0.028125 0.03828125
0 0.5671875 0.5453125 0.01796875 0.02890625
0 0.615625 0.54609375 0.02109375 0.03671875
0 0.66171875 0.60390625 0.01875 0.046875
0 0.70234375 0.64921875 0.0203125 0.03984375
0 0.54140625 0.71484375 0.0203125 0.03984375
0 0.58046875 0.70078125 0.02421875 0.03515625
0 0.615625 0.65703125 0.02265625 0.04453125
0 0.75078125 0.8984375 0.046875 0.0421875
0 0.7734375 0.96171875 0.053125 0.0765625
0 0.8296875 0.93984375 0.0296875 0.0546875
0 0.83671875 0.84140625 0.03125 0.04765625
0 0.871875 0.8109375 0.02578125 0.0484375
0 0.89609375 0.9328125 0.0625 0.084375
0 0.93671875 0.86640625 0.040625 0.0546875
0 0.92109375 0.71953125 0.0328125 0.06640625
0 0.94609375 0.69375 0.021875 0.046875
0 0.77265625 0.66015625 0.034375 0.06171875
0 0.7453125 0.60625 0.0265625 0.05078125
0 0.75859375 0.6203125 0.0171875 0.0328125
0 0.79140625 0.61171875 0.03125 0.05390625
0 0.80625 0.5765625 0.02265625 0.03828125
0 0.8703125 0.6328125 0.0109375 0.028125
0 0.8796875 0.56875 0.0328125 0.040625
0 0.921875 0.64765625 0.02421875 0.028125
0 0.91953125 0.61484375 0.02421875 0.02734375
0 0.92734375 0.57109375 0.03203125 0.040625
0 0.7890625 0.7765625 0.028125 0.05234375
0 0.609375 0.4796875 0.02421875 0.03671875
0 0.65078125 0.50390625 0.02421875 0.03515625