0 0.07890625 0.96953125 0.03515625 0.04765625
0 0.08984375 0.90234375 0.0421875 0.0625
0 0.16953125 0.90546875 0.0421875 0.0609375
0 0.02578125 0.81953125 0.03046875 0.034375
0 0.140625 0.80859375 0.04609375 0.04296875
0 0.18984375 0.76015625 0.0390625 0.0359375
0 0.21015625 0.7125 0.0296875 0.0359375
0 0.19453125 0.65234375 0.021875 0.02578125
0 0.12421875 0.73046875 0.02734375 0.03984375
0 0.0703125 0.7828125 0.03359375 0.03984375
0 0.06953125 0.73984375 0.02109375 0.02890625
0 0.05078125 0.69453125 0.02578125 0.0234375
0 0.0640625 0.7203125 0.0171875 0.02265625
0 0.22265625 0.859375 0.02265625 0.0359375
0 0.2484375 0.94296875 0.03671875 0.040625
0 0.275 0.978125 0.04375 0.04375
0 0.3203125 0.9875 0.0265625 0.025
0 0.2796875 0.86171875 0.0328125 0.0515625
0 0.2609375 0.690625 0.02109375 0.025
0 0.2328125 0.68671875 0.01953125 0.02890625
0 0.24765625 0.778125 0.0234375 0.02578125
0 0.13125 0.6671875 0.01796875 0.02734375
0 0.146875 0.48671875 0.021875 0.021875
0 0.1765625 0.4953125 0.01875 0.0203125
0 0.21640625 0.5171875 0.02265625 0.02109375
0 0.2578125 0.5390625 0.021875 0.02421875
0 0.28125 0.59765625 0.028125 0.03046875
0 0.26640625 0.6171875 0.0171875 0.02109375
0 0.2953125 0.66015625 0.02734375 0.028125
0 0.36953125 0.7890625 0.046875 0.08515625
0 0.4265625 0.903125 0.0453125 0.04375
0 0.453125 0.96796875 0.046875 0.05
0 0.584375 0.95 0.0265625 0.0421875
0 0.6171875 0.934375 0.04375 0.05859375
0 0.66484375 0.93828125 0.03125 0.0375
0 0.66015625 0.90625 0.021875 0.02578125
0 0.70703125 0.9734375 0.03046875 0.0484375
0 0.75234375 0.95703125 0.03828125 0.05546875
0 0.81171875 0.97890625 0.05078125 0.04140625
0 0.8625 0.93203125 0.0421875 0.03515625
0 0.74296875 0.79609375 0.03046875 0.0328125
0 0.61875 0.83984375 0.0265625 0.0546875
0 0.58671875 0.8203125 0.0390625 0.0390625
0 0.51796875 0.79609375 0.03671875 0.0375
0 0.42734375 0.7515625 0.03125 0.04375
0 0.428125 0.790625 0.0265625 0.03984375
0 0.35390625 0.62578125 0.0265625 0.02578125
0 0.371875 0.68984375 0.025 0.0296875
0 0.315625 0.6140625 0.0234375 0.03125
0 0.3546875 0.59296875 0.0265625 0.0296875
0 0.3265625 0.5328125 0.021875 0.02265625
0 0.33359375 0.56953125 0.021875 0.02578125
0 0.37109375 0.565625 0.025 0.02890625
0 0.403125 0.5703125 0.02421875 0.02265625
0 0.38828125 0.6015625 0.02421875 0.0265625
0 0.41171875 0.63125 0.02109375 0.03671875
0 0.4328125 0.628125 0.02890625 0.03515625
0 0.4671875 0.69765625 0.025 0.0359375
0 0.47109375 0.646875 0.021875 0.02890625
0 0.478125 0.6734375 0.02421875 0.02421875
0 0.43984375 0.5828125 0.028125 0.02890625
0 0.4125 0.465625 0.02734375 0.028125
0 0.43203125 0.4421875 0.02109375 0.025
0 0.47578125 0.5671875 0.0234375 0.0328125
0 0.4765625 0.60859375 0.0171875 0.0234375
0 0.5203125 0.63125 0.025 0.028125
0 0.57734375 0.684375 0.0265625 0.03671875
0 0.61484375 0.69140625 0.025 0.040625
0 0.58046875 0.6296875 0.02578125 0.03125
0 0.61015625 0.6390625 0.02265625 0.028125
0 0.58515625 0.77109375 0.028125 0.03203125
0 0.684375 0.7390625 0.0296875 0.04609375
0 0.71484375 0.71015625 0.03125 0.03515625
0 0.73515625 0.753125 0.02734375 0.03203125
0 0.96171875 0.8609375 0.040625 0.05234375
0 0.97265625 0.91484375 0.0359375 0.04375
0 0.92421875 0.828125 0.0375 0.06015625
0 0.88984375 0.76015625 0.0359375 0.0375
0 0.88359375 0.79453125 0.03359375 0.04140625
0 0.81953125 0.746875 0.025 0.03515625
0 0.78046875 0.71953125 0.02890625 0.03125
0 0.76640625 0.66953125 0.03046875 0.03515625
0 0.8765625 0.68125 0.028125 0.028125
0 0.909375 0.6765625 0.0375 0.0296875
0 0.95546875 0.7359375 0.04375 0.03984375
0 0.990625 0.73125 0.01875 0.03359375
0 0.96015625 0.6015625 0.03125 0.03359375
0 0.98828125 0.58203125 0.0234375 0.0390625
0 0.88984375 0.54609375 0.02734375 0.02421875
0 0.88515625 0.60078125 0.021875 0.03046875
0 0.80078125 0.65 0.0296875 0.03046875
0 0.72421875 0.60703125 0.0265625 0.03125
0 0.76015625 0.615625 0.03515625 0.03359375
0 0.81171875 0.60234375 0.028125 0.03203125
0 0.66171875 0.65078125 0.03359375 0.0328125
0 0.6515625 0.59921875 0.01875 0.02734375
0 0.58203125 0.57421875 0.0234375 0.03046875
0 0.6671875 0.56015625 0.02890625 0.03203125
0 0.70859375 0.58046875 0.0234375 0.0296875
0 0.6234375 0.509375 0.0265625 0.028125
0 0.6 0.51640625 0.02265625 0.02421875
0 0.59375 0.47265625 0.021875 0.021875
0 0.69140625 0.48984375 0.02265625 0.02109375
0 0.540625 0.57734375 0.02734375 0.028125
0 0.52890625 0.478125 0.01875 0.02109375
0 0.46484375 0.48359375 0.02578125 0.0265625
0 0.62578125 0.45 0.01875 0.01953125
0 0.78125 0.465625 0.02421875 0.02265625
0 0.7890625 0.48515625 0.021875 0.02109375
0 0.7609375 0.48515625 0.0234375 0.02265625
0 0.8390625 0.55859375 0.0265625 0.02421875
0 0.61796875 0.546875 0.01953125 0.02734375
0 0.39765625 0.515625 0.0234375 0.02265625
0 0.31640625 0.509375 0.021875 0.02109375
0 0.17890625 0.63984375 0.02421875 0.02109375