0 0.09296875 0.809375 0.03984375 0.05546875
0 0.1328125 0.78203125 0.04609375 0.053125
0 0.2125 0.78125 0.03828125 0.04765625
0 0.25546875 0.85234375 0.02890625 0.04921875
0 0.3421875 0.89375 0.06953125 0.065625
0 0.42421875 0.9140625 0.053125 0.0734375
0 0.39921875 0.97265625 0.04296875 0.05390625
0 0.5546875 0.80703125 0.03828125 0.07109375
0 0.59296875 0.79609375 0.03359375 0.046875
0 0.584375 0.6703125 0.03359375 0.04296875
0 0.51328125 0.67734375 0.04140625 0.04296875
0 0.46015625 0.71640625 0.0390625 0.0390625
0 0.41171875 0.77890625 0.0421875 0.04375
0 0.32890625 0.79140625 0.05390625 0.059375
0 0.36875 0.6546875 0.03125 0.0375
0 0.415625 0.62734375 0.0265625 0.0265625
0 0.465625 0.56953125 0.0265625 0.03125
0 0.47421875 0.61640625 0.03671875 0.03828125
0 0.53515625 0.59921875 0.0328125 0.0390625
0 0.50703125 0.56953125 0.0203125 0.0234375
0 0.446875 0.51875 0.0265625 0.0375
0 0.50078125 0.48125 0.03515625 0.0328125
0 0.59375 0.5421875 0.025 0.0390625
0 0.615625 0.6 0.02578125 0.0359375
0 0.5875 0.8890625 0.0375 0.06171875
0 0.66796875 0.87890625 0.05625 0.0625
0 0.6375 0.7984375 0.03046875 0.03984375
0 0.66640625 0.81484375 0.034375 0.05859375
0 0.71015625 0.84296875 0.04375 0.06484375
0 0.71953125 0.96171875 0.0390625 0.07109375
0 0.76875 0.8515625 0.0484375 0.04765625
0 0.7796875 0.76640625 0.03125 0.04453125
0 0.7703125 0.68671875 0.02890625 0.05078125
0 0.73515625 0.68671875 0.02421875 0.03671875
0 0.684375 0.64296875 0.01796875 0.0359375
0 0.58828125 0.7328125 0.028125 0.04453125
0 0.6546875 0.56640625 0.0375 0.05078125
0 0.8828125 0.81875 0.05078125 0.06328125
0 0.921875 0.7890625 0.04609375 0.0484375
0 0.93359375 0.71796875 0.04921875 0.053125
0 0.975 0.6984375 0.03828125 0.0515625
0 0.91875 0.62890625 0.028125 0.0265625
0 0.93828125 0.540625 0.02890625 0.02890625
0 0.8921875 0.5703125 0.03515625 0.0421875
0 0.83359375 0.5328125 0.03125 0.03515625
0 0.790625 0.52421875 0.0265625 0.02890625
0 0.7015625 0.521875 0.03515625 0.03359375
0 0.69296875 0.56015625 0.02578125 0.02734375
0 0.68828125 0.48125 0.02265625 0.03046875
0 0.60859375 0.4703125 0.03046875 0.025
0 0.53984375 0.45390625 0.01875 0.01875
0 0.5625 0.521875 0.02734375 0.02265625
0 0.30703125 0.55 0.03125 0.0375
0 0.31953125 0.5796875 0.03125 0.025
0 0.29609375 0.615625 0.02734375 0.0296875
0 0.28671875 0.6890625 0.028125 0.02890625
0 0.31484375 0.7359375 0.021875 0.0296875
0 0.21796875 0.646875 0.04609375 0.04140625
0 0.225 0.61171875 0.03046875 0.0296875
0 0.18203125 0.5921875 0.01875 0.02734375
0 0.1625 0.690625 0.0375 0.03046875
0 0.10390625 0.70546875 0.0234375 0.0359375
0 0.1625 0.53046875 0.03984375 0.0234375
0 0.08828125 0.52265625 0.02734375 0.021875
0 0.01484375 0.61171875 0.0296875 0.03984375
0 0.0125 0.55703125 0.025 0.0203125
0 0.4671875 0.82109375 0.03828125 0.0515625
0 0.49609375 0.9046875 0.0359375 0.04609375
0 0.51015625 0.79375 0.04140625 0.04609375
0 0.375 0.55078125 0.02265625 0.03828125
0 0.3484375 0.48203125 0.0296875 0.03359375
0 0.19296875 0.49140625 0.021875 0.0265625
0 0.70703125 0.63203125 0.0328125 0.0359375
0 0.8875 0.9125 0.06328125 0.07734375