0 0.075 0.9109375 0.04609375 0.07265625
0 0.13046875 0.94375 0.0515625 0.0796875
0 0.25078125 0.91171875 0.0375 0.07734375
0 0.3328125 0.9421875 0.04296875 0.0796875
0 0.3953125 0.89140625 0.0484375 0.08515625
0 0.4109375 0.834375 0.03671875 0.06015625
0 0.33359375 0.83671875 0.03984375 0.07734375
0 0.30390625 0.77578125 0.040625 0.05546875
0 0.290625 0.71796875 0.02890625 0.05
0 0.24140625 0.75078125 0.04140625 0.04609375
0 0.22265625 0.77265625 0.0171875 0.03671875
0 0.15703125 0.68828125 0.046875 0.05234375
0 0.08203125 0.75625 0.0515625 0.05078125
0 0.0171875 0.8859375 0.034375 0.084375
0 0.00625 0.82265625 0.0125 0.0484375
0 0.09375 0.675 0.03046875 0.03125
0 0.0765625 0.65390625 0.01796875 0.0328125
0 0.03046875 0.64609375 0.03984375 0.04765625
0 0.053125 0.5921875 0.02734375 0.0375
0 0.07890625 0.596875 0.0265625 0.040625
0 0.1203125 0.61640625 0.02421875 0.04375
0 0.1125 0.57578125 0.03828125 0.04375
0 0.10078125 0.54921875 0.03359375 0.02421875
0 0.08515625 0.4890625 0.021875 0.03515625
0 0.07421875 0.46484375 0.025 0.03203125
0 0.01875 0.45234375 0.02578125 0.053125
0 0.05078125 0.42578125 0.03046875 0.028125
0 0.1140625 0.4546875 0.0234375 0.02109375
0 0.1125 0.42578125 0.03046875 0.03359375
0 0.14609375 0.528125 0.03515625 0.028125
0 0.14609375 0.49140625 0.0234375 0.028125
0 0.184375 0.5828125 0.03359375 0.04375
0 0.23828125 0.6015625 0.02734375 0.0421875
0 0.23671875 0.5734375 0.02890625 0.03515625
0 0.21015625 0.553125 0.03203125 0.0390625
0 0.1890625 0.52265625 0.021875 0.0328125
0 0.21015625 0.490625 0.01796875 0.03515625
0 0.225 0.47265625 0.01640625 0.0359375
0 0.25078125 0.4390625 0.0296875 0.01953125
0 0.2453125 0.41875 0.025 0.02890625
0 0.2640625 0.49609375 0.03515625 0.0265625
0 0.27109375 0.46953125 0.0234375 0.02421875
0 0.290625 0.465625 0.0171875 0.0296875
0 0.346875 0.5578125 0.02890625 0.03046875
0 0.33671875 0.52734375 0.01875 0.025
0 0.3375 0.50703125 0.02265625 0.02265625
0 0.37578125 0.63515625 0.0296875 0.04609375
0 0.37265625 0.590625 0.02734375 0.03515625
0 0.3765625 0.6875 0.028125 0.04140625
0 0.3328125 0.68359375 0.03046875 0.04140625
0 0.3171875 0.62890625 0.0328125 0.0421875
0 0.290625 0.56875 0.03359375 0.03984375
0 0.25703125 0.55390625 0.02421875 0.025
0 0.15859375 0.4578125 0.02890625 0.03203125
0 0.16875 0.47265625 0.0125 0.03125
0 0.14453125 0.43671875 0.02578125 0.0234375
0 0.16328125 0.4234375 0.02421875 0.04296875
0 0.196875 0.4 0.0203125 0.0265625
0 0.240625 0.34921875 0.03046875 0.02109375
0 0.21640625 0.371875 0.01796875 0.02890625
0 0.19375 0.36171875 0.01953125 0.0265625
0 0.2796875 0.37265625 0.015625 0.01796875
0 0.28984375 0.4203125 0.01875 0.02421875
0 0.309375 0.3890625 0.025 0.025
0 0.3515625 0.4421875 0.02109375 0.021875
0 0.13046875 0.7640625 0.028125 0.02578125
0 0.346875 0.73359375 0.02734375 0.03203125
0 0.37109375 0.7453125 0.0234375 0.03671875
0 0.3875 0.77265625 0.02421875 0.0328125
0 0.2703125 0.63515625 0.021875 0.02734375
0 0.52109375 0.91796875 0.03125 0.0640625
0 0.47421875 0.875 0.0328125 0.0671875
0 0.5390625 0.8421875 0.021875 0.03828125
0 0.51875 0.74375 0.03125 0.05234375
0 0.55859375 0.715625 0.02734375 0.0578125
0 0.60625 0.70859375 0.025 0.03671875
0 0.6328125 0.83203125 0.0359375 0.04765625
0 0.7234375 0.825 0.0484375 0.05703125
0 0.75234375 0.88046875 0.0390625 0.03984375
0 0.74609375 0.9640625 0.03984375 0.05234375
0 0.67109375 0.73046875 0.03046875 0.0453125
0 0.69375 0.70390625 0.021875 0.03125
0 0.71484375 0.72265625 0.015625 0.040625
0 0.73984375 0.73671875 0.021875 0.0421875
0 0.76484375 0.71953125 0.021875 0.04375
0 0.79921875 0.69453125 0.0296875 0.0578125
0 0.8125 0.765625 0.0296875 0.05078125
0 0.840625 0.7515625 0.02578125 0.04296875
0 0.859375 0.84921875 0.0609375 0.075
0 0.80625 0.8578125 0.03671875 0.03671875
0 0.83203125 0.9546875 0.05390625 0.08984375
0 0.896875 0.94140625 0.03515625 0.06328125
0 0.92265625 0.915625 0.05078125 0.09609375
0 0.959375 0.88046875 0.04375 0.0890625
0 0.97109375 0.84609375 0.04453125 0.06953125
0 0.975 0.74921875 0.0359375 0.059375
0 0.98046875 0.78828125 0.01953125 0.03984375
0 0.934375 0.71640625 0.021875 0.03828125
0 0.9515625 0.6984375 0.0296875 0.0484375
0 0.890625 0.65859375 0.03359375 0.0421875
0 0.91171875 0.646875 0.0234375 0.0296875
0 0.85859375 0.63828125 0.0265625 0.04453125
0 0.78828125 0.62421875 0.021875 0.04140625
0 0.753125 0.62109375 0.028125 0.05703125
0 0.76484375 0.5703125 0.02578125 0.03359375
0 0.78671875 0.58671875 0.025 0.03515625
0 0.78671875 0.54453125 0.02265625 0.021875
0 0.84453125 0.58359375 0.02109375 0.03671875
0 0.8859375 0.57890625 0.0203125 0.0265625
0 0.89296875 0.54765625 0.034375 0.04453125
0 0.85390625 0.540625 0.02890625 0.04140625
0 0.89375 0.50078125 0.0234375 0.0375
0 0.85390625 0.50859375 0.025 0.03984375
0 0.72109375 0.5609375 0.021875 0.0265625
0 0.740625 0.575 0.0203125 0.0359375
0 0.6859375 0.61171875 0.0328125 0.03515625
0 0.6875 0.571875 0.02109375 0.0265625
0 0.646875 0.6546875 0.03984375 0.03515625
0 0.60234375 0.61640625 0.01640625 0.04609375
0 0.6453125 0.56953125 0.0265625 0.0484375
0 0.60390625 0.52109375 0.0296875 0.0328125
0 0.63984375 0.5171875 0.01875 0.03046875
0 0.6375 0.4703125 0.0265625 0.04140625
0 0.5953125 0.45390625 0.02265625 0.02265625
0 0.896875 0.80234375 0.05390625 0.046875
0 0.5640625 0.64921875 0.02890625 0.04140625
0 0.52890625 0.66328125 0.0234375 0.03125
0 0.42890625 0.66171875 0.03125 0.03046875
0 0.4359375 0.6109375 0.028125 0.03046875
0 0.4734375 0.57578125 0.0203125 0.0296875
0 0.49296875 0.603125 0.0234375 0.03828125
0 0.5546875 0.51015625 0.0171875 0.025
0 0.5640625 0.4875 0.0203125 0.02890625
0 0.5265625 0.4765625 0.02265625 0.02421875
0 0.50546875 0.48359375 0.021875 0.0296875
0 0.46796875 0.5171875 0.021875 0.03046875
0 0.4484375 0.50234375 0.021875 0.02109375
0 0.4140625 0.51796875 0.03515625 0.028125
0 0.415625 0.546875 0.03125 0.01953125
0 0.415625 0.49375 0.02265625 0.02265625
0 0.40625 0.46171875 0.0234375 0.02734375
0 0.40546875 0.3796875 0.01796875 0.0359375
0 0.56953125 0.36484375 0.01875 0.0203125
0 0.5875 0.396875 0.01484375 0.02109375
0 0.646875 0.41796875 0.028125 0.028125
0 0.52109375 0.3703125 0.01640625 0.02109375
0 0.5359375 0.43046875 0.01796875 0.03359375
0 0.28125 0.33828125 0.02578125 0.025
0 0.72890625 0.48359375 0.02421875 0.028125
0 0.7578125 0.51328125 0.02578125 0.02890625
0 0.75546875 0.4921875 0.0296875 0.015625
0 0.78671875 0.459375 0.021875 0.02265625
0 0.69609375 0.528125 0.0234375 0.0234375
0 0.678125 0.459375 0.01640625 0.02734375
0 0.828125 0.484375 0.02109375 0.03359375
0 0.8796875 0.47109375 0.01953125 0.02421875
0 0.61875 0.48671875 0.0265625 0.028125