0 0.41171875 0.9296875 0.04375 0.0640625
0 0.65078125 0.878125 0.05078125 0.05703125
0 0.37734375 0.81171875 0.046875 0.0578125
0 0.23046875 0.75625 0.04453125 0.04765625
0 0.4859375 0.85546875 0.03515625 0.04453125
0 0.3 0.84140625 0.03671875 0.05625
0 0.82109375 0.80390625 0.04453125 0.05390625
0 0.821875 0.96953125 0.03828125 0.053125
0 0.40703125 0.52890625 0.02421875 0.0234375
0 0.72421875 0.8453125 0.03125 0.0484375
0 0.6203125 0.621875 0.0296875 0.0375
0 0.7703125 0.97421875 0.04453125 0.0515625
0 0.36875 0.903125 0.0390625 0.05234375
0 0.48984375 0.65078125 0.01953125 0.025
0 0.14609375 0.58203125 0.03359375 0.03125
0 0.221875 0.67109375 0.034375 0.03515625
0 0.140625 0.765625 0.0265625 0.0390625
0 0.18203125 0.83046875 0.03984375 0.05
0 0.85703125 0.64609375 0.034375 0.034375
0 0.34609375 0.75390625 0.0328125 0.046875
0 0.05859375 0.584375 0.0328125 0.03046875
0 0.56640625 0.8984375 0.03671875 0.05
0 0.79453125 0.8421875 0.0375 0.0546875
0 0.65 0.559375 0.028125 0.0328125
0 0.42734375 0.7921875 0.02578125 0.040625
0 0.16796875 0.9515625 0.03203125 0.059375
0 0.37421875 0.4375 0.0203125 0.0203125
0 0.7875 0.47578125 0.03203125 0.02734375
0 0.4796875 0.77578125 0.02890625 0.03984375
0 0.125 0.846875 0.03203125 0.03828125
0 0.803125 0.64375 0.02734375 0.03203125
0 0.75625 0.89765625 0.03671875 0.0515625
0 0.2109375 0.6 0.02578125 0.03515625
0 0.25 0.878125 0.03203125 0.05
0 0.93359375 0.6640625 0.0328125 0.03984375
0 0.55859375 0.85546875 0.02890625 0.0375
0 0.2640625 0.7921875 0.03203125 0.040625
0 0.55546875 0.53515625 0.02734375 0.03125
0 0.0703125 0.8171875 0.02265625 0.034375
0 0.19453125 0.55390625 0.02890625 0.03046875
0 0.0765625 0.46484375 0.02578125 0.0265625
0 0.4390625 0.7078125 0.03203125 0.04140625
0 0.2859375 0.73515625 0.0390625 0.04765625
0 0.14296875 0.69296875 0.03203125 0.03359375
0 0.58671875 0.5125 0.0296875 0.028125
0 0.6828125 0.54921875 0.02890625 0.03359375
0 0.74296875 0.5078125 0.01640625 0.025
0 0.0375 0.97421875 0.04375 0.05078125
0 0.7296875 0.7609375 0.040625 0.04140625
0 0.928125 0.81015625 0.04765625 0.065625
0 0.271875 0.69453125 0.02890625 0.0375
0 0.86953125 0.80234375 0.02890625 0.04453125
0 0.75703125 0.65546875 0.025 0.0296875
0 0.8421875 0.9015625 0.028125 0.04375
0 0.88046875 0.45390625 0.02421875 0.02734375
0 0.659375 0.6359375 0.03046875 0.0328125
0 0.5828125 0.63359375 0.03046875 0.03046875
0 0.909375 0.6125 0.028125 0.03125
0 0.68828125 0.97734375 0.053125 0.0453125
0 0.70859375 0.58359375 0.03671875 0.0328125
0 0.46875 0.5734375 0.02421875 0.02734375
0 0.459375 0.6578125 0.0203125 0.0296875
0 0.2984375 0.4796875 0.021875 0.025
0 0.18046875 0.578125 0.02734375 0.02421875
0 0.04140625 0.76171875 0.02890625 0.0359375
0 0.91640625 0.52890625 0.02421875 0.02421875
0 0.7125 0.703125 0.028125 0.028125
0 0.3515625 0.62578125 0.02109375 0.03125
0 0.15078125 0.54375 0.02421875 0.028125
0 0.92421875 0.55859375 0.02578125 0.0265625
0 0.81015625 0.5203125 0.02265625 0.0234375
0 0.1046875 0.490625 0.02265625 0.03046875
0 0.29140625 0.615625 0.02421875 0.03203125
0 0.68046875 0.47734375 0.02265625 0.02265625
0 0.01328125 0.8921875 0.02578125 0.04140625
0 0.2375 0.53828125 0.021875 0.0265625
0 0.26171875 0.4796875 0.01875 0.021875
0 0.746875 0.54453125 0.0328125 0.0296875
0 0.05234375 0.8828125 0.03359375 0.05703125
0 0.0921875 0.97421875 0.04453125 0.04765625
0 0.4546875 0.5171875 0.015625 0.021875
0 0.51484375 0.51484375 0.02578125 0.0234375
0 0.4828125 0.6703125 0.01640625 0.021875
0 0.45 0.4625 0.0234375 0.02578125
0 0.93671875 0.72265625 0.03671875 0.03984375
0 0.2609375 0.45 0.0171875 0.01875
0 0.42578125 0.85 0.02578125 0.04375
0 0.9703125 0.85078125 0.02265625 0.028125
0 0.96875 0.6734375 0.01953125 0.025
0 0.7546875 0.69140625 0.03046875 0.02734375
0 0.9546875 0.590625 0.02421875 0.02890625
0 0.9765625 0.978125 0.04375 0.04375
0 0.6203125 0.52890625 0.021875 0.01953125
0 0.89921875 0.42578125 0.02421875 0.021875
0 0.840625 0.49375 0.01875 0.02109375
0 0.665625 0.4953125 0.02109375 0.02265625
0 0.85703125 0.6 0.02421875 0.025
0 0.38828125 0.734375 0.0265625 0.03828125
0 0.053125 0.5515625 0.0265625 0.034375
0 0.84296875 0.5203125 0.02265625 0.02265625
0 0.2171875 0.4546875 0.01953125 0.0234375
0 0.08203125 0.63515625 0.0265625 0.03203125
0 0.49375 0.48671875 0.02109375 0.01953125
0 0.3953125 0.56953125 0.01875 0.028125
0 0.40390625 0.6859375 0.02421875 0.0421875
0 0.0703125 0.93046875 0.02578125 0.02890625
0 0.46640625 0.6296875 0.01875 0.0234375
0 0.38359375 0.45703125 0.0203125 0.02265625
0 0.5109375 0.54453125 0.021875 0.02734375
0 0.3703125 0.60625 0.021875 0.02265625
0 0.78359375 0.5625 0.0296875 0.02734375
0 0.98828125 0.71328125 0.0234375 0.0421875
0 0.81015625 0.74609375 0.02421875 0.0359375
0 0.74375 0.3875 0.01953125 0.01875
0 0.334375 0.50078125 0.01796875 0.02265625
0 0.5640625 0.42734375 0.021875 0.02421875
0 0.84140625 0.57578125 0.03046875 0.03125
0 0.65859375 0.5140625 0.0234375 0.01875
0 0.71640625 0.3890625 0.01875 0.01953125
0 0.33671875 0.52890625 0.02421875 0.02578125
0 0.1453125 0.484375 0.02109375 0.025
0 0.01171875 0.57265625 0.0234375 0.02578125
0 0.93046875 0.46796875 0.03203125 0.02890625
0 0.67265625 0.66015625 0.01875 0.0234375
0 0.78671875 0.4234375 0.02109375 0.0203125
0 0.4203125 0.440625 0.01796875 0.021875
0 0.1234375 0.54375 0.0171875 0.02265625
0 0.69921875 0.459375 0.0171875 0.01953125
0 0.128125 0.9859375 0.05 0.028125
0 0.365625 0.65546875 0.02265625 0.0296875
0 0.69609375 0.50390625 0.01796875 0.025
0 0.74609375 0.434375 0.021875 0.021875
0 0.5546875 0.334375 0.01640625 0.0171875
0 0.884375 0.684375 0.02890625 0.0296875
0 0.35625 0.346875 0.0203125 0.02578125
0 0.00859375 0.715625 0.0171875 0.03203125
0 0.50703125 0.41953125 0.015625 0.0171875
0 0.43671875 0.37578125 0.0140625 0.0203125
0 0.95234375 0.5109375 0.02421875 0.021875
0 0.69296875 0.3734375 0.01796875 0.01875
0 0.875 0.51796875 0.021875 0.02734375
0 0.765625 0.41328125 0.02109375 0.01640625
0 0.24453125 0.98828125 0.05234375 0.021875
0 0.259375 0.63046875 0.01875 0.025
0 0.51328125 0.396875 0.0171875 0.0171875
0 0.98359375 0.51171875 0.0234375 0.02265625
0 0.62890625 0.33515625 0.015625 0.0203125
0 0.109375 0.44453125 0.02265625 0.02109375
0 0.00546875 0.6875 0.01015625 0.03359375
0 0.70234375 0.43046875 0.01875 0.02265625
0 0.9875 0.53984375 0.0234375 0.02421875
0 0.13125 0.9515625 0.028125 0.0390625
0 0.55390625 0.47734375 0.01875 0.02109375
0 0.17421875 0.465625 0.0203125 0.02265625
0 0.85703125 0.38125 0.01875 0.01796875
0 0.053125 0.434375 0.01875 0.01796875
0 0.75234375 0.36796875 0.01796875 0.01875
0 0.23203125 0.35859375 0.01875 0.01875
0 0.9921875 0.8703125 0.0140625 0.03828125
0 0.47265625 0.515625 0.015625 0.01953125
0 0.11171875 0.53359375 0.0171875 0.025
0 0.85625 0.4265625 0.01796875 0.01875
0 0.3328125 0.43125 0.0203125 0.01875
0 0.0328125 0.534375 0.021875 0.025
0 0.01796875 0.61640625 0.03515625 0.04609375
0 0.34296875 0.45234375 0.01640625 0.02109375
0 0.415625 0.41796875 0.0171875 0.0203125
0 0.8359375 0.53984375 0.021875 0.01953125
0 0.55078125 0.3171875 0.015625 0.01796875
0 0.3015625 0.3796875 0.01640625 0.01953125
0 0.165625 0.3484375 0.01875 0.01953125
0 0.90859375 0.38515625 0.0234375 0.02265625
0 0.446875 0.3 0.01328125 0.01796875
0 0.4625 0.3453125 0.01640625 0.01796875
0 0.9953125 0.9046875 0.00859375 0.03984375
0 0.28203125 0.45859375 0.03203125 0.0296875
0 0.48828125 0.4578125 0.034375 0.04375