0 0.09140625 0.975 0.0453125 0.05
0 0.17578125 0.9125 0.0421875 0.0609375
0 0.21328125 0.959375 0.05859375 0.05546875
0 0.28359375 0.9 0.053125 0.0625
0 0.28203125 0.9109375 0.02265625 0.034375
0 0.3453125 0.96328125 0.01953125 0.03671875
0 0.359375 0.846875 0.046875 0.065625
0 0.2984375 0.821875 0.03828125 0.04140625
0 0.27578125 0.8375 0.028125 0.0328125
0 0.21953125 0.84140625 0.03515625 0.053125
0 0.1859375 0.79375 0.03125 0.0453125
0 0.23828125 0.73828125 0.03984375 0.03515625
0 0.178125 0.6890625 0.034375 0.0265625
0 0.2109375 0.7078125 0.03203125 0.03828125
0 0.26640625 0.690625 0.04765625 0.03359375
0 0.33203125 0.67109375 0.03515625 0.0359375
0 0.35078125 0.69609375 0.0375 0.0328125
0 0.2921875 0.59140625 0.0421875 0.03671875
0 0.3453125 0.59375 0.0328125 0.02578125
0 0.28515625 0.54609375 0.02890625 0.025
0 0.24140625 0.53671875 0.021875 0.01953125
0 0.20625 0.53984375 0.028125 0.02421875
0 0.1484375 0.54375 0.0265625 0.01796875
0 0.11953125 0.55859375 0.03046875 0.0203125
0 0.053125 0.6203125 0.0296875 0.02578125
0 0.134375 0.64765625 0.02578125 0.025
0 0.10234375 0.66484375 0.02265625 0.03046875
0 0.0578125 0.765625 0.03671875 0.05703125
0 0.103125 0.8125 0.03125 0.034375
0 0.08046875 0.68671875 0.03203125 0.01953125
0 0.03515625 0.71875 0.028125 0.03359375
0 0.29765625 0.77265625 0.0453125 0.04921875
0 0.4171875 0.70078125 0.04765625 0.0453125
0 0.44296875 0.6421875 0.0421875 0.02890625
0 0.49296875 0.64453125 0.03046875 0.03359375
0 0.53046875 0.6875 0.04765625 0.03828125
0 0.53203125 0.68828125 0.046875 0.0390625
0 0.4203125 0.8046875 0.05546875 0.03984375
0 0.4625 0.89453125 0.06171875 0.05390625
0 0.48203125 0.78671875 0.028125 0.04375
0 0.52265625 0.83125 0.02890625 0.046875
0 0.54453125 0.8921875 0.040625 0.06171875
0 0.59453125 0.8953125 0.04140625 0.0625
0 0.5015625 0.75 0.03203125 0.04296875
0 0.33046875 0.6265625 0.01953125 0.028125
0 0.41640625 0.97578125 0.02734375 0.040625
0 0.7375 0.9765625 0.046875 0.046875
0 0.79921875 0.953125 0.05234375 0.09296875
0 0.825 0.98125 0.025 0.0328125
0 0.90078125 0.8578125 0.05546875 0.04765625
0 0.8171875 0.8078125 0.04921875 0.053125
0 0.79609375 0.8921875 0.04765625 0.06640625
0 0.825 0.88125 0.02109375 0.028125
0 0.7234375 0.725 0.0359375 0.0515625
0 0.671875 0.7140625 0.02421875 0.03359375
0 0.678125 0.7890625 0.04765625 0.0375
0 0.67890625 0.64296875 0.02890625 0.03359375
0 0.74765625 0.6828125 0.034375 0.03828125
0 0.75625 0.621875 0.0328125 0.0359375
0 0.74921875 0.64765625 0.03203125 0.0203125
0 0.81796875 0.7546875 0.05234375 0.03984375
0 0.8671875 0.7828125 0.04609375 0.03828125
0 0.84765625 0.81328125 0.0171875 0.01875
0 0.9390625 0.728125 0.04296875 0.053125
0 0.965625 0.853125 0.06796875 0.0546875
0 0.97578125 0.81640625 0.0484375 0.04921875
0 0.96484375 0.61171875 0.04921875 0.03671875
0 0.9 0.63203125 0.02578125 0.0265625
0 0.90234375 0.6140625 0.03515625 0.03125
0 0.865625 0.6390625 0.03359375 0.03046875
0 0.8171875 0.6171875 0.0375 0.02890625
0 0.79765625 0.64375 0.03046875 0.02890625
0 0.875 0.57109375 0.0265625 0.0265625
0 0.94296875 0.54609375 0.03046875 0.0265625
0 0.89375 0.5453125 0.028125 0.02421875
0 0.89609375 0.51328125 0.02890625 0.01953125
0 0.9234375 0.603125 0.01640625 0.02578125
0 0.96484375 0.7 0.04375 0.0390625
0 0.90703125 0.6578125 0.025 0.01796875
0 0.89609375 0.69921875 0.03125 0.03203125
0 0.815625 0.54140625 0.02734375 0.02578125
0 0.84609375 0.59921875 0.03125 0.02578125
0 0.86171875 0.58125 0.028125 0.025
0 0.771875 0.57734375 0.0296875 0.01953125
0 0.68359375 0.53359375 0.034375 0.02421875
0 0.70546875 0.49765625 0.0328125 0.0359375
0 0.76953125 0.48984375 0.0234375 0.02578125
0 0.65625 0.54921875 0.028125 0.0296875
0 0.64296875 0.59296875 0.040625 0.0359375
0 0.6078125 0.64609375 0.028125 0.021875
0 0.50703125 0.58203125 0.03828125 0.02890625
0 0.45390625 0.5875 0.02734375 0.025
0 0.5796875 0.56796875 0.02265625 0.0203125
0 0.5328125 0.62109375 0.028125 0.02265625
0 0.46796875 0.47578125 0.02109375 0.01640625
0 0.45859375 0.53515625 0.025 0.01640625
0 0.43671875 0.5484375 0.025 0.0296875
0 0.4046875 0.54375 0.02890625 0.0234375
0 0.3796875 0.55703125 0.02109375 0.025
0 0.3421875 0.53828125 0.03046875 0.01953125
0 0.38828125 0.59453125 0.01953125 0.01640625
0 0.3734375 0.5046875 0.0234375 0.02265625
0 0.41796875 0.48046875 0.02109375 0.01328125
0 0.49453125 0.43671875 0.01796875 0.0171875
0 0.49296875 0.54296875 0.01953125 0.0171875
0 0.51015625 0.55234375 0.0171875 0.021875
0 0.534375 0.5625 0.01171875 0.015625
0 0.59375 0.5265625 0.025 0.015625
0 0.5734375 0.4859375 0.01953125 0.01875
0 0.59609375 0.48515625 0.01796875 0.01640625
0 0.709375 0.68671875 0.0328125 0.0390625
0 0.77421875 0.7515625 0.0203125 0.0171875
0 0.81328125 0.4796875 0.02265625 0.01171875
0 0.81328125 0.525 0.02578125 0.01640625
0 0.83671875 0.5046875 0.0234375 0.01484375
0 0.86484375 0.4984375 0.01796875 0.0171875
0 0.828125 0.46640625 0.021875 0.01640625
0 0.421875 0.36796875 0.03125 0.0203125
0 0.38515625 0.421875 0.03203125 0.021875
0 0.2015625 0.475 0.02734375 0.0171875
0 0.25625 0.49453125 0.015625 0.0203125
0 0.2609375 0.45625 0.02265625 0.03125
0 0.3125 0.47265625 0.015625 0.0203125
0 0.3203125 0.4078125 0.01796875 0.01796875
0 0.2359375 0.57578125 0.015625 0.01875
0 0.17109375 0.6609375 0.03671875 0.028125
0 0.10625 0.70546875 0.02109375 0.01484375
0 0.11875 0.72421875 0.02265625 0.01484375
0 0.13984375 0.66484375 0.015625 0.01875
0 0.53984375 0.7453125 0.015625 0.02109375
0 0.52734375 0.4125 0.0296875 0.021875
0 0.56640625 0.39140625 0.02265625 0.02265625
0 0.5265625 0.39140625 0.02109375 0.0140625
0 0.484375 0.40390625 0.015625 0.01953125
0 0.46328125 0.39453125 0.02578125 0.0125
0 0.434375 0.4359375 0.03046875 0.025
0 0.38828125 0.45 0.0265625 0.021875
0 0.6625 0.396875 0.0234375 0.0171875
0 0.6328125 0.3921875 0.01484375 0.0125
0 0.70625 0.453125 0.01875 0.0140625
0 0.278125 0.43203125 0.01953125 0.01328125
0 0.20859375 0.45234375 0.0171875 0.01484375
0 0.15390625 0.40546875 0.03125 0.01328125
0 0.16328125 0.496875 0.021875 0.0140625
0 0.03046875 0.49140625 0.03515625 0.01640625
0 0.04609375 0.45390625 0.0234375 0.02578125
0 0.0125 0.51796875 0.025 0.0234375
0 0.00703125 0.56875 0.0140625 0.015625
0 0.26953125 0.41328125 0.025 0.01796875
0 0.6390625 0.45625 0.0203125 0.015625
0 0.659375 0.42578125 0.021875 0.01953125
0 0.73359375 0.4859375 0.02421875 0.025
0 0.9203125 0.4703125 0.01953125 0.01875
0 0.86328125 0.434375 0.02265625 0.01640625
0 0.06640625 0.59375 0.0296875 0.01640625
0 0.121875 0.46484375 0.02734375 0.028125