0 0.34453125 0.8953125 0.08046875 0.0796875
0 0.43046875 0.91796875 0.0671875 0.06328125
0 0.40546875 0.975 0.0578125 0.04921875
0 0.49609375 0.915625 0.03046875 0.04453125
0 0.596875 0.90859375 0.046875 0.0484375
0 0.67890625 0.8890625 0.05390625 0.06640625
0 0.7265625 0.96875 0.0375 0.0625
0 0.8984375 0.9234375 0.07265625 0.0828125
0 0.77734375 0.8578125 0.05 0.04375
0 0.7171875 0.84765625 0.05546875 0.05859375
0 0.66953125 0.8265625 0.04140625 0.05703125
0 0.5625 0.80859375 0.03828125 0.06875
0 0.5140625 0.79765625 0.05 0.04765625
0 0.46796875 0.828125 0.03984375 0.05234375
0 0.41171875 0.7875 0.05078125 0.05078125
0 0.32890625 0.79453125 0.05234375 0.0578125
0 0.32734375 0.853125 0.02109375 0.04296875
0 0.25703125 0.85390625 0.034375 0.04140625
0 0.2109375 0.7859375 0.05234375 0.040625
0 0.26953125 0.7765625 0.03671875 0.04140625
0 0.0890625 0.8140625 0.0484375 0.04453125
0 0.12890625 0.78203125 0.0515625 0.05078125
0 0.28828125 0.69609375 0.02734375 0.034375
0 0.1609375 0.6921875 0.0421875 0.03046875
0 0.21640625 0.64921875 0.05078125 0.03671875
0 0.3703125 0.6578125 0.03515625 0.04609375
0 0.46484375 0.71796875 0.04609375 0.0484375
0 0.51640625 0.678125 0.040625 0.03671875
0 0.59140625 0.740625 0.03515625 0.0484375
0 0.59375 0.79296875 0.04296875 0.04921875
0 0.6421875 0.8046875 0.04140625 0.03828125
0 0.896875 0.82578125 0.0671875 0.08203125
0 0.9328125 0.7953125 0.0609375 0.065625
0 0.94765625 0.72109375 0.06953125 0.078125
0 0.79140625 0.77734375 0.03671875 0.04453125
0 0.7765625 0.69375 0.02265625 0.03515625
0 0.73828125 0.6953125 0.02734375 0.040625
0 0.82890625 0.64375 0.0328125 0.03203125
0 0.5921875 0.67109375 0.0265625 0.046875
0 0.5359375 0.6015625 0.040625 0.0375
0 0.4765625 0.62265625 0.0359375 0.03828125
0 0.41640625 0.63125 0.03125 0.0359375
0 0.38984375 0.62890625 0.03046875 0.02265625
0 0.37421875 0.54453125 0.03125 0.040625
0 0.31953125 0.5875 0.03203125 0.02890625
0 0.3125 0.55234375 0.0375 0.03359375
0 0.471875 0.5734375 0.02578125 0.034375
0 0.6203125 0.5984375 0.03046875 0.03515625
0 0.68671875 0.64921875 0.02109375 0.0328125
0 0.659375 0.56640625 0.0453125 0.04296875
0 0.7328125 0.61328125 0.0359375 0.03984375
0 0.71171875 0.6375 0.0390625 0.03359375
0 0.44765625 0.5203125 0.03046875 0.028125
0 0.22265625 0.6140625 0.025 0.0265625
0 0.31953125 0.73828125 0.0234375 0.02421875
0 0.2953125 0.621875 0.0328125 0.046875
0 0.50546875 0.48046875 0.0453125 0.03515625
0 0.59921875 0.54296875 0.025 0.040625
0 0.56640625 0.528125 0.02890625 0.0375
0 0.70625 0.5265625 0.04609375 0.0359375
0 0.165625 0.53203125 0.0484375 0.02109375
0 0.346875 0.47734375 0.0328125 0.02578125
0 0.48203125 0.4328125 0.028125 0.01953125
0 0.6109375 0.471875 0.0328125 0.025
0 0.6921875 0.4859375 0.028125 0.03515625
0 0.18203125 0.5953125 0.02734375 0.02734375
0 0.54765625 0.47109375 0.021875 0.0296875
0 0.79296875 0.525 0.0328125 0.02734375