0 0.0609375 0.89453125 0.053125 0.05234375
0 0.02890625 0.859375 0.04375 0.04765625
0 0.075 0.8 0.03359375 0.07421875
0 0.0578125 0.75703125 0.0359375 0.0609375
0 0.05859375 0.67578125 0.03515625 0.0640625
0 0.05546875 0.621875 0.02890625 0.0625
0 0.1 0.61015625 0.04140625 0.0703125
0 0.1078125 0.5609375 0.02109375 0.06015625
0 0.13984375 0.578125 0.025 0.04453125
0 0.16875 0.5703125 0.025 0.05234375
0 0.14609375 0.62109375 0.04140625 0.03046875
0 0.16328125 0.65078125 0.0328125 0.04453125
0 0.128125 0.66953125 0.0328125 0.06328125
0 0.1359375 0.7234375 0.0359375 0.05625
0 0.171875 0.7234375 0.034375 0.05
0 0.19765625 0.76953125 0.05 0.040625
0 0.16328125 0.82265625 0.0453125 0.053125
0 0.225 0.85859375 0.0515625 0.07734375
0 0.221875 0.80859375 0.040625 0.04140625
0 0.25546875 0.7859375 0.028125 0.03359375
0 0.25234375 0.915625 0.040625 0.05625
0 0.31953125 0.91015625 0.05625 0.05390625
0 0.3953125 0.93671875 0.05078125 0.059375
0 0.46484375 0.9765625 0.05 0.04609375
0 0.4734375 0.88828125 0.0453125 0.06484375
0 0.3921875 0.8453125 0.04765625 0.053125
0 0.365625 0.78671875 0.0359375 0.0671875
0 0.35625 0.7203125 0.04765625 0.0484375
0 0.29140625 0.8125 0.03203125 0.0640625
0 0.2109375 0.68359375 0.034375 0.04296875
0 0.0359375 0.57265625 0.02890625 0.040625
0 0.0203125 0.63984375 0.03125 0.0484375
0 0.21953125 0.56796875 0.0296875 0.01875
0 0.20234375 0.5328125 0.025 0.046875
0 0.26015625 0.60546875 0.03203125 0.04609375
0 0.25625 0.565625 0.03359375 0.02578125
0 0.25546875 0.7015625 0.0359375 0.04765625
0 0.1984375 0.60703125 0.02890625 0.0328125
0 0.3015625 0.64453125 0.0296875 0.04296875
0 0.27890625 0.6390625 0.02109375 0.04140625
0 0.34375 0.6578125 0.03359375 0.0390625
0 0.38125 0.60703125 0.03828125 0.03125
0 0.39140625 0.63125 0.03671875 0.0359375
0 0.309375 0.5640625 0.028125 0.03203125
0 0.33125 0.53359375 0.0375 0.053125
0 0.22734375 0.4859375 0.028125 0.03203125
0 0.228125 0.44765625 0.0234375 0.028125
0 0.26484375 0.46640625 0.03046875 0.0390625
0 0.01484375 0.46796875 0.02890625 0.06484375
0 0.546875 0.8828125 0.0375 0.05625
0 0.51796875 0.834375 0.03203125 0.0546875
0 0.4421875 0.77734375 0.03359375 0.04765625
0 0.44453125 0.7265625 0.025 0.0515625
0 0.49296875 0.70390625 0.03515625 0.03984375
0 0.490625 0.75 0.02265625 0.046875
0 0.51328125 0.7359375 0.0265625 0.0453125
0 0.4453125 0.64453125 0.03046875 0.04296875
0 0.55546875 0.6625 0.02734375 0.034375
0 0.54296875 0.7359375 0.02734375 0.04765625
0 0.540625 0.80546875 0.015625 0.04453125
0 0.5953125 0.8015625 0.034375 0.046875
0 0.60625 0.7625 0.02890625 0.04453125
0 0.628125 0.87109375 0.0390625 0.046875
0 0.68359375 0.90234375 0.0359375 0.05390625
0 0.640625 0.97578125 0.05859375 0.04765625
0 0.74140625 0.96875 0.04375 0.0625
0 0.79765625 0.8953125 0.03359375 0.04765625
0 0.79921875 0.8296875 0.0234375 0.05078125
0 0.74765625 0.821875 0.053125 0.06875
0 0.7640625 0.75859375 0.01796875 0.04609375
0 0.80625 0.75390625 0.025 0.04140625
0 0.8390625 0.80703125 0.034375 0.059375
0 0.7328125 0.7328125 0.02578125 0.0484375
0 0.73828125 0.69609375 0.02265625 0.05
0 0.725 0.6546875 0.02265625 0.0453125
0 0.70078125 0.6796875 0.02578125 0.0390625
0 0.6828125 0.73046875 0.03515625 0.04140625
0 0.6234375 0.7234375 0.034375 0.0453125
0 0.634375 0.68203125 0.01953125 0.03125
0 0.5921875 0.66640625 0.01484375 0.02890625
0 0.6359375 0.6359375 0.0203125 0.05234375
0 0.678125 0.62109375 0.0359375 0.04765625
0 0.634375 0.590625 0.01640625 0.02421875
0 0.60390625 0.59375 0.02421875 0.03359375
0 0.51015625 0.54296875 0.021875 0.02734375
0 0.5390625 0.56328125 0.02421875 0.025
0 0.44453125 0.51328125 0.0234375 0.04375
0 0.40859375 0.46484375 0.0234375 0.02578125
0 0.47890625 0.509375 0.02265625 0.02421875
0 0.55234375 0.5078125 0.028125 0.03203125
0 0.609375 0.50546875 0.02421875 0.021875
0 0.5859375 0.50078125 0.01953125 0.02578125
0 0.58203125 0.54453125 0.025 0.0265625
0 0.6359375 0.4890625 0.0375 0.03046875
0 0.6671875 0.5390625 0.025 0.02890625
0 0.7375 0.565625 0.028125 0.0375
0 0.715625 0.50546875 0.02890625 0.034375
0 0.87109375 0.8484375 0.0171875 0.03203125
0 0.8953125 0.915625 0.02890625 0.075
0 0.94765625 0.93671875 0.03515625 0.03984375
0 0.94140625 0.890625 0.03671875 0.05859375
0 0.92265625 0.7859375 0.03046875 0.04765625
0 0.9859375 0.81953125 0.028125 0.065625
0 0.91015625 0.84140625 0.02421875 0.05625
0 0.890625 0.74140625 0.03515625 0.05
0 0.88125 0.69453125 0.03203125 0.0453125
0 0.8453125 0.675 0.04296875 0.04453125
0 0.7734375 0.6328125 0.03359375 0.04375
0 0.846875 0.5875 0.021875 0.04921875
0 0.8203125 0.55625 0.0203125 0.0328125
0 0.91328125 0.6296875 0.021875 0.0453125
0 0.76640625 0.54375 0.02734375 0.0375
0 0.84296875 0.553125 0.01875 0.0328125
0 0.89375 0.57265625 0.02890625 0.03671875
0 0.79765625 0.7015625 0.0140625 0.03359375
0 0.93203125 0.71328125 0.03046875 0.0421875
0 0.984375 0.67265625 0.0296875 0.0390625
0 0.278125 0.6828125 0.028125 0.03828125
0 0.16015625 0.5140625 0.02421875 0.02890625
0 0.27578125 0.4234375 0.01953125 0.01875
0 0.30546875 0.45234375 0.01796875 0.0265625
0 0.3359375 0.434375 0.01484375 0.02265625
0 0.259375 0.3609375 0.02578125 0.0265625
0 0.25 0.40078125 0.0265625 0.0140625
0 0.33984375 0.40078125 0.02734375 0.01640625
0 0.63125 0.44453125 0.0296875 0.03828125