0 0.38671875 0.94921875 0.03671875 0.053125
0 0.2125 0.87578125 0.0328125 0.05390625
0 0.109375 0.9625 0.04609375 0.05625
0 0.04140625 0.8640625 0.046875 0.0484375
0 0.1 0.7703125 0.03203125 0.03515625
0 0.10625 0.71171875 0.03359375 0.03203125
0 0.04453125 0.79140625 0.02578125 0.0421875
0 0.17109375 0.953125 0.03828125 0.05390625
0 0.26640625 0.9171875 0.034375 0.0328125
0 0.49296875 0.965625 0.0375 0.05078125
0 0.546875 0.93125 0.0328125 0.0546875
0 0.58046875 0.97109375 0.02734375 0.05390625
0 0.71640625 0.96875 0.03828125 0.04921875
0 0.7875 0.97578125 0.040625 0.0484375
0 0.85078125 0.98203125 0.04140625 0.0359375
0 0.85625 0.9328125 0.04140625 0.06015625
0 0.81171875 0.90859375 0.03125 0.046875
0 0.725 0.91015625 0.0328125 0.040625
0 0.67421875 0.87734375 0.0265625 0.03984375
0 0.77265625 0.81484375 0.04140625 0.0421875
0 0.84453125 0.73359375 0.03671875 0.0375
0 0.89375 0.846875 0.0359375 0.0375
0 0.93984375 0.934375 0.03359375 0.0359375
0 0.6078125 0.7265625 0.0234375 0.03125
0 0.48984375 0.83359375 0.03359375 0.03203125
0 0.43046875 0.82109375 0.03515625 0.03359375
0 0.3828125 0.846875 0.03203125 0.0390625
0 0.33125 0.8328125 0.0296875 0.034375
0 0.2953125 0.8859375 0.03203125 0.0390625
0 0.121875 0.8765625 0.03125 0.05
0 0.16015625 0.8375 0.03828125 0.03984375
0 0.14921875 0.7921875 0.03515625 0.0328125
0 0.20078125 0.7765625 0.03359375 0.04453125
0 0.2796875 0.77109375 0.03046875 0.0453125
0 0.27421875 0.72578125 0.0359375 0.03828125
0 0.221875 0.6703125 0.03046875 0.0390625
0 0.17734375 0.72421875 0.0265625 0.03515625
0 0.13984375 0.73671875 0.02421875 0.04140625
0 0.3 0.83046875 0.03046875 0.04921875
0 0.34921875 0.6953125 0.02578125 0.0390625
0 0.41328125 0.77890625 0.0359375 0.0375
0 0.496875 0.64296875 0.028125 0.0359375
0 0.5171875 0.7265625 0.02578125 0.03515625
0 0.62578125 0.8671875 0.034375 0.0359375
0 0.68125 0.76171875 0.02890625 0.02890625
0 0.71796875 0.765625 0.0234375 0.03671875
0 0.72265625 0.83984375 0.03125 0.05546875
0 0.875 0.6984375 0.03046875 0.03671875
0 0.75 0.6890625 0.03515625 0.03046875
0 0.80859375 0.734375 0.025 0.0328125
0 0.6828125 0.64375 0.0328125 0.03359375
0 0.56875 0.6953125 0.0328125 0.034375
0 0.5328125 0.64140625 0.02578125 0.03046875
0 0.5640625 0.64921875 0.02265625 0.0265625
0 0.559375 0.60859375 0.02578125 0.0296875
0 0.3734375 0.540625 0.028125 0.02421875
0 0.22578125 0.5859375 0.01953125 0.0265625
0 0.253125 0.60859375 0.025 0.025
0 0.18828125 0.675 0.01875 0.0234375
0 0.41484375 0.94140625 0.02109375 0.0328125
0 0.82265625 0.675 0.02734375 0.03984375
0 0.76484375 0.63125 0.03125 0.03515625
0 0.71640625 0.621875 0.0296875 0.0359375
0 0.6140625 0.64140625 0.02734375 0.03515625
0 0.290625 0.58359375 0.03046875 0.028125
0 0.3390625 0.559375 0.0296875 0.03203125
0 0.44765625 0.57578125 0.02421875 0.0390625
0 0.47265625 0.57890625 0.025 0.04140625
0 0.64765625 0.6921875 0.03203125 0.03515625
0 0.675 0.73046875 0.03203125 0.03359375
0 0.65703125 0.63515625 0.02578125 0.03125
0 0.59375 0.5984375 0.02890625 0.0390625
0 0.9453125 0.721875 0.040625 0.04296875
0 0.8328125 0.8671875 0.040625 0.0515625
0 0.0171875 0.584375 0.03359375 0.0328125
0 0.05859375 0.5734375 0.0265625 0.0296875
0 0.14375 0.53359375 0.02421875 0.03046875
0 0.25234375 0.5609375 0.028125 0.02734375
0 0.39921875 0.73203125 0.02421875 0.02890625
0 0.4015625 0.6875 0.021875 0.034375
0 0.6984375 0.55 0.02265625 0.03359375
0 0.753125 0.584375 0.01484375 0.0296875
0 0.7796875 0.72109375 0.0265625 0.04140625
0 0.80859375 0.6390625 0.03671875 0.03515625
0 0.83203125 0.63125 0.0265625 0.0390625
0 0.8875 0.6546875 0.03046875 0.034375