0 0.58203125 0.853125 0.04375 0.05859375
0 0.2203125 0.96640625 0.0484375 0.0609375
0 0.41328125 0.6765625 0.0375 0.03984375
0 0.8046875 0.95859375 0.04921875 0.06640625
0 0.0390625 0.96015625 0.046875 0.06328125
0 0.28984375 0.59921875 0.0296875 0.03125
0 0.8015625 0.84140625 0.03671875 0.05078125
0 0.8828125 0.825 0.0390625 0.05703125
0 0.41171875 0.60078125 0.0359375 0.03203125
0 0.27734375 0.97734375 0.0453125 0.0453125
0 0.4359375 0.55859375 0.03125 0.02734375
0 0.36484375 0.70546875 0.0328125 0.0453125
0 0.7359375 0.84921875 0.04296875 0.0515625
0 0.2 0.87890625 0.03984375 0.05625
0 0.84296875 0.86953125 0.03984375 0.05546875
0 0.665625 0.796875 0.03203125 0.04140625
0 0.22265625 0.74140625 0.03203125 0.04296875
0 0.95078125 0.9546875 0.0640625 0.0640625
0 0.54921875 0.73828125 0.0296875 0.04453125
0 0.62265625 0.665625 0.03515625 0.03125
0 0.31953125 0.653125 0.02890625 0.0375
0 0.25703125 0.70390625 0.03125 0.04296875
0 0.65546875 0.59453125 0.02109375 0.02734375
0 0.303125 0.73203125 0.0390625 0.0390625
0 0.29140625 0.8109375 0.03671875 0.04609375
0 0.4890625 0.51484375 0.0296875 0.02421875
0 0.71015625 0.775 0.03671875 0.0484375
0 0.265625 0.6296875 0.02890625 0.028125
0 0.5125 0.73515625 0.03125 0.04453125
0 0.3515625 0.97734375 0.04609375 0.04453125
0 0.84296875 0.70703125 0.03828125 0.04296875
0 0.7328125 0.6765625 0.0375 0.03828125
0 0.953125 0.83828125 0.04921875 0.05625
0 0.6875 0.59453125 0.025 0.0296875
0 0.22890625 0.66953125 0.0265625 0.034375
0 0.1515625 0.83671875 0.03046875 0.04140625
0 0.2546875 0.77578125 0.040625 0.03984375
0 0.8390625 0.625 0.0296875 0.04140625
0 0.9328125 0.88203125 0.03515625 0.0421875
0 0.35 0.48359375 0.021875 0.02421875
0 0.44765625 0.73515625 0.034375 0.04453125
0 0.68671875 0.9515625 0.05390625 0.071875
0 0.16171875 0.78984375 0.0359375 0.05234375
0 0.12109375 0.946875 0.03828125 0.05
0 0.62890625 0.8546875 0.0328125 0.046875
0 0.6734375 0.86796875 0.03984375 0.03984375
0 0.66328125 0.45 0.02421875 0.03203125
0 0.3828125 0.9328125 0.04296875 0.04609375
0 0.45 0.928125 0.0328125 0.04453125
0 0.6046875 0.525 0.0234375 0.03125
0 0.1234375 0.64765625 0.0265625 0.03359375
0 0.3515625 0.52734375 0.02890625 0.02421875
0 0.7875 0.559375 0.02421875 0.02578125
0 0.8734375 0.540625 0.0328125 0.03046875
0 0.63203125 0.56015625 0.02109375 0.02890625
0 0.8453125 0.928125 0.0265625 0.040625
0 0.9265625 0.75546875 0.02734375 0.03984375
0 0.50625 0.59375 0.0296875 0.0296875
0 0.3796875 0.82578125 0.02734375 0.03828125
0 0.46328125 0.6625 0.021875 0.03828125
0 0.70078125 0.5484375 0.025 0.0265625
0 0.8765625 0.940625 0.0328125 0.04921875
0 0.6421875 0.48125 0.0234375 0.028125
0 0.50546875 0.84453125 0.028125 0.03515625
0 0.73203125 0.5609375 0.0234375 0.03359375
0 0.16015625 0.8875 0.0296875 0.046875
0 0.6609375 0.62109375 0.02265625 0.03359375
0 0.30546875 0.5203125 0.03515625 0.03125
0 0.6171875 0.490625 0.02109375 0.02890625
0 0.06484375 0.74921875 0.034375 0.03828125
0 0.14140625 0.97734375 0.040625 0.04453125
0 0.3625 0.5984375 0.0265625 0.0296875
0 0.30078125 0.48828125 0.021875 0.025
0 0.05625 0.615625 0.03125 0.03125
0 0.31875 0.68203125 0.02890625 0.03359375
0 0.51484375 0.54453125 0.02109375 0.02578125
0 0.9390625 0.6359375 0.034375 0.0328125
0 0.90859375 0.5375 0.02421875 0.028125
0 0.4453125 0.515625 0.02578125 0.0234375
0 0.28515625 0.81953125 0.0359375 0.046875
0 0.71015625 0.734375 0.03046875 0.03515625
0 0.41015625 0.7875 0.025 0.03046875
0 0.34921875 0.82578125 0.02265625 0.03203125
0 0.01484375 0.709375 0.0296875 0.040625
0 0.1140625 0.54765625 0.02421875 0.02421875
0 0.37890625 0.45546875 0.02109375 0.02109375
0 0.49609375 0.6953125 0.02265625 0.0296875
0 0.209375 0.5734375 0.0234375 0.025
0 0.34375 0.5765625 0.02265625 0.02578125
0 0.57265625 0.5640625 0.02421875 0.0234375
0 0.93671875 0.6796875 0.03828125 0.0453125
0 0.81875 0.53984375 0.02265625 0.0265625
0 0.08359375 0.98671875 0.0328125 0.02578125
0 0.753125 0.5453125 0.02421875 0.02578125
0 0.5125 0.50078125 0.01875 0.0234375