0 0.01640625 0.90078125 0.0328125 0.0546875
0 0.09609375 0.82890625 0.06015625 0.06640625
0 0.121875 0.76875 0.0375 0.0421875
0 0.165625 0.9328125 0.04296875 0.0609375
0 0.28203125 0.884375 0.04453125 0.07578125
0 0.21015625 0.79140625 0.04140625 0.0609375
0 0.19375 0.846875 0.0375 0.03359375
0 0.2515625 0.7265625 0.034375 0.03671875
0 0.25234375 0.67734375 0.03984375 0.05390625
0 0.33203125 0.67265625 0.0390625 0.0546875
0 0.32890625 0.81484375 0.04140625 0.0484375
0 0.3546875 0.84140625 0.0328125 0.06015625
0 0.096875 0.6203125 0.034375 0.03515625
0 0.025 0.60234375 0.0328125 0.0375
0 0.0234375 0.665625 0.03203125 0.03046875
0 0.06640625 0.65859375 0.02578125 0.0359375
0 0.0921875 0.72421875 0.0296875 0.040625
0 0.18125 0.51875 0.02421875 0.02578125
0 0.1953125 0.5375 0.01484375 0.02578125
0 0.146875 0.57109375 0.0265625 0.0375
0 0.01796875 0.53515625 0.0359375 0.0390625
0 0.1390625 0.6453125 0.02734375 0.034375
0 0.17890625 0.5828125 0.01953125 0.01875
0 0.2578125 0.54140625 0.021875 0.03046875
0 0.2875 0.60078125 0.0421875 0.03828125
0 0.3265625 0.56171875 0.03828125 0.0328125
0 0.378125 0.63828125 0.0234375 0.0265625
0 0.4453125 0.825 0.04375 0.05859375
0 0.48359375 0.9484375 0.05859375 0.06953125
0 0.5984375 0.96875 0.046875 0.0625
0 0.65390625 0.82109375 0.04453125 0.05546875
0 0.69296875 0.86015625 0.01796875 0.028125
0 0.75390625 0.93984375 0.0359375 0.059375
0 0.79140625 0.90859375 0.0453125 0.06953125
0 0.83359375 0.87109375 0.04453125 0.06953125
0 0.7359375 0.821875 0.03046875 0.03828125
0 0.7234375 0.7578125 0.0546875 0.07109375
0 0.7859375 0.75703125 0.0390625 0.04375
0 0.9125 0.7859375 0.04140625 0.04140625
0 0.91640625 0.91875 0.05703125 0.0734375
0 0.97578125 0.9875 0.028125 0.025
0 0.9515625 0.7046875 0.053125 0.0515625
0 0.79765625 0.68359375 0.0421875 0.05078125
0 0.7703125 0.69921875 0.02890625 0.0390625
0 0.78984375 0.60546875 0.02890625 0.053125
0 0.75390625 0.59609375 0.03203125 0.03515625
0 0.6359375 0.70859375 0.0421875 0.0609375
0 0.59765625 0.66640625 0.03515625 0.03984375
0 0.67421875 0.575 0.03984375 0.0359375
0 0.740625 0.5515625 0.03125 0.03125
0 0.76015625 0.490625 0.03046875 0.03125
0 0.71953125 0.4875 0.0265625 0.0328125
0 0.71640625 0.44296875 0.0203125 0.025
0 0.803125 0.4546875 0.028125 0.0265625
0 0.8375 0.525 0.02578125 0.034375
0 0.86640625 0.50625 0.03515625 0.03984375
0 0.91484375 0.57421875 0.03359375 0.02890625
0 0.93828125 0.5078125 0.040625 0.03203125
0 0.91484375 0.471875 0.03515625 0.03203125
0 0.953125 0.45234375 0.0328125 0.03203125
0 0.85859375 0.425 0.0265625 0.02265625
0 0.9 0.709375 0.04375 0.04921875
0 0.8515625 0.68046875 0.02734375 0.04140625
0 0.5359375 0.80390625 0.0609375 0.05625
0 0.50234375 0.74453125 0.03359375 0.02890625
0 0.45078125 0.7390625 0.04375 0.059375
0 0.41953125 0.7015625 0.034375 0.03671875
0 0.4390625 0.6390625 0.03828125 0.0484375
0 0.315625 0.47578125 0.02265625 0.021875
0 0.3390625 0.52109375 0.0296875 0.025
0 0.39296875 0.5 0.02109375 0.0265625
0 0.36015625 0.503125 0.02734375 0.021875
0 0.4796875 0.44921875 0.03046875 0.02421875
0 0.47734375 0.425 0.02734375 0.0234375
0 0.45078125 0.40703125 0.025 0.0203125
0 0.48984375 0.4015625 0.02265625 0.02734375
0 0.5140625 0.42734375 0.01640625 0.0265625
0 0.52109375 0.5765625 0.04921875 0.071875
0 0.54375 0.4515625 0.01953125 0.02421875
0 0.56328125 0.44765625 0.01953125 0.03359375
0 0.5609375 0.4046875 0.02578125 0.02734375
0 0.5734375 0.54609375 0.028125 0.0359375
0 0.58203125 0.57421875 0.02734375 0.040625
0 0.6109375 0.50078125 0.034375 0.03125
0 0.6046875 0.428125 0.0171875 0.0234375
0 0.6515625 0.44296875 0.028125 0.028125
0 0.7828125 0.41953125 0.01484375 0.01484375
0 0.7921875 0.3890625 0.025 0.025
0 0.71796875 0.35546875 0.0234375 0.02890625
0 0.365625 0.38515625 0.0203125 0.02578125
0 0.4375 0.44140625 0.01875 0.021875
0 0.61796875 0.47578125 0.0234375 0.0265625
0 0.60625 0.4609375 0.01953125 0.021875