0 0.78984375 0.5640625 0.021875 0.028125
0 0.86640625 0.73359375 0.03671875 0.03984375
0 0.678125 0.7609375 0.03203125 0.03828125
0 0.81484375 0.746875 0.02734375 0.03359375
0 0.50078125 0.80859375 0.03125 0.0359375
0 0.74140625 0.9390625 0.03984375 0.05625
0 0.6484375 0.896875 0.0328125 0.05078125
0 0.765625 0.5703125 0.0203125 0.02578125
0 0.796875 0.88515625 0.03359375 0.04296875
0 0.49375 0.94921875 0.03125 0.04140625
0 0.29921875 0.6515625 0.02265625 0.028125
0 0.459375 0.81484375 0.03359375 0.04765625
0 0.23515625 0.6734375 0.01796875 0.0203125
0 0.17890625 0.64609375 0.02265625 0.03125
0 0.68125 0.63125 0.0265625 0.02890625
0 0.90859375 0.71328125 0.028125 0.03125
0 0.43359375 0.98203125 0.034375 0.0359375
0 0.540625 0.67109375 0.03125 0.03359375
0 0.35390625 0.72734375 0.02734375 0.02734375
0 0.44375 0.6265625 0.02890625 0.028125
0 0.6234375 0.83203125 0.0359375 0.04609375
0 0.38671875 0.84609375 0.02890625 0.040625
0 0.309375 0.753125 0.0359375 0.03671875
0 0.525 0.88984375 0.02421875 0.0390625
0 0.29609375 0.79921875 0.028125 0.03515625
0 0.825 0.5140625 0.025 0.021875
0 0.66328125 0.70390625 0.03046875 0.03515625
0 0.9140625 0.80546875 0.040625 0.0515625
0 0.50078125 0.61328125 0.02421875 0.025
0 0.5859375 0.74453125 0.03046875 0.034375
0 0.21796875 0.89375 0.034375 0.0359375
0 0.61796875 0.72265625 0.02578125 0.0375
0 0.60859375 0.9125 0.0359375 0.04765625
0 0.37421875 0.58828125 0.01796875 0.03203125
0 0.71640625 0.771875 0.03046875 0.0390625
0 0.72578125 0.675 0.02734375 0.0328125
0 0.55 0.8 0.02421875 0.03359375
0 0.3875 0.678125 0.02421875 0.0265625
0 0.71953125 0.89453125 0.0265625 0.0359375
0 0.38515625 0.91875 0.03515625 0.0515625
0 0.5328125 0.83125 0.03046875 0.04609375
0 0.89921875 0.65859375 0.028125 0.0265625
0 0.6859375 0.93203125 0.02578125 0.03515625
0 0.2875 0.54609375 0.021875 0.021875
0 0.2390625 0.840625 0.03046875 0.03359375
0 0.23671875 0.7921875 0.03828125 0.04375
0 0.44453125 0.75390625 0.02890625 0.03046875
0 0.81328125 0.965625 0.03828125 0.05078125
0 0.06875 0.940625 0.034375 0.05859375
0 0.55078125 0.625 0.02578125 0.028125
0 0.22109375 0.728125 0.0328125 0.03515625
0 0.315625 0.52734375 0.01875 0.02734375
0 0.525 0.72109375 0.02734375 0.03203125
0 0.75 0.7234375 0.0234375 0.02421875
0 0.875 0.89375 0.034375 0.03984375
0 0.07109375 0.86171875 0.02421875 0.03125
0 0.4046875 0.5515625 0.021875 0.025
0 0.2609375 0.57734375 0.0265625 0.02734375
0 0.27265625 0.63046875 0.021875 0.02734375
0 0.97890625 0.68984375 0.0390625 0.03671875
0 0.22734375 0.58828125 0.021875 0.02265625
0 0.35859375 0.88671875 0.02421875 0.04453125
0 0.57265625 0.65546875 0.0265625 0.034375
0 0.24609375 0.53828125 0.02421875 0.02421875
0 0.87890625 0.62109375 0.0203125 0.02421875
0 0.1921875 0.82890625 0.028125 0.0421875
0 0.575 0.69453125 0.025 0.02734375
0 0.41171875 0.76328125 0.02734375 0.0296875
0 0.29921875 0.68359375 0.02421875 0.02265625
0 0.7984375 0.51953125 0.0234375 0.025
0 0.2296875 0.971875 0.040625 0.0390625
0 0.97734375 0.79921875 0.03515625 0.040625
0 0.33515625 0.5578125 0.0234375 0.0203125
0 0.98515625 0.87578125 0.0296875 0.0390625
0 0.33828125 0.68984375 0.03515625 0.03203125
0 0.4390625 0.52890625 0.025 0.02421875
0 0.70234375 0.58984375 0.0171875 0.01953125
0 0.9109375 0.86640625 0.02734375 0.04609375
0 0.1109375 0.7703125 0.0265625 0.03359375
0 0.39609375 0.96171875 0.03125 0.0375
0 0.18203125 0.54609375 0.021875 0.021875
0 0.82265625 0.57578125 0.02578125 0.02265625
0 0.72421875 0.5046875 0.0234375 0.025
0 0.465625 0.55625 0.02265625 0.02734375
0 0.0796875 0.7109375 0.0234375 0.03203125
0 0.60703125 0.50078125 0.02265625 0.0203125
0 0.9421875 0.74921875 0.0296875 0.03359375
0 0.8671875 0.51171875 0.02890625 0.02265625
0 0.30859375 0.946875 0.02109375 0.03359375
0 0.54765625 0.4296875 0.01875 0.01953125
0 0.43359375 0.5484375 0.02109375 0.01953125
0 0.2984375 0.4578125 0.021875 0.02109375
0 0.9625 0.71328125 0.03046875 0.03203125
0 0.009375 0.64609375 0.01875 0.0296875
0 0.68359375 0.48984375 0.0234375 0.0203125
0 0.4640625 0.678125 0.02265625 0.0234375
0 0.315625 0.8421875 0.0265625 0.03671875
0 0.6953125 0.85546875 0.021875 0.0296875
0 0.02109375 0.76015625 0.03359375 0.03046875
0 0.79609375 0.7234375 0.01796875 0.021875
0 0.621875 0.6609375 0.01796875 0.03046875
0 0.596875 0.5765625 0.01953125 0.0265625
0 0.86015625 0.48203125 0.0203125 0.01953125
0 0.0265625 0.73046875 0.03515625 0.03359375
0 0.68203125 0.59609375 0.01796875 0.021875
0 0.85625 0.48515625 0.0203125 0.01953125
0 0.75625 0.97890625 0.0359375 0.03125
0 0.18515625 0.58125 0.0234375 0.02265625
0 0.4625 0.46328125 0.015625 0.01953125
0 0.0078125 0.71015625 0.01484375 0.03671875
0 0.04765625 0.9234375 0.0390625 0.04453125
0 0.33359375 0.478125 0.01796875 0.025