0 0.11328125 0.9015625 0.04921875 0.08671875
0 0.02421875 0.8 0.03046875 0.040625
0 0.0703125 0.76171875 0.034375 0.03515625
0 0.07109375 0.69375 0.03515625 0.03671875
0 0.10546875 0.70859375 0.02421875 0.03359375
0 0.14296875 0.7234375 0.02734375 0.03203125
0 0.14375 0.78984375 0.02578125 0.0375
0 0.17265625 0.9015625 0.0265625 0.04296875
0 0.17890625 0.86328125 0.0390625 0.0375
0 0.19921875 0.9203125 0.02421875 0.0390625
0 0.26015625 0.91171875 0.03671875 0.05234375
0 0.0703125 0.6234375 0.025 0.03515625
0 0.134375 0.590625 0.025 0.02109375
0 0.14921875 0.68515625 0.03515625 0.03984375
0 0.13671875 0.66015625 0.0203125 0.0265625
0 0.175 0.6546875 0.0234375 0.02734375
0 0.18125 0.69921875 0.02265625 0.02734375
0 0.21875 0.72578125 0.0234375 0.03203125
0 0.19609375 0.72890625 0.02734375 0.0328125
0 0.20078125 0.659375 0.0234375 0.021875
0 0.209375 0.59921875 0.0203125 0.02578125
0 0.23671875 0.66953125 0.0296875 0.0328125
0 0.2640625 0.69921875 0.01484375 0.01875
0 0.29765625 0.72265625 0.028125 0.040625
0 0.2734375 0.6578125 0.0265625 0.03203125
0 0.2484375 0.74609375 0.025 0.03125
0 0.2484375 0.775 0.0296875 0.0359375
0 0.23515625 0.8046875 0.0296875 0.03046875
0 0.3296875 0.88125 0.02578125 0.0296875
0 0.3203125 0.93828125 0.0390625 0.04765625
0 0.34375 0.95859375 0.0359375 0.06015625
0 0.4796875 0.9140625 0.0390625 0.03828125
0 0.43671875 0.84765625 0.0296875 0.059375
0 0.37890625 0.7953125 0.0265625 0.0375
0 0.3421875 0.78671875 0.03515625 0.03828125
0 0.36171875 0.7234375 0.0234375 0.03515625
0 0.38671875 0.73671875 0.028125 0.0328125
0 0.43671875 0.746875 0.0328125 0.03203125
0 0.4703125 0.815625 0.03828125 0.05078125
0 0.484375 0.86484375 0.03203125 0.0359375
0 0.57109375 0.928125 0.03203125 0.03359375
0 0.58828125 0.96796875 0.01796875 0.04140625
0 0.5359375 0.8234375 0.0296875 0.03828125
0 0.5703125 0.8546875 0.03203125 0.0390625
0 0.534375 0.7703125 0.034375 0.04375
0 0.6359375 0.865625 0.03125 0.0390625
0 0.6203125 0.90625 0.03046875 0.04921875
0 0.6515625 0.940625 0.034375 0.06015625
0 0.67578125 0.97109375 0.03359375 0.0453125
0 0.76171875 0.96328125 0.03515625 0.03984375
0 0.284375 0.56640625 0.0171875 0.0265625
0 0.26328125 0.5171875 0.0234375 0.0296875
0 0.2390625 0.54140625 0.02421875 0.0234375
0 0.24375 0.471875 0.02421875 0.02265625
0 0.2875 0.459375 0.0171875 0.01875
0 0.33515625 0.546875 0.01796875 0.0234375
0 0.34921875 0.5546875 0.02265625 0.0234375
0 0.36328125 0.5984375 0.0265625 0.028125
0 0.36328125 0.6265625 0.01328125 0.0171875
0 0.3734375 0.66015625 0.01953125 0.0328125
0 0.40546875 0.6015625 0.0234375 0.025
0 0.434375 0.5921875 0.021875 0.02890625
0 0.39296875 0.48984375 0.0203125 0.02265625
0 0.44765625 0.4671875 0.01953125 0.02578125
0 0.46015625 0.4453125 0.0203125 0.0171875
0 0.45625 0.5578125 0.01796875 0.0234375
0 0.4109375 0.5484375 0.02265625 0.0265625
0 0.4640625 0.64453125 0.0265625 0.03046875
0 0.5 0.66796875 0.02578125 0.02578125
0 0.50859375 0.69921875 0.02265625 0.0265625
0 0.4390625 0.68984375 0.015625 0.021875
0 0.5453125 0.709375 0.028125 0.034375
0 0.575 0.7453125 0.0375 0.025
0 0.5953125 0.69609375 0.025 0.02265625
0 0.640625 0.7765625 0.02734375 0.02734375
0 0.67265625 0.771875 0.0328125 0.034375
0 0.70234375 0.834375 0.03515625 0.04609375
0 0.70390625 0.8 0.01484375 0.01953125
0 0.73671875 0.82109375 0.0296875 0.03984375
0 0.76875 0.8421875 0.03046875 0.04765625
0 0.78203125 0.81171875 0.02734375 0.03671875
0 0.77734375 0.90703125 0.0265625 0.0359375
0 0.865625 0.9296875 0.04296875 0.05
0 0.90546875 0.90390625 0.0421875 0.0734375
0 0.86015625 0.84921875 0.03671875 0.0515625
0 0.94921875 0.95390625 0.03046875 0.04609375
0 0.9359375 0.79140625 0.0375 0.0390625
0 0.8953125 0.775 0.03828125 0.0375
0 0.92265625 0.69375 0.0265625 0.03046875
0 0.915625 0.73984375 0.02421875 0.02734375
0 0.86796875 0.71796875 0.03515625 0.034375
0 0.8296875 0.73671875 0.03046875 0.03828125
0 0.80625 0.7578125 0.0296875 0.04140625
0 0.86640625 0.646875 0.02578125 0.03125
0 0.93671875 0.58671875 0.02265625 0.02265625
0 0.96328125 0.58359375 0.025 0.02265625
0 0.8171875 0.67578125 0.01953125 0.03671875
0 0.78046875 0.70625 0.0265625 0.0265625
0 0.73671875 0.68515625 0.02734375 0.03359375
0 0.76875 0.66796875 0.028125 0.0390625
0 0.76875 0.59140625 0.01953125 0.02265625
0 0.7359375 0.73203125 0.02265625 0.04140625
0 0.68671875 0.625 0.02578125 0.025
0 0.63515625 0.64140625 0.025 0.0234375
0 0.66953125 0.690625 0.0203125 0.02578125
0 0.70703125 0.51171875 0.0203125 0.01953125
0 0.603125 0.53828125 0.0234375 0.0234375
0 0.60546875 0.559375 0.01953125 0.02109375
0 0.57734375 0.5625 0.0203125 0.02734375
0 0.55390625 0.60078125 0.01953125 0.03125
0 0.55703125 0.5296875 0.0171875 0.0234375
0 0.5609375 0.55 0.01484375 0.01953125
0 0.50703125 0.57109375 0.02265625 0.021875
0 0.56171875 0.45234375 0.01796875 0.01953125
0 0.6140625 0.47421875 0.01328125 0.0203125
0 0.48046875 0.53515625 0.01796875 0.02734375
0 0.3828125 0.528125 0.021875 0.01875
0 0.453125 0.42109375 0.0171875 0.0171875
0 0.4859375 0.4875 0.01953125 0.02734375
0 0.45078125 0.52109375 0.01484375 0.02421875