0 0.03203125 0.9515625 0.0390625 0.06015625
0 0.11328125 0.96953125 0.0375 0.05703125
0 0.034375 0.87421875 0.028125 0.0453125
0 0.096875 0.84375 0.034375 0.0375
0 0.04296875 0.8078125 0.02890625 0.03828125
0 0.10234375 0.7765625 0.03828125 0.0390625
0 0.140625 0.80703125 0.02109375 0.0375
0 0.1828125 0.796875 0.0328125 0.04609375
0 0.20625 0.85859375 0.03828125 0.046875
0 0.1484375 0.86484375 0.04296875 0.04140625
0 0.15625 0.9234375 0.03984375 0.0453125
0 0.2125 0.97421875 0.0359375 0.0515625
0 0.30234375 0.984375 0.05 0.03125
0 0.346875 0.93203125 0.0328125 0.0546875
0 0.31328125 0.921875 0.0296875 0.0515625
0 0.28671875 0.85390625 0.03671875 0.05078125
0 0.28515625 0.8 0.03359375 0.04765625
0 0.228125 0.72578125 0.02421875 0.04296875
0 0.19375 0.7296875 0.02421875 0.0390625
0 0.165625 0.7671875 0.02734375 0.03125
0 0.01796875 0.62109375 0.03515625 0.03671875
0 0.02109375 0.75 0.040625 0.03671875
0 0.04921875 0.68984375 0.02109375 0.040625
0 0.0640625 0.6125 0.03046875 0.0328125
0 0.23671875 0.6328125 0.0265625 0.03046875
0 0.265625 0.6546875 0.028125 0.03515625
0 0.265625 0.6046875 0.02109375 0.03359375
0 0.18671875 0.66875 0.0234375 0.0390625
0 0.2953125 0.68125 0.02578125 0.02578125
0 0.3078125 0.628125 0.03203125 0.04140625
0 0.40390625 0.94921875 0.03125 0.04140625
0 0.42265625 0.7546875 0.0234375 0.02734375
0 0.440625 0.8671875 0.0375 0.04921875
0 0.453125 0.91875 0.03828125 0.0390625
0 0.52265625 0.93515625 0.0375 0.04765625
0 0.6796875 0.9796875 0.04375 0.0328125
0 0.7296875 0.98359375 0.03359375 0.03203125
0 0.78828125 0.95 0.0421875 0.059375
0 0.84609375 0.921875 0.05390625 0.0609375
0 0.77734375 0.8578125 0.03671875 0.0484375
0 0.73671875 0.8515625 0.034375 0.0421875
0 0.653125 0.8109375 0.02109375 0.040625
0 0.61328125 0.8375 0.02578125 0.04765625
0 0.55234375 0.809375 0.025 0.03046875
0 0.609375 0.77265625 0.0390625 0.04296875
0 0.52890625 0.70703125 0.03359375 0.03828125
0 0.59765625 0.6671875 0.02265625 0.02890625
0 0.60390625 0.71484375 0.02734375 0.03203125
0 0.56484375 0.70625 0.0234375 0.0328125
0 0.47734375 0.625 0.02109375 0.03828125
0 0.3953125 0.5828125 0.02890625 0.03203125
0 0.4234375 0.6234375 0.028125 0.034375
0 0.5046875 0.63125 0.025 0.0359375
0 0.634375 0.65078125 0.02578125 0.03203125
0 0.65390625 0.703125 0.02734375 0.03671875
0 0.7015625 0.696875 0.02734375 0.03828125
0 0.7328125 0.7109375 0.02734375 0.03125
0 0.77109375 0.6828125 0.034375 0.0359375
0 0.696875 0.771875 0.03125 0.0453125
0 0.91875 0.81875 0.03828125 0.0609375
0 0.81015625 0.76953125 0.03984375 0.0390625
0 0.821875 0.68984375 0.03203125 0.0453125
0 0.7984375 0.7203125 0.01953125 0.03515625
0 0.8921875 0.74921875 0.034375 0.0421875
0 0.95703125 0.78203125 0.03125 0.03671875
0 0.9 0.68984375 0.0265625 0.03046875
0 0.87421875 0.7046875 0.028125 0.0359375
0 0.8453125 0.8078125 0.03359375 0.0484375
0 0.878125 0.82578125 0.02421875 0.0359375
0 0.91484375 0.97890625 0.04453125 0.0421875
0 0.35546875 0.6078125 0.03046875 0.0359375
0 0.31484375 0.58984375 0.02578125 0.0265625
0 0.2390625 0.5796875 0.02421875 0.0296875
0 0.56953125 0.575 0.03046875 0.0234375
0 0.63515625 0.62265625 0.0234375 0.0265625
0 0.746875 0.60078125 0.025 0.03671875
0 0.70625 0.61015625 0.0203125 0.028125
0 0.6609375 0.5828125 0.03515625 0.03046875
0 0.8078125 0.6328125 0.01875 0.03203125
0 0.8921875 0.6625 0.0328125 0.028125
0 0.828125 0.62421875 0.02421875 0.0203125
0 0.6015625 0.540625 0.0203125 0.028125
0 0.41484375 0.49609375 0.028125 0.0265625
0 0.3953125 0.52734375 0.02734375 0.02890625
0 0.45859375 0.46171875 0.021875 0.0234375
0 0.290625 0.52578125 0.0265625 0.02734375
0 0.1515625 0.565625 0.02265625 0.02265625
0 0.390625 0.66484375 0.0203125 0.03046875
0 0.36640625 0.69140625 0.02109375 0.03125
0 0.3484375 0.525 0.02265625 0.03203125
0 0.315625 0.5671875 0.02265625 0.0265625
0 0.43671875 0.57421875 0.01796875 0.03125
0 0.4625 0.59453125 0.01796875 0.03203125
0 0.72734375 0.8109375 0.0265625 0.04140625
0 0.75234375 0.75625 0.02265625 0.03515625
0 0.9359375 0.6078125 0.02734375 0.0375
0 0.821875 0.5828125 0.02734375 0.0265625
0 0.8296875 0.55078125 0.03046875 0.028125
0 0.75 0.546875 0.021875 0.03359375
0 0.62734375 0.51953125 0.02421875 0.028125
0 0.30390625 0.4703125 0.02734375 0.02109375
0 0.0203125 0.7171875 0.03359375 0.02109375
0 0.24375 0.78671875 0.0359375 0.0328125
0 0.3703125 0.77109375 0.0328125 0.05078125