0 0.28359375 0.73359375 0.034375 0.0390625
0 0.36171875 0.83125 0.02890625 0.03828125
0 0.1609375 0.62890625 0.02109375 0.03125
0 0.38984375 0.74453125 0.0296875 0.02890625
0 0.43515625 0.79921875 0.034375 0.046875
0 0.49609375 0.875 0.02265625 0.0375
0 0.46328125 0.9328125 0.03046875 0.040625
0 0.6203125 0.88046875 0.03359375 0.05390625
0 0.403125 0.9703125 0.03359375 0.04375
0 0.35234375 0.571875 0.01875 0.03125
0 0.84453125 0.71796875 0.03671875 0.0390625
0 0.55390625 0.64140625 0.02578125 0.03359375
0 0.28046875 0.63515625 0.02265625 0.02578125
0 0.6390625 0.6875 0.03125 0.03515625
0 0.6015625 0.81875 0.03515625 0.04609375
0 0.27265625 0.784375 0.028125 0.034375
0 0.37109375 0.6640625 0.025 0.0265625
0 0.94765625 0.7796875 0.034375 0.04140625
0 0.58046875 0.89453125 0.03515625 0.0484375
0 0.51640625 0.6578125 0.02890625 0.03203125
0 0.69375 0.75546875 0.0296875 0.0390625
0 0.253125 0.6140625 0.021875 0.0296875
0 0.8921875 0.78984375 0.04453125 0.0546875
0 0.59296875 0.48828125 0.02265625 0.0203125
0 0.72734375 0.71015625 0.0234375 0.0265625
0 0.425 0.61328125 0.028125 0.02578125
0 0.59765625 0.70703125 0.02734375 0.03671875
0 0.4765625 0.79140625 0.03046875 0.03203125
0 0.77421875 0.5515625 0.02421875 0.0296875
0 0.3171875 0.67421875 0.03359375 0.03203125
0 0.19921875 0.71328125 0.034375 0.03515625
0 0.21484375 0.659375 0.01796875 0.0203125
0 0.1890625 0.878125 0.03359375 0.0359375
0 0.53125 0.6109375 0.025 0.028125
0 0.7734375 0.86796875 0.034375 0.0421875
0 0.784375 0.95078125 0.0390625 0.0546875
0 0.81015625 0.5015625 0.02578125 0.0234375
0 0.3328125 0.71171875 0.028125 0.0265625
0 0.0921875 0.7546875 0.0328125 0.0359375
0 0.6578125 0.91328125 0.0265625 0.0375
0 0.2125 0.778125 0.0421875 0.04375
0 0.21328125 0.825 0.0328125 0.034375
0 0.5046875 0.8171875 0.03125 0.046875
0 0.421875 0.51171875 0.02421875 0.02578125
0 0.48203125 0.6 0.0234375 0.02578125
0 0.42265625 0.73671875 0.0265625 0.028125
0 0.88984375 0.7 0.02578125 0.03125
0 0.66171875 0.61640625 0.028125 0.0296875
0 0.23828125 0.56328125 0.025 0.0265625
0 0.3875 0.53671875 0.02265625 0.02421875
0 0.715625 0.92578125 0.0390625 0.05390625
0 0.12421875 0.76015625 0.02734375 0.03359375
0 0.52421875 0.7828125 0.02421875 0.03203125
0 0.7828125 0.50703125 0.02265625 0.0265625
0 0.8515625 0.4953125 0.028125 0.021875
0 0.74765625 0.55859375 0.02109375 0.02421875
0 0.70625 0.6609375 0.02421875 0.03125
0 0.79140625 0.73203125 0.025 0.03125
0 0.565625 0.7296875 0.02890625 0.03515625
0 0.28125 0.93203125 0.0203125 0.03359375
0 0.6578125 0.74296875 0.03125 0.03828125
0 0.6953125 0.88046875 0.025 0.034375
0 0.96015625 0.85390625 0.0359375 0.040625
0 0.27890625 0.66875 0.02578125 0.02421875
0 0.2953125 0.8203125 0.0296875 0.0359375
0 0.84765625 0.8796875 0.0328125 0.03828125
0 0.98125 0.77265625 0.0296875 0.0328125
0 0.04375 0.8484375 0.02734375 0.0296875
0 0.3546875 0.903125 0.03125 0.0484375
0 0.98828125 0.66875 0.0234375 0.03125
0 0.50078125 0.70703125 0.028125 0.03125
0 0.31796875 0.54453125 0.02265625 0.0203125
0 0.37109375 0.940625 0.02890625 0.03515625
0 0.0609375 0.696875 0.03125 0.03203125
0 0.16796875 0.81015625 0.02578125 0.0390625
0 0.20859375 0.571875 0.02109375 0.02421875
0 0.7328125 0.9765625 0.034375 0.04375
0 0.29609375 0.5109375 0.01953125 0.02734375
0 0.87890625 0.64375 0.02890625 0.02734375
0 0.9421875 0.69765625 0.028125 0.03203125
0 0.975 0.90859375 0.03671875 0.0359375
0 0.0390625 0.92265625 0.03671875 0.05703125
0 0.1265625 0.6953125 0.0296875 0.0296875
0 0.95546875 0.66953125 0.03515625 0.03359375
0 0.803125 0.56328125 0.021875 0.021875
0 0.165625 0.5703125 0.025 0.0265625
0 0.8859375 0.84921875 0.02734375 0.0484375
0 0.33359375 0.86953125 0.02421875 0.04140625
0 0.35078125 0.984375 0.02734375 0.0296875
0 0.66875 0.840625 0.021875 0.02734375
0 0.2 0.95625 0.04140625 0.0359375
0 0.4484375 0.54453125 0.02265625 0.025
0 0.8578125 0.60625 0.02109375 0.02734375
0 0.77734375 0.70703125 0.01953125 0.0234375
0 0.22890625 0.52265625 0.02421875 0.02265625
0 0.2703125 0.53359375 0.0203125 0.021875
0 0.44296875 0.66328125 0.02265625 0.0234375
0 0.6703125 0.671875 0.02109375 0.02734375
0 0.10078125 0.540625 0.02265625 0.025
0 0.284375 0.446875 0.02109375 0.0203125
0 0.55390625 0.67734375 0.02578125 0.02578125
0 0.6640625 0.578125 0.015625 0.02109375
0 0.66875 0.4765625 0.02265625 0.01953125
0 0.875 0.4421875 0.02265625 0.01953125
0 0.41796875 0.5359375 0.021875 0.0203125
0 0.28046875 0.89296875 0.02421875 0.0375
0 0.37734375 0.50703125 0.0171875 0.02109375
0 0.30234375 0.42734375 0.021875 0.01953125
0 0.8328125 0.52734375 0.02421875 0.021875
0 0.06015625 0.65859375 0.0265625 0.028125
0 0.575 0.5625 0.0171875 0.025
0 0.984375 0.73359375 0.0296875 0.0265625
0 0.68125 0.57265625 0.01484375 0.01875
0 0.4109375 0.7015625 0.01796875 0.02109375
0 0.1625 0.5328125 0.02109375 0.02265625
0 0.209375 0.60390625 0.02109375 0.0234375
0 0.14921875 0.7046875 0.025 0.03125
0 0.603125 0.64765625 0.01875 0.03203125
0 0.5515625 0.434375 0.0203125 0.02265625
0 0.19296875 0.55078125 0.01796875 0.02109375
0 0.48515625 0.45234375 0.01796875 0.02109375
0 0.84296875 0.46875 0.01875 0.0203125
0 0.4484375 0.45078125 0.01796875 0.01796875
0 0.428125 0.4640625 0.01875 0.0328125
0 0.44140625 0.43125 0.0171875 0.01875
0 0.31796875 0.4625 0.01953125 0.02265625
0 0.53359375 0.41796875 0.0171875 0.01796875
0 0.45 0.49765625 0.021875 0.021875
0 0.275 0.5 0.01875 0.021875
0 0.053125 0.63125 0.02578125 0.028125
0 0.65625 0.5203125 0.0203125 0.02109375
0 0.59140625 0.521875 0.021875 0.021875
0 0.709375 0.490625 0.02421875 0.02578125
0 0.684375 0.7078125 0.0203125 0.028125
0 0.2265625 0.46484375 0.02109375 0.0203125
0 0.2921875 0.559375 0.0171875 0.0203125
0 0.8203125 0.575 0.01640625 0.01796875
0 0.03359375 0.6703125 0.02421875 0.02890625
0 0.24375 0.87421875 0.0234375 0.03203125
0 0.98984375 0.54609375 0.0203125 0.02421875
0 0.49453125 0.47890625 0.01953125 0.02890625
0 0.50703125 0.45390625 0.015625 0.01796875
0 0.04296875 0.60390625 0.0265625 0.0234375
0 0.99140625 0.503125 0.01640625 0.01953125
0 0.96015625 0.56640625 0.0296875 0.0234375
0 0.67109375 0.49921875 0.01953125 0.01875
0 0.2265625 0.603125 0.015625 0.021875
0 0.58046875 0.99296875 0.0328125 0.0140625
0 0.3390625 0.4953125 0.0265625 0.0390625
0 0.34765625 0.4578125 0.01796875 0.02109375
0 0.125 0.5375 0.0171875 0.01875
0 0.98125 0.5921875 0.0265625 0.0234375
0 0.15859375 0.5984375 0.01796875 0.0203125
0 0.209375 0.45 0.0171875 0.0171875
0 0.92265625 0.73125 0.0265625 0.03125
0 0.46015625 0.4375 0.015625 0.0171875
0 0.88515625 0.6015625 0.02109375 0.0203125
0 0.11640625 0.64140625 0.0296875 0.0265625
0 0.88203125 0.5734375 0.01875 0.02109375
0 0.4015625 0.43515625 0.01640625 0.01875
0 0.13203125 0.87890625 0.0296875 0.05
0 0.11953125 0.8484375 0.03984375 0.04765625
0 0.1109375 0.796875 0.03515625 0.04296875
0 0.02109375 0.9046875 0.0421875 0.065625
0 0.04765625 0.5609375 0.02734375 0.0359375
0 0.16015625 0.44375 0.03671875 0.0421875
0 0.20390625 0.5015625 0.0328125 0.0328125
0 0.35625 0.50625 0.0234375 0.03515625
0 0.4625 0.71796875 0.03046875 0.0375
0 0.93359375 0.6375 0.03203125 0.034375
0 0.91171875 0.56328125 0.03984375 0.0421875
0 0.6875 0.44453125 0.03046875 0.03203125
0 0.7796875 0.471875 0.02890625 0.0234375
0 0.78046875 0.459375 0.025 0.01953125
0 0.49453125 0.7765625 0.0390625 0.05
0 0.446875 0.7671875 0.01953125 0.0234375
0 0.49296875 0.56796875 0.02109375 0.034375
0 0.53203125 0.490625 0.0265625 0.034375
0 0.52578125 0.46640625 0.02109375 0.02109375
0 0.5234375 0.55859375 0.028125 0.04140625
0 0.1078125 0.58203125 0.0265625 0.03671875