0 0.05390625 0.9765625 0.046875 0.04609375
0 0.09140625 0.921875 0.0421875 0.04609375
0 0.06171875 0.86953125 0.03046875 0.040625
0 0.1734375 0.95859375 0.0421875 0.0671875
0 0.21875 0.8890625 0.03671875 0.04765625
0 0.3015625 0.83359375 0.0359375 0.06328125
0 0.2890625 0.98515625 0.046875 0.0296875
0 0.409375 0.91875 0.04453125 0.0640625
0 0.46171875 0.92890625 0.03359375 0.0375
0 0.48984375 0.98203125 0.05390625 0.0359375
0 0.40859375 0.80703125 0.03828125 0.0515625
0 0.3484375 0.79609375 0.02109375 0.03125
0 0.22265625 0.82265625 0.04296875 0.05703125
0 0.1875 0.68125 0.02109375 0.02734375
0 0.18046875 0.66015625 0.01796875 0.01640625
0 0.23828125 0.67421875 0.0265625 0.02578125
0 0.30546875 0.70390625 0.034375 0.0359375
0 0.26171875 0.74921875 0.04140625 0.0375
0 0.49296875 0.7375 0.0421875 0.07734375
0 0.559375 0.84453125 0.02890625 0.05546875
0 0.59296875 0.90859375 0.04296875 0.04921875
0 0.671875 0.9625 0.04765625 0.075
0 0.740625 0.97109375 0.03671875 0.05703125
0 0.73125 0.89609375 0.03203125 0.04140625
0 0.7640625 0.88359375 0.04453125 0.05625
0 0.721875 0.77578125 0.03359375 0.0390625
0 0.75625 0.79765625 0.0265625 0.04140625
0 0.81484375 0.884375 0.03203125 0.0546875
0 0.9171875 0.92109375 0.04609375 0.05546875
0 0.884375 0.7640625 0.03671875 0.0375
0 0.84296875 0.6796875 0.03125 0.04375
0 0.8125 0.7046875 0.03046875 0.04140625
0 0.7125 0.725 0.02578125 0.0296875
0 0.91484375 0.69140625 0.03203125 0.0453125
0 0.93359375 0.62734375 0.03671875 0.03984375
0 0.9359375 0.5859375 0.02890625 0.0296875
0 0.88515625 0.59296875 0.0375 0.03828125
0 0.8984375 0.64765625 0.03515625 0.0390625
0 0.78515625 0.61953125 0.025 0.03359375
0 0.73828125 0.6546875 0.03125 0.03671875
0 0.70078125 0.64765625 0.0265625 0.03359375
0 0.64765625 0.7484375 0.03125 0.046875
0 0.5546875 0.74296875 0.0265625 0.04296875
0 0.5515625 0.7046875 0.0265625 0.04296875
0 0.821875 0.55703125 0.025 0.03203125
0 0.78046875 0.5375 0.0234375 0.028125
0 0.72734375 0.490625 0.02421875 0.025
0 0.69609375 0.59765625 0.02265625 0.03203125
0 0.628125 0.596875 0.01796875 0.03828125
0 0.5453125 0.5484375 0.03046875 0.02734375
0 0.58359375 0.53671875 0.02890625 0.03671875
0 0.546875 0.59296875 0.0296875 0.028125
0 0.5015625 0.56796875 0.02265625 0.0265625
0 0.4640625 0.584375 0.02734375 0.03203125
0 0.478125 0.534375 0.021875 0.02578125
0 0.45859375 0.55859375 0.0203125 0.02578125
0 0.50625 0.534375 0.02265625 0.02265625
0 0.421875 0.575 0.02578125 0.02890625
0 0.43828125 0.53671875 0.02265625 0.03203125
0 0.403125 0.61640625 0.025 0.02578125
0 0.37421875 0.64140625 0.02421875 0.03203125
0 0.3421875 0.63984375 0.02734375 0.028125
0 0.32265625 0.659375 0.02734375 0.02421875
0 0.3046875 0.60625 0.0203125 0.02890625
0 0.28671875 0.5953125 0.0203125 0.02421875
0 0.1671875 0.6359375 0.021875 0.02734375
0 0.12890625 0.69921875 0.02578125 0.03671875
0 0.08125 0.7484375 0.04453125 0.0359375
0 0.06640625 0.6484375 0.028125 0.034375
0 0.01484375 0.64609375 0.02890625 0.0390625
0 0.58671875 0.61015625 0.025 0.02265625
0 0.58515625 0.6546875 0.02109375 0.03359375
0 0.4859375 0.64453125 0.028125 0.0265625
0 0.3578125 0.5046875 0.02109375 0.02578125
0 0.52421875 0.42421875 0.01953125 0.02265625
0 0.88671875 0.45390625 0.02734375 0.02734375
0 0.959375 0.8359375 0.06171875 0.06328125