0 0.10859375 0.975 0.06015625 0.05
0 0.14453125 0.92421875 0.03515625 0.053125
0 0.18828125 0.9140625 0.04765625 0.11171875
0 0.134375 0.86640625 0.04921875 0.08359375
0 0.15 0.809375 0.05546875 0.06640625
0 0.04296875 0.77421875 0.04765625 0.09140625
0 0.071875 0.79375 0.0359375 0.0640625
0 0.11015625 0.67109375 0.046875 0.0703125
0 0.03828125 0.63125 0.046875 0.071875
0 0.14609375 0.709375 0.0375 0.034375
0 0.20859375 0.76640625 0.05390625 0.06796875
0 0.2421875 0.79765625 0.06953125 0.065625
0 0.28046875 0.83828125 0.04765625 0.0765625
0 0.29453125 0.7625 0.03828125 0.075
0 0.25078125 0.7265625 0.04296875 0.0703125
0 0.2171875 0.690625 0.03984375 0.059375
0 0.10234375 0.559375 0.0296875 0.03984375
0 0.121875 0.60859375 0.03828125 0.05078125
0 0.16796875 0.5765625 0.021875 0.034375
0 0.20546875 0.609375 0.04453125 0.03203125
0 0.20078125 0.5828125 0.0296875 0.0359375
0 0.23203125 0.6203125 0.0375 0.03671875
0 0.2546875 0.653125 0.03984375 0.040625
0 0.28046875 0.6125 0.04296875 0.05078125
0 0.31171875 0.70703125 0.0453125 0.04375
0 0.30546875 0.66796875 0.046875 0.0484375
0 0.153125 0.50859375 0.03671875 0.03515625
0 0.17578125 0.49765625 0.02578125 0.03046875
0 0.2265625 0.49453125 0.03125 0.03125
0 0.2609375 0.48671875 0.03046875 0.0296875
0 0.3 0.53046875 0.0515625 0.03671875
0 0.29375 0.49609375 0.03515625 0.034375
0 0.33984375 0.59453125 0.0484375 0.03046875
0 0.3375 0.559375 0.01953125 0.028125
0 0.35078125 0.53203125 0.0453125 0.03671875
0 0.34453125 0.4890625 0.03046875 0.034375
0 0.375 0.50078125 0.0328125 0.05390625
0 0.3765625 0.459375 0.02734375 0.0296875
0 0.35546875 0.61484375 0.04375 0.03515625
0 0.409375 0.615625 0.04375 0.040625
0 0.36328125 0.72578125 0.04453125 0.05390625
0 0.409375 0.70234375 0.05625 0.06015625
0 0.44609375 0.7609375 0.05 0.0703125
0 0.40703125 0.81796875 0.0375 0.05625
0 0.35390625 0.8140625 0.03515625 0.03671875
0 0.37734375 0.85546875 0.03828125 0.04296875
0 0.34375 0.859375 0.0328125 0.0484375
0 0.38515625 0.953125 0.0703125 0.09375
0 0.45078125 0.9546875 0.05703125 0.08671875
0 0.50703125 0.88125 0.04609375 0.06875
0 0.5546875 0.765625 0.03984375 0.05390625
0 0.5203125 0.75703125 0.0328125 0.07109375
0 0.50078125 0.7171875 0.03828125 0.053125
0 0.465625 0.684375 0.0296875 0.03984375
0 0.48125 0.65703125 0.02421875 0.03984375
0 0.5078125 0.6109375 0.03671875 0.03515625
0 0.48359375 0.58046875 0.02578125 0.03046875
0 0.4359375 0.57421875 0.046875 0.03984375
0 0.44765625 0.53203125 0.0390625 0.03125
0 0.4875 0.52578125 0.0375 0.0296875
0 0.5109375 0.55546875 0.028125 0.03125
0 0.42734375 0.496875 0.02421875 0.03359375
0 0.4484375 0.490625 0.03046875 0.03515625
0 0.48671875 0.4984375 0.04453125 0.03359375
0 0.45859375 0.440625 0.02734375 0.025
0 0.58515625 0.8875 0.05234375 0.08828125
0 0.6375 0.8890625 0.0453125 0.08515625
0 0.68828125 0.90078125 0.05390625 0.0703125
0 0.6984375 0.97421875 0.07109375 0.0515625
0 0.66875 0.8265625 0.05703125 0.06484375
0 0.625 0.6875 0.0484375 0.0546875
0 0.578125 0.58203125 0.03515625 0.03984375
0 0.5484375 0.51640625 0.02734375 0.03359375
0 0.5671875 0.48125 0.02421875 0.02890625
0 0.6078125 0.5390625 0.0390625 0.040625
0 0.61796875 0.50234375 0.03203125 0.034375
0 0.64375 0.48828125 0.03828125 0.03203125
0 0.665625 0.4609375 0.04296875 0.04921875
0 0.6375 0.57578125 0.04296875 0.05
0 0.66796875 0.6421875 0.046875 0.03984375
0 0.6609375 0.6109375 0.03359375 0.03984375
0 0.69609375 0.603125 0.0375 0.0453125
0 0.6984375 0.58125 0.028125 0.02421875
0 0.709375 0.56015625 0.03359375 0.02578125
0 0.74140625 0.58203125 0.03125 0.0359375
0 0.75859375 0.55703125 0.03203125 0.0453125
0 0.72109375 0.52421875 0.0265625 0.03515625
0 0.72109375 0.81796875 0.06015625 0.07109375
0 0.71640625 0.7671875 0.05234375 0.053125
0 0.75 0.75390625 0.02265625 0.03515625
0 0.75390625 0.8890625 0.06484375 0.07421875
0 0.81484375 0.8796875 0.0578125 0.08359375
0 0.86171875 0.90546875 0.0515625 0.090625
0 0.88046875 0.97734375 0.06484375 0.0453125
0 0.9015625 0.859375 0.06171875 0.0890625
0 0.95078125 0.92421875 0.04921875 0.04921875
0 0.96015625 0.98515625 0.0796875 0.0296875
0 0.97265625 0.8640625 0.05390625 0.0765625
0 0.915625 0.78984375 0.03046875 0.03671875
0 0.9453125 0.784375 0.0375 0.0609375
0 0.9765625 0.77265625 0.046875 0.06796875
0 0.9578125 0.70625 0.0546875 0.05859375
0 0.85625 0.73671875 0.05078125 0.06171875
0 0.87578125 0.69921875 0.046875 0.04921875
0 0.81015625 0.740625 0.04296875 0.06171875
0 0.74453125 0.70546875 0.04921875 0.06328125
0 0.746875 0.65859375 0.0484375 0.04140625
0 0.78984375 0.6796875 0.04296875 0.05390625
0 0.8515625 0.65078125 0.0390625 0.05703125
0 0.9546875 0.65703125 0.0609375 0.0484375
0 0.8 0.5796875 0.03828125 0.040625
0 0.88203125 0.553125 0.04765625 0.05625
0 0.82578125 0.54609375 0.03125 0.0359375
0 0.78671875 0.54375 0.0375 0.04453125
0 0.79296875 0.525 0.03046875 0.03359375
0 0.81171875 0.515625 0.028125 0.03671875
0 0.83359375 0.503125 0.02890625 0.03671875
0 0.7625 0.5015625 0.03984375 0.0359375
0 0.8671875 0.50078125 0.0390625 0.040625
0 0.40234375 0.4921875 0.03046875 0.053125
0 0.22109375 0.43984375 0.0390625 0.03515625