0 0.3765625 0.7078125 0.03984375 0.040625
0 0.40390625 0.62109375 0.03671875 0.03125
0 0.37109375 0.78515625 0.021875 0.04765625
0 0.4015625 0.69140625 0.02421875 0.034375
0 0.45078125 0.63828125 0.0390625 0.040625
0 0.42265625 0.83984375 0.0640625 0.07421875
0 0.4375 0.7984375 0.0359375 0.04453125
0 0.4109375 0.9671875 0.071875 0.065625
0 0.53828125 0.6984375 0.04296875 0.0640625
0 0.29765625 0.865625 0.0640625 0.06171875
0 0.54609375 0.884375 0.059375 0.08046875
0 0.5046875 0.83359375 0.03828125 0.04453125
0 0.41875 0.7421875 0.0390625 0.040625
0 0.165625 0.959375 0.0359375 0.06328125
0 0.18359375 0.89140625 0.04375 0.0703125
0 0.059375 0.8453125 0.05703125 0.07421875
0 0.04609375 0.78984375 0.05546875 0.0578125
0 0.13125 0.86171875 0.0546875 0.053125
0 0.0875 0.98046875 0.040625 0.0390625
0 0.0828125 0.94140625 0.03984375 0.046875
0 0.128125 0.7140625 0.05078125 0.0515625
0 0.2203125 0.77890625 0.0390625 0.03046875
0 0.259375 0.74453125 0.01796875 0.0265625
0 0.275 0.71171875 0.02890625 0.0359375
0 0.19609375 0.66796875 0.0453125 0.04921875
0 0.34453125 0.609375 0.02890625 0.03671875
0 0.4515625 0.584375 0.028125 0.0359375
0 0.49140625 0.57109375 0.0234375 0.0265625
0 0.54609375 0.6234375 0.0328125 0.0390625
0 0.57265625 0.67890625 0.03671875 0.05
0 0.65 0.790625 0.04375 0.05078125
0 0.6828125 0.978125 0.025 0.04375
0 0.5125 0.58984375 0.02421875 0.0265625
0 0.5640625 0.5859375 0.01796875 0.02578125
0 0.5765625 0.6328125 0.02890625 0.0421875
0 0.61484375 0.59921875 0.021875 0.03125
0 0.61796875 0.6859375 0.03515625 0.025
0 0.6515625 0.6359375 0.0234375 0.0390625
0 0.6890625 0.58203125 0.02734375 0.02578125
0 0.653125 0.9140625 0.01484375 0.02578125
0 0.5578125 0.79375 0.02109375 0.04453125
0 0.371875 0.88984375 0.04140625 0.07265625
0 0.33515625 0.715625 0.03828125 0.0390625
0 0.31796875 0.6859375 0.04296875 0.03203125
0 0.3609375 0.6625 0.03515625 0.03671875
0 0.56171875 0.4921875 0.02578125 0.01640625
0 0.565625 0.471875 0.0234375 0.025
0 0.60625 0.50078125 0.03515625 0.0296875
0 0.4625 0.50625 0.0234375 0.0234375
0 0.4765625 0.49921875 0.02578125 0.0234375
0 0.3953125 0.56015625 0.028125 0.03125
0 0.37265625 0.5390625 0.0265625 0.021875
0 0.359375 0.5078125 0.0359375 0.02578125
0 0.34921875 0.47421875 0.01953125 0.0171875
0 0.50859375 0.459375 0.025 0.0125
0 0.5375 0.45859375 0.021875 0.0203125
0 0.65234375 0.54609375 0.0296875 0.02578125
0 0.7140625 0.53125 0.0265625 0.0265625
0 0.74453125 0.5828125 0.028125 0.034375
0 0.73515625 0.55 0.01796875 0.0234375
0 0.76875 0.6875 0.0234375 0.03203125
0 0.5453125 0.50859375 0.01953125 0.0296875
0 0.640625 0.46953125 0.03046875 0.01875
0 0.42890625 0.5171875 0.025 0.015625
0 0.6796875 0.69765625 0.03203125 0.0265625
0 0.65078125 0.41796875 0.02890625 0.025
0 0.6015625 0.45078125 0.0265625 0.0234375
0 0.68984375 0.546875 0.01875 0.0265625
0 0.71640625 0.70078125 0.04296875 0.05
0 0.73984375 0.7875 0.04140625 0.05546875
0 0.73828125 0.69453125 0.0203125 0.03515625
0 0.40625 0.6671875 0.03828125 0.0453125
0 0.46796875 0.40234375 0.0296875 0.028125
0 0.57421875 0.37265625 0.021875 0.01875
0 0.5921875 0.40625 0.02421875 0.02578125
0 0.65078125 0.49140625 0.028125 0.01484375
0 0.69296875 0.48203125 0.0203125 0.01640625
0 0.840625 0.45234375 0.01484375 0.01953125
0 0.76171875 0.5375 0.02265625 0.03984375
0 0.5 0.38125 0.01796875 0.0140625
0 0.434375 0.4921875 0.0265625 0.025
0 0.75703125 0.59296875 0.015625 0.01953125
0 0.79921875 0.675 0.0171875 0.021875
0 0.6140625 0.41484375 0.01328125 0.015625
0 0.73046875 0.47734375 0.028125 0.025
0 0.75546875 0.48984375 0.025 0.025
0 0.56953125 0.446875 0.0203125 0.021875
0 0.68046875 0.46171875 0.02421875 0.01875
0 0.5296875 0.37578125 0.01953125 0.02265625
0 0.56484375 0.41875 0.0125 0.015625
0 0.421875 0.46328125 0.021875 0.02109375
0 0.50234375 0.534375 0.015625 0.01953125
0 0.54296875 0.4171875 0.02734375 0.01796875
0 0.78203125 0.59453125 0.02421875 0.0296875
0 0.15 0.59609375 0.025 0.025
0 0.1203125 0.5796875 0.03359375 0.03125
0 0.1359375 0.54921875 0.0359375 0.03046875
0 0.01796875 0.6578125 0.0296875 0.03671875
0 0.02890625 0.4734375 0.02578125 0.015625
0 0.1125 0.48203125 0.034375 0.02890625
0 0.125 0.52734375 0.028125 0.03515625
0 0.175 0.52421875 0.034375 0.0265625
0 0.21640625 0.571875 0.03359375 0.034375
0 0.2640625 0.57890625 0.03828125 0.0359375
0 0.25703125 0.55 0.0296875 0.0328125
0 0.17890625 0.48203125 0.03359375 0.03515625
0 0.1890625 0.46015625 0.02734375 0.0234375
0 0.23515625 0.49140625 0.021875 0.02421875
0 0.30703125 0.553125 0.02734375 0.02578125
0 0.140625 0.44921875 0.0296875 0.03046875
0 0.30546875 0.40625 0.0296875 0.02421875
0 0.4171875 0.3875 0.01875 0.021875
0 0.83359375 0.8984375 0.0578125 0.06875
0 0.7640625 0.90703125 0.05390625 0.06328125
0 0.91328125 0.84765625 0.0546875 0.07109375
0 0.859375 0.809375 0.05703125 0.07578125
0 0.9578125 0.79375 0.04765625 0.05078125
0 0.84765625 0.5265625 0.0296875 0.02734375
0 0.94609375 0.95546875 0.0453125 0.05625
0 0.9453125 0.675 0.0390625 0.0375
0 0.96796875 0.721875 0.03828125 0.02734375
0 0.8875 0.63203125 0.04453125 0.04609375
0 0.86953125 0.6640625 0.015625 0.0203125
0 0.87578125 0.56640625 0.02578125 0.025
0 0.665625 0.81875 0.03125 0.0203125
0 0.88828125 0.534375 0.040625 0.0375
0 0.846875 0.5046875 0.028125 0.02890625
0 0.8375 0.565625 0.028125 0.0203125
0 0.784375 0.565625 0.0359375 0.0203125
0 0.778125 0.52421875 0.03359375 0.02890625
0 0.81328125 0.53828125 0.0171875 0.01796875
0 0.49609375 0.41796875 0.01640625 0.01328125
0 0.3703125 0.44453125 0.02890625 0.01328125
0 0.12265625 0.65 0.03359375 0.0390625
0 0.06953125 0.628125 0.03125 0.02265625
0 0.0875 0.57265625 0.04296875 0.03359375
0 0.2921875 0.61953125 0.0234375 0.02265625
0 0.3109375 0.46875 0.02265625 0.01796875
0 0.2640625 0.43125 0.02890625 0.028125
0 0.29375 0.3484375 0.02421875 0.025
0 0.22890625 0.5296875 0.034375 0.021875
0 0.0796875 0.47578125 0.04296875 0.015625
0 0.10234375 0.45234375 0.01875 0.028125
0 0.03828125 0.43671875 0.0390625 0.01796875
0 0.23515625 0.37578125 0.028125 0.01015625
0 0.1875 0.4328125 0.02578125 0.01953125
0 0.8125 0.81796875 0.03203125 0.03515625
0 0.896875 0.871875 0.0546875 0.0609375
0 0.89765625 0.76796875 0.0484375 0.04140625
0 0.8140625 0.73828125 0.04921875 0.0375
0 0.8453125 0.60390625 0.028125 0.0296875
0 0.7578125 0.84375 0.0609375 0.0640625
0 0.2 0.78203125 0.034375 0.0375
0 0.7328125 0.43828125 0.02421875 0.03671875
0 0.84140625 0.71796875 0.0390625 0.034375
0 0.1171875 0.6375 0.0453125 0.03046875
0 0.70390625 0.6828125 0.02890625 0.03359375
0 0.74453125 0.709375 0.02578125 0.03359375
0 0.28125 0.53984375 0.0234375 0.0203125
0 0.95625 0.84140625 0.04140625 0.0578125
0 0.259375 0.37265625 0.0234375 0.03046875
0 0.21640625 0.4453125 0.025 0.02265625
0 0.0765625 0.4359375 0.03515625 0.01875
0 0.17265625 0.7359375 0.028125 0.03046875
0 0.1375 0.4296875 0.0265625 0.0125
0 0.88828125 0.58828125 0.03125 0.03125