0 0.0484375 0.94296875 0.0453125 0.0671875
0 0.01640625 0.81796875 0.0328125 0.04140625
0 0.0796875 0.8 0.0453125 0.06015625
0 0.03828125 0.728125 0.03203125 0.0515625
0 0.14921875 0.7171875 0.0515625 0.053125
0 0.18203125 0.75625 0.03671875 0.04375
0 0.21796875 0.81328125 0.04609375 0.06171875
0 0.1578125 0.85234375 0.0390625 0.05546875
0 0.21484375 0.69453125 0.04375 0.05
0 0.203125 0.64921875 0.034375 0.04375
0 0.14765625 0.6234375 0.03984375 0.04140625
0 0.05390625 0.646875 0.0328125 0.0375
0 0.29375 0.878125 0.05 0.07265625
0 0.3375 0.91328125 0.04921875 0.0765625
0 0.36171875 0.82890625 0.0328125 0.06328125
0 0.30703125 0.78359375 0.0625 0.06953125
0 0.4296875 0.82734375 0.04140625 0.046875
0 0.42578125 0.73671875 0.034375 0.04609375
0 0.38671875 0.67109375 0.040625 0.04453125
0 0.278125 0.7125 0.0421875 0.05625
0 0.2984375 0.58359375 0.02578125 0.02890625
0 0.31015625 0.60625 0.028125 0.03515625
0 0.31953125 0.55625 0.02265625 0.02421875
0 0.61953125 0.8515625 0.05859375 0.071875
0 0.52109375 0.87578125 0.04453125 0.05625
0 0.515625 0.83125 0.03984375 0.04921875
0 0.6625 0.97109375 0.05625 0.0578125
0 0.76015625 0.96875 0.05390625 0.0625
0 0.8203125 0.96328125 0.0484375 0.06328125
0 0.84140625 0.8828125 0.04296875 0.059375
0 0.78984375 0.8140625 0.04296875 0.05859375
0 0.7078125 0.815625 0.04140625 0.06015625
0 0.94296875 0.775 0.06015625 0.071875
0 0.9890625 0.82421875 0.021875 0.0296875
0 0.87578125 0.765625 0.034375 0.0515625
0 0.825 0.7703125 0.04609375 0.059375
0 0.7140625 0.725 0.0484375 0.03671875
0 0.72578125 0.703125 0.01796875 0.01875
0 0.7 0.66015625 0.0296875 0.03125
0 0.6390625 0.59140625 0.0359375 0.03671875
0 0.596875 0.56953125 0.03125 0.0421875
0 0.55546875 0.58125 0.03359375 0.0328125
0 0.74453125 0.60625 0.0328125 0.034375
0 0.79921875 0.59296875 0.03203125 0.03828125
0 0.865625 0.59375 0.03515625 0.03828125
0 0.953125 0.6828125 0.0484375 0.0453125
0 0.94765625 0.615625 0.04375 0.04296875
0 0.984375 0.62734375 0.02265625 0.028125
0 0.91953125 0.5609375 0.03203125 0.03359375
0 0.925 0.471875 0.02734375 0.0296875
0 0.88828125 0.40234375 0.028125 0.03359375
0 0.9078125 0.3703125 0.0296875 0.0203125
0 0.83984375 0.4640625 0.03203125 0.02421875
0 0.84375 0.4390625 0.02265625 0.021875
0 0.80703125 0.46796875 0.025 0.02265625
0 0.84453125 0.525 0.040625 0.02734375
0 0.83984375 0.5015625 0.01875 0.01953125
0 0.86328125 0.54921875 0.03046875 0.02265625
0 0.734375 0.49140625 0.03125 0.03125
0 0.6921875 0.5359375 0.03671875 0.034375
0 0.66953125 0.49765625 0.02890625 0.03203125
0 0.63046875 0.50703125 0.03046875 0.03515625
0 0.9359375 0.50625 0.0296875 0.025
0 0.96875 0.5375 0.02734375 0.03046875
0 0.94375 0.415625 0.03203125 0.02734375
0 0.91640625 0.33046875 0.02578125 0.02578125
0 0.7875 0.4203125 0.0265625 0.0265625
0 0.7375 0.45546875 0.01640625 0.021875
0 0.78046875 0.51015625 0.0359375 0.03046875
0 0.6984375 0.37734375 0.02265625 0.0203125
0 0.6859375 0.403125 0.021875 0.025
0 0.6671875 0.42109375 0.02265625 0.028125
0 0.63984375 0.46171875 0.0234375 0.02109375
0 0.6828125 0.4453125 0.0203125 0.02890625
0 0.73984375 0.33359375 0.021875 0.01640625
0 0.7625 0.35390625 0.02265625 0.01875
0 0.78359375 0.3671875 0.01796875 0.01875
0 0.60234375 0.475 0.025 0.01953125
0 0.56953125 0.4609375 0.0328125 0.03515625
0 0.52578125 0.4796875 0.03125 0.0328125
0 0.4328125 0.52109375 0.028125 0.02734375
0 0.41875 0.46640625 0.0140625 0.01796875
0 0.48125 0.4578125 0.03046875 0.02734375
0 0.4609375 0.43203125 0.02109375 0.01953125
0 0.415625 0.6109375 0.01796875 0.02578125
0 0.425 0.58203125 0.0171875 0.025
0 0.4359375 0.621875 0.01640625 0.02265625
0 0.44609375 0.60078125 0.02578125 0.02578125
0 0.3671875 0.47421875 0.0296875 0.02421875
0 0.34921875 0.51796875 0.02421875 0.02109375
0 0.365625 0.75859375 0.02578125 0.046875
0 0.3265625 0.69375 0.02265625 0.0390625
0 0.23359375 0.5671875 0.03046875 0.03203125
0 0.1328125 0.50625 0.03515625 0.03515625
0 0.146875 0.54921875 0.025 0.03046875
0 0.07578125 0.53828125 0.034375 0.0328125
0 0.08125 0.4984375 0.028125 0.02421875
0 0.0421875 0.48046875 0.01640625 0.0234375
0 0.03671875 0.440625 0.028125 0.02890625
0 0.115625 0.53046875 0.03125 0.02421875
0 0.18203125 0.4875 0.021875 0.02734375
0 0.2109375 0.42890625 0.01953125 0.021875
0 0.16640625 0.40625 0.01953125 0.02109375
0 0.2140625 0.4 0.01328125 0.01640625
0 0.25546875 0.425 0.0234375 0.025
0 0.28515625 0.378125 0.03046875 0.0234375
0 0.325 0.30078125 0.0234375 0.02578125
0 0.33515625 0.384375 0.01953125 0.01953125
0 0.3484375 0.40546875 0.01796875 0.01953125
0 0.2875 0.47421875 0.0296875 0.02421875
0 0.2890625 0.4484375 0.01796875 0.01640625
0 0.74609375 0.64765625 0.0328125 0.03046875
0 0.7078125 0.33671875 0.01796875 0.02109375
0 0.7203125 0.32109375 0.01328125 0.01953125
0 0.4078125 0.32265625 0.015625 0.01796875
0 0.47734375 0.3234375 0.02578125 0.0203125
0 0.415625 0.4109375 0.02109375 0.02578125