0 0.390625 0.48984375 0.0265625 0.02421875
0 0.63671875 0.85390625 0.06015625 0.0671875
0 0.609375 0.584375 0.03359375 0.04140625
0 0.19296875 0.63984375 0.0359375 0.03515625
0 0.3375 0.87265625 0.04765625 0.0671875
0 0.7171875 0.8171875 0.03671875 0.05859375
0 0.38046875 0.903125 0.059375 0.0796875
0 0.1234375 0.93046875 0.03671875 0.0703125
0 0.76328125 0.9625 0.053125 0.07421875
0 0.196875 0.7296875 0.04375 0.04609375
0 0.45234375 0.5390625 0.0328125 0.03046875
0 0.34921875 0.78359375 0.05625 0.071875
0 0.81875 0.7796875 0.04453125 0.053125
0 0.35390625 0.40390625 0.02109375 0.02109375
0 0.3140625 0.721875 0.0359375 0.04765625
0 0.453125 0.74921875 0.03203125 0.05625
0 0.85859375 0.6109375 0.03828125 0.03828125
0 0.54609375 0.5 0.02890625 0.03203125
0 0.0828125 0.82109375 0.03203125 0.03828125
0 0.215625 0.8453125 0.03828125 0.05625
0 0.67421875 0.96640625 0.059375 0.06640625
0 0.67890625 0.5171875 0.02890625 0.03359375
0 0.9125 0.58125 0.03203125 0.03203125
0 0.64296875 0.534375 0.03359375 0.0375
0 0.16953125 0.525 0.03203125 0.03203125
0 0.459375 0.82734375 0.040625 0.0546875
0 0.928125 0.78046875 0.05390625 0.07578125
0 0.93828125 0.63203125 0.0359375 0.04453125
0 0.8078125 0.48984375 0.02265625 0.025
0 0.54609375 0.875 0.04296875 0.0625
0 0.26953125 0.81640625 0.04453125 0.0671875
0 0.53828125 0.82734375 0.0453125 0.0453125
0 0.23359375 0.759375 0.03359375 0.0421875
0 0.46875 0.61328125 0.0265625 0.025
0 0.97890625 0.9671875 0.0421875 0.0625
0 0.09921875 0.72734375 0.03125 0.04375
0 0.2171875 0.5046875 0.021875 0.02734375
0 0.4984375 0.47734375 0.02890625 0.02421875
0 0.7453125 0.8796875 0.05 0.0640625
0 0.8703125 0.77421875 0.03046875 0.0671875
0 0.40078125 0.76171875 0.0265625 0.046875
0 0.79140625 0.81796875 0.04609375 0.06328125
0 0.71953125 0.728125 0.05 0.06484375
0 0.74921875 0.6234375 0.028125 0.040625
0 0.11875 0.55234375 0.0328125 0.0296875
0 0.57265625 0.59609375 0.034375 0.0328125
0 0.1828125 0.5625 0.0265625 0.03515625
0 0.41796875 0.68046875 0.034375 0.0546875
0 0.8375 0.87734375 0.03984375 0.0609375
0 0.57890625 0.47578125 0.03046875 0.02890625
0 0.70390625 0.55078125 0.04140625 0.03828125
0 0.78828125 0.44375 0.02890625 0.02578125
0 0.93046875 0.5265625 0.03046875 0.028125
0 0.73984375 0.475 0.01796875 0.025
0 0.25078125 0.70078125 0.0421875 0.05234375
0 0.35078125 0.57109375 0.0234375 0.02421875
0 0.6765625 0.4421875 0.02421875 0.025
0 0.79765625 0.6125 0.03046875 0.03359375
0 0.73984375 0.50859375 0.03515625 0.03046875
0 0.70390625 0.66953125 0.0390625 0.04296875
0 0.88125 0.42265625 0.0265625 0.028125
0 0.240625 0.44609375 0.02109375 0.02265625
0 0.01796875 0.8953125 0.025 0.040625
0 0.11015625 0.53203125 0.02265625 0.01640625
0 0.14453125 0.79921875 0.0390625 0.05078125
0 0.784375 0.5328125 0.03046875 0.03046875
0 0.39453125 0.828125 0.03203125 0.07265625
0 0.81875 0.9578125 0.04453125 0.084375
0 0.1078125 0.65703125 0.04140625 0.0359375
0 0.24296875 0.65703125 0.03828125 0.04609375
0 0.01953125 0.55625 0.03359375 0.02734375
0 0.43828125 0.6234375 0.028125 0.02578125
0 0.8421875 0.46015625 0.0203125 0.02265625
0 0.28203125 0.4421875 0.02265625 0.02578125
0 0.4359375 0.43125 0.021875 0.02421875
0 0.48125 0.45234375 0.0234375 0.021875
0 0.6484375 0.603125 0.03515625 0.03359375
0 0.02421875 0.77890625 0.02421875 0.0359375
0 0.265625 0.58359375 0.025 0.0328125
0 0.078125 0.45703125 0.02578125 0.02578125
0 0.1515625 0.54765625 0.0328125 0.02734375
0 0.97578125 0.6390625 0.03359375 0.03125
0 0.84296875 0.55234375 0.03125 0.0296875
0 0.32890625 0.59375 0.021875 0.03125
0 0.859375 0.56640625 0.02265625 0.0234375
0 0.7484375 0.6609375 0.0359375 0.03359375
0 0.9734375 0.825 0.03046875 0.0328125
0 0.0484375 0.603125 0.03125 0.0375
0 0.49375 0.51171875 0.02265625 0.02578125
0 0.4625 0.63515625 0.01796875 0.0234375
0 0.19765625 0.42109375 0.01953125 0.02265625
0 0.64921875 0.48125 0.028125 0.0203125
0 0.371875 0.42421875 0.0203125 0.0234375
0 0.38359375 0.65625 0.02890625 0.0453125
0 0.6109375 0.49296875 0.028125 0.0171875
0 0.9421875 0.69453125 0.0546875 0.05078125
0 0.95859375 0.47890625 0.0265625 0.0234375
0 0.8359375 0.48046875 0.021875 0.0203125
0 0.9171875 0.49453125 0.02421875 0.02578125
0 0.37734375 0.53359375 0.02109375 0.0296875
0 0.03984375 0.9421875 0.03671875 0.046875
0 0.959375 0.55625 0.028125 0.03125
0 0.65859375 0.46015625 0.02109375 0.0203125
0 0.3640625 0.7078125 0.02265625 0.04140625
0 0.065625 0.97109375 0.0703125 0.05390625
0 0.01640625 0.52109375 0.02890625 0.0328125
0 0.6625 0.62578125 0.0203125 0.02265625
0 0.44765625 0.5953125 0.02109375 0.0234375
0 0.68984375 0.48203125 0.01875 0.0265625
0 0.31875 0.49140625 0.02265625 0.0234375
0 0.80703125 0.715625 0.02890625 0.03671875
0 0.728125 0.71015625 0.0234375 0.021875
0 0.2625 0.42578125 0.01953125 0.0203125
0 0.34140625 0.61953125 0.0234375 0.0296875
0 0.9359375 0.43515625 0.0296875 0.02890625
0 0.68046875 0.65625 0.02421875 0.03203125
0 0.0796875 0.9203125 0.03203125 0.04140625
0 0.88203125 0.66171875 0.03671875 0.028125
0 0.20703125 0.971875 0.0578125 0.05625
0 0.09765625 0.51015625 0.01796875 0.01875
0 0.08203125 0.49765625 0.0171875 0.0234375
0 0.12421875 0.50859375 0.03125 0.025
0 0.2296875 0.59453125 0.01953125 0.021875
0 0.98984375 0.67734375 0.01953125 0.03046875
0 0.875 0.48125 0.0234375 0.03046875
0 0.3203125 0.4640625 0.02265625 0.03203125
0 0.2734375 0.48125 0.02265625 0.0265625
0 0.69375 0.4265625 0.02109375 0.021875
0 0.47578125 0.42109375 0.0234375 0.02265625