0 0.1203125 0.95390625 0.04921875 0.0484375
0 0.04375 0.93515625 0.03125 0.05546875
0 0.03046875 0.903125 0.03515625 0.059375
0 0.08828125 0.84140625 0.01484375 0.0453125
0 0.053125 0.81640625 0.03359375 0.05234375
0 0.01796875 0.7921875 0.028125 0.0453125
0 0.08671875 0.7625 0.03125 0.0421875
0 0.06796875 0.71484375 0.02421875 0.04140625
0 0.175 0.778125 0.02890625 0.0453125
0 0.23359375 0.80859375 0.021875 0.04609375
0 0.23203125 0.75625 0.02890625 0.034375
0 0.2609375 0.74375 0.01484375 0.03203125
0 0.2890625 0.765625 0.02578125 0.05234375
0 0.31953125 0.8515625 0.0421875 0.07421875
0 0.3375 0.9421875 0.04140625 0.0421875
0 0.390625 0.96015625 0.03203125 0.07890625
0 0.3953125 0.875 0.03671875 0.05234375
0 0.459375 0.92578125 0.02890625 0.0578125
0 0.4671875 0.83984375 0.03125 0.0625
0 0.39296875 0.8 0.0234375 0.04296875
0 0.365625 0.75078125 0.02890625 0.0328125
0 0.36171875 0.675 0.02734375 0.0375
0 0.20703125 0.73515625 0.01953125 0.028125
0 0.1859375 0.690625 0.01796875 0.02734375
0 0.1359375 0.6984375 0.03671875 0.0484375
0 0.140625 0.6515625 0.02578125 0.0484375
0 0.1703125 0.6203125 0.03359375 0.0296875
0 0.16328125 0.5984375 0.03125 0.03359375
0 0.1515625 0.56484375 0.0296875 0.04921875
0 0.11171875 0.57578125 0.0203125 0.021875
0 0.1203125 0.5421875 0.03125 0.03125
0 0.08046875 0.64609375 0.0375 0.040625
0 0.07109375 0.5953125 0.028125 0.028125
0 0.04453125 0.61640625 0.04375 0.05
0 0.01171875 0.58671875 0.01953125 0.03203125
0 0.01015625 0.559375 0.0203125 0.03359375
0 0.05234375 0.5546875 0.03359375 0.03671875
0 0.0171875 0.50234375 0.02890625 0.0421875
0 0.02109375 0.45625 0.01796875 0.0421875
0 0.265625 0.865625 0.015625 0.04375
0 0.26171875 0.67265625 0.0203125 0.0296875
0 0.2828125 0.65 0.01953125 0.03515625
0 0.21484375 0.64296875 0.015625 0.03828125
0 0.2046875 0.5859375 0.025 0.021875
0 0.18046875 0.5515625 0.02265625 0.0328125
0 0.1859375 0.51796875 0.009375 0.0203125
0 0.2125 0.5109375 0.025 0.0328125
0 0.23671875 0.46953125 0.02265625 0.0125
0 0.21171875 0.45546875 0.02109375 0.0171875
0 0.23125 0.43828125 0.02890625 0.01640625
0 0.26015625 0.475 0.01796875 0.02265625
0 0.265625 0.44609375 0.01640625 0.0125
0 0.26796875 0.57265625 0.0234375 0.02109375
0 0.2625 0.54140625 0.0234375 0.01875
0 0.28203125 0.61171875 0.03046875 0.03046875
0 0.3078125 0.6171875 0.02578125 0.0234375
0 0.30078125 0.54921875 0.03671875 0.0265625
0 0.32734375 0.515625 0.02890625 0.0328125
0 0.1734375 0.4765625 0.02421875 0.025
0 0.2109375 0.42109375 0.0140625 0.02109375
0 0.21796875 0.39375 0.01640625 0.0140625
0 0.271875 0.4234375 0.02421875 0.02734375
0 0.30703125 0.43203125 0.01640625 0.02421875
0 0.33984375 0.41953125 0.02265625 0.0359375
0 0.39921875 0.42734375 0.015625 0.034375
0 0.44140625 0.48984375 0.01953125 0.0390625
0 0.46171875 0.540625 0.015625 0.03359375
0 0.43828125 0.6078125 0.02109375 0.0265625
0 0.38125 0.57109375 0.02578125 0.0203125
0 0.35390625 0.621875 0.02109375 0.03046875
0 0.38984375 0.6 0.0171875 0.021875
0 0.1359375 0.42109375 0.01640625 0.0265625
0 0.44296875 0.72578125 0.02578125 0.05078125
0 0.4453125 0.69296875 0.02890625 0.02265625
0 0.51484375 0.784375 0.03671875 0.040625
0 0.5421875 0.82421875 0.03515625 0.0546875
0 0.48828125 0.70546875 0.02734375 0.034375
0 0.48671875 0.66484375 0.02734375 0.02109375
0 0.45546875 0.65390625 0.015625 0.03359375
0 0.5046875 0.68984375 0.02734375 0.03828125
0 0.5421875 0.7 0.021875 0.04296875
0 0.61328125 0.8171875 0.02890625 0.04453125
0 0.628125 0.91171875 0.02578125 0.06484375
0 0.578125 0.92890625 0.03125 0.05390625
0 0.66953125 0.85 0.0265625 0.05625
0 0.72734375 0.909375 0.03671875 0.0578125
0 0.778125 0.8359375 0.0296875 0.05234375
0 0.7828125 0.7890625 0.0234375 0.05234375
0 0.72890625 0.77265625 0.0375 0.0546875
0 0.7484375 0.71953125 0.0171875 0.0328125
0 0.71328125 0.6921875 0.01953125 0.0390625
0 0.7234375 0.653125 0.0234375 0.0515625
0 0.68984375 0.6484375 0.02578125 0.04765625
0 0.67109375 0.690625 0.03046875 0.0296875
0 0.59765625 0.715625 0.0171875 0.03203125
0 0.61484375 0.68125 0.021875 0.02578125
0 0.6296875 0.65078125 0.0171875 0.02890625
0 0.5890625 0.63671875 0.01484375 0.02734375
0 0.5578125 0.625 0.0265625 0.03203125
0 0.62890625 0.6078125 0.02265625 0.040625
0 0.66640625 0.5890625 0.028125 0.03828125
0 0.6265625 0.56328125 0.01953125 0.03671875
0 0.5953125 0.5625 0.02421875 0.028125
0 0.59140625 0.53671875 0.015625 0.02578125
0 0.57421875 0.51953125 0.01953125 0.028125
0 0.54375 0.484375 0.025 0.0265625
0 0.53828125 0.54296875 0.0328125 0.0234375
0 0.50546875 0.51953125 0.021875 0.021875
0 0.578125 0.48046875 0.0203125 0.02890625
0 0.5984375 0.4875 0.02109375 0.02890625
0 0.6296875 0.4703125 0.0234375 0.03359375
0 0.6515625 0.5125 0.03671875 0.0375
0 0.7265625 0.540625 0.025 0.03359375
0 0.7859375 0.65546875 0.01484375 0.02734375
0 0.75625 0.6109375 0.02421875 0.03359375
0 0.70390625 0.4828125 0.034375 0.0265625
0 0.8703125 0.84453125 0.02734375 0.04609375
0 0.87890625 0.88046875 0.02890625 0.03828125
0 0.915625 0.87734375 0.028125 0.04375
0 0.9578125 0.93203125 0.0328125 0.04296875
0 0.90859375 0.8203125 0.03046875 0.05625
0 0.88125 0.7796875 0.0125 0.02890625
0 0.84609375 0.7921875 0.021875 0.03671875
0 0.81875 0.765625 0.021875 0.03359375
0 0.78671875 0.71015625 0.0140625 0.0203125
0 0.82890625 0.71953125 0.0328125 0.04296875
0 0.815625 0.67578125 0.01796875 0.034375
0 0.82421875 0.6390625 0.03359375 0.0328125
0 0.871875 0.69375 0.028125 0.02890625
0 0.8984375 0.7359375 0.03515625 0.05390625
0 0.95390625 0.7609375 0.028125 0.0375
0 0.98828125 0.71640625 0.0234375 0.0515625
0 0.98828125 0.67890625 0.0234375 0.0359375
0 0.95390625 0.63359375 0.034375 0.03359375
0 0.8890625 0.6 0.02109375 0.0234375
0 0.90703125 0.66015625 0.03359375 0.05703125
0 0.86171875 0.65703125 0.034375 0.03203125
0 0.8453125 0.603125 0.0203125 0.02421875
0 0.8296875 0.56796875 0.01796875 0.03671875
0 0.80078125 0.5375 0.02109375 0.02734375
0 0.8328125 0.52890625 0.021875 0.03125
0 0.7546875 0.521875 0.01875 0.021875
0 0.9875 0.81875 0.02421875 0.0546875
0 0.8734375 0.5484375 0.021875 0.02890625
0 0.76015625 0.428125 0.02421875 0.01875
0 0.72265625 0.44140625 0.01953125 0.02890625
0 0.675 0.43828125 0.02421875 0.025
0 0.52578125 0.4515625 0.02265625 0.0234375
0 0.4703125 0.48671875 0.02421875 0.0296875
0 0.3625 0.55 0.0171875 0.021875
0 0.50234375 0.48984375 0.0171875 0.02578125
0 0.4984375 0.46796875 0.0234375 0.0171875
0 0.55078125 0.4140625 0.02109375 0.021875
0 0.3171875 0.484375 0.0265625 0.01796875
0 0.2578125 0.35390625 0.02421875 0.0203125
0 0.7109375 0.6171875 0.0234375 0.03203125
0 0.67421875 0.5359375 0.0140625 0.01796875
0 0.66953125 0.98984375 0.0453125 0.0203125