0 0.10546875 0.8765625 0.04375 0.05078125
0 0.053125 0.9375 0.0484375 0.0578125
0 0.04375 0.84453125 0.02734375 0.03671875
0 0.1359375 0.98125 0.02890625 0.0375
0 0.19453125 0.97890625 0.034375 0.0421875
0 0.28828125 0.90703125 0.0484375 0.0859375
0 0.13359375 0.821875 0.03125 0.0421875
0 0.19140625 0.79296875 0.0203125 0.0375
0 0.2265625 0.76015625 0.0296875 0.0296875
0 0.25 0.7140625 0.0203125 0.028125
0 0.28515625 0.72734375 0.028125 0.034375
0 0.30390625 0.79609375 0.0234375 0.03203125
0 0.3484375 0.909375 0.0265625 0.04765625
0 0.353125 0.865625 0.03125 0.04140625
0 0.43984375 0.9140625 0.0390625 0.0484375
0 0.12421875 0.75625 0.02890625 0.02890625
0 0.2 0.71875 0.0203125 0.0234375
0 0.215625 0.69453125 0.03515625 0.0296875
0 0.5046875 0.79296875 0.03125 0.04140625
0 0.53984375 0.8 0.02890625 0.04296875
0 0.50625 0.88671875 0.0328125 0.03671875
0 0.50625 0.9421875 0.0375 0.0421875
0 0.53671875 0.965625 0.03515625 0.059375
0 0.61015625 0.8515625 0.03046875 0.05078125
0 0.63828125 0.82109375 0.03359375 0.04921875
0 0.6578125 0.86796875 0.03515625 0.04765625
0 0.6609375 0.91640625 0.03515625 0.0375
0 0.778125 0.97265625 0.028125 0.0546875
0 0.74375 0.86015625 0.03125 0.04453125
0 0.7015625 0.82890625 0.02890625 0.04375
0 0.6921875 0.778125 0.0328125 0.0390625
0 0.8359375 0.93984375 0.0375 0.05703125
0 0.87265625 0.97890625 0.03125 0.0421875
0 0.9640625 0.9765625 0.0421875 0.046875
0 0.97109375 0.92265625 0.0265625 0.03984375
0 0.9484375 0.8609375 0.04609375 0.0515625
0 0.95703125 0.8265625 0.0390625 0.0421875
0 0.91015625 0.83671875 0.03359375 0.04453125
0 0.871875 0.83671875 0.03984375 0.0578125
0 0.975 0.7765625 0.04453125 0.04921875
0 0.8328125 0.78046875 0.03828125 0.03828125
0 0.8015625 0.78671875 0.0296875 0.03671875
0 0.809375 0.86796875 0.0359375 0.0484375
0 0.79765625 0.91015625 0.03359375 0.05703125
0 0.8828125 0.6984375 0.03515625 0.03671875
0 0.9140625 0.68046875 0.0296875 0.03671875
0 0.82265625 0.6390625 0.02265625 0.0265625
0 0.771875 0.65234375 0.02890625 0.0265625
0 0.74296875 0.7 0.02734375 0.03515625
0 0.73046875 0.753125 0.034375 0.03046875
0 0.69453125 0.715625 0.0328125 0.03515625
0 0.65546875 0.7078125 0.0265625 0.02890625
0 0.59296875 0.75390625 0.03515625 0.0375
0 0.51171875 0.73203125 0.0265625 0.03515625
0 0.53984375 0.74296875 0.025 0.03359375
0 0.446875 0.734375 0.02421875 0.0328125
0 0.39609375 0.80625 0.03046875 0.03515625
0 0.409375 0.775 0.0265625 0.03671875
0 0.36640625 0.73046875 0.0234375 0.03359375
0 0.34375 0.7328125 0.02265625 0.0359375
0 0.32421875 0.703125 0.0265625 0.03203125
0 0.2890625 0.6890625 0.03125 0.03671875
0 0.27109375 0.66640625 0.02421875 0.028125
0 0.1984375 0.628125 0.02734375 0.03046875
0 0.16171875 0.796875 0.025 0.02578125
0 0.30859375 0.6609375 0.0234375 0.0296875
0 0.3375 0.66640625 0.0234375 0.02890625
0 0.37421875 0.678125 0.0296875 0.03203125
0 0.43046875 0.6953125 0.0265625 0.02421875
0 0.41171875 0.6609375 0.02421875 0.0359375
0 0.475 0.6734375 0.02578125 0.03359375
0 0.51484375 0.66953125 0.03125 0.034375
0 0.5859375 0.7 0.0203125 0.02109375
0 0.6328125 0.6625 0.01484375 0.0203125
0 0.603125 0.6546875 0.03046875 0.0375
0 0.56640625 0.603125 0.028125 0.02890625
0 0.53671875 0.609375 0.025 0.028125
0 0.53515625 0.5578125 0.025 0.0296875
0 0.50234375 0.53828125 0.02421875 0.03203125
0 0.490625 0.60546875 0.02890625 0.0265625
0 0.3484375 0.48203125 0.01875 0.0234375
0 0.5578125 0.48046875 0.0234375 0.02890625
0 0.5671875 0.46015625 0.025 0.0203125
0 0.5796875 0.56640625 0.0296875 0.0265625
0 0.68515625 0.61171875 0.021875 0.034375
0 0.70078125 0.5734375 0.02734375 0.0296875
0 0.6328125 0.5796875 0.02109375 0.0265625
0 0.728125 0.57265625 0.03125 0.0171875
0 0.7234375 0.553125 0.028125 0.02421875
0 0.8796875 0.52578125 0.0203125 0.02109375
0 0.8921875 0.74375 0.0359375 0.040625
0 0.57265625 0.64296875 0.0171875 0.02421875
0 0.40625 0.57578125 0.0234375 0.028125
0 0.45234375 0.55234375 0.01953125 0.021875
0 0.4703125 0.56796875 0.021875 0.02265625
0 0.4015625 0.75 0.02421875 0.02265625
0 0.37421875 0.92421875 0.02734375 0.040625
0 0.16953125 0.8921875 0.03125 0.03671875
0 0.1203125 0.9328125 0.03125 0.0375
0 0.33671875 0.60703125 0.0234375 0.02890625