0 0.396875 0.921875 0.04453125 0.0625
0 0.18359375 0.5390625 0.0296875 0.03359375
0 0.2078125 0.65703125 0.03671875 0.03671875
0 0.35234375 0.890625 0.04140625 0.05234375
0 0.82109375 0.790625 0.0453125 0.05234375
0 0.721875 0.83359375 0.0328125 0.04921875
0 0.6453125 0.86484375 0.05390625 0.06015625
0 0.615625 0.60703125 0.0296875 0.0375
0 0.28515625 0.82890625 0.0390625 0.05703125
0 0.740625 0.528125 0.03125 0.02890625
0 0.39921875 0.509375 0.025 0.02421875
0 0.809375 0.50390625 0.02265625 0.02421875
0 0.47109375 0.84296875 0.0375 0.04375
0 0.21640625 0.74453125 0.04375 0.046875
0 0.76796875 0.96875 0.0484375 0.0625
0 0.365625 0.79921875 0.04765625 0.059375
0 0.7546875 0.63984375 0.02421875 0.03203125
0 0.92890625 0.79453125 0.0484375 0.06875
0 0.23046875 0.86640625 0.03359375 0.05
0 0.42890625 0.6984375 0.03203125 0.03984375
0 0.8578125 0.62734375 0.03359375 0.034375
0 0.50546875 0.496875 0.028125 0.0234375
0 0.87109375 0.78515625 0.03203125 0.0484375
0 0.4828125 0.6328125 0.0203125 0.0234375
0 0.6796875 0.97109375 0.053125 0.0578125
0 0.46640625 0.76328125 0.03046875 0.03984375
0 0.646875 0.54375 0.028125 0.034375
0 0.9359375 0.64765625 0.03515625 0.04140625
0 0.79375 0.83046875 0.03984375 0.05859375
0 0.80078125 0.62421875 0.02734375 0.03359375
0 0.44375 0.4484375 0.0234375 0.02421875
0 0.8234375 0.96171875 0.04375 0.06328125
0 0.75390625 0.8859375 0.03828125 0.0578125
0 0.121875 0.7484375 0.0296875 0.0390625
0 0.740625 0.49296875 0.0171875 0.02578125
0 0.55078125 0.51640625 0.028125 0.03046875
0 0.41640625 0.77890625 0.02734375 0.04140625
0 0.58359375 0.4984375 0.03046875 0.028125
0 0.6796875 0.534375 0.02890625 0.0328125
0 0.290625 0.4609375 0.02421875 0.025
0 0.196875 0.58125 0.0265625 0.034375
0 0.58125 0.61640625 0.03828125 0.0359375
0 0.16328125 0.81640625 0.03984375 0.05078125
0 0.78671875 0.45703125 0.02734375 0.025
0 0.12578125 0.675 0.03203125 0.03359375
0 0.91015625 0.596875 0.0359375 0.03359375
0 0.36640625 0.4234375 0.0203125 0.02109375
0 0.71171875 0.69140625 0.0296875 0.03125
0 0.209375 0.43984375 0.01875 0.021875
0 0.2515625 0.778125 0.03359375 0.04140625
0 0.8828125 0.4390625 0.0234375 0.028125
0 0.92890625 0.54296875 0.02890625 0.028125
0 0.4515625 0.64375 0.01953125 0.02734375
0 0.84140625 0.47734375 0.01953125 0.02265625
0 0.27265625 0.72265625 0.0375 0.04453125
0 0.02890625 0.86875 0.0453125 0.059375
0 0.70625 0.5671875 0.0359375 0.03515625
0 0.97578125 0.65859375 0.0390625 0.0328125
0 0.33359375 0.73671875 0.03515625 0.04609375
0 0.01953125 0.74609375 0.03125 0.0390625
0 0.97890625 0.975 0.0421875 0.05
0 0.10625 0.834375 0.0328125 0.040625
0 0.55 0.84609375 0.0328125 0.040625
0 0.71953125 0.7484375 0.04453125 0.040625
0 0.840625 0.88984375 0.02890625 0.04140625
0 0.09375 0.4734375 0.02109375 0.02890625
0 0.55703125 0.8875 0.0390625 0.05
0 0.0640625 0.4515625 0.025 0.025
0 0.13046875 0.56875 0.0328125 0.03203125
0 0.14921875 0.9390625 0.03203125 0.0609375
0 0.6765625 0.4578125 0.0234375 0.025
0 0.25625 0.6765625 0.02890625 0.03671875
0 0.4625 0.5578125 0.0234375 0.02734375
0 0.3421875 0.61171875 0.02109375 0.0296875
0 0.359375 0.59140625 0.02265625 0.0234375
0 0.41015625 0.8390625 0.028125 0.04609375
0 0.653125 0.62109375 0.03125 0.03203125
0 0.16953125 0.56484375 0.0265625 0.0234375
0 0.05078125 0.80625 0.025 0.03671875
0 0.4890625 0.46875 0.02265625 0.0203125
0 0.784375 0.54921875 0.03046875 0.03046875
0 0.91875 0.51015625 0.02421875 0.02421875
0 0.9734375 0.83828125 0.025 0.03046875
0 0.28125 0.603125 0.0265625 0.034375
0 0.0640625 0.615625 0.02578125 0.0328125
0 0.4703125 0.65546875 0.01640625 0.021875
0 0.89921875 0.40625 0.02578125 0.021875
0 0.61796875 0.51015625 0.01953125 0.01796875
0 0.053125 0.96953125 0.06875 0.06015625
0 0.95625 0.57265625 0.025 0.028125
0 0.7453125 0.490625 0.01875 0.02578125
0 0.0421875 0.57421875 0.03125 0.0265625
0 0.83828125 0.5 0.0234375 0.021875
0 0.459375 0.61484375 0.01796875 0.0234375
0 0.8421875 0.5609375 0.0328125 0.03203125
0 0.8609375 0.58125 0.02734375 0.0265625
0 0.753125 0.6765625 0.03203125 0.028125
0 0.3875 0.553125 0.0203125 0.0265625
0 0.03671875 0.5390625 0.03046875 0.0328125
0 0.5 0.5296875 0.021875 0.02734375
0 0.74296875 0.37265625 0.0203125 0.01953125
0 0.94375 0.7078125 0.046875 0.040625
0 0.38125 0.4421875 0.02109375 0.02265625
0 0.91015625 0.36640625 0.02578125 0.021875
0 0.09921875 0.98203125 0.05546875 0.0359375
0 0.39296875 0.671875 0.025 0.04296875
0 0.809375 0.7296875 0.02578125 0.03515625
0 0.22734375 0.5203125 0.0203125 0.025
0 0.66328125 0.48125 0.02109375 0.0203125
0 0.2484375 0.4625 0.01953125 0.02109375
0 0.44921875 0.5015625 0.0140625 0.02109375
0 0.0375 0.9375 0.0484375 0.06953125
0 0.3296875 0.51015625 0.025 0.025
0 0.71484375 0.37421875 0.0203125 0.01953125
0 0.8765625 0.50078125 0.021875 0.0265625
0 0.65546875 0.5 0.02265625 0.01953125
0 0.56015625 0.4078125 0.01875 0.025
0 0.70546875 0.4140625 0.01953125 0.02109375
0 0.69296875 0.4890625 0.01796875 0.02734375
0 0.37734375 0.7203125 0.025 0.03984375
0 0.2484375 0.43671875 0.01640625 0.01875
0 0.3265625 0.48671875 0.01796875 0.0234375
0 0.1328125 0.5265625 0.03515625 0.03671875
0 0.95546875 0.49453125 0.02578125 0.02265625
0 0.35390625 0.63828125 0.025 0.03125
0 0.93671875 0.4515625 0.03046875 0.03046875
0 0.66484375 0.6453125 0.025 0.02890625
0 0.10546875 0.92734375 0.05546875 0.0625
0 0.98515625 0.690625 0.0296875 0.040625
0 0.48359375 0.4421875 0.02265625 0.02578125
0 0.24296875 0.61640625 0.0203125 0.0234375
0 0.684375 0.67109375 0.02734375 0.03203125
0 0.096875 0.51796875 0.0234375 0.02578125
0 0.11171875 0.528125 0.01796875 0.02734375