0 0.4171875 0.8640625 0.05703125 0.065625
0 0.53046875 0.88125 0.0515625 0.06796875
0 0.04921875 0.8921875 0.05234375 0.0578125
0 0.1046875 0.853125 0.0546875 0.06171875
0 0.53671875 0.728125 0.046875 0.05
0 0.475 0.7765625 0.05078125 0.05546875
0 0.20234375 0.6921875 0.053125 0.0484375
0 0.32421875 0.8734375 0.05703125 0.07578125
0 0.8421875 0.9671875 0.071875 0.0609375
0 0.84921875 0.8578125 0.04453125 0.0609375
0 0.37109375 0.70703125 0.03671875 0.05390625
0 0.8328125 0.76015625 0.0328125 0.05390625
0 0.71953125 0.925 0.04609375 0.08359375
0 0.49375 0.659375 0.04375 0.04921875
0 0.153125 0.5484375 0.04375 0.0296875
0 0.6203125 0.80859375 0.04765625 0.06328125
0 0.975 0.928125 0.04921875 0.0875
0 0.6171875 0.7296875 0.03984375 0.053125
0 0.52265625 0.4984375 0.04765625 0.04140625
0 0.484375 0.9171875 0.046875 0.07734375
0 0.559375 0.64296875 0.046875 0.04609375
0 0.584375 0.9015625 0.0484375 0.0875
0 0.1890625 0.86015625 0.04921875 0.05859375
0 0.48515625 0.60625 0.03359375 0.04140625
0 0.30859375 0.57578125 0.0390625 0.040625
0 0.65234375 0.64375 0.040625 0.04140625
0 0.37890625 0.571875 0.034375 0.04609375
0 0.16953125 0.6203125 0.0328125 0.03671875
0 0.678125 0.8953125 0.0390625 0.0546875
0 0.23515625 0.94765625 0.03515625 0.05234375
0 0.740625 0.55390625 0.0390625 0.04140625
0 0.84375 0.55859375 0.03359375 0.03671875
0 0.29140625 0.65625 0.034375 0.0421875
0 0.90546875 0.63203125 0.040625 0.04921875
0 0.62421875 0.57265625 0.0296875 0.05
0 0.69453125 0.60390625 0.04609375 0.05234375
0 0.31953125 0.6125 0.0359375 0.034375
0 0.3109375 0.8015625 0.02890625 0.034375
0 0.590625 0.55234375 0.03046875 0.03359375
0 0.25234375 0.8453125 0.0375 0.0515625
0 0.35 0.49375 0.03984375 0.02734375
0 0.77890625 0.66015625 0.03984375 0.04609375
0 0.89296875 0.56796875 0.03671875 0.03828125
0 0.77265625 0.95390625 0.05625 0.0921875
0 0.2796875 0.746875 0.03125 0.0421875
0 0.1359375 0.7421875 0.04453125 0.04765625
0 0.70390625 0.50078125 0.0296875 0.0328125
0 0.72734375 0.70546875 0.02421875 0.0484375
0 0.6296875 0.8828125 0.03828125 0.0578125
0 0.83203125 0.6859375 0.03984375 0.0375
0 0.64453125 0.48828125 0.02890625 0.03203125
0 0.790625 0.7609375 0.03515625 0.0453125
0 0.89140625 0.69921875 0.03984375 0.0484375
0 0.56171875 0.46953125 0.02578125 0.02734375
0 0.2125 0.65078125 0.03203125 0.034375
0 0.7296875 0.50546875 0.0234375 0.0328125
0 0.18828125 0.50703125 0.02734375 0.028125
0 0.425 0.67578125 0.03125 0.0375
0 0.45859375 0.54296875 0.03359375 0.0359375
0 0.7375 0.6 0.03359375 0.03125
0 0.071875 0.5359375 0.0375 0.02890625
0 0.66875 0.4296875 0.02578125 0.02578125
0 0.3171875 0.946875 0.02578125 0.04453125
0 0.3265625 0.5265625 0.0375 0.0328125
0 0.28984375 0.68984375 0.03515625 0.03125
0 0.35 0.9765625 0.06484375 0.0453125
0 0.39765625 0.66328125 0.03359375 0.03125
0 0.06953125 0.75234375 0.0375 0.0546875
0 0.75703125 0.68828125 0.0375 0.040625
0 0.975 0.6234375 0.0375 0.04609375
0 0.1921875 0.5625 0.021875 0.0265625
0 0.82421875 0.6078125 0.028125 0.03359375
0 0.46484375 0.403125 0.0265625 0.021875
0 0.2046875 0.46328125 0.02109375 0.02421875
0 0.3546875 0.46484375 0.02578125 0.0171875
0 0.4 0.4484375 0.01796875 0.02109375
0 0.49609375 0.44375 0.01875 0.021875
0 0.4109375 0.496875 0.01953125 0.0203125
0 0.08671875 0.66015625 0.04140625 0.040625
0 0.08984375 0.58359375 0.01953125 0.01484375
0 0.13125 0.578125 0.0203125 0.02421875
0 0.040625 0.490625 0.040625 0.03046875
0 0.1109375 0.4953125 0.02578125 0.0203125
0 0.146875 0.45078125 0.021875 0.0203125
0 0.10390625 0.4828125 0.03125 0.025
0 0.1515625 0.50703125 0.03359375 0.028125
0 0.5265625 0.60859375 0.01875 0.01875
0 0.70859375 0.640625 0.02734375 0.01953125
0 0.7796875 0.55 0.02265625 0.02421875
0 0.809375 0.5671875 0.034375 0.0234375
0 0.9703125 0.7015625 0.059375 0.0421875
0 0.9921875 0.896875 0.015625 0.02109375
0 0.978125 0.5046875 0.03046875 0.02578125
0 0.9515625 0.4859375 0.040625 0.0203125
0 0.6921875 0.471875 0.02109375 0.02265625
0 0.69609375 0.43046875 0.02734375 0.0171875
0 0.53203125 0.3734375 0.0265625 0.01640625
0 0.49609375 0.38984375 0.02265625 0.01796875
0 0.496875 0.36875 0.02734375 0.01484375
0 0.53671875 0.4046875 0.01640625 0.02109375
0 0.5203125 0.40625 0.0234375 0.01875
0 0.28203125 0.48125 0.028125 0.02265625
0 0.325 0.4328125 0.021875 0.01328125
0 0.18046875 0.4625 0.02109375 0.01640625
0 0.3875 0.396875 0.02265625 0.02265625
0 0.42265625 0.42890625 0.0265625 0.01328125
0 0.5859375 0.44375 0.03203125 0.025
0 0.575 0.4125 0.0234375 0.02265625
0 0.609375 0.3984375 0.0234375 0.0296875
0 0.80234375 0.73046875 0.02265625 0.04609375
0 0.56796875 0.49140625 0.01484375 0.02109375