0 0.678125 0.7453125 0.0390625 0.04375
0 0.71953125 0.83046875 0.03828125 0.05859375
0 0.19140625 0.83046875 0.04296875 0.053125
0 0.37421875 0.8578125 0.0421875 0.05625
0 0.89140625 0.6953125 0.034375 0.046875
0 0.3953125 0.7296875 0.0296875 0.046875
0 0.04296875 0.75703125 0.0421875 0.05078125
0 0.7734375 0.9078125 0.03515625 0.04296875
0 0.78125 0.81875 0.0359375 0.05
0 0.55703125 0.925 0.03515625 0.04921875
0 0.325 0.66796875 0.03515625 0.03984375
0 0.54765625 0.734375 0.028125 0.03203125
0 0.35234375 0.7578125 0.03046875 0.040625
0 0.73515625 0.72265625 0.02734375 0.03515625
0 0.81328125 0.6921875 0.03515625 0.0390625
0 0.23671875 0.62109375 0.02734375 0.0265625
0 0.45546875 0.775 0.034375 0.04296875
0 0.49453125 0.790625 0.034375 0.0484375
0 0.2359375 0.92421875 0.02578125 0.04375
0 0.734375 0.66171875 0.034375 0.03203125
0 0.69296875 0.50078125 0.0265625 0.0265625
0 0.8296875 0.759375 0.025 0.0328125
0 0.3296875 0.95625 0.0375 0.05
0 0.93046875 0.82265625 0.03828125 0.040625
0 0.60625 0.73359375 0.021875 0.02734375
0 0.30234375 0.6046875 0.028125 0.03046875
0 0.83671875 0.571875 0.0296875 0.0296875
0 0.3796875 0.9390625 0.0453125 0.05703125
0 0.45390625 0.70703125 0.03671875 0.040625
0 0.66171875 0.5078125 0.02421875 0.02734375
0 0.790625 0.71796875 0.028125 0.0390625
0 0.175 0.5734375 0.0203125 0.03046875
0 0.72421875 0.6203125 0.02421875 0.0296875
0 0.69375 0.90390625 0.03515625 0.05546875
0 0.93125 0.97734375 0.040625 0.0453125
0 0.925 0.9015625 0.0578125 0.06640625
0 0.2234375 0.5375 0.02734375 0.02734375
0 0.6109375 0.5640625 0.02265625 0.02578125
0 0.86328125 0.925 0.034375 0.0546875
0 0.5359375 0.67734375 0.02578125 0.03359375
0 0.26875 0.8546875 0.03515625 0.0546875
0 0.23828125 0.8265625 0.03515625 0.03515625
0 0.96171875 0.771875 0.04140625 0.040625
0 0.496875 0.62734375 0.0296875 0.03125
0 0.64609375 0.9390625 0.0296875 0.05
0 0.059375 0.56484375 0.0390625 0.03125
0 0.64296875 0.55703125 0.0234375 0.03125
0 0.425 0.66015625 0.02578125 0.0375
0 0.61484375 0.7625 0.02734375 0.03671875
0 0.096875 0.86953125 0.03515625 0.04609375
0 0.16328125 0.67421875 0.02734375 0.02890625
0 0.36875 0.653125 0.03125 0.0375
0 0.159375 0.77109375 0.034375 0.03984375
0 0.29140625 0.7265625 0.03203125 0.03828125
0 0.0671875 0.96015625 0.04609375 0.0609375
0 0.35625 0.69765625 0.0265625 0.03125
0 0.671875 0.56953125 0.028125 0.02734375
0 0.11015625 0.72890625 0.03125 0.03046875
0 0.78984375 0.5703125 0.021875 0.0265625
0 0.459375 0.93984375 0.02734375 0.04375
0 0.81640625 0.8078125 0.02890625 0.0390625
0 0.77421875 0.971875 0.03515625 0.0421875
0 0.190625 0.76328125 0.02890625 0.0375
0 0.2421875 0.67421875 0.02265625 0.02578125
0 0.45078125 0.48515625 0.02578125 0.021875
0 0.73828125 0.49609375 0.03046875 0.025
0 0.34921875 0.61875 0.028125 0.03046875
0 0.75390625 0.58046875 0.02109375 0.02734375
0 0.296875 0.8140625 0.02421875 0.0390625
0 0.14296875 0.43984375 0.02109375 0.021875
0 0.2828125 0.54609375 0.0234375 0.028125
0 0.49765625 0.7328125 0.02265625 0.034375
0 0.8140625 0.96875 0.02578125 0.0359375
0 0.89765625 0.58671875 0.02421875 0.02734375
0 0.8484375 0.690625 0.02265625 0.0296875
0 0.440625 0.890625 0.03125 0.04140625
0 0.97421875 0.6875 0.0359375 0.0359375
0 0.578125 0.48984375 0.025 0.02734375
0 0.0140625 0.82109375 0.02734375 0.0453125
0 0.30859375 0.44609375 0.01875 0.0203125
0 0.265625 0.50859375 0.0265625 0.0296875
0 0.7125 0.53046875 0.0296875 0.02734375
0 0.9 0.6296875 0.028125 0.03203125
0 0.1890625 0.98359375 0.03984375 0.0328125
0 0.25625 0.534375 0.02109375 0.02109375
0 0.53359375 0.578125 0.01953125 0.021875
0 0.41171875 0.97734375 0.03125 0.03984375
0 0.6828125 0.440625 0.02109375 0.02109375
0 0.88046875 0.48125 0.021875 0.0203125
0 0.10078125 0.53203125 0.02421875 0.0234375
0 0.98125 0.58984375 0.0265625 0.0296875
0 0.8203125 0.921875 0.01953125 0.03046875
0 0.146875 0.54140625 0.028125 0.0234375
0 0.7359375 0.465625 0.01953125 0.0234375
0 0.54140625 0.46953125 0.02421875 0.0203125
0 0.98125 0.96328125 0.03203125 0.05078125
0 0.4703125 0.9828125 0.0484375 0.0328125
0 0.76484375 0.76015625 0.03203125 0.0390625
0 0.10625 0.68828125 0.04296875 0.0375
0 0.87734375 0.54921875 0.0234375 0.02578125
0 0.21953125 0.5015625 0.021875 0.0234375
0 0.41015625 0.4125 0.01953125 0.01875
0 0.4265625 0.42890625 0.0203125 0.02109375
0 0.96015625 0.734375 0.04140625 0.0359375
0 0.60859375 0.4703125 0.02734375 0.02421875
0 0.77421875 0.43828125 0.02421875 0.02109375
0 0.27734375 0.45390625 0.0375 0.0234375
0 0.26953125 0.42734375 0.01953125 0.02109375
0 0.4625 0.6109375 0.0234375 0.03359375
0 0.50859375 0.58671875 0.01796875 0.02265625
0 0.075 0.6453125 0.0265625 0.0265625
0 0.940625 0.621875 0.02734375 0.03359375
0 0.01875 0.8625 0.03671875 0.05078125
0 0.0578125 0.51875 0.02890625 0.0265625
0 0.0484375 0.91484375 0.03671875 0.0484375
0 0.29765625 0.496875 0.02109375 0.02265625
0 0.1703125 0.45703125 0.02109375 0.02734375
0 0.82109375 0.45234375 0.01796875 0.01875
0 0.4171875 0.565625 0.01796875 0.0265625
0 0.49296875 0.69453125 0.01953125 0.03125
0 0.0140625 0.57265625 0.025 0.02421875
0 0.53984375 0.4984375 0.02265625 0.021875
0 0.1953125 0.715625 0.01875 0.025
0 0.88984375 0.50546875 0.02578125 0.02265625
0 0.0609375 0.68125 0.0265625 0.02421875
0 0.9859375 0.91484375 0.028125 0.0515625
0 0.66484375 0.471875 0.01875 0.0171875
0 0.07265625 0.45859375 0.02421875 0.021875
0 0.51171875 0.52109375 0.02265625 0.0234375
0 0.66875 0.45546875 0.01875 0.01875
0 0.1328125 0.5078125 0.02109375 0.02890625
0 0.428125 0.5890625 0.021875 0.02421875
0 0.51953125 0.44921875 0.021875 0.01875
0 0.6953125 0.46484375 0.02890625 0.03671875
0 0.6984375 0.428125 0.0171875 0.01875
0 0.53125 0.59765625 0.0171875 0.01875
0 0.30546875 0.42421875 0.01640625 0.01796875
0 0.05390625 0.6203125 0.02890625 0.02890625
0 0.75390625 0.6125 0.021875 0.021875
0 0.24765625 0.73671875 0.0234375 0.028125
0 0.91328125 0.53125 0.02421875 0.02421875
0 0.4453125 0.51640625 0.01796875 0.02265625
0 0.925 0.72265625 0.01875 0.021875
0 0.3875 0.4859375 0.04609375 0.0328125
0 0.3828125 0.46328125 0.01875 0.02109375
0 0.7390625 0.403125 0.02890625 0.03046875
0 0.7328125 0.3671875 0.01875 0.01875
0 0.48515625 0.43359375 0.0203125 0.01953125
0 0.81953125 0.52265625 0.03203125 0.05078125
0 0.81171875 0.49140625 0.0296875 0.021875
0 0.81875 0.4703125 0.01953125 0.01796875
0 0.51484375 0.5671875 0.0171875 0.01953125
0 0.79375 0.478125 0.01953125 0.01875
0 0.35078125 0.478125 0.02578125 0.03046875
0 0.34765625 0.44375 0.01796875 0.02109375
0 0.84921875 0.425 0.01953125 0.02265625
0 0.02421875 0.61015625 0.0234375 0.0234375
0 0.7765625 0.5109375 0.0265625 0.025
0 0.578125 0.396875 0.01875 0.02578125
0 0.18671875 0.4890625 0.01484375 0.0234375
0 0.91015625 0.465625 0.02109375 0.01796875
0 0.05078125 0.83984375 0.01875 0.03203125
0 0.925 0.59375 0.0171875 0.02109375
0 0.2046875 0.4515625 0.0203125 0.0234375
0 0.14375 0.73515625 0.02109375 0.02578125
0 0.42890625 0.5484375 0.01796875 0.01875
0 0.16328125 0.42109375 0.02265625 0.02109375
0 0.36171875 0.5578125 0.021875 0.028125
0 0.9921875 0.67265625 0.015625 0.02890625
0 0.3390625 0.35859375 0.01640625 0.01796875
0 0.06796875 0.99296875 0.0359375 0.0125
0 0.771875 0.39296875 0.0203125 0.01796875
0 0.63359375 0.48515625 0.01640625 0.0171875
0 0.69453125 0.4015625 0.03515625 0.034375
0 0.70859375 0.36640625 0.0171875 0.01875
0 0.5609375 0.9921875 0.046875 0.015625
0 0.38515625 0.42578125 0.0171875 0.01796875
0 0.45625 0.6515625 0.02265625 0.0296875
0 0.009375 0.55078125 0.01875 0.0203125
0 0.48046875 0.45 0.01796875 0.0171875
0 0.49296875 0.47890625 0.0140625 0.01953125
0 0.8671875 0.39609375 0.01953125 0.01796875
0 0.84609375 0.47109375 0.01640625 0.01953125
0 0.11328125 0.49765625 0.02890625 0.02890625
0 0.0390625 0.49296875 0.03203125 0.0328125
0 0.26875 0.8046875 0.034375 0.0484375
0 0.32734375 0.56953125 0.01953125 0.03515625
0 0.365625 0.4046875 0.04140625 0.0390625
0 0.18046875 0.39296875 0.0234375 0.02265625
0 0.57109375 0.43984375 0.02734375 0.0296875
0 0.76171875 0.36875 0.03125 0.0328125
0 0.79921875 0.65078125 0.03203125 0.04765625
0 0.8625 0.6015625 0.040625 0.04375
0 0.83828125 0.534375 0.028125 0.03359375
0 0.6796875 0.375 0.02734375 0.03125