0 0.046875 0.9484375 0.04375 0.0484375
0 0.075 0.9734375 0.05078125 0.053125
0 0.01875 0.853125 0.0375 0.05234375
0 0.0296875 0.7859375 0.02265625 0.02578125
0 0.08828125 0.821875 0.03359375 0.034375
0 0.14375 0.803125 0.03671875 0.05546875
0 0.21640625 0.8515625 0.03515625 0.0546875
0 0.1140625 0.66328125 0.0296875 0.0328125
0 0.20390625 0.72890625 0.0421875 0.04375
0 0.23671875 0.7640625 0.034375 0.0359375
0 0.27421875 0.81640625 0.04140625 0.05546875
0 0.3421875 0.87734375 0.04296875 0.053125
0 0.38515625 0.909375 0.04609375 0.0671875
0 0.4 0.82890625 0.0296875 0.04453125
0 0.35390625 0.784375 0.05546875 0.06015625
0 0.459375 0.7484375 0.03203125 0.04140625
0 0.4640625 0.83359375 0.0359375 0.04609375
0 0.40546875 0.765625 0.028125 0.03984375
0 0.54765625 0.87265625 0.04453125 0.05703125
0 0.5421875 0.83359375 0.0359375 0.0375
0 0.63828125 0.85703125 0.0578125 0.06640625
0 0.67265625 0.96640625 0.06015625 0.06640625
0 0.765625 0.96328125 0.05078125 0.065625
0 0.81953125 0.95390625 0.04375 0.06015625
0 0.7515625 0.875 0.0359375 0.05625
0 0.715625 0.8203125 0.03515625 0.05078125
0 0.78984375 0.8171875 0.040625 0.0546875
0 0.81953125 0.77890625 0.0453125 0.04765625
0 0.86875 0.775 0.03125 0.04296875
0 0.92734375 0.7859375 0.05 0.06484375
0 0.971875 0.83046875 0.02734375 0.03359375
0 0.97890625 0.96796875 0.04140625 0.0625
0 0.93828125 0.634375 0.03671875 0.03984375
0 0.971875 0.64765625 0.02109375 0.028125
0 0.94140625 0.69609375 0.03359375 0.0390625
0 0.859375 0.61640625 0.03359375 0.0359375
0 0.79921875 0.6125 0.028125 0.034375
0 0.75078125 0.62421875 0.028125 0.03125
0 0.7515625 0.665625 0.0296875 0.0234375
0 0.709375 0.675 0.034375 0.034375
0 0.71953125 0.7328125 0.0453125 0.0421875
0 0.7328125 0.715625 0.0140625 0.0203125
0 0.9125 0.5859375 0.0265625 0.03359375
0 0.91640625 0.4984375 0.0234375 0.0203125
0 0.959375 0.48359375 0.0265625 0.01875
0 0.90234375 0.39921875 0.02578125 0.01875
0 0.8828125 0.425 0.02109375 0.028125
0 0.8375 0.48828125 0.025 0.01875
0 0.84296875 0.4640625 0.01796875 0.021875
0 0.8421875 0.54453125 0.03203125 0.0265625
0 0.859375 0.56953125 0.0203125 0.02421875
0 0.92890625 0.52890625 0.028125 0.03046875
0 0.73984375 0.51328125 0.03046875 0.02734375
0 0.703125 0.55625 0.0375 0.028125
0 0.67734375 0.51875 0.028125 0.03203125
0 0.6421875 0.53046875 0.02890625 0.03359375
0 0.653125 0.60859375 0.0359375 0.0296875
0 0.61328125 0.59375 0.03203125 0.040625
0 0.5734375 0.6015625 0.028125 0.0265625
0 0.5796875 0.48125 0.028125 0.0296875
0 0.7421875 0.3578125 0.02109375 0.01953125
0 0.75078125 0.3375 0.02109375 0.0234375
0 0.71484375 0.3609375 0.02265625 0.01953125
0 0.675 0.44609375 0.021875 0.021875
0 0.64921875 0.484375 0.025 0.01796875
0 0.6890625 0.4703125 0.01796875 0.03046875
0 0.546875 0.50625 0.02421875 0.03359375
0 0.4828125 0.4546875 0.025 0.021875
0 0.50234375 0.484375 0.0265625 0.0203125
0 0.45859375 0.54453125 0.0234375 0.02578125
0 0.44296875 0.6265625 0.01953125 0.02578125
0 0.45234375 0.60078125 0.0171875 0.0203125
0 0.46484375 0.6390625 0.01875 0.0234375
0 0.47421875 0.61640625 0.021875 0.025
0 0.4203125 0.67890625 0.0328125 0.0453125
0 0.384375 0.65859375 0.028125 0.04453125
0 0.3203125 0.71953125 0.0328125 0.03828125
0 0.36953125 0.70703125 0.028125 0.04140625
0 0.334375 0.5953125 0.0234375 0.03828125
0 0.35390625 0.5765625 0.01953125 0.0203125
0 0.34453125 0.62421875 0.0265625 0.03046875
0 0.259375 0.70703125 0.0375 0.0453125
0 0.24765625 0.66171875 0.03203125 0.03671875
0 0.1953125 0.6421875 0.03515625 0.03515625
0 0.1765625 0.5234375 0.02734375 0.03359375
0 0.1203125 0.553125 0.03515625 0.0296875
0 0.05546875 0.603125 0.02578125 0.03046875
0 0.028125 0.55625 0.0390625 0.02734375
0 0.02578125 0.52421875 0.03359375 0.0328125
0 0.10703125 0.73671875 0.02578125 0.0453125
0 0.1265625 0.51484375 0.025 0.03125
0 0.08125 0.46015625 0.01953125 0.03046875
0 0.05546875 0.43828125 0.02734375 0.0203125
0 0.159375 0.54921875 0.02734375 0.02265625
0 0.1890625 0.5671875 0.0265625 0.03359375
0 0.21875 0.5078125 0.0234375 0.02734375
0 0.27109375 0.5859375 0.02734375 0.03828125
0 0.12890625 0.9234375 0.03515625 0.05546875
0 0.08828125 0.92421875 0.03125 0.03671875
0 0.378125 0.53828125 0.0171875 0.03046875
0 0.39375 0.49609375 0.02734375 0.0203125
0 0.44296875 0.48984375 0.0140625 0.0203125
0 0.28515625 0.44765625 0.01953125 0.021875
0 0.20078125 0.428125 0.01796875 0.0234375
0 0.31875 0.49609375 0.02578125 0.02734375
0 0.35859375 0.4078125 0.01796875 0.01953125
0 0.375 0.42734375 0.0203125 0.0265625
0 0.4375 0.434375 0.02265625 0.02421875
0 0.42578125 0.346875 0.01328125 0.015625
0 0.80703125 0.49140625 0.02265625 0.025
0 0.74140625 0.47734375 0.0171875 0.02578125
0 0.95859375 0.55859375 0.02421875 0.02734375
0 0.78671875 0.44453125 0.02578125 0.02421875
0 0.7859375 0.39375 0.01796875 0.01875
0 0.80625 0.71875 0.025 0.03828125
0 0.840625 0.88046875 0.03125 0.0421875
0 0.88359375 0.65390625 0.02890625 0.02734375
0 0.6875 0.34375 0.015625 0.015625
0 0.69609375 0.428125 0.01796875 0.021875
0 0.6125 0.496875 0.01875 0.01484375