0 0.165625 0.80703125 0.0375 0.05
0 0.07421875 0.871875 0.03515625 0.04375
0 0.034375 0.84609375 0.0359375 0.046875
0 0.0796875 0.78828125 0.03828125 0.05390625
0 0.0640625 0.7375 0.0359375 0.0453125
0 0.12734375 0.715625 0.03671875 0.0375
0 0.0671875 0.6546875 0.03515625 0.0390625
0 0.22421875 0.840625 0.03671875 0.06171875
0 0.25390625 0.89609375 0.02578125 0.04140625
0 0.3921875 0.9171875 0.0390625 0.053125
0 0.459375 0.9609375 0.04140625 0.0546875
0 0.28984375 0.79609375 0.034375 0.04609375
0 0.3234375 0.89921875 0.0390625 0.04140625
0 0.3109375 0.87890625 0.028125 0.03671875
0 0.3328125 0.9859375 0.03515625 0.02734375
0 0.25390625 0.77109375 0.02578125 0.03515625
0 0.22578125 0.790625 0.03359375 0.0390625
0 0.1953125 0.75 0.0296875 0.0375
0 0.178125 0.71015625 0.02734375 0.02734375
0 0.209375 0.66328125 0.02734375 0.03515625
0 0.128125 0.6625 0.03125 0.034375
0 0.059375 0.6109375 0.021875 0.03125
0 0.15234375 0.609375 0.0328125 0.03046875
0 0.1609375 0.6328125 0.0296875 0.028125
0 0.196875 0.5953125 0.0296875 0.03203125
0 0.2609375 0.59296875 0.0234375 0.0328125
0 0.259375 0.5609375 0.03125 0.03203125
0 0.30625 0.628125 0.025 0.03046875
0 0.3546875 0.703125 0.03046875 0.034375
0 0.39140625 0.828125 0.0421875 0.05234375
0 0.365625 0.77578125 0.034375 0.03671875
0 0.10703125 0.59375 0.02734375 0.02890625
0 0.13671875 0.571875 0.01953125 0.0265625
0 0.20703125 0.5234375 0.02265625 0.03203125
0 0.171875 0.56171875 0.02734375 0.02890625
0 0.23125 0.47578125 0.02109375 0.0203125
0 0.2296875 0.4421875 0.02109375 0.02265625
0 0.2515625 0.6875 0.0265625 0.0234375
0 0.44140625 0.71171875 0.03046875 0.03203125
0 0.4421875 0.75546875 0.02890625 0.03359375
0 0.4671875 0.87109375 0.03125 0.06171875
0 0.51796875 0.82265625 0.02890625 0.040625
0 0.5421875 0.8609375 0.0359375 0.04609375
0 0.63359375 0.95234375 0.0390625 0.06796875
0 0.68046875 0.88515625 0.0296875 0.06015625
0 0.61640625 0.84609375 0.02578125 0.040625
0 0.73515625 0.9484375 0.03046875 0.0609375
0 0.40390625 0.453125 0.01875 0.0234375
0 0.3375 0.42734375 0.02265625 0.0234375
0 0.44296875 0.49921875 0.021875 0.025
0 0.50078125 0.471875 0.02109375 0.02109375
0 0.50625 0.5328125 0.028125 0.0296875
0 0.440625 0.62734375 0.0234375 0.03046875
0 0.4859375 0.6921875 0.02578125 0.03671875
0 0.51171875 0.7125 0.02265625 0.040625
0 0.6203125 0.7109375 0.02578125 0.03515625
0 0.59140625 0.653125 0.02109375 0.03125
0 0.7875 0.86953125 0.03125 0.04765625
0 0.73984375 0.79921875 0.0359375 0.046875
0 0.54140625 0.7234375 0.021875 0.0375
0 0.59921875 0.74296875 0.028125 0.03984375
0 0.63125 0.6265625 0.0265625 0.0359375
0 0.59921875 0.578125 0.02109375 0.0265625
0 0.62890625 0.58125 0.0234375 0.03203125
0 0.6734375 0.61328125 0.0296875 0.03125
0 0.6296875 0.67265625 0.02265625 0.0265625
0 0.68125 0.71171875 0.03046875 0.03984375
0 0.71640625 0.64453125 0.0296875 0.0328125
0 0.73125 0.678125 0.0265625 0.0328125
0 0.721875 0.71328125 0.0265625 0.03125
0 0.6953125 0.66875 0.02890625 0.0296875
0 0.73125 0.55390625 0.02890625 0.03203125
0 0.6328125 0.4796875 0.01953125 0.02578125
0 0.60546875 0.496875 0.0203125 0.02109375
0 0.58359375 0.49140625 0.01875 0.0265625
0 0.54453125 0.49609375 0.02109375 0.0234375
0 0.5296875 0.46328125 0.021875 0.02109375
0 0.6578125 0.52890625 0.02421875 0.0234375
0 0.8296875 0.78671875 0.03203125 0.040625
0 0.859375 0.8296875 0.025 0.0296875
0 0.89921875 0.8140625 0.02421875 0.0375
0 0.8828125 0.87890625 0.03203125 0.0390625
0 0.92578125 0.871875 0.0390625 0.040625
0 0.93203125 0.91328125 0.034375 0.03828125
0 0.89375 0.91171875 0.03203125 0.03671875
0 0.91328125 0.7640625 0.040625 0.0390625
0 0.83515625 0.65703125 0.03359375 0.034375
0 0.871875 0.67890625 0.02734375 0.028125
0 0.84140625 0.74765625 0.02578125 0.0328125
0 0.79296875 0.82109375 0.02734375 0.040625
0 0.9671875 0.7921875 0.03203125 0.04140625
0 0.84140625 0.53984375 0.0234375 0.02578125
0 0.765625 0.62890625 0.0203125 0.025
0 0.79296875 0.6828125 0.01875 0.025
0 0.796875 0.740625 0.01953125 0.0234375
0 0.81171875 0.54921875 0.02578125 0.02578125
0 0.76171875 0.53359375 0.0171875 0.01875
0 0.72265625 0.51875 0.015625 0.01953125
0 0.70859375 0.49375 0.02265625 0.0234375
0 0.68125 0.55078125 0.01875 0.02109375
0 0.57734375 0.53203125 0.01953125 0.02578125
0 0.59609375 0.553125 0.0171875 0.02109375
0 0.30625 0.44296875 0.0234375 0.0265625
0 0.309375 0.56015625 0.0203125 0.0265625
0 0.3484375 0.64375 0.02109375 0.03203125
0 0.10703125 0.5546875 0.028125 0.02734375
0 0.02421875 0.63046875 0.028125 0.03203125
0 0.2703125 0.41953125 0.01953125 0.021875
0 0.38671875 0.61953125 0.028125 0.025
0 0.3796875 0.59296875 0.0296875 0.021875
0 0.9203125 0.6875 0.0359375 0.03203125
0 0.88359375 0.5609375 0.03125 0.02890625