0 0.04765625 0.80859375 0.03984375 0.05390625
0 0.06015625 0.86015625 0.0578125 0.053125
0 0.01640625 0.91953125 0.0328125 0.0453125
0 0.053125 0.959375 0.040625 0.05390625
0 0.153125 0.88125 0.04140625 0.05703125
0 0.21796875 0.92109375 0.04375 0.059375
0 0.2484375 0.9765625 0.025 0.0421875
0 0.28515625 0.86953125 0.03515625 0.05078125
0 0.25 0.83671875 0.03203125 0.0375
0 0.18828125 0.81484375 0.03046875 0.03515625
0 0.11640625 0.77421875 0.0453125 0.03828125
0 0.053125 0.70859375 0.0453125 0.0515625
0 0.39453125 0.91171875 0.04296875 0.053125
0 0.3609375 0.759375 0.0421875 0.04296875
0 0.365625 0.8421875 0.0375 0.04140625
0 0.453125 0.825 0.03046875 0.03671875
0 0.4765625 0.96171875 0.04921875 0.07109375
0 0.53203125 0.8984375 0.03828125 0.04921875
0 0.56171875 0.9421875 0.0484375 0.05078125
0 0.70390625 0.96796875 0.0328125 0.06328125
0 0.7703125 0.87578125 0.03828125 0.0625
0 0.82578125 0.9609375 0.0359375 0.0609375
0 0.903125 0.91171875 0.02890625 0.03984375
0 0.8671875 0.86171875 0.0375 0.05390625
0 0.96328125 0.83984375 0.05703125 0.04921875
0 0.86796875 0.71015625 0.03359375 0.04609375
0 0.7453125 0.69296875 0.03046875 0.03828125
0 0.7546875 0.778125 0.0359375 0.04921875
0 0.75546875 0.7359375 0.028125 0.040625
0 0.69453125 0.65859375 0.03046875 0.040625
0 0.60703125 0.70625 0.0234375 0.040625
0 0.65078125 0.67421875 0.0359375 0.04140625
0 0.45078125 0.7734375 0.0359375 0.0453125
0 0.521875 0.7703125 0.0328125 0.046875
0 0.446875 0.67421875 0.03359375 0.03359375
0 0.2546875 0.5984375 0.03046875 0.0390625
0 0.20390625 0.715625 0.02890625 0.04921875
0 0.16875 0.771875 0.0296875 0.0375
0 0.096875 0.640625 0.03828125 0.04296875
0 0.09921875 0.59609375 0.03671875 0.03515625
0 0.04765625 0.65546875 0.028125 0.0375
0 0.15390625 0.684375 0.034375 0.03671875
0 0.11875 0.715625 0.03203125 0.03984375
0 0.20234375 0.56015625 0.03046875 0.0359375
0 0.64765625 0.6265625 0.02421875 0.0375
0 0.8703125 0.575 0.03125 0.0328125
0 0.759375 0.59375 0.0375 0.03828125
0 0.94609375 0.9 0.03046875 0.0546875
0 0.61953125 0.53125 0.03125 0.0375
0 0.559375 0.52734375 0.0296875 0.02890625
0 0.234375 0.50859375 0.0234375 0.02578125
0 0.23046875 0.471875 0.02734375 0.03359375
0 0.30703125 0.67890625 0.0328125 0.04453125
0 0.41171875 0.4796875 0.02109375 0.03125
0 0.83203125 0.80546875 0.028125 0.03203125
0 0.703125 0.77890625 0.040625 0.0578125
0 0.7203125 0.72109375 0.0359375 0.04609375
0 0.64140625 0.7703125 0.0328125 0.03828125
0 0.61796875 0.8078125 0.03046875 0.05234375
0 0.16796875 0.6015625 0.02265625 0.03359375
0 0.146875 0.653125 0.034375 0.0359375
0 0.47421875 0.59765625 0.0203125 0.02265625
0 0.55390625 0.59609375 0.025 0.025
0 0.5203125 0.575 0.03671875 0.0390625
0 0.2671875 0.484375 0.02890625 0.02578125
0 0.34296875 0.45 0.021875 0.0265625
0 0.353125 0.69140625 0.02890625 0.03359375
0 0.38359375 0.64140625 0.03984375 0.03671875
0 0.61796875 0.62265625 0.0265625 0.02890625
0 0.73203125 0.52734375 0.0296875 0.0296875
0 0.6796875 0.5625 0.028125 0.0265625
0 0.928125 0.97421875 0.03125 0.0515625
0 0.634375 0.93125 0.0375 0.0421875
0 0.21875 0.8625 0.0375 0.05390625
0 0.3171875 0.97109375 0.04375 0.05703125
0 0.55625 0.78515625 0.02734375 0.0515625
0 0.54453125 0.490625 0.02890625 0.03359375
0 0.5125 0.50234375 0.02734375 0.0328125
0 0.6515625 0.51171875 0.02734375 0.0375
0 0.83984375 0.58671875 0.021875 0.02890625
0 0.45390625 0.53359375 0.02265625 0.0328125
0 0.434375 0.48046875 0.0234375 0.03203125
0 0.17578125 0.56171875 0.0171875 0.0234375
0 0.2609375 0.6375 0.02890625 0.04375
0 0.39453125 0.671875 0.03046875 0.03046875
0 0.49609375 0.74921875 0.02578125 0.05078125
0 0.5921875 0.56953125 0.03046875 0.03046875
0 0.59609375 0.51875 0.02109375 0.0265625
0 0.9140625 0.7390625 0.0453125 0.04609375
0 0.965625 0.75 0.04375 0.0359375