0 0.8734375 0.7796875 0.0390625 0.04921875
0 0.5796875 0.8078125 0.03671875 0.04453125
0 0.7765625 0.71875 0.02578125 0.03203125
0 0.71171875 0.70078125 0.02421875 0.02421875
0 0.82890625 0.70859375 0.034375 0.03828125
0 0.64140625 0.73359375 0.0296875 0.0359375
0 0.6015625 0.86796875 0.0328125 0.05234375
0 0.14453125 0.6203125 0.02265625 0.0328125
0 0.38203125 0.95703125 0.03359375 0.04453125
0 0.696875 0.91328125 0.0390625 0.0578125
0 0.4546875 0.78203125 0.0296875 0.034375
0 0.26796875 0.72578125 0.0359375 0.0390625
0 0.253125 0.77421875 0.028125 0.03515625
0 0.31640625 0.703125 0.02734375 0.028125
0 0.6390625 0.9015625 0.025 0.0359375
0 0.4765625 0.86171875 0.0234375 0.0375
0 0.16875 0.86640625 0.0359375 0.0390625
0 0.33984375 0.8203125 0.02890625 0.0390625
0 0.40625 0.60390625 0.02734375 0.0265625
0 0.415625 0.78671875 0.0328125 0.04765625
0 0.94375 0.8421875 0.0359375 0.0390625
0 0.4421875 0.92265625 0.03125 0.04140625
0 0.375 0.52890625 0.02109375 0.0234375
0 0.96171875 0.7625 0.0296875 0.03359375
0 0.67421875 0.87109375 0.025 0.0328125
0 0.75546875 0.85546875 0.03359375 0.04140625
0 0.503125 0.64765625 0.03125 0.03359375
0 0.578125 0.69921875 0.02578125 0.0390625
0 0.2984375 0.66640625 0.03515625 0.03203125
0 0.76484375 0.9390625 0.03671875 0.05078125
0 0.19140625 0.7671875 0.04140625 0.04296875
0 0.33828125 0.56171875 0.0171875 0.03125
0 0.875 0.68515625 0.025 0.03046875
0 0.6265625 0.675 0.03125 0.03515625
0 0.7625 0.54140625 0.02265625 0.028125
0 0.56171875 0.8859375 0.03671875 0.046875
0 0.77265625 0.49765625 0.02265625 0.0265625
0 0.6484375 0.6078125 0.028125 0.028125
0 0.828125 0.8671875 0.03359375 0.0390625
0 0.50625 0.77265625 0.0234375 0.03203125
0 0.31015625 0.8546875 0.0265625 0.04375
0 0.57734375 0.47890625 0.021875 0.0203125
0 0.6765625 0.74765625 0.0296875 0.04140625
0 0.4359375 0.53515625 0.02109375 0.025
0 0.18046875 0.703125 0.0328125 0.03515625
0 0.5484375 0.71953125 0.0296875 0.034375
0 0.27578125 0.8109375 0.0296875 0.03671875
0 0.940625 0.66015625 0.0328125 0.0359375
0 0.796875 0.49375 0.02578125 0.0234375
0 0.265625 0.62421875 0.0234375 0.028125
0 0.40546875 0.50234375 0.0234375 0.0234375
0 0.6921875 0.65 0.025 0.0328125
0 0.35234375 0.65390625 0.02734375 0.028125
0 0.73515625 0.55 0.0203125 0.0234375
0 0.48828125 0.80625 0.02890625 0.04375
0 0.19375 0.8125 0.0328125 0.03515625
0 0.5390625 0.628125 0.02578125 0.03359375
0 0.46484375 0.58984375 0.0234375 0.025
0 0.48515625 0.69609375 0.0296875 0.0328125
0 0.40234375 0.7265625 0.0265625 0.0296875
0 0.93046875 0.76796875 0.0359375 0.0421875
0 0.33046875 0.978125 0.0296875 0.04375
0 0.33359375 0.890625 0.034375 0.05
0 0.19140625 0.5625 0.021875 0.025
0 0.37265625 0.734375 0.03046875 0.03046875
0 0.9765625 0.65859375 0.02421875 0.02890625
0 0.71015625 0.96640625 0.0375 0.04609375
0 0.22578125 0.55546875 0.0265625 0.02734375
0 0.5140625 0.6015625 0.02421875 0.0265625
0 0.071875 0.74140625 0.03203125 0.03515625
0 0.215625 0.5125 0.0234375 0.025
0 0.9515625 0.89765625 0.03203125 0.02890625
0 0.2578125 0.52109375 0.02109375 0.02109375
0 0.86484375 0.63125 0.028125 0.0265625
0 0.15 0.80078125 0.0265625 0.0359375
0 0.7921875 0.553125 0.02421875 0.0234375
0 0.40234375 0.5265625 0.0203125 0.0203125
0 0.10625 0.746875 0.028125 0.0359375
0 0.2359375 0.60625 0.021875 0.02890625
0 0.01640625 0.91328125 0.0328125 0.053125
0 0.26328125 0.6609375 0.025 0.021875
0 0.5390625 0.6671875 0.02578125 0.02734375
0 0.66875 0.57890625 0.0203125 0.01953125
0 0.66875 0.56328125 0.015625 0.01953125
0 0.11171875 0.68125 0.028125 0.03046875
0 0.7625 0.69921875 0.01953125 0.02265625
0 0.65625 0.46484375 0.02265625 0.01953125
0 0.8453125 0.59765625 0.0203125 0.02421875
0 0.34609375 0.93046875 0.0296875 0.03515625
0 0.29921875 0.53671875 0.0234375 0.02109375
0 0.01875 0.8375 0.0265625 0.03125
0 0.196875 0.65078125 0.0171875 0.01875
0 0.42734375 0.65390625 0.02265625 0.02265625
0 0.153125 0.56015625 0.028125 0.02578125
0 0.928125 0.6875 0.02734375 0.03359375
0 0.96796875 0.71953125 0.02578125 0.02734375
0 0.8390625 0.4859375 0.0265625 0.0234375
0 0.28359375 0.5015625 0.01875 0.02734375
0 0.65078125 0.83125 0.02265625 0.02890625
0 0.1765625 0.94375 0.0421875 0.0390625
0 0.8703125 0.840625 0.0265625 0.04609375
0 0.09375 0.5734375 0.034375 0.04296875
0 0.0859375 0.53203125 0.02109375 0.02421875
0 0.6515625 0.56875 0.01640625 0.02109375
0 0.2609375 0.92265625 0.01953125 0.03359375
0 0.93984375 0.55625 0.0296875 0.0234375
0 0.69765625 0.4828125 0.025 0.025
0 0.584375 0.6375 0.01875 0.034375
0 0.04375 0.68671875 0.03125 0.03203125
0 0.64296875 0.5109375 0.02109375 0.021875
0 0.27265625 0.43671875 0.01875 0.0203125
0 0.5625 0.55390625 0.01796875 0.02578125
0 0.5078125 0.45390625 0.01953125 0.021875
0 0.9875 0.89453125 0.02421875 0.02890625
0 0.8640625 0.4328125 0.02578125 0.02109375
0 0.6703125 0.7 0.0203125 0.0265625
0 0.39296875 0.69140625 0.01796875 0.02265625
0 0.86875 0.5640625 0.01875 0.02109375
0 0.1296875 0.69375 0.02421875 0.0328125
0 0.3640625 0.4984375 0.0171875 0.01953125
0 0.21640625 0.45703125 0.021875 0.02109375
0 0.66015625 0.48828125 0.02109375 0.0203125
0 0.4375 0.48984375 0.021875 0.02109375
0 0.83671875 0.4609375 0.0171875 0.01875
0 0.4171875 0.45859375 0.01484375 0.03359375
0 0.4359375 0.44375 0.0171875 0.01953125
0 0.51953125 0.40703125 0.01875 0.01875
0 0.1015625 0.62578125 0.03125 0.03125
0 0.30234375 0.4546875 0.01875 0.0234375
0 0.29609375 0.42109375 0.02109375 0.0203125
0 0.11015625 0.528125 0.01875 0.01875
0 0.2609375 0.8828125 0.02421875 0.0390625
0 0.97265625 0.5265625 0.02578125 0.02421875
0 0.04296875 0.6484375 0.028125 0.02890625
0 0.4453125 0.70859375 0.01875 0.02265625
0 0.65703125 0.66171875 0.01953125 0.028125
0 0.15 0.5203125 0.02109375 0.0234375
0 0.196875 0.59296875 0.02109375 0.02578125
0 0.54140625 0.42578125 0.01875 0.01953125
0 0.56171875 0.4140625 0.0171875 0.01953125
0 0.190625 0.42265625 0.01796875 0.021875
0 0.871875 0.59140625 0.02109375 0.01953125
0 0.575 0.571875 0.01796875 0.02265625
0 0.57734375 0.5125 0.02109375 0.0234375
0 0.8765625 0.49921875 0.0265625 0.02265625
0 0.81796875 0.51953125 0.021875 0.02109375
0 0.32578125 0.4875 0.02734375 0.03515625
0 0.3375 0.44921875 0.01796875 0.02265625
0 0.44921875 0.42734375 0.01640625 0.01875
0 0.80859375 0.5671875 0.0140625 0.01484375
0 0.2796875 0.55078125 0.0171875 0.0203125
0 0.18359375 0.54375 0.01796875 0.02109375
0 0.43203125 0.42421875 0.015625 0.01640625
0 0.01328125 0.6625 0.02421875 0.02734375
0 0.90390625 0.71953125 0.028125 0.03203125
0 0.390625 0.4265625 0.0171875 0.01953125
0 0.76953125 0.4640625 0.01875 0.01640625
0 0.26015625 0.48828125 0.01640625 0.0203125
0 0.34609375 0.7078125 0.01640625 0.0234375
0 0.65078125 0.55234375 0.0171875 0.01953125
0 0.215625 0.9921875 0.03359375 0.01484375
0 0.221875 0.4296875 0.01796875 0.01953125
0 0.1125 0.865625 0.02421875 0.0484375
0 0.09921875 0.83515625 0.0328125 0.04375
0 0.0890625 0.7859375 0.04140625 0.04375
0 0.21953125 0.86171875 0.05 0.065625
0 0.0375 0.62109375 0.03515625 0.034375
0 0.0203125 0.5875 0.0375 0.04609375
0 0.14140625 0.58828125 0.03046875 0.028125
0 0.48046875 0.75859375 0.03515625 0.053125
0 0.4796875 0.55859375 0.025 0.0328125
0 0.48203125 0.47265625 0.021875 0.0375
0 0.47421875 0.43828125 0.02578125 0.02890625
0 0.52265625 0.475 0.02734375 0.034375
0 0.5078125 0.540625 0.0234375 0.04453125
0 0.15078125 0.43828125 0.02890625 0.0390625
0 0.19765625 0.490625 0.03125 0.034375
0 0.3421875 0.496875 0.01640625 0.028125
0 0.61796875 0.62890625 0.04375 0.0265625
0 0.61953125 0.59140625 0.0390625 0.04765625
0 0.97109375 0.5828125 0.0390625 0.0328125
0 0.9828125 0.85546875 0.02734375 0.03515625
0 0.79140625 0.4578125 0.0171875 0.03046875
0 0.76953125 0.44921875 0.028125 0.02421875
0 0.790625 0.421875 0.0328125 0.02109375
0 0.9 0.5484375 0.04296875 0.034375
0 0.6328125 0.44296875 0.0234375 0.03046875
0 0.6796875 0.4390625 0.021875 0.02421875