0 0.78046875 0.8796875 0.03515625 0.046875
0 0.7796875 0.96171875 0.03671875 0.053125
0 0.5015625 0.77734375 0.03203125 0.03203125
0 0.81640625 0.940625 0.034375 0.05703125
0 0.35390625 0.57421875 0.0234375 0.02421875
0 0.3921875 0.9484375 0.034375 0.0359375
0 0.43828125 0.73203125 0.02578125 0.02578125
0 0.56953125 0.6703125 0.028125 0.02734375
0 0.61953125 0.86640625 0.034375 0.04921875
0 0.6234375 0.653125 0.025 0.02421875
0 0.49375 0.6265625 0.01875 0.03203125
0 0.51796875 0.59140625 0.02265625 0.02578125
0 0.371875 0.72109375 0.01796875 0.02109375
0 0.39296875 0.84609375 0.0390625 0.05
0 0.8234375 0.803125 0.0328125 0.0390625
0 0.17265625 0.95078125 0.0359375 0.05078125
0 0.59921875 0.80234375 0.034375 0.034375
0 0.55390625 0.90078125 0.03046875 0.040625
0 0.36328125 0.778125 0.034375 0.03671875
0 0.45625 0.80546875 0.03515625 0.03984375
0 0.79609375 0.74375 0.03203125 0.03359375
0 0.45546875 0.85234375 0.02890625 0.03828125
0 0.07109375 0.75625 0.03125 0.03046875
0 0.15234375 0.75859375 0.025 0.0328125
0 0.928125 0.54921875 0.02578125 0.025
0 0.3546875 0.8796875 0.02890625 0.04921875
0 0.52578125 0.72265625 0.02578125 0.03046875
0 0.2671875 0.8203125 0.03203125 0.03828125
0 0.7046875 0.6984375 0.0265625 0.0390625
0 0.9 0.60234375 0.025 0.02734375
0 0.171875 0.7 0.028125 0.0296875
0 0.3984375 0.67421875 0.02578125 0.03203125
0 0.53515625 0.9390625 0.0296875 0.046875
0 0.4765625 0.73671875 0.03515625 0.034375
0 0.6953125 0.940625 0.02578125 0.0390625
0 0.9578125 0.79609375 0.034375 0.03359375
0 0.22890625 0.7578125 0.028125 0.03671875
0 0.8046875 0.67109375 0.02890625 0.03125
0 0.759375 0.7671875 0.02890625 0.03984375
0 0.73203125 0.78984375 0.02890625 0.034375
0 0.85859375 0.8171875 0.03125 0.04140625
0 0.30703125 0.6921875 0.0203125 0.0328125
0 0.37734375 0.61953125 0.025 0.0296875
0 0.85234375 0.7171875 0.02734375 0.03203125
0 0.4328125 0.6984375 0.02421875 0.0328125
0 0.14140625 0.6921875 0.0234375 0.02578125
0 0.1125 0.68671875 0.02265625 0.028125
0 0.69140625 0.8796875 0.03203125 0.04296875
0 0.4875 0.88828125 0.03125 0.040625
0 0.66484375 0.76484375 0.02734375 0.0375
0 0.884375 0.7671875 0.02890625 0.025
0 0.40625 0.896875 0.03203125 0.03828125
0 0.425 0.5625 0.01796875 0.02734375
0 0.45 0.5984375 0.02265625 0.02265625
0 0.671875 0.71484375 0.0296875 0.03359375
0 0.2109375 0.6875 0.025 0.03125
0 0.54921875 0.56328125 0.025 0.025
0 0.30078125 0.8265625 0.0265625 0.0359375
0 0.8765625 0.61015625 0.0234375 0.02421875
0 0.5640625 0.81171875 0.02890625 0.03203125
0 0.56171875 0.9734375 0.034375 0.05234375
0 0.70546875 0.84453125 0.028125 0.0328125
0 0.65859375 0.8546875 0.02890625 0.0390625
0 0.39765625 0.58203125 0.021875 0.0234375
0 0.0828125 0.71796875 0.03515625 0.0328125
0 0.23125 0.97578125 0.0375 0.0453125
0 0.17734375 0.80859375 0.028125 0.028125
0 0.89921875 0.55546875 0.02734375 0.02734375
0 0.58046875 0.596875 0.021875 0.025
0 0.85625 0.9828125 0.03046875 0.034375
0 0.09765625 0.9015625 0.0390625 0.0484375
0 0.71171875 0.5375 0.021875 0.02109375
0 0.5484375 0.5875 0.02265625 0.02109375
0 0.290625 0.75703125 0.02578125 0.03203125
0 0.2125 0.5453125 0.021875 0.02734375
0 0.16015625 0.8359375 0.03203125 0.03359375
0 0.034375 0.94609375 0.0359375 0.06484375
0 0.30078125 0.62578125 0.0265625 0.02890625
0 0.3453125 0.628125 0.0203125 0.02421875
0 0.178125 0.77890625 0.028125 0.03046875
0 0.24453125 0.91640625 0.021875 0.03046875
0 0.26796875 0.696875 0.025 0.03203125
0 0.07109375 0.69453125 0.0265625 0.02890625
0 0.31484375 0.76875 0.0234375 0.03203125
0 0.675 0.66640625 0.0265625 0.0265625
0 0.228125 0.59375 0.0203125 0.025
0 0.08359375 0.94296875 0.02734375 0.03984375
0 0.88828125 0.9484375 0.034375 0.04296875
0 0.93359375 0.6125 0.0234375 0.0234375
0 0.1890625 0.659375 0.02265625 0.0265625
0 0.27421875 0.4890625 0.01953125 0.0234375
0 0.1265625 0.76171875 0.025 0.03046875
0 0.39765625 0.49375 0.0203125 0.021875
0 0.84296875 0.76796875 0.021875 0.028125
0 0.19453125 0.73203125 0.0171875 0.02265625
0 0.1078125 0.9625 0.02890625 0.0390625
0 0.26015625 0.97734375 0.028125 0.04453125
0 0.03203125 0.7421875 0.02421875 0.0328125
0 0.9734375 0.54296875 0.03359375 0.02265625
0 0.671875 0.98984375 0.0375 0.0203125
0 0.290625 0.5828125 0.02109375 0.0234375
0 0.46171875 0.50546875 0.01875 0.0234375
0 0.71171875 0.7359375 0.025 0.0265625
0 0.9703125 0.9421875 0.03984375 0.0453125
0 0.6546875 0.53828125 0.02109375 0.0234375
0 0.7765625 0.57109375 0.01953125 0.02265625
0 0.11640625 0.7328125 0.02734375 0.028125
0 0.9171875 0.9828125 0.04296875 0.03359375
0 0.5 0.55703125 0.01640625 0.0234375
0 0.3328125 0.55078125 0.021875 0.02734375
0 0.06484375 0.828125 0.0328125 0.034375
0 0.21875 0.71953125 0.02421875 0.02578125
0 0.41171875 0.4703125 0.01953125 0.01953125
0 0.63125 0.7796875 0.0171875 0.0265625
0 0.35234375 0.66015625 0.02109375 0.02578125
0 0.57578125 0.7625 0.015625 0.02265625
0 0.753125 0.70390625 0.01953125 0.0359375
0 0.396875 0.5515625 0.01953125 0.02265625
0 0.15546875 0.6265625 0.021875 0.025
0 0.19453125 0.50078125 0.01953125 0.021875
0 0.16796875 0.59921875 0.02265625 0.02578125
0 0.0078125 0.72734375 0.01484375 0.0359375
0 0.93671875 0.76796875 0.0203125 0.02265625
0 0.5625 0.49921875 0.01640625 0.01796875
0 0.29921875 0.65703125 0.01796875 0.021875
0 0.43515625 0.5125 0.0171875 0.02421875
0 0.1609375 0.65859375 0.01875 0.02421875
0 0.71328125 0.61484375 0.02109375 0.0296875
0 0.71328125 0.56875 0.02265625 0.02421875
0 0.59765625 0.496875 0.015625 0.01953125
0 0.01015625 0.65625 0.01953125 0.0296875
0 0.66015625 0.4796875 0.0203125 0.021875
0 0.34140625 0.51484375 0.0203125 0.0203125
0 0.85234375 0.90546875 0.0234375 0.034375
0 0.18828125 0.57109375 0.021875 0.02421875
0 0.815625 0.62421875 0.0171875 0.021875
0 0.43125 0.609375 0.01875 0.0203125
0 0.77109375 0.65703125 0.02109375 0.02890625
0 0.5140625 0.48203125 0.01875 0.0203125
0 0.55078125 0.47734375 0.015625 0.01796875
0 0.603125 0.721875 0.02109375 0.025
0 0.18828125 0.6125 0.01875 0.01953125
0 0.571875 0.54921875 0.01953125 0.02109375
0 0.078125 0.62109375 0.0265625 0.0234375
0 0.321875 0.49765625 0.01640625 0.01796875
0 0.40703125 0.44765625 0.01796875 0.01796875
0 0.64140625 0.51640625 0.0171875 0.01875
0 0.54765625 0.44453125 0.01875 0.01953125
0 0.9828125 0.48203125 0.025 0.01953125
0 0.95234375 0.628125 0.0203125 0.01875
0 0.3421875 0.4765625 0.01875 0.02109375
0 0.65546875 0.6078125 0.0203125 0.025
0 0.7125 0.4828125 0.01953125 0.01875
0 0.37421875 0.66328125 0.01484375 0.0234375
0 0.9546875 0.57421875 0.02734375 0.02109375
0 0.328125 0.60703125 0.01875 0.0203125
0 0.14765625 0.52421875 0.021875 0.02109375
0 0.4828125 0.490625 0.01875 0.0203125
0 0.571875 0.4828125 0.015625 0.01953125
0 0.53671875 0.7796875 0.015625 0.0234375
0 0.81640625 0.64140625 0.01484375 0.01640625
0 0.796875 0.63125 0.01875 0.0234375
0 0.78125 0.54140625 0.01953125 0.01875
0 0.99609375 0.659375 0.0078125 0.02734375
0 0.6359375 0.46171875 0.015625 0.01875
0 0.8875 0.5046875 0.01953125 0.01875
0 0.778125 0.6953125 0.02265625 0.0265625
0 0.484375 0.9625 0.0265625 0.03515625
0 0.96015625 0.52109375 0.01953125 0.01953125
0 0.8890625 0.52109375 0.0203125 0.01796875
0 0.47890625 0.5578125 0.0171875 0.02421875
0 0.49375 0.99375 0.0265625 0.01171875
0 0.24140625 0.48671875 0.01796875 0.01953125
0 0.2484375 0.64765625 0.01796875 0.02109375
0 0.00546875 0.7953125 0.01015625 0.03671875
0 0.63359375 0.62109375 0.0171875 0.0203125
0 0.45 0.51875 0.01484375 0.0203125
0 0.75546875 0.60390625 0.01796875 0.021875
0 0.3078125 0.47890625 0.0171875 0.01953125
0 0.4453125 0.94765625 0.02578125 0.03671875
0 0.315625 0.92421875 0.02421875 0.02578125
0 0.296875 0.8703125 0.03046875 0.021875
0 0.2515625 0.58828125 0.021875 0.02109375
0 0.03359375 0.6828125 0.02421875 0.021875
0 0.2640625 0.53203125 0.021875 0.01640625
0 0.13203125 0.615625 0.01640625 0.0171875
0 0.3328125 0.95 0.02265625 0.04375
0 0.8203125 0.73203125 0.0234375 0.0265625
0 0.9921875 0.77421875 0.015625 0.0109375
0 0.675 0.840625 0.02265625 0.03046875