0 0.40546875 0.7640625 0.06640625 0.09140625
0 0.559375 0.97578125 0.0484375 0.0484375
0 0.49140625 0.94375 0.05 0.0734375
0 0.4640625 0.88125 0.04609375 0.0546875
0 0.3609375 0.97109375 0.0359375 0.04296875
0 0.31171875 0.96484375 0.05078125 0.0640625
0 0.2109375 0.875 0.03671875 0.0671875
0 0.2890625 0.91796875 0.0359375 0.04609375
0 0.31640625 0.840625 0.04375 0.0640625
0 0.26171875 0.8375 0.028125 0.03671875
0 0.65703125 0.903125 0.06328125 0.0671875
0 0.85625 0.96640625 0.0546875 0.0671875
0 0.7921875 0.94140625 0.04140625 0.07734375
0 0.746875 0.94375 0.03984375 0.06796875
0 0.70625 0.9109375 0.03046875 0.0625
0 0.65625 0.82109375 0.0328125 0.0671875
0 0.6265625 0.8 0.0421875 0.05390625
0 0.55390625 0.7734375 0.04296875 0.0453125
0 0.6203125 0.74765625 0.03359375 0.03203125
0 0.6484375 0.67109375 0.0328125 0.04453125
0 0.6109375 0.6671875 0.028125 0.03671875
0 0.403125 0.6671875 0.03671875 0.0296875
0 0.4625 0.76796875 0.03203125 0.0453125
0 0.4640625 0.73046875 0.03203125 0.0453125
0 0.78125 0.778125 0.04140625 0.0390625
0 0.97265625 0.81015625 0.04140625 0.05390625
0 0.696875 0.6328125 0.03515625 0.0421875
0 0.79921875 0.65078125 0.03671875 0.03515625
0 0.74296875 0.690625 0.05 0.04453125
0 0.72109375 0.72109375 0.03046875 0.03359375
0 0.77109375 0.73125 0.04609375 0.04296875
0 0.91015625 0.9078125 0.0546875 0.04375
0 0.8421875 0.84453125 0.04921875 0.04375
0 0.49921875 0.6765625 0.04453125 0.03984375
0 0.54921875 0.609375 0.034375 0.03515625
0 0.4625 0.61015625 0.03125 0.025
0 0.221875 0.74140625 0.05078125 0.04375
0 0.2828125 0.75859375 0.03203125 0.025
0 0.23984375 0.78828125 0.02734375 0.01953125
0 0.1765625 0.79140625 0.05078125 0.0640625
0 0.121875 0.9453125 0.040625 0.0546875
0 0.13203125 0.878125 0.04921875 0.07265625
0 0.15625 0.70859375 0.03203125 0.04609375
0 0.2421875 0.69140625 0.028125 0.03046875
0 0.946875 0.65859375 0.04375 0.040625
0 0.83125 0.63125 0.04375 0.0265625
0 0.64140625 0.61875 0.0296875 0.02890625
0 0.61328125 0.6109375 0.0296875 0.03203125
0 0.5078125 0.6390625 0.0375 0.046875
0 0.38515625 0.60859375 0.02734375 0.0265625
0 0.325 0.6421875 0.034375 0.0265625
0 0.29140625 0.66953125 0.025 0.03515625
0 0.43203125 0.5546875 0.03046875 0.03203125
0 0.403125 0.54765625 0.028125 0.02890625
0 0.834375 0.7734375 0.028125 0.04296875
0 0.86015625 0.7234375 0.053125 0.03515625
0 0.81484375 0.6984375 0.03046875 0.0375
0 0.90859375 0.825 0.03125 0.046875
0 0.921875 0.77421875 0.04140625 0.0515625
0 0.91484375 0.6640625 0.03203125 0.0375
0 0.8453125 0.58828125 0.02890625 0.02578125
0 0.79453125 0.5984375 0.0390625 0.03046875
0 0.75390625 0.590625 0.028125 0.025
0 0.69375 0.54453125 0.034375 0.034375
0 0.7390625 0.56484375 0.025 0.028125
0 0.6125 0.55625 0.02890625 0.03125