0 0.075 0.946875 0.0421875 0.0546875
0 0.159375 0.97265625 0.0578125 0.05390625
0 0.20390625 0.9125 0.0453125 0.05546875
0 0.21171875 0.8453125 0.05078125 0.071875
0 0.03203125 0.81171875 0.03359375 0.03359375
0 0.0390625 0.89765625 0.05390625 0.07265625
0 0.06640625 0.76796875 0.03203125 0.04921875
0 0.01640625 0.76875 0.03203125 0.0359375
0 0.00703125 0.73125 0.01328125 0.03046875
0 0.10625 0.80390625 0.0359375 0.0328125
0 0.140625 0.765625 0.03046875 0.0296875
0 0.203125 0.7671875 0.028125 0.0328125
0 0.17890625 0.73984375 0.03671875 0.03203125
0 0.25234375 0.7703125 0.04921875 0.05859375
0 0.29140625 0.8578125 0.05078125 0.0609375
0 0.3046875 0.93984375 0.02578125 0.03515625
0 0.3953125 0.9421875 0.0453125 0.06953125
0 0.36953125 0.89140625 0.04765625 0.0453125
0 0.44375 0.94609375 0.04140625 0.04375
0 0.4640625 0.99375 0.03125 0.01171875
0 0.5828125 0.9328125 0.0640625 0.06953125
0 0.65390625 0.9734375 0.0546875 0.053125
0 0.72578125 0.98046875 0.04140625 0.0390625
0 0.7484375 0.90546875 0.0453125 0.0734375
0 0.715625 0.92265625 0.0453125 0.06015625
0 0.8046875 0.9078125 0.0359375 0.06171875
0 0.790625 0.88671875 0.02421875 0.03203125
0 0.8546875 0.953125 0.04609375 0.06171875
0 0.9046875 0.94140625 0.059375 0.06953125
0 0.97265625 0.971875 0.0546875 0.05546875
0 0.94765625 0.865625 0.078125 0.0625
0 0.98359375 0.8046875 0.0328125 0.0375
0 0.93515625 0.78671875 0.040625 0.03671875
0 0.96015625 0.740625 0.0546875 0.04921875
0 0.8765625 0.78671875 0.05234375 0.04921875
0 0.8625 0.7375 0.0484375 0.04765625
0 0.90390625 0.71015625 0.04140625 0.03828125
0 0.81328125 0.784375 0.03359375 0.0421875
0 0.78203125 0.75390625 0.02734375 0.03671875
0 0.80546875 0.728125 0.0359375 0.03203125
0 0.8296875 0.6921875 0.05703125 0.04609375
0 0.8796875 0.66953125 0.05390625 0.04296875
0 0.74296875 0.81875 0.0296875 0.0609375
0 0.709375 0.79765625 0.046875 0.0453125
0 0.6671875 0.89921875 0.025 0.0375
0 0.70078125 0.74375 0.0328125 0.0453125
0 0.6375 0.76875 0.0359375 0.05859375
0 0.57109375 0.77578125 0.034375 0.03984375
0 0.54609375 0.86875 0.05546875 0.046875
0 0.54375 0.7640625 0.034375 0.0515625
0 0.5421875 0.73046875 0.04140625 0.03984375
0 0.48125 0.76015625 0.0609375 0.08203125
0 0.3984375 0.82890625 0.03984375 0.05703125
0 0.33671875 0.8171875 0.0359375 0.04765625
0 0.3578125 0.73359375 0.03203125 0.0484375
0 0.31484375 0.775 0.02421875 0.04375
0 0.29375 0.72421875 0.0390625 0.03984375
0 0.3078125 0.67578125 0.03203125 0.03359375
0 0.334375 0.653125 0.028125 0.02890625
0 0.36328125 0.65859375 0.03203125 0.0390625
0 0.39609375 0.63203125 0.03046875 0.02734375
0 0.478125 0.66328125 0.03515625 0.0359375
0 0.57734375 0.67578125 0.034375 0.02734375
0 0.5828125 0.64921875 0.0234375 0.02890625
0 0.57421875 0.625 0.025 0.02265625
0 0.53671875 0.609375 0.02890625 0.03515625
0 0.51484375 0.61015625 0.02265625 0.04375
0 0.61953125 0.61171875 0.03515625 0.03828125
0 0.69296875 0.66640625 0.03828125 0.040625
0 0.7296875 0.67578125 0.03125 0.04921875
0 0.690625 0.61953125 0.0484375 0.0375
0 0.71328125 0.62890625 0.02890625 0.0296875
0 0.77578125 0.63828125 0.0359375 0.0390625
0 0.92109375 0.64453125 0.0375 0.03984375
0 0.875 0.61171875 0.03125 0.0296875
0 0.9296875 0.59765625 0.04375 0.0265625
0 0.83359375 0.60703125 0.0421875 0.034375
0 0.9578125 0.56171875 0.04296875 0.02109375
0 0.815625 0.575 0.021875 0.025
0 0.771875 0.55703125 0.03046875 0.02109375
0 0.75859375 0.5859375 0.01640625 0.021875
0 0.68125 0.56953125 0.02734375 0.02734375
0 0.63984375 0.56484375 0.028125 0.0296875
0 0.59453125 0.57734375 0.02109375 0.02109375
0 0.57890625 0.5921875 0.01484375 0.01484375
0 0.49296875 0.58046875 0.028125 0.0203125
0 0.453125 0.60859375 0.03046875 0.02734375
0 0.4140625 0.5953125 0.028125 0.025
0 0.37734375 0.57109375 0.02421875 0.01875
0 0.3609375 0.59609375 0.01640625 0.01953125
0 0.371875 0.61015625 0.02109375 0.02421875
0 0.296875 0.6234375 0.02109375 0.03125
0 0.278125 0.60703125 0.02265625 0.025
0 0.22734375 0.69453125 0.0234375 0.04296875
0 0.228125 0.63359375 0.01796875 0.0234375
0 0.17734375 0.69921875 0.03125 0.03046875
0 0.171875 0.68359375 0.01640625 0.0203125
0 0.16015625 0.65625 0.02109375 0.0265625
0 0.1328125 0.64921875 0.02578125 0.0296875
0 0.09765625 0.6578125 0.02421875 0.02421875
0 0.06171875 0.68359375 0.03125 0.03125
0 0.05625 0.6609375 0.03359375 0.0328125
0 0.040625 0.65 0.01875 0.03203125
0 0.0109375 0.6625 0.021875 0.04609375
0 0.08828125 0.7078125 0.03515625 0.04140625
0 0.121875 0.7109375 0.0359375 0.04140625
0 0.13125 0.73671875 0.02578125 0.02109375
0 0.15234375 0.72734375 0.01953125 0.02734375
0 0.01171875 0.59296875 0.0234375 0.03203125
0 0.075 0.61875 0.02890625 0.03046875
0 0.109375 0.62578125 0.03203125 0.028125
0 0.57109375 0.55546875 0.03046875 0.0296875
0 0.53359375 0.56796875 0.04375 0.0421875
0 0.50078125 0.55 0.02890625 0.03125
0 0.46796875 0.55390625 0.02890625 0.0265625
0 0.45234375 0.578125 0.03046875 0.03984375
0 0.4328125 0.55390625 0.01953125 0.02265625
0 0.4109375 0.54609375 0.01875 0.02421875