0 0.05625 0.9671875 0.046875 0.065625
0 0.02109375 0.89609375 0.04140625 0.08515625
0 0.159375 0.94921875 0.07734375 0.09296875
0 0.2109375 0.978125 0.02578125 0.04375
0 0.225 0.871875 0.05703125 0.07734375
0 0.196875 0.82734375 0.0421875 0.07109375
0 0.1578125 0.80859375 0.0484375 0.06875
0 0.15078125 0.7625 0.05703125 0.06171875
0 0.0890625 0.85 0.03359375 0.04609375
0 0.06640625 0.82109375 0.03125 0.0515625
0 0.0703125 0.76640625 0.0296875 0.05625
0 0.03984375 0.7953125 0.03828125 0.05859375
0 0.11171875 0.77578125 0.02890625 0.04375
0 0.10625 0.74296875 0.034375 0.05703125
0 0.01953125 0.71640625 0.0390625 0.0546875
0 0.096875 0.63203125 0.03671875 0.05
0 0.084375 0.7078125 0.02734375 0.03515625
0 0.03828125 0.66640625 0.0453125 0.046875
0 0.13125 0.6171875 0.03515625 0.0421875
0 0.1875 0.615625 0.04140625 0.05546875
0 0.22734375 0.65625 0.03671875 0.0375
0 0.2578125 0.80546875 0.05234375 0.07421875
0 0.29375 0.91015625 0.06953125 0.0953125
0 0.303125 0.97421875 0.059375 0.0453125
0 0.36171875 0.9765625 0.0328125 0.04609375
0 0.44453125 0.96171875 0.08671875 0.0765625
0 0.56640625 0.978125 0.0609375 0.04375
0 0.515625 0.934375 0.05234375 0.05546875
0 0.5390625 0.884375 0.04140625 0.07578125
0 0.57890625 0.87734375 0.03046875 0.046875
0 0.36484375 0.81171875 0.05 0.06640625
0 0.334375 0.775 0.046875 0.0640625
0 0.334375 0.721875 0.04765625 0.04453125
0 0.290625 0.675 0.06328125 0.05546875
0 0.35 0.68203125 0.05078125 0.04609375
0 0.2796875 0.61953125 0.04375 0.05546875
0 0.23515625 0.60390625 0.03046875 0.0359375
0 0.1421875 0.55703125 0.03046875 0.0359375
0 0.09609375 0.56640625 0.0390625 0.03671875
0 0.1890625 0.5265625 0.040625 0.0390625
0 0.24765625 0.55546875 0.03671875 0.03515625
0 0.2703125 0.5796875 0.03359375 0.02109375
0 0.3421875 0.6078125 0.0421875 0.04375
0 0.31171875 0.528125 0.034375 0.03046875
0 0.25390625 0.51328125 0.03515625 0.0453125
0 0.38828125 0.5671875 0.04140625 0.03671875
0 0.34296875 0.5046875 0.053125 0.021875
0 0.27421875 0.475 0.03046875 0.025
0 0.19296875 0.50078125 0.03046875 0.03671875
0 0.31796875 0.44609375 0.03046875 0.03984375
0 0.2640625 0.453125 0.02890625 0.03359375
0 0.38984375 0.4671875 0.04296875 0.03203125
0 0.4 0.5 0.03515625 0.0390625
0 0.42734375 0.53671875 0.034375 0.03671875
0 0.41875 0.6109375 0.04453125 0.0515625
0 0.384375 0.63203125 0.03671875 0.04375
0 0.40546875 0.68125 0.03828125 0.03671875
0 0.4625 0.74296875 0.06875 0.05546875
0 0.4734375 0.6765625 0.05625 0.05390625
0 0.4546875 0.6234375 0.034375 0.0546875
0 0.48046875 0.61015625 0.03515625 0.03984375
0 0.48359375 0.5765625 0.02734375 0.0296875
0 0.48828125 0.53359375 0.0296875 0.03515625
0 0.4453125 0.48671875 0.04296875 0.046875
0 0.51171875 0.49140625 0.0375 0.03984375
0 0.43828125 0.81875 0.06171875 0.1
0 0.48671875 0.81953125 0.03515625 0.04609375
0 0.521875 0.74765625 0.0515625 0.0578125
0 0.57421875 0.80234375 0.09453125 0.07578125
0 0.65390625 0.753125 0.059375 0.053125
0 0.571875 0.7125 0.053125 0.053125
0 0.5328125 0.66875 0.05 0.04765625
0 0.575 0.64609375 0.0390625 0.04375
0 0.5453125 0.6234375 0.0328125 0.05546875
0 0.51953125 0.61484375 0.0328125 0.0609375
0 0.5625 0.51796875 0.021875 0.034375
0 0.63046875 0.59609375 0.0390625 0.0390625
0 0.615625 0.64296875 0.04140625 0.03984375
0 0.68984375 0.68359375 0.0546875 0.05859375
0 0.42890625 0.4015625 0.04296875 0.0359375
0 0.47421875 0.4296875 0.03671875 0.03984375
0 0.49921875 0.4484375 0.03203125 0.028125
0 0.5453125 0.4578125 0.03671875 0.03671875
0 0.63125 0.5421875 0.02734375 0.0390625
0 0.60625 0.5375 0.028125 0.05
0 0.590625 0.428125 0.025 0.0265625
0 0.65703125 0.52109375 0.0171875 0.0234375
0 0.67578125 0.5109375 0.021875 0.03671875
0 0.59765625 0.496875 0.0484375 0.0390625
0 0.65234375 0.4328125 0.04609375 0.02890625
0 0.69921875 0.47578125 0.028125 0.0328125
0 0.69609375 0.4390625 0.03203125 0.02890625
0 0.74921875 0.92578125 0.07734375 0.07421875
0 0.77421875 0.9828125 0.034375 0.034375
0 0.828125 0.91171875 0.0375 0.04375
0 0.86015625 0.8890625 0.0375 0.03984375
0 0.79296875 0.85390625 0.05859375 0.0671875
0 0.73046875 0.8359375 0.04609375 0.0671875
0 0.77265625 0.796875 0.04921875 0.05390625
0 0.91015625 0.89609375 0.06875 0.08203125
0 0.97265625 0.92421875 0.0546875 0.06953125
0 0.96328125 0.9765625 0.0390625 0.04609375
0 0.91484375 0.9640625 0.06640625 0.071875
0 0.821875 0.7953125 0.05234375 0.0578125
0 0.7375 0.7328125 0.05 0.0765625
0 0.809375 0.74921875 0.0546875 0.04375
0 0.8234375 0.71484375 0.05703125 0.0484375
0 0.871875 0.74296875 0.05078125 0.053125
0 0.89140625 0.7078125 0.05234375 0.04375
0 0.8359375 0.65703125 0.03671875 0.04765625
0 0.77109375 0.653125 0.03203125 0.04375
0 0.7296875 0.6015625 0.0375 0.05
0 0.7 0.62265625 0.0375 0.0453125
0 0.75 0.553125 0.04765625 0.0609375
0 0.78359375 0.54296875 0.0390625 0.04296875
0 0.80625 0.5828125 0.0296875 0.034375
0 0.81953125 0.54453125 0.03046875 0.04140625
0 0.74921875 0.50625 0.0296875 0.03359375
0 0.725 0.5 0.02734375 0.0484375
0 0.9359375 0.79609375 0.03515625 0.05
0 0.96953125 0.86328125 0.0546875 0.05
0 0.98671875 0.8140625 0.0265625 0.046875
0 0.95859375 0.7390625 0.03984375 0.0625
0 0.92890625 0.70546875 0.0296875 0.0671875
0 0.98203125 0.69453125 0.0359375 0.040625
0 0.9875 0.73359375 0.025 0.0359375
0 0.9375 0.665625 0.0453125 0.04140625
0 0.95234375 0.640625 0.0390625 0.028125
0 0.88359375 0.62109375 0.0515625 0.0375
0 0.875 0.5875 0.0296875 0.0265625
0 0.975 0.6171875 0.04375 0.04140625
0 0.96953125 0.57265625 0.03671875 0.0390625
0 0.9328125 0.5546875 0.028125 0.03515625
0 0.965625 0.5390625 0.0328125 0.03984375
0 0.9890625 0.51796875 0.02109375 0.034375
0 0.90078125 0.56796875 0.034375 0.0515625
0 0.8734375 0.540625 0.0390625 0.0265625
0 0.87890625 0.51484375 0.040625 0.02890625
0 0.909375 0.5109375 0.0234375 0.0234375
0 0.92265625 0.4828125 0.0390625 0.02421875
0 0.7390625 0.46171875 0.0296875 0.034375
0 0.5453125 0.425 0.0296875 0.03359375
0 0.5140625 0.38828125 0.03671875 0.0359375
0 0.5875 0.4015625 0.03046875 0.02578125
0 0.83203125 0.4625 0.03046875 0.02578125
0 0.86484375 0.46640625 0.0359375 0.0234375
0 0.88125 0.44140625 0.0375 0.0296875
0 0.378125 0.4328125 0.034375 0.04296875
0 0.01171875 0.625 0.02265625 0.0375
0 0.89375 0.2953125 0.05625 0.05