0 0.09453125 0.8375 0.05078125 0.05859375
0 0.015625 0.90703125 0.03125 0.04921875
0 0.16796875 0.94375 0.0359375 0.065625
0 0.28125 0.89296875 0.04140625 0.06953125
0 0.19296875 0.85703125 0.034375 0.0421875
0 0.1234375 0.775 0.0328125 0.04375
0 0.20703125 0.803125 0.0390625 0.0453125
0 0.25234375 0.7359375 0.03046875 0.040625
0 0.096875 0.7296875 0.0296875 0.03359375
0 0.1 0.62734375 0.0359375 0.034375
0 0.0265625 0.66953125 0.02265625 0.03359375
0 0.253125 0.6796875 0.03671875 0.046875
0 0.1375 0.6515625 0.01953125 0.02109375
0 0.203125 0.559375 0.01796875 0.0234375
0 0.196875 0.540625 0.01328125 0.01640625
0 0.28828125 0.609375 0.0390625 0.03828125
0 0.25546875 0.54609375 0.025 0.028125
0 0.3265625 0.56796875 0.03828125 0.02890625
0 0.33125 0.68046875 0.0359375 0.04765625
0 0.3546875 0.7515625 0.01875 0.0203125
0 0.3296875 0.82578125 0.0375 0.0390625
0 0.35625 0.8515625 0.04453125 0.05546875
0 0.48125 0.96171875 0.0546875 0.0734375
0 0.44296875 0.83828125 0.04765625 0.0640625
0 0.53359375 0.8109375 0.05625 0.05703125
0 0.60078125 0.96875 0.05078125 0.0625
0 0.4484375 0.75078125 0.04453125 0.0640625
0 0.43671875 0.65078125 0.03828125 0.046875
0 0.33984375 0.53046875 0.0296875 0.02734375
0 0.390625 0.50859375 0.02109375 0.0296875
0 0.3625 0.509375 0.025 0.02890625
0 0.3171875 0.48203125 0.02109375 0.02578125
0 0.02109375 0.54140625 0.0328125 0.03203125
0 0.6546875 0.83203125 0.0484375 0.0703125
0 0.6921875 0.86953125 0.0140625 0.0234375
0 0.75234375 0.95078125 0.034375 0.0609375
0 0.83359375 0.87890625 0.04765625 0.0640625
0 0.91484375 0.93515625 0.0625 0.07734375
0 0.915625 0.79375 0.03203125 0.04453125
0 0.95390625 0.71015625 0.05078125 0.0484375
0 0.8 0.69296875 0.04453125 0.05625
0 0.76953125 0.70546875 0.0265625 0.03125
0 0.7203125 0.76640625 0.05703125 0.06171875
0 0.784375 0.765625 0.0390625 0.046875
0 0.7359375 0.82890625 0.03671875 0.04140625
0 0.634375 0.72421875 0.0484375 0.04921875
0 0.6 0.67265625 0.0375 0.0375
0 0.67578125 0.58125 0.0375 0.03828125
0 0.7546875 0.6015625 0.03515625 0.03203125
0 0.78828125 0.61328125 0.034375 0.04296875
0 0.58515625 0.58046875 0.0265625 0.02890625
0 0.52890625 0.5828125 0.04453125 0.06328125
0 0.5765625 0.54921875 0.03046875 0.03125
0 0.56328125 0.4546875 0.0234375 0.02890625
0 0.5421875 0.45546875 0.021875 0.025
0 0.48359375 0.45 0.0328125 0.03359375
0 0.5625 0.4125 0.0265625 0.0265625
0 0.65 0.446875 0.02421875 0.03046875
0 0.490625 0.40546875 0.02265625 0.025
0 0.4515625 0.41171875 0.01796875 0.0265625
0 0.71875 0.4921875 0.02890625 0.02890625
0 0.75859375 0.49609375 0.02890625 0.0296875
0 0.8375 0.534375 0.034375 0.0359375
0 0.803125 0.46171875 0.0296875 0.03828125
0 0.78125 0.42109375 0.02265625 0.01953125
0 0.9375 0.51484375 0.034375 0.0375
0 0.89765625 0.71953125 0.0421875 0.05234375
0 0.85234375 0.6875 0.03203125 0.040625
0 0.91796875 0.478125 0.0375 0.03203125
0 0.9140625 0.5796875 0.03828125 0.0328125
0 0.79375 0.390625 0.02109375 0.028125
0 0.596875 0.4015625 0.02578125 0.0296875
0 0.71328125 0.446875 0.028125 0.0296875
0 0.74375 0.45234375 0.0265625 0.0203125
0 0.66328125 0.40703125 0.028125 0.02890625
0 0.50703125 0.36484375 0.02265625 0.02109375
0 0.39296875 0.43515625 0.03203125 0.02421875
0 0.36640625 0.3890625 0.0234375 0.03125
0 0.378125 0.64609375 0.02421875 0.02890625
0 0.6109375 0.50625 0.03046875 0.03125
0 0.61640625 0.48203125 0.021875 0.02578125
0 0.515625 0.4328125 0.01875 0.02421875