0 0.08515625 0.9453125 0.03515625 0.06328125
0 0.0625 0.93125 0.040625 0.04375
0 0.24296875 0.9765625 0.05 0.04140625
0 0.23046875 0.9015625 0.03515625 0.03984375
0 0.0859375 0.8703125 0.02421875 0.03125
0 0.0375 0.73828125 0.0328125 0.0328125
0 0.0328125 0.7703125 0.03125 0.0296875
0 0.0140625 0.7171875 0.028125 0.03515625
0 0.12890625 0.7765625 0.03359375 0.0390625
0 0.1609375 0.77890625 0.02734375 0.0328125
0 0.09609375 0.715625 0.03203125 0.03671875
0 0.07578125 0.6234375 0.025 0.025
0 0.32578125 0.9578125 0.0171875 0.02578125
0 0.25078125 0.8515625 0.03046875 0.03828125
0 0.25 0.8015625 0.0421875 0.046875
0 0.24453125 0.68046875 0.0171875 0.01796875
0 0.1265625 0.55859375 0.02421875 0.02890625
0 0.115625 0.51171875 0.02265625 0.02890625
0 0.2546875 0.54296875 0.021875 0.0203125
0 0.26640625 0.58671875 0.025 0.0265625
0 0.23671875 0.59375 0.0234375 0.02421875
0 0.2828125 0.63671875 0.02109375 0.028125
0 0.31171875 0.6609375 0.021875 0.02578125
0 0.31015625 0.690625 0.021875 0.02109375
0 0.3203125 0.7578125 0.03125 0.04296875
0 0.30703125 0.8125 0.02890625 0.03828125
0 0.396875 0.9296875 0.040625 0.0546875
0 0.3984375 0.85546875 0.03125 0.04453125
0 0.33828125 0.84296875 0.0296875 0.03828125
0 0.371875 0.89453125 0.02578125 0.0421875
0 0.4125 0.96875 0.03125 0.0328125
0 0.446875 0.9859375 0.034375 0.028125
0 0.53671875 0.90078125 0.021875 0.0375
0 0.5046875 0.95859375 0.0265625 0.04140625
0 0.4734375 0.81640625 0.034375 0.05390625
0 0.51328125 0.81640625 0.03046875 0.034375
0 0.45703125 0.7609375 0.028125 0.03203125
0 0.42578125 0.76953125 0.02734375 0.03125
0 0.3671875 0.73515625 0.02734375 0.0296875
0 0.346875 0.696875 0.034375 0.03203125
0 0.29765625 0.5515625 0.02265625 0.01796875
0 0.3234375 0.53203125 0.01875 0.0234375
0 0.30703125 0.4625 0.02109375 0.01796875
0 0.15859375 0.45625 0.0203125 0.021875
0 0.340625 0.56328125 0.025 0.01875
0 0.321875 0.57890625 0.01640625 0.0203125
0 0.3828125 0.59375 0.01484375 0.03359375
0 0.4453125 0.72421875 0.0140625 0.02265625
0 0.54375 0.83828125 0.02890625 0.04765625
0 0.5609375 0.8046875 0.02421875 0.03671875
0 0.54921875 0.678125 0.03203125 0.0359375
0 0.50859375 0.6203125 0.0234375 0.0265625
0 0.45390625 0.63671875 0.02890625 0.02578125
0 0.47578125 0.56328125 0.02265625 0.02578125
0 0.44140625 0.55390625 0.02109375 0.0234375
0 0.446875 0.53125 0.02734375 0.02890625
0 0.41328125 0.55703125 0.02109375 0.0265625
0 0.4734375 0.51875 0.02109375 0.02421875
0 0.5984375 0.75234375 0.0265625 0.03828125
0 0.58359375 0.66171875 0.0234375 0.03515625
0 0.5578125 0.63203125 0.02578125 0.02734375
0 0.62890625 0.72890625 0.0265625 0.0421875
0 0.63515625 0.834375 0.03671875 0.0453125
0 0.621875 0.91796875 0.03671875 0.05078125
0 0.6578125 0.89765625 0.0359375 0.0515625
0 0.6953125 0.9390625 0.028125 0.03828125
0 0.73125 0.9015625 0.0296875 0.04140625
0 0.75546875 0.94765625 0.05078125 0.06171875
0 0.82578125 0.9734375 0.03984375 0.053125
0 0.81015625 0.89375 0.0359375 0.046875
0 0.72578125 0.7765625 0.03203125 0.03984375
0 0.6890625 0.7671875 0.03125 0.0390625
0 0.671875 0.70859375 0.03203125 0.03984375
0 0.7359375 0.68203125 0.0265625 0.034375
0 0.7609375 0.73125 0.021875 0.025
0 0.81015625 0.72890625 0.021875 0.03046875
0 0.821875 0.753125 0.0296875 0.03359375
0 0.875 0.7421875 0.0375 0.04140625
0 0.88828125 0.90703125 0.03671875 0.03515625
0 0.9265625 0.8734375 0.028125 0.05234375
0 0.92734375 0.81328125 0.046875 0.05390625
0 0.92109375 0.72109375 0.02734375 0.0375
0 0.98515625 0.69375 0.0296875 0.03125
0 0.975 0.7203125 0.03046875 0.02890625
0 0.98359375 0.8046875 0.0328125 0.03828125
0 0.9078125 0.66328125 0.03359375 0.03046875
0 0.88828125 0.62734375 0.01875 0.025
0 0.79921875 0.5703125 0.0234375 0.02734375
0 0.77578125 0.57890625 0.02265625 0.025
0 0.80625 0.52734375 0.02578125 0.02890625
0 0.83046875 0.521875 0.02265625 0.0234375
0 0.871875 0.51328125 0.0296875 0.021875
0 0.89375 0.4609375 0.02578125 0.0203125
0 0.8671875 0.490625 0.01875 0.01875
0 0.984375 0.58828125 0.03125 0.025
0 0.84375 0.59765625 0.0203125 0.015625
0 0.690625 0.49609375 0.02421875 0.01953125
0 0.68125 0.54296875 0.01875 0.025
0 0.709375 0.59453125 0.01640625 0.02109375
0 0.6921875 0.63671875 0.03046875 0.03125
0 0.61484375 0.50625 0.025 0.01953125
0 0.60390625 0.5859375 0.021875 0.02890625
0 0.6328125 0.66796875 0.01796875 0.0328125
0 0.58515625 0.70234375 0.021875 0.028125
0 0.53515625 0.728125 0.025 0.03515625
0 0.47109375 0.47109375 0.01328125 0.0171875
0 0.575 0.4515625 0.02109375 0.021875
0 0.553125 0.43515625 0.01640625 0.01796875
0 0.3 0.51796875 0.01796875 0.02109375
0 0.3984375 0.6859375 0.02265625 0.02890625
0 0.340625 0.48203125 0.01953125 0.025
0 0.4015625 0.52890625 0.0171875 0.02109375