0 0.27734375 0.975 0.0484375 0.05
0 0.17734375 0.8984375 0.0375 0.06328125
0 0.0984375 0.896875 0.0515625 0.0546875
0 0.084375 0.96640625 0.03828125 0.04921875
0 0.0125 0.7578125 0.02421875 0.0359375
0 0.19296875 0.75703125 0.0421875 0.040625
0 0.146875 0.80625 0.04765625 0.03984375
0 0.2109375 0.80234375 0.0234375 0.02734375
0 0.22890625 0.85546875 0.02421875 0.03515625
0 0.2859375 0.85859375 0.03828125 0.0515625
0 0.05546875 0.69296875 0.0265625 0.03359375
0 0.0734375 0.7796875 0.03828125 0.0359375
0 0.0734375 0.73671875 0.0203125 0.02578125
0 0.13046875 0.725 0.02734375 0.03515625
0 0.2125 0.70859375 0.0296875 0.0359375
0 0.26640625 0.68359375 0.01953125 0.0265625
0 0.234375 0.68359375 0.03046875 0.03125
0 0.19765625 0.65 0.0234375 0.028125
0 0.3265625 0.984375 0.02734375 0.03125
0 0.37734375 0.7859375 0.04453125 0.0890625
0 0.43046875 0.8984375 0.03203125 0.05078125
0 0.45390625 0.965625 0.04609375 0.05546875
0 0.29609375 0.65625 0.03046875 0.03359375
0 0.31796875 0.609375 0.0265625 0.0296875
0 0.35625 0.621875 0.0265625 0.0265625
0 0.39375 0.60234375 0.0234375 0.03125
0 0.37578125 0.5640625 0.021875 0.034375
0 0.4046875 0.56640625 0.02578125 0.028125
0 0.26171875 0.534375 0.02734375 0.02734375
0 0.284375 0.59375 0.02890625 0.03359375
0 0.32890625 0.52890625 0.025 0.0265625
0 0.3390625 0.56875 0.0203125 0.02734375
0 0.43828125 0.6265625 0.02578125 0.03515625
0 0.4171875 0.62734375 0.0234375 0.03125
0 0.43125 0.78203125 0.03125 0.03671875
0 0.43125 0.7484375 0.03671875 0.03515625
0 0.52265625 0.79140625 0.03671875 0.04765625
0 0.47265625 0.69453125 0.034375 0.0359375
0 0.4828125 0.665625 0.025 0.03125
0 0.52109375 0.625 0.025 0.0359375
0 0.4734375 0.64140625 0.02421875 0.0328125
0 0.59140625 0.815625 0.03515625 0.0453125
0 0.621875 0.92421875 0.046875 0.06875
0 0.59140625 0.94453125 0.03359375 0.0421875
0 0.6703125 0.93359375 0.0328125 0.05
0 0.6671875 0.9 0.02109375 0.02578125
0 0.62265625 0.83671875 0.03125 0.05859375
0 0.58984375 0.765625 0.03046875 0.0328125
0 0.76015625 0.946875 0.0453125 0.05234375
0 0.81875 0.97578125 0.04609375 0.0484375
0 0.43515625 0.44140625 0.021875 0.021875
0 0.41640625 0.46171875 0.02421875 0.0234375
0 0.46875 0.4828125 0.025 0.02890625
0 0.48046875 0.5640625 0.02578125 0.03203125
0 0.4796875 0.603125 0.01796875 0.025
0 0.5421875 0.5734375 0.028125 0.0328125
0 0.5859375 0.5703125 0.0265625 0.03046875
0 0.5859375 0.6265625 0.02421875 0.0328125
0 0.58125 0.68125 0.02734375 0.04375
0 0.61875 0.68671875 0.03046875 0.03984375
0 0.61328125 0.6375 0.02109375 0.03046875
0 0.66640625 0.64609375 0.03125 0.034375
0 0.403125 0.4015625 0.02109375 0.02421875
0 0.3984375 0.5125 0.02421875 0.02265625
0 0.68828125 0.73359375 0.028125 0.0453125
0 0.86875 0.92265625 0.04609375 0.0421875
0 0.746875 0.79453125 0.0359375 0.03671875
0 0.740625 0.7484375 0.03984375 0.03515625
0 0.71640625 0.7078125 0.03515625 0.0328125
0 0.76875 0.6671875 0.0359375 0.034375
0 0.784375 0.7125 0.0265625 0.0375
0 0.82578125 0.74296875 0.0265625 0.03046875
0 0.9296875 0.821875 0.03359375 0.05234375
0 0.9703125 0.859375 0.03984375 0.0453125
0 0.98203125 0.909375 0.0359375 0.04375
0 0.89765625 0.75234375 0.0375 0.03828125
0 0.8859375 0.7875 0.0359375 0.04375
0 0.9640625 0.73046875 0.04765625 0.05703125
0 0.96953125 0.60078125 0.040625 0.04140625
0 0.91171875 0.671875 0.034375 0.0375
0 0.8828125 0.67734375 0.03046875 0.03203125
0 0.815625 0.60078125 0.02578125 0.02578125
0 0.67109375 0.55625 0.028125 0.03359375
0 0.728125 0.6078125 0.02578125 0.0296875
0 0.62734375 0.5078125 0.028125 0.0265625
0 0.76328125 0.4828125 0.02265625 0.02578125
0 0.78671875 0.46640625 0.0265625 0.02734375
0 0.69609375 0.48828125 0.0234375 0.02578125
0 0.5609375 0.45078125 0.02734375 0.02421875
0 0.51328125 0.4625 0.025 0.0234375
0 0.71015625 0.57109375 0.0296875 0.03671875
0 0.65546875 0.59765625 0.01796875 0.02109375
0 0.5546875 0.51171875 0.02578125 0.0296875
0 0.5953125 0.46953125 0.02578125 0.02578125
0 0.6125 0.396875 0.02109375 0.02734375
0 0.44375 0.57890625 0.03046875 0.03046875
0 0.37578125 0.684375 0.0296875 0.0296875
0 0.45078125 0.5390625 0.02109375 0.02734375
0 0.7078125 0.96015625 0.034375 0.053125
0 0.76640625 0.6109375 0.03515625 0.03671875
0 0.80625 0.64453125 0.0265625 0.03046875
0 0.8421875 0.55546875 0.02734375 0.02578125
0 0.89375 0.53984375 0.0234375 0.02109375