0 0.1125 0.90859375 0.05234375 0.0640625
0 0.7546875 0.61640625 0.02265625 0.028125
0 0.7734375 0.9046875 0.04140625 0.06328125
0 0.75859375 0.83046875 0.03515625 0.04765625
0 0.43046875 0.50234375 0.02421875 0.02265625
0 0.18203125 0.559375 0.0296875 0.02890625
0 0.31015625 0.940625 0.0453125 0.0625
0 0.24453125 0.5703125 0.0234375 0.03125
0 0.41171875 0.840625 0.03671875 0.04921875
0 0.65390625 0.53359375 0.02734375 0.03125
0 0.6625 0.81484375 0.04765625 0.05234375
0 0.68984375 0.52265625 0.02734375 0.028125
0 0.3828125 0.7078125 0.02890625 0.0421875
0 0.51171875 0.7984375 0.0328125 0.03984375
0 0.4125 0.75859375 0.040625 0.05
0 0.44921875 0.86328125 0.0375 0.05703125
0 0.72890625 0.71171875 0.0375 0.0375
0 0.70234375 0.915625 0.04765625 0.0734375
0 0.08046875 0.83359375 0.03671875 0.046875
0 0.4640625 0.67109375 0.03046875 0.03671875
0 0.18125 0.52109375 0.02265625 0.0265625
0 0.72734375 0.78359375 0.0296875 0.0421875
0 0.86796875 0.43515625 0.021875 0.02421875
0 0.18984375 0.65703125 0.0296875 0.0296875
0 0.2609375 0.6375 0.03125 0.03125
0 0.1953125 0.93125 0.04453125 0.06875
0 0.62890625 0.58984375 0.0265625 0.034375
0 0.81640625 0.746875 0.0390625 0.04765625
0 0.8171875 0.88671875 0.0328125 0.04921875
0 0.29921875 0.81875 0.028125 0.0484375
0 0.2328125 0.88359375 0.02890625 0.05
0 0.57734375 0.79453125 0.02578125 0.0328125
0 0.73984375 0.4859375 0.01796875 0.0234375
0 0.34453125 0.784375 0.03203125 0.05
0 0.103125 0.71875 0.02890625 0.034375
0 0.1015625 0.5640625 0.03125 0.02578125
0 0.9046875 0.7515625 0.0421875 0.0578125
0 0.1875 0.71796875 0.02421875 0.02890625
0 0.10859375 0.44921875 0.0234375 0.025
0 0.9828125 0.846875 0.034375 0.046875
0 0.84609375 0.6078125 0.03203125 0.03203125
0 0.5078125 0.73125 0.028125 0.03828125
0 0.2359375 0.778125 0.03671875 0.04375
0 0.58671875 0.83046875 0.03046875 0.04140625
0 0.38828125 0.42265625 0.01953125 0.0203125
0 0.50859375 0.6140625 0.01875 0.0234375
0 0.91640625 0.621875 0.028125 0.034375
0 0.27578125 0.715625 0.03828125 0.04140625
0 0.78125 0.45078125 0.02734375 0.02421875
0 0.79453125 0.60625 0.02265625 0.028125
0 0.18515625 0.79140625 0.0265625 0.03203125
0 0.68203125 0.4546875 0.02265625 0.0234375
0 0.5671875 0.5078125 0.025 0.028125
0 0.59765625 0.59921875 0.025 0.02734375
0 0.71875 0.66328125 0.02578125 0.03125
0 0.30625 0.74296875 0.025 0.034375
0 0.740625 0.51484375 0.03125 0.02734375
0 0.490625 0.5484375 0.021875 0.025
0 0.3109375 0.65625 0.02734375 0.03359375
0 0.23984375 0.4390625 0.01875 0.0203125
0 0.3265625 0.69609375 0.0328125 0.040625
0 0.790625 0.78125 0.03671875 0.05234375
0 0.11953125 0.82421875 0.02890625 0.04921875
0 0.66484375 0.603125 0.0296875 0.03125
0 0.95078125 0.90625 0.046875 0.05703125
0 0.3828125 0.9765625 0.03359375 0.046875
0 0.16640625 0.89609375 0.040625 0.04140625
0 0.2171875 0.55625 0.02421875 0.02265625
0 0.8328125 0.83046875 0.02578125 0.03671875
0 0.26796875 0.5140625 0.01953125 0.02421875
0 0.48359375 0.62109375 0.01953125 0.0265625
0 0.52734375 0.490625 0.025 0.02109375
0 0.59921875 0.490625 0.02734375 0.02578125
0 0.7109375 0.55546875 0.03125 0.028125
0 0.06484375 0.58515625 0.0375 0.0359375
0 0.05546875 0.5515625 0.0265625 0.025
0 0.91796875 0.67421875 0.02890625 0.0375
0 0.03359375 0.78046875 0.04140625 0.034375
0 0.85546875 0.74140625 0.02578125 0.0390625
0 0.45546875 0.74140625 0.021875 0.03515625
0 0.83125 0.46796875 0.01796875 0.01953125
0 0.12734375 0.60546875 0.02265625 0.03046875
0 0.94375 0.784375 0.0203125 0.02578125
0 0.38359375 0.59921875 0.01953125 0.0265625
0 0.89453125 0.5765625 0.025 0.0296875
0 0.22890625 0.53359375 0.025 0.02734375
0 0.32421875 0.4578125 0.01953125 0.02421875
0 0.1328125 0.76640625 0.01875 0.0265625
0 0.45703125 0.7921875 0.02109375 0.03671875
0 0.90703125 0.53046875 0.02578125 0.02578125
0 0.01328125 0.58984375 0.02578125 0.034375
0 0.9671875 0.66484375 0.03359375 0.0453125
0 0.8859375 0.4046875 0.01875 0.01875
0 0.3546875 0.4828125 0.01875 0.021875
0 0.01171875 0.53984375 0.0234375 0.0296875
0 0.46171875 0.44609375 0.01875 0.021875
0 0.50625 0.4640625 0.02109375 0.01875
0 0.39609375 0.575 0.0203125 0.021875
0 0.753125 0.6515625 0.02578125 0.02578125
0 0.50234375 0.6328125 0.015625 0.0203125
0 0.8296875 0.49140625 0.0203125 0.0203125
0 0.6671875 0.47109375 0.01875 0.01953125
0 0.28359375 0.459375 0.01953125 0.01875
0 0.0953125 0.53125 0.0234375 0.03125
0 0.4703125 0.496875 0.0140625 0.01875
0 0.51953125 0.515625 0.02109375 0.02421875
0 0.5515625 0.42734375 0.01796875 0.0265625
0 0.5703125 0.40703125 0.01875 0.0234375
0 0.39375 0.61953125 0.021875 0.02734375
0 0.3640625 0.50390625 0.0203125 0.02265625
0 0.421875 0.69375 0.02421875 0.0359375
0 0.28046875 0.4359375 0.015625 0.0171875
0 0.9328125 0.4875 0.0234375 0.02109375
0 0.40390625 0.43984375 0.01796875 0.0203125
0 0.13515625 0.471875 0.021875 0.028125
0 0.66171875 0.48828125 0.02109375 0.0171875
0 0.7390625 0.3734375 0.01796875 0.01796875
0 0.1484375 0.85703125 0.021875 0.02578125
0 0.6765625 0.621875 0.01796875 0.0203125
0 0.803125 0.49609375 0.0203125 0.02109375
0 0.43359375 0.65078125 0.02109375 0.03359375
0 0.89296875 0.36796875 0.02265625 0.021875
0 0.8984375 0.50078125 0.021875 0.021875
0 0.67109375 0.98515625 0.02890625 0.0296875
0 0.94453125 0.6296875 0.0171875 0.02265625
0 0.78046875 0.53828125 0.0265625 0.025
0 0.01328125 0.68125 0.0265625 0.03125
0 0.03359375 0.73671875 0.053125 0.04296875
0 0.98046875 0.7984375 0.0390625 0.040625
0 0.325 0.58828125 0.02265625 0.02890625
0 0.42109375 0.54296875 0.01640625 0.02421875
0 0.159375 0.521875 0.01640625 0.0203125
0 0.99140625 0.74375 0.01640625 0.04296875
0 0.93125 0.55390625 0.02265625 0.02578125
0 0.6265625 0.5015625 0.01875 0.0171875
0 0.1359375 0.43046875 0.02109375 0.0203125
0 0.48984375 0.6 0.01796875 0.0203125
0 0.446875 0.359375 0.01328125 0.01796875
0 0.9375 0.9859375 0.059375 0.028125
0 0.7 0.43984375 0.015625 0.01953125
0 0.1484375 0.51015625 0.01640625 0.0234375
0 0.74375 0.35078125 0.01640625 0.01875
0 0.43515625 0.4265625 0.0171875 0.01875
0 0.74609375 0.41875 0.01796875 0.02109375
0 0.37265625 0.3375 0.01875 0.02109375
0 0.03125 0.471875 0.02421875 0.021875
0 0.84609375 0.565625 0.02109375 0.02109375
0 0.7625 0.4375 0.0234375 0.03125
0 0.7796875 0.4015625 0.01953125 0.01796875
0 0.690625 0.3546875 0.01640625 0.01796875
0 0.98203125 0.9828125 0.0359375 0.034375
0 0.83046875 0.54921875 0.03046875 0.02890625
0 0.7609375 0.39296875 0.01875 0.0171875
0 0.7140625 0.375 0.0171875 0.01796875
0 0.51484375 0.4 0.0140625 0.01875
0 0.55859375 0.3234375 0.01484375 0.01640625
0 0.48125 0.446875 0.015625 0.01875
0 0.99453125 0.43046875 0.01015625 0.021875
0 0.06875 0.7875 0.025 0.02890625
0 0.3015625 0.44375 0.01796875 0.02109375
0 0.70390625 0.409375 0.01796875 0.01953125
0 0.6953125 0.48203125 0.01640625 0.02265625
0 0.7546875 0.334375 0.01796875 0.0203125
0 0.8046875 0.6984375 0.021875 0.03046875
0 0.91796875 0.4484375 0.02421875 0.025
0 0.809375 0.3734375 0.01796875 0.01796875
0 0.76953125 0.375 0.01484375 0.01796875
0 0.084375 0.42109375 0.01640625 0.0171875
0 0.68203125 0.37734375 0.01796875 0.01796875
0 0.23828125 0.990625 0.0328125 0.01796875
0 0.1 0.48671875 0.01953125 0.0203125
0 0.36015625 0.4375 0.0171875 0.01953125
0 0.075 0.5125 0.01875 0.021875
0 0.75546875 0.99296875 0.03984375 0.01328125
0 0.50625 0.44609375 0.01640625 0.0171875
0 0.2 0.8734375 0.0484375 0.05625
0 0.1703125 0.4609375 0.03359375 0.04140625
0 0.25390625 0.47265625 0.02421875 0.028125
0 0.346875 0.4140625 0.04375 0.03125
0 0.12421875 0.66484375 0.02890625 0.03984375
0 0.56484375 0.45390625 0.03046875 0.03125
0 0.84609375 0.4078125 0.03671875 0.0296875
0 0.8703125 0.6421875 0.04140625 0.040625
0 0.69375 0.6453125 0.02734375 0.0265625