0 0.0203125 0.909375 0.03203125 0.0640625
0 0.1515625 0.96484375 0.04609375 0.05546875
0 0.0890625 0.8765625 0.03984375 0.05546875
0 0.14453125 0.90546875 0.0453125 0.046875
0 0.09765625 0.803125 0.04375 0.0515625
0 0.13515625 0.8328125 0.021875 0.0390625
0 0.20234375 0.89140625 0.034375 0.06015625
0 0.28671875 0.8890625 0.0421875 0.05859375
0 0.31328125 0.9640625 0.03828125 0.0625
0 0.35078125 0.97265625 0.03046875 0.0515625
0 0.53671875 0.97421875 0.04453125 0.05078125
0 0.4484375 0.90234375 0.04296875 0.053125
0 0.290625 0.82421875 0.0390625 0.06875
0 0.2265625 0.75234375 0.03984375 0.0515625
0 0.26484375 0.675 0.02734375 0.04296875
0 0.30078125 0.7046875 0.034375 0.04453125
0 0.3484375 0.71171875 0.0234375 0.03359375
0 0.37109375 0.7140625 0.02421875 0.02890625
0 0.309375 0.64375 0.0375 0.0484375
0 0.01953125 0.7734375 0.0390625 0.0375
0 0.0171875 0.74375 0.034375 0.0359375
0 0.0390625 0.70625 0.0375 0.0359375
0 0.01484375 0.634375 0.0296875 0.03984375
0 0.1515625 0.5796875 0.02421875 0.03359375
0 0.18125 0.721875 0.02890625 0.028125
0 0.18828125 0.68359375 0.0296875 0.03671875
0 0.16640625 0.7953125 0.0328125 0.0328125
0 0.19296875 0.75390625 0.025 0.028125
0 0.178125 0.82421875 0.03203125 0.04296875
0 0.0578125 0.6265625 0.03046875 0.03046875
0 0.23671875 0.64921875 0.028125 0.03984375
0 0.265625 0.621875 0.025 0.034375
0 0.24140625 0.59296875 0.02421875 0.028125
0 0.31796875 0.5796875 0.02734375 0.03125
0 0.359375 0.615625 0.0296875 0.03125
0 0.375 0.79453125 0.03671875 0.0546875
0 0.43125 0.78203125 0.0296875 0.03359375
0 0.4328125 0.8453125 0.02265625 0.03359375
0 0.46328125 0.95703125 0.0421875 0.04609375
0 0.4109375 0.984375 0.03046875 0.03046875
0 0.56640625 0.83828125 0.02578125 0.0359375
0 0.625 0.79609375 0.03984375 0.0515625
0 0.67265625 0.8421875 0.02578125 0.0390625
0 0.62578125 0.87109375 0.03671875 0.046875
0 0.7578125 0.890625 0.03125 0.04296875
0 0.8 0.89296875 0.0375 0.05703125
0 0.87265625 0.9578125 0.05390625 0.06328125
0 0.81171875 0.98359375 0.0328125 0.0328125
0 0.71640625 0.8 0.0265625 0.04765625
0 0.74921875 0.84453125 0.0234375 0.03671875
0 0.834375 0.7953125 0.04375 0.0515625
0 0.790625 0.70625 0.0296875 0.04296875
0 0.72109375 0.71875 0.02578125 0.0359375
0 0.753125 0.73515625 0.0328125 0.03828125
0 0.67265625 0.7265625 0.0328125 0.0359375
0 0.61875 0.7375 0.03125 0.02890625
0 0.58046875 0.728125 0.0265625 0.0328125
0 0.54296875 0.7328125 0.0359375 0.03515625
0 0.61171875 0.6859375 0.02578125 0.0296875
0 0.65078125 0.67109375 0.0296875 0.040625
0 0.84375 0.7125 0.0359375 0.03671875
0 0.82421875 0.74453125 0.0234375 0.028125
0 0.90078125 0.734375 0.0453125 0.03984375
0 0.959375 0.86171875 0.053125 0.065625
0 0.8703125 0.83671875 0.040625 0.046875
0 0.91171875 0.86171875 0.03359375 0.04765625
0 0.9234375 0.7765625 0.03828125 0.03984375
0 0.91484375 0.6796875 0.0328125 0.03359375
0 0.93203125 0.7171875 0.03671875 0.03359375
0 0.85390625 0.646875 0.02578125 0.02578125
0 0.846875 0.5984375 0.03203125 0.034375
0 0.85078125 0.56484375 0.0296875 0.02890625
0 0.83046875 0.65390625 0.02265625 0.03515625
0 0.76796875 0.6140625 0.02265625 0.0359375
0 0.7234375 0.6234375 0.025 0.02578125
0 0.6515625 0.6390625 0.0234375 0.028125
0 0.67578125 0.60078125 0.03046875 0.03125
0 0.5796875 0.5875 0.02890625 0.0265625
0 0.51484375 0.64375 0.02578125 0.03125
0 0.4828125 0.64140625 0.02890625 0.034375
0 0.47421875 0.721875 0.01875 0.0296875
0 0.40078125 0.59765625 0.03125 0.034375
0 0.3984375 0.5375 0.02890625 0.02578125
0 0.2921875 0.53671875 0.02421875 0.0296875
0 0.6140625 0.55546875 0.01953125 0.0296875
0 0.640625 0.5328125 0.0234375 0.0265625
0 0.6109375 0.52890625 0.021875 0.025
0 0.65 0.4953125 0.021875 0.0265625
0 0.72890625 0.5046875 0.02265625 0.025
0 0.7671875 0.55625 0.021875 0.0296875
0 0.90703125 0.64140625 0.03203125 0.0390625
0 0.44453125 0.5875 0.0234375 0.0359375
0 0.41640625 0.50546875 0.02890625 0.02109375
0 0.30234375 0.44609375 0.01953125 0.0234375
0 0.465625 0.4671875 0.02578125 0.025
0 0.48515625 0.490625 0.01875 0.028125
0 0.80234375 0.4875 0.02734375 0.028125
0 0.7625 0.44921875 0.01796875 0.0203125
0 0.79609375 0.4484375 0.02421875 0.021875
0 0.84375 0.45546875 0.0265625 0.0265625
0 0.60234375 0.43828125 0.0203125 0.02890625
0 0.625 0.41484375 0.02109375 0.0328125