0 0.121875 0.9640625 0.0703125 0.071875
0 0.075 0.81875 0.046875 0.05703125
0 0.19765625 0.95390625 0.046875 0.06015625
0 0.23515625 0.8328125 0.034375 0.05234375
0 0.26796875 0.903125 0.03359375 0.03359375
0 0.29140625 0.971875 0.04140625 0.05546875
0 0.3828125 0.97265625 0.059375 0.0546875
0 0.45390625 0.87734375 0.05546875 0.0640625
0 0.53125 0.8171875 0.0453125 0.05234375
0 0.62265625 0.8203125 0.0453125 0.06171875
0 0.628125 0.92109375 0.03984375 0.0796875
0 0.8828125 0.85859375 0.034375 0.059375
0 0.83125 0.859375 0.04453125 0.0484375
0 0.7546875 0.78203125 0.0265625 0.04765625
0 0.87578125 0.76328125 0.04609375 0.04765625
0 0.953125 0.78515625 0.046875 0.0484375
0 0.55703125 0.69609375 0.0453125 0.0484375
0 0.4828125 0.725 0.04375 0.046875
0 0.33984375 0.78203125 0.03828125 0.065625
0 0.4046875 0.74765625 0.0265625 0.0421875
0 0.35546875 0.6171875 0.0328125 0.04921875
0 0.2546875 0.7203125 0.0328125 0.04453125
0 0.14921875 0.7625 0.05703125 0.046875
0 0.1671875 0.71015625 0.03515625 0.0421875
0 0.121875 0.67890625 0.03046875 0.03125
0 0.0265625 0.71875 0.053125 0.04765625
0 0.0390625 0.63125 0.025 0.025
0 0.11171875 0.590625 0.05078125 0.0328125
0 0.25 0.765625 0.02734375 0.0296875
0 0.28671875 0.66640625 0.03515625 0.0359375
0 0.27734375 0.62265625 0.03359375 0.0421875
0 0.3359375 0.525 0.03671875 0.025
0 0.38828125 0.471875 0.02109375 0.0265625
0 0.31015625 0.45546875 0.0234375 0.021875
0 0.2578125 0.5109375 0.02421875 0.03125
0 0.4734375 0.66171875 0.03046875 0.04609375
0 0.66015625 0.7109375 0.04296875 0.04765625
0 0.6359375 0.6265625 0.0359375 0.0390625
0 0.59609375 0.59296875 0.03359375 0.0328125
0 0.5203125 0.53203125 0.04296875 0.04453125
0 0.57109375 0.52265625 0.01640625 0.025
0 0.5625 0.50234375 0.028125 0.025
0 0.65234375 0.51875 0.0296875 0.03203125
0 0.6953125 0.7296875 0.01171875 0.0265625
0 0.7265625 0.70234375 0.0234375 0.03046875
0 0.7109375 0.659375 0.04375 0.053125
0 0.7859375 0.765625 0.03828125 0.0421875
0 0.8125 0.7296875 0.040625 0.04296875
0 0.96171875 0.69921875 0.0421875 0.0421875
0 0.8890625 0.6046875 0.0359375 0.03515625
0 0.76328125 0.65390625 0.02578125 0.03203125
0 0.76796875 0.59765625 0.0359375 0.03046875
0 0.72109375 0.5328125 0.028125 0.0265625
0 0.75234375 0.540625 0.025 0.03515625
0 0.94375 0.6171875 0.04140625 0.0453125
0 0.84765625 0.509375 0.0203125 0.03203125
0 0.84140625 0.43359375 0.02578125 0.02421875
0 0.71953125 0.45234375 0.02265625 0.02109375
0 0.70703125 0.50078125 0.0265625 0.02734375
0 0.6828125 0.45078125 0.02578125 0.0265625
0 0.4625 0.4234375 0.02421875 0.01953125
0 0.33671875 0.49140625 0.028125 0.02578125
0 0.15234375 0.5359375 0.021875 0.03125
0 0.11328125 0.54296875 0.02421875 0.03203125
0 0.025 0.57421875 0.03046875 0.03125
0 0.371875 0.73203125 0.03828125 0.03046875
0 0.4484375 0.584375 0.0375 0.04140625
0 0.4671875 0.38359375 0.021875 0.02578125
0 0.34453125 0.375 0.01953125 0.02421875
0 0.73515625 0.36875 0.0203125 0.02421875
0 0.61875 0.415625 0.0234375 0.028125
0 0.49453125 0.40546875 0.01953125 0.02265625
0 0.42265625 0.42109375 0.01796875 0.02421875
0 0.9375 0.43671875 0.0296875 0.021875
0 0.80390625 0.46015625 0.0359375 0.02890625
0 0.53828125 0.42265625 0.021875 0.021875
0 0.59453125 0.44453125 0.0171875 0.0234375