0 0.1078125 0.98046875 0.053125 0.0390625
0 0.16640625 0.9796875 0.0296875 0.040625
0 0.2234375 0.903125 0.0375 0.0609375
0 0.26953125 0.95859375 0.046875 0.05234375
0 0.303125 0.86640625 0.03359375 0.05625
0 0.38203125 0.87578125 0.03984375 0.06875
0 0.0359375 0.8984375 0.05546875 0.06328125
0 0.04609375 0.82890625 0.0265625 0.0421875
0 0.01171875 0.8375 0.0234375 0.05
0 0.02734375 0.74453125 0.03203125 0.04296875
0 0.1078125 0.73203125 0.046875 0.04453125
0 0.10078125 0.79296875 0.0359375 0.03984375
0 0.13984375 0.7578125 0.034375 0.04921875
0 0.16796875 0.7296875 0.0359375 0.04453125
0 0.184375 0.74765625 0.04609375 0.04765625
0 0.20390625 0.80234375 0.040625 0.05625
0 0.1671875 0.85390625 0.04765625 0.06640625
0 0.1578125 0.815625 0.03203125 0.02734375
0 0.11953125 0.9046875 0.04453125 0.06875
0 0.24140625 0.86015625 0.04296875 0.025
0 0.28359375 0.803125 0.0359375 0.0296875
0 0.284375 0.7546875 0.03515625 0.0578125
0 0.24609375 0.74453125 0.02734375 0.04375
0 0.2265625 0.6890625 0.02578125 0.06796875
0 0.19375 0.6921875 0.01953125 0.034375
0 0.1828125 0.65 0.034375 0.06015625
0 0.01640625 0.65625 0.0328125 0.0390625
0 0.0234375 0.5953125 0.0375 0.05390625
0 0.06640625 0.5875 0.0265625 0.0296875
0 0.1515625 0.553125 0.034375 0.0328125
0 0.2359375 0.6078125 0.02109375 0.0359375
0 0.259375 0.63125 0.03671875 0.0296875
0 0.284375 0.64921875 0.025 0.0484375
0 0.296875 0.59609375 0.02578125 0.05
0 0.26015625 0.57578125 0.03046875 0.03984375
0 0.30859375 0.5609375 0.021875 0.04375
0 0.33984375 0.58046875 0.03671875 0.04765625
0 0.38359375 0.55625 0.0171875 0.04765625
0 0.4140625 0.5984375 0.0203125 0.04140625
0 0.359375 0.65390625 0.01640625 0.034375
0 0.36484375 0.70859375 0.034375 0.040625
0 0.365625 0.7078125 0.03671875 0.04921875
0 0.33515625 0.75390625 0.028125 0.04140625
0 0.3375 0.8609375 0.03046875 0.046875
0 0.30703125 0.9203125 0.03515625 0.0484375
0 0.02890625 0.68515625 0.021875 0.03828125
0 0.2890625 0.45859375 0.034375 0.03046875
0 0.284375 0.5109375 0.0203125 0.02734375
0 0.32734375 0.49140625 0.0234375 0.02109375
0 0.384375 0.5140625 0.021875 0.03515625
0 0.425 0.5453125 0.015625 0.02421875
0 0.44921875 0.56796875 0.025 0.0265625
0 0.46015625 0.6015625 0.0203125 0.03203125
0 0.45234375 0.65625 0.02265625 0.0390625
0 0.5140625 0.66640625 0.025 0.0453125
0 0.5796875 0.72265625 0.02578125 0.040625
0 0.58046875 0.78125 0.03359375 0.0609375
0 0.43125 0.8140625 0.04375 0.0359375
0 0.40859375 0.76171875 0.021875 0.05390625
0 0.440625 0.85625 0.04296875 0.03203125
0 0.440625 0.90546875 0.03828125 0.03984375
0 0.39453125 0.978125 0.03359375 0.04375
0 0.42890625 0.9734375 0.02265625 0.0453125
0 0.5078125 0.86953125 0.04453125 0.05390625
0 0.52109375 0.94375 0.03515625 0.05234375
0 0.56328125 0.96484375 0.04375 0.0703125
0 0.53046875 0.7578125 0.02265625 0.0328125
0 0.484375 0.6015625 0.0234375 0.03828125
0 0.54609375 0.66328125 0.01875 0.0453125
0 0.57734375 0.6265625 0.02265625 0.04765625
0 0.23515625 0.56015625 0.0171875 0.0296875
0 0.05625 0.65703125 0.0234375 0.03125
0 0.64609375 0.91640625 0.0453125 0.034375
0 0.69296875 0.9140625 0.03046875 0.05390625
0 0.70234375 0.79140625 0.03125 0.0390625
0 0.6921875 0.75703125 0.0265625 0.028125
0 0.665625 0.7265625 0.0296875 0.04140625
0 0.62265625 0.75546875 0.021875 0.04609375
0 0.628125 0.66015625 0.03125 0.05859375
0 0.6046875 0.61328125 0.0234375 0.03828125
0 0.67265625 0.65859375 0.0375 0.0390625
0 0.703125 0.66796875 0.03046875 0.0359375
0 0.73671875 0.6453125 0.02578125 0.04765625
0 0.76875 0.7125 0.0375 0.04375
0 0.76171875 0.67265625 0.01328125 0.02734375
0 0.8 0.7546875 0.0328125 0.0296875
0 0.82890625 0.7734375 0.021875 0.028125
0 0.865625 0.759375 0.03671875 0.053125
0 0.7921875 0.8421875 0.04375 0.0625
0 0.73984375 0.79921875 0.0359375 0.04140625
0 0.74453125 0.8671875 0.034375 0.05703125
0 0.75078125 0.95234375 0.03125 0.046875
0 0.8328125 0.953125 0.04609375 0.0625
0 0.8609375 0.903125 0.04609375 0.0625
0 0.88203125 0.96953125 0.05078125 0.0609375
0 0.93359375 0.896875 0.04375 0.0359375
0 0.890625 0.84921875 0.0453125 0.04921875
0 0.9 0.72265625 0.0234375 0.0421875
0 0.9140625 0.68203125 0.03515625 0.03203125
0 0.8546875 0.64609375 0.0171875 0.040625
0 0.828125 0.6625 0.03515625 0.034375
0 0.84765625 0.70390625 0.02734375 0.028125
0 0.78203125 0.64375 0.03671875 0.04296875
0 0.97109375 0.753125 0.021875 0.03828125
0 0.9390625 0.76484375 0.028125 0.040625
0 0.97265625 0.8453125 0.0375 0.046875
0 0.97734375 0.97578125 0.0328125 0.0484375
0 0.9375 0.95234375 0.03671875 0.05546875
0 0.79140625 0.59609375 0.025 0.025
0 0.8359375 0.5984375 0.034375 0.03125
0 0.890625 0.57890625 0.01953125 0.0328125
0 0.7859375 0.54921875 0.034375 0.01953125
0 0.7921875 0.5234375 0.02421875 0.02734375
0 0.971875 0.63828125 0.0265625 0.02734375
0 0.6765625 0.5796875 0.0234375 0.02734375
0 0.63125 0.55078125 0.03046875 0.02265625
0 0.71640625 0.5734375 0.02890625 0.0375
0 0.7484375 0.6 0.028125 0.0265625
0 0.7546875 0.4625 0.03125 0.021875
0 0.85234375 0.5109375 0.028125 0.0375
0 0.60390625 0.4984375 0.02265625 0.03125
0 0.68203125 0.4734375 0.02734375 0.03515625
0 0.40390625 0.48125 0.03125 0.0296875
0 0.54609375 0.5515625 0.028125 0.03125