0 0.4296875 0.83515625 0.040625 0.0484375
0 0.146875 0.62734375 0.0390625 0.0421875
0 0.7109375 0.8234375 0.040625 0.05859375
0 0.3671875 0.47734375 0.02734375 0.02734375
0 0.35546875 0.8328125 0.03828125 0.05625
0 0.30546875 0.78359375 0.059375 0.06640625
0 0.14296875 0.72421875 0.0515625 0.0515625
0 0.84296875 0.88515625 0.03828125 0.053125
0 0.2859375 0.88671875 0.05 0.06171875
0 0.61953125 0.8625 0.06171875 0.06875
0 0.21640625 0.81953125 0.04765625 0.0640625
0 0.334375 0.921875 0.05078125 0.0703125
0 0.44765625 0.6046875 0.02265625 0.0265625
0 0.62734375 0.5078125 0.0296875 0.03515625
0 0.946875 0.61640625 0.0390625 0.0453125
0 0.87890625 0.7703125 0.03359375 0.0515625
0 0.66953125 0.49765625 0.03125 0.03515625
0 0.0703125 0.54140625 0.0375 0.03515625
0 0.82578125 0.96796875 0.05234375 0.059375
0 0.740625 0.88203125 0.0421875 0.0671875
0 0.79765625 0.596875 0.03125 0.03671875
0 0.51171875 0.83671875 0.040625 0.04921875
0 0.76171875 0.9734375 0.0515625 0.053125
0 0.521875 0.884375 0.04609375 0.0546875
0 0.94609375 0.78125 0.0609375 0.07578125
0 0.59609375 0.5734375 0.03046875 0.0375
0 0.48203125 0.459375 0.02890625 0.025
0 0.71015625 0.728125 0.04609375 0.04296875
0 0.42578125 0.74296875 0.03671875 0.04609375
0 0.79140625 0.81640625 0.04609375 0.065625
0 0.43203125 0.5265625 0.0265625 0.028125
0 0.78828125 0.4234375 0.03046875 0.02734375
0 0.82265625 0.7765625 0.0484375 0.05703125
0 0.86328125 0.59921875 0.03671875 0.03984375
0 0.33359375 0.38671875 0.021875 0.02109375
0 0.18046875 0.7625 0.0390625 0.04609375
0 0.73671875 0.49140625 0.034375 0.0328125
0 0.20078125 0.6515625 0.0328125 0.04296875
0 0.84375 0.43984375 0.0203125 0.02265625
0 0.21171875 0.7015625 0.04453125 0.05078125
0 0.38515625 0.671875 0.0375 0.0453125
0 0.075 0.8078125 0.0484375 0.06328125
0 0.15234375 0.859375 0.0390625 0.05703125
0 0.25390625 0.43046875 0.0234375 0.02578125
0 0.809375 0.465625 0.0265625 0.025
0 0.5546875 0.58125 0.03203125 0.0328125
0 0.36484375 0.76328125 0.03125 0.04765625
0 0.74375 0.65 0.03671875 0.03203125
0 0.69765625 0.53671875 0.0375 0.03515625
0 0.4171875 0.41015625 0.02421875 0.02578125
0 0.4109375 0.61171875 0.0234375 0.03046875
0 0.07890625 0.49609375 0.03359375 0.03203125
0 0.52578125 0.48359375 0.03046875 0.03203125
0 0.16484375 0.40625 0.02265625 0.025
0 0.56484375 0.45859375 0.03046875 0.028125
0 0.66328125 0.97421875 0.0609375 0.0515625
0 0.9375 0.50625 0.03203125 0.028125
0 0.6390625 0.59296875 0.034375 0.03515625
0 0.7359375 0.4546875 0.0203125 0.025
0 0.34609375 0.51953125 0.0234375 0.0296875
0 0.92421875 0.5625 0.0328125 0.03671875
0 0.95703125 0.684375 0.04609375 0.05
0 0.41875 0.465625 0.01640625 0.02421875
0 0.4359375 0.62421875 0.01953125 0.025
0 0.05078125 0.6546875 0.034375 0.03828125
0 0.1453125 0.55234375 0.02734375 0.0375
0 0.2109375 0.40078125 0.021875 0.01953125
0 0.88671875 0.39921875 0.02578125 0.028125
0 0.70234375 0.6625 0.03203125 0.03125
0 0.03203125 0.73203125 0.03203125 0.0453125
0 0.17890625 0.48984375 0.0234375 0.028125
0 0.22890625 0.57109375 0.03046875 0.03515625
0 0.03984375 0.953125 0.03984375 0.0609375
0 0.9875 0.62734375 0.02265625 0.03046875
0 0.90546875 0.371875 0.025 0.021875
0 0.31796875 0.55859375 0.025 0.0234375
0 0.73671875 0.33515625 0.02265625 0.02109375
0 0.46953125 0.49296875 0.0234375 0.0265625
0 0.29453125 0.5796875 0.02578125 0.03125
0 0.11171875 0.5359375 0.03125 0.02578125
0 0.13125 0.50546875 0.03046875 0.034375
0 0.278125 0.7140625 0.04140625 0.0515625
0 0.78125 0.51171875 0.03203125 0.03046875
0 0.9265625 0.471875 0.02734375 0.02734375
0 0.6515625 0.4421875 0.021875 0.02265625
0 0.74453125 0.6078125 0.0296875 0.0328125
0 0.66796875 0.4234375 0.02265625 0.025
0 0.3265625 0.7015625 0.0265625 0.0453125
0 0.28828125 0.47734375 0.02578125 0.025
0 0.0140625 0.82890625 0.02734375 0.04609375
0 0.20859375 0.43125 0.021875 0.02265625
0 0.98984375 0.828125 0.01953125 0.03828125
0 0.425 0.5828125 0.01875 0.0234375
0 0.46015625 0.434375 0.025 0.0234375
0 0.28671875 0.45078125 0.021875 0.0234375
0 0.840625 0.46328125 0.025 0.021875
0 0.6421875 0.46171875 0.02578125 0.0203125
0 0.8671875 0.5484375 0.025 0.025
0 0.971875 0.53984375 0.02734375 0.03046875
0 0.80859375 0.7078125 0.02734375 0.03984375
0 0.7015625 0.378125 0.025 0.0234375
0 0.6890625 0.403125 0.01875 0.02421875
0 0.309375 0.60546875 0.028125 0.03046875
0 0.740625 0.3796875 0.021875 0.02265625
0 0.34609375 0.40703125 0.021875 0.025
0 0.34609375 0.64296875 0.028125 0.04296875
0 0.60078125 0.47734375 0.02265625 0.01953125
0 0.48125 0.3671875 0.0171875 0.01875
0 0.70859375 0.3359375 0.01953125 0.0203125
0 0.91875 0.32890625 0.02578125 0.02265625
0 0.68046875 0.31953125 0.01875 0.01796875
0 0.7265625 0.70703125 0.01875 0.02265625
0 0.40703125 0.3609375 0.03359375 0.0359375
0 0.4046875 0.325 0.0171875 0.021875
0 0.84375 0.53203125 0.034375 0.02890625
0 0.28671875 0.38125 0.028125 0.02265625
0 0.54375 0.375 0.0203125 0.02421875
0 0.5296875 0.315625 0.028125 0.03046875
0 0.5375 0.28359375 0.01796875 0.01875
0 0.85859375 0.36953125 0.0359375 0.03203125
0 0.86484375 0.328125 0.02265625 0.01875
0 0.9453125 0.41640625 0.0328125 0.0296875
0 0.83984375 0.503125 0.021875 0.0234375
0 0.68046875 0.44921875 0.0203125 0.028125
0 0.32578125 0.3 0.02265625 0.025
0 0.05234375 0.49609375 0.0203125 0.02421875
0 0.7453125 0.31484375 0.01953125 0.01953125
0 0.99375 0.375 0.0125 0.02265625
0 0.6171875 0.2828125 0.01640625 0.01796875
0 0.134375 0.9734375 0.0421875 0.05234375
0 0.5296875 0.4265625 0.01953125 0.0203125
0 0.23359375 0.4078125 0.02265625 0.02265625
0 0.8921875 0.63828125 0.0359375 0.03671875
0 0.03515625 0.4828125 0.021875 0.025
0 0.234375 0.36640625 0.0203125 0.021875
0 0.0109375 0.421875 0.02109375 0.02578125
0 0.2984375 0.40390625 0.0203125 0.0203125
0 0.9703125 0.4546875 0.0234375 0.02109375
0 0.99375 0.86875 0.01171875 0.04921875
0 0.99453125 0.45234375 0.01015625 0.02421875
0 0.0046875 0.5953125 0.00859375 0.03359375
0 0.37890625 0.3875 0.01875 0.01953125
0 0.0328125 0.44609375 0.0265625 0.02578125
0 0.75703125 0.29453125 0.01796875 0.01796875
0 0.24609375 0.46328125 0.021875 0.02265625
0 0.07265625 0.378125 0.02109375 0.01953125
0 0.534375 0.265625 0.01484375 0.0171875
0 0.67265625 0.34296875 0.01953125 0.01796875
0 0.909375 0.29921875 0.01875 0.0171875
0 0.88046875 0.46328125 0.02734375 0.028125
0 0.3640625 0.28984375 0.01953125 0.0203125
0 0.84375 0.3 0.0203125 0.01796875
0 0.08203125 0.4390625 0.02578125 0.02578125
0 0.8109375 0.396875 0.0171875 0.01953125
0 0.55078125 0.2765625 0.015625 0.01875
0 0.1546875 0.4390625 0.02109375 0.01875
0 0.5984375 0.26875 0.0140625 0.0171875
0 0.45625 0.40234375 0.02109375 0.0234375
0 0.3796875 0.36640625 0.0171875 0.0234375
0 0.18671875 0.5890625 0.0375 0.04140625
0 0.26953125 0.5765625 0.02890625 0.0359375
0 0.1578125 0.36171875 0.03671875 0.03515625
0 0.17890625 0.440625 0.028125 0.02421875
0 0.0453125 0.39453125 0.03203125 0.034375
0 0.51953125 0.39296875 0.01953125 0.03203125
0 0.52109375 0.34296875 0.02421875 0.03125
0 0.40234375 0.55546875 0.02265625 0.034375
0 0.36796875 0.56484375 0.03359375 0.02421875
0 0.55546875 0.52890625 0.04453125 0.03359375
0 0.64765625 0.33984375 0.02734375 0.03359375
0 0.775 0.33046875 0.028125 0.03203125
0 0.7609375 0.35703125 0.0359375 0.0265625
0 0.67578125 0.63203125 0.03828125 0.046875
0 0.6515625 0.61328125 0.02421875 0.04453125