0 0.28359375 0.88984375 0.053125 0.05390625
0 0.14921875 0.975 0.04296875 0.05
0 0.171875 0.9125 0.04453125 0.065625
0 0.115625 0.88359375 0.06015625 0.059375
0 0.0390625 0.86796875 0.05625 0.065625
0 0.36171875 0.9109375 0.04375 0.06796875
0 0.415625 0.85859375 0.0640625 0.0796875
0 0.5375 0.89453125 0.05390625 0.06328125
0 0.4984375 0.84921875 0.04140625 0.04296875
0 0.553125 0.81328125 0.0234375 0.03984375
0 0.7609375 0.92890625 0.05859375 0.0609375
0 0.8390625 0.9203125 0.06875 0.071875
0 0.9109375 0.91015625 0.0640625 0.084375
0 0.95078125 0.98515625 0.0484375 0.02890625
0 0.06328125 0.96484375 0.04921875 0.0484375
0 0.1171875 0.740625 0.053125 0.0484375
0 0.03046875 0.821875 0.0609375 0.06875
0 0.36640625 0.81796875 0.028125 0.04609375
0 0.4203125 0.978125 0.03828125 0.04375
0 0.53828125 0.71484375 0.0421875 0.06796875
0 0.415625 0.7546875 0.0375 0.046875
0 0.37734375 0.71953125 0.04140625 0.0390625
0 0.321875 0.753125 0.05234375 0.04765625
0 0.2484375 0.753125 0.01953125 0.0234375
0 0.26640625 0.73671875 0.0328125 0.03828125
0 0.18671875 0.68671875 0.03984375 0.046875
0 0.40078125 0.678125 0.04453125 0.0515625
0 0.44921875 0.6484375 0.04375 0.04453125
0 0.571875 0.69765625 0.0546875 0.04609375
0 0.55078125 0.6515625 0.03671875 0.0453125
0 0.61640625 0.6984375 0.03828125 0.0375
0 0.64609375 0.80859375 0.04296875 0.06171875
0 0.65 0.93828125 0.0203125 0.03125
0 0.71328125 0.709375 0.0296875 0.0484375
0 0.74609375 0.7203125 0.0296875 0.040625
0 0.775 0.703125 0.03359375 0.03203125
0 0.86328125 0.821875 0.06171875 0.0828125
0 0.96171875 0.86640625 0.0484375 0.06796875
0 0.90390625 0.78125 0.05234375 0.04765625
0 0.96640625 0.815625 0.05703125 0.0625
0 0.6515625 0.64453125 0.0328125 0.040625
0 0.80859375 0.83984375 0.028125 0.04609375
0 0.8203125 0.75859375 0.03828125 0.03984375
0 0.84375 0.73515625 0.05078125 0.040625
0 0.35390625 0.67109375 0.03828125 0.04296875
0 0.28515625 0.62109375 0.02578125 0.03203125
0 0.33984375 0.62265625 0.0328125 0.040625
0 0.39765625 0.628125 0.04296875 0.03359375
0 0.20234375 0.79453125 0.05859375 0.04609375
0 0.1171875 0.6703125 0.03828125 0.04453125
0 0.08125 0.58828125 0.04140625 0.03515625
0 0.121875 0.54296875 0.040625 0.04140625
0 0.17109375 0.5265625 0.03671875 0.02890625
0 0.14921875 0.6109375 0.03828125 0.0265625
0 0.2625 0.5984375 0.04609375 0.03359375
0 0.21171875 0.57578125 0.03125 0.03828125
0 0.30546875 0.56875 0.03671875 0.03359375
0 0.3890625 0.5796875 0.03984375 0.04453125
0 0.51328125 0.596875 0.0359375 0.0296875
0 0.45 0.60390625 0.0375 0.03828125
0 0.4875 0.5765625 0.025 0.02890625
0 0.575 0.6421875 0.04765625 0.046875
0 0.61484375 0.60703125 0.025 0.0453125
0 0.65859375 0.56015625 0.0375 0.03671875
0 0.6921875 0.59609375 0.03515625 0.03515625
0 0.75703125 0.61875 0.053125 0.03828125
0 0.7671875 0.66328125 0.02421875 0.0265625
0 0.80078125 0.6734375 0.02734375 0.02734375
0 0.68046875 0.71171875 0.034375 0.03359375
0 0.70234375 0.6921875 0.01796875 0.034375
0 0.6140625 0.51484375 0.03359375 0.02578125
0 0.703125 0.52890625 0.01953125 0.021875
0 0.7234375 0.55859375 0.0265625 0.0265625
0 0.7328125 0.53046875 0.02265625 0.02734375
0 0.74609375 0.57421875 0.02265625 0.02578125
0 0.77265625 0.56328125 0.0234375 0.03984375
0 0.78671875 0.53671875 0.03671875 0.03828125
0 0.7890625 0.59453125 0.03359375 0.03359375
0 0.8359375 0.59296875 0.01640625 0.01328125
0 0.82109375 0.55703125 0.028125 0.02578125
0 0.8484375 0.58203125 0.02890625 0.01875
0 0.8515625 0.5328125 0.028125 0.0171875
0 0.8515625 0.50859375 0.0359375 0.0296875
0 0.78515625 0.46015625 0.02578125 0.0234375
0 0.7578125 0.4953125 0.0296875 0.02421875
0 0.73359375 0.48046875 0.03125 0.02734375
0 0.740625 0.44375 0.025 0.040625
0 0.69765625 0.49453125 0.0234375 0.01875
0 0.6515625 0.4953125 0.02578125 0.02734375
0 0.565625 0.51171875 0.02734375 0.021875
0 0.57109375 0.49140625 0.0296875 0.015625
0 0.540625 0.47890625 0.01953125 0.021875
0 0.51171875 0.47734375 0.03125 0.01875
0 0.5015625 0.5140625 0.01640625 0.02890625
0 0.4796875 0.5125 0.02109375 0.03359375
0 0.459375 0.5171875 0.0203125 0.0328125
0 0.4296875 0.5421875 0.0328125 0.01875
0 0.42734375 0.5140625 0.03203125 0.0203125
0 0.35859375 0.5328125 0.021875 0.02265625
0 0.3578125 0.509375 0.02890625 0.02265625
0 0.34453125 0.475 0.0234375 0.01875
0 0.41953125 0.4671875 0.021875 0.02421875
0 0.43125 0.490625 0.01796875 0.0296875
0 0.5484375 0.43515625 0.02265625 0.0234375
0 0.571875 0.465625 0.021875 0.02109375
0 0.57265625 0.43515625 0.01796875 0.0125
0 0.609375 0.45234375 0.0296875 0.02890625
0 0.64375 0.47265625 0.025 0.02265625
0 0.6578125 0.41875 0.03046875 0.02421875
0 0.6828125 0.4640625 0.0234375 0.028125
0 0.98125 0.7703125 0.0265625 0.02421875
0 0.9734375 0.7359375 0.04296875 0.01640625
0 0.95546875 0.684375 0.03046875 0.03046875
0 0.93828125 0.703125 0.0234375 0.03046875
0 0.89296875 0.6453125 0.046875 0.03984375
0 0.8546875 0.6296875 0.02734375 0.02578125
0 0.89296875 0.60234375 0.02890625 0.01875
0 0.890625 0.57578125 0.02421875 0.0265625
0 0.89453125 0.5421875 0.03828125 0.0328125
0 0.9203125 0.53984375 0.028125 0.02421875
0 0.875 0.6734375 0.01953125 0.02578125
0 0.74453125 0.86953125 0.03515625 0.05390625
0 0.7703125 0.85 0.03984375 0.06171875
0 0.7453125 0.8046875 0.03125 0.04765625
0 0.7265625 0.81328125 0.0234375 0.02265625
0 0.11015625 0.4921875 0.0359375 0.03515625
0 0.165625 0.49140625 0.03203125 0.0375
0 0.2109375 0.51953125 0.03046875 0.02890625
0 0.22734375 0.54921875 0.02890625 0.0234375
0 0.2546875 0.5640625 0.03125 0.03046875
0 0.278125 0.5484375 0.02265625 0.02890625
0 0.2328125 0.4890625 0.025 0.034375
0 0.26875 0.50625 0.02265625 0.01484375
0 0.2890625 0.49453125 0.02421875 0.0328125
0 0.30859375 0.471875 0.025 0.02890625
0 0.26796875 0.453125 0.02890625 0.02265625
0 0.2640625 0.42734375 0.0234375 0.03828125
0 0.18984375 0.478125 0.02578125 0.0234375
0 0.1359375 0.453125 0.02734375 0.021875
0 0.0984375 0.465625 0.02421875 0.02265625
0 0.04375 0.4546875 0.03359375 0.01953125
0 0.1625 0.43984375 0.0234375 0.02265625
0 0.13203125 0.4296875 0.0296875 0.0265625
0 0.13203125 0.56796875 0.0328125 0.0296875
0 0.1140625 0.59609375 0.028125 0.03125
0 0.06171875 0.634375 0.028125 0.02734375
0 0.31171875 0.71171875 0.0375 0.04765625
0 0.728125 0.68828125 0.0234375 0.03125
0 0.1875 0.4296875 0.028125 0.03359375
0 0.31015625 0.4125 0.02421875 0.025
0 0.41796875 0.38515625 0.0203125 0.0234375
0 0.85 0.45234375 0.02265625 0.02109375