0 0.06953125 0.93671875 0.0546875 0.09375
0 0.02734375 0.859375 0.05390625 0.10390625
0 0.0140625 0.80234375 0.028125 0.0546875
0 0.02578125 0.6890625 0.0515625 0.053125
0 0.04765625 0.76484375 0.04296875 0.05390625
0 0.07890625 0.734375 0.0296875 0.05234375
0 0.0796875 0.79140625 0.03671875 0.040625
0 0.10078125 0.81171875 0.04140625 0.040625
0 0.16796875 0.903125 0.07890625 0.08203125
0 0.2125 0.9578125 0.06953125 0.084375
0 0.27109375 0.9546875 0.04140625 0.06171875
0 0.3015625 0.9375 0.053125 0.07109375
0 0.29375 0.87421875 0.07109375 0.07578125
0 0.23203125 0.83828125 0.059375 0.06953125
0 0.2 0.7953125 0.0375 0.07578125
0 0.165625 0.7765625 0.04765625 0.0609375
0 0.15625 0.7296875 0.04296875 0.0625
0 0.11796875 0.746875 0.0296875 0.0421875
0 0.1125 0.7140625 0.03671875 0.04375
0 0.0453125 0.65 0.053125 0.04453125
0 0.10078125 0.6109375 0.0421875 0.03984375
0 0.13515625 0.59375 0.03046875 0.04609375
0 0.09453125 0.68203125 0.02109375 0.0296875
0 0.19609375 0.59375 0.03671875 0.0484375
0 0.14765625 0.54296875 0.03984375 0.05234375
0 0.1046875 0.55 0.025 0.03359375
0 0.0203125 0.6 0.025 0.0390625
0 0.22265625 0.6328125 0.0359375 0.034375
0 0.2625 0.76953125 0.059375 0.07265625
0 0.2875 0.6515625 0.06328125 0.06796875
0 0.2796875 0.62734375 0.02109375 0.03515625
0 0.28671875 0.59609375 0.0453125 0.0453125
0 0.23359375 0.578125 0.03984375 0.0546875
0 0.2546875 0.53671875 0.02421875 0.0328125
0 0.275 0.56171875 0.02890625 0.02421875
0 0.19453125 0.5140625 0.05234375 0.0484375
0 0.20078125 0.48203125 0.028125 0.028125
0 0.25703125 0.49375 0.034375 0.03671875
0 0.3125 0.51328125 0.03828125 0.03671875
0 0.3421875 0.58671875 0.03984375 0.0609375
0 0.35390625 0.65 0.05625 0.05234375
0 0.33203125 0.69453125 0.02734375 0.05078125
0 0.340625 0.7453125 0.05859375 0.05546875
0 0.3609375 0.77890625 0.0453125 0.046875
0 0.3640625 0.9625 0.07421875 0.075
0 0.4375 0.91875 0.08125 0.10546875
0 0.43046875 0.78515625 0.0625 0.09375
0 0.48125 0.78671875 0.04609375 0.0515625
0 0.459375 0.715625 0.0546875 0.0421875
0 0.39921875 0.6640625 0.0328125 0.0390625
0 0.38203125 0.6109375 0.03359375 0.03359375
0 0.41796875 0.59140625 0.04140625 0.0453125
0 0.38203125 0.54296875 0.03671875 0.04765625
0 0.42578125 0.5234375 0.03515625 0.04140625
0 0.39921875 0.4828125 0.03203125 0.0296875
0 0.33984375 0.48671875 0.046875 0.02578125
0 0.5203125 0.71953125 0.059375 0.04296875
0 0.471875 0.64765625 0.05234375 0.04140625
0 0.45234375 0.59453125 0.0328125 0.05546875
0 0.475 0.584375 0.03359375 0.028125
0 0.48203125 0.5515625 0.02578125 0.0328125
0 0.484375 0.515625 0.03046875 0.0359375
0 0.44375 0.465625 0.0375 0.04375
0 0.50546875 0.47265625 0.0390625 0.0328125
0 0.540625 0.44453125 0.03046875 0.03359375
0 0.51015625 0.5953125 0.03046875 0.0359375
0 0.52421875 0.64140625 0.0484375 0.04375
0 0.53515625 0.60078125 0.034375 0.04375
0 0.559375 0.6828125 0.034375 0.05078125
0 0.56328125 0.62109375 0.0359375 0.0453125
0 0.553125 0.7640625 0.059375 0.0765625
0 0.58828125 0.8015625 0.01875 0.04453125
0 0.56796875 0.83671875 0.0359375 0.03203125
0 0.5328125 0.8453125 0.040625 0.06796875
0 0.50390625 0.89296875 0.03359375 0.06484375
0 0.55703125 0.9515625 0.059375 0.0859375
0 0.0265625 0.4921875 0.0453125 0.046875
0 0.27734375 0.465625 0.03203125 0.021875
0 0.2640625 0.440625 0.03125 0.02578125
0 0.31875 0.4359375 0.034375 0.03515625
0 0.3890625 0.45390625 0.03828125 0.0359375
0 0.42734375 0.38828125 0.04375 0.03359375
0 0.50078125 0.43359375 0.028125 0.03671875
0 0.72734375 0.8859375 0.06796875 0.0734375
0 0.75546875 0.93515625 0.04375 0.034375
0 0.803125 0.86796875 0.04140625 0.0359375
0 0.8375 0.84921875 0.03671875 0.0390625
0 0.77265625 0.81328125 0.0640625 0.06171875
0 0.7171875 0.79765625 0.0421875 0.06328125
0 0.64921875 0.7234375 0.05625 0.04375
0 0.725 0.70703125 0.05625 0.065625
0 0.759375 0.7640625 0.0453125 0.05546875
0 0.8046875 0.75625 0.05625 0.06953125
0 0.79296875 0.71484375 0.040625 0.03671875
0 0.80625 0.68828125 0.04609375 0.04296875
0 0.68125 0.653125 0.04765625 0.0609375
0 0.59921875 0.62109375 0.04765625 0.04765625
0 0.61640625 0.5734375 0.03671875 0.0328125
0 0.6890625 0.5984375 0.04296875 0.0453125
0 0.71796875 0.5796875 0.03671875 0.0390625
0 0.62421875 0.52734375 0.021875 0.03984375
0 0.5953125 0.5203125 0.028125 0.06171875
0 0.66875 0.4921875 0.025 0.04375
0 0.63359375 0.4828125 0.021875 0.02890625
0 0.74140625 0.4796875 0.04375 0.0515625
0 0.7296875 0.4484375 0.0328125 0.03359375
0 0.7390625 0.5359375 0.03515625 0.053125
0 0.7703125 0.52890625 0.03671875 0.0390625
0 0.7546875 0.63046875 0.034375 0.0390625
0 0.79453125 0.56171875 0.02734375 0.025
0 0.809375 0.52109375 0.03359375 0.0359375
0 0.7703125 0.4234375 0.03359375 0.0421875
0 0.82109375 0.446875 0.04140625 0.0296875
0 0.88515625 0.93203125 0.075 0.08359375
0 0.93203125 0.934375 0.03203125 0.05859375
0 0.97421875 0.97109375 0.0515625 0.0546875
0 0.95 0.8875 0.0609375 0.078125
0 0.8890625 0.85234375 0.0703125 0.075
0 0.940625 0.82734375 0.05078125 0.034375
0 0.915625 0.76796875 0.0296875 0.0390625
0 0.97109375 0.78359375 0.04609375 0.046875
0 0.85234375 0.71484375 0.0375 0.0671875
0 0.8734375 0.6765625 0.05234375 0.04609375
0 0.9265625 0.7078125 0.05078125 0.05078125
0 0.9046875 0.66640625 0.040625 0.0375
0 0.92265625 0.6421875 0.0328125 0.03125
0 0.93671875 0.62109375 0.03671875 0.03125
0 0.9546875 0.59765625 0.04375 0.03046875
0 0.9796875 0.73203125 0.0375 0.034375
0 0.97265625 0.7015625 0.0453125 0.034375
0 0.96484375 0.67421875 0.04609375 0.0265625
0 0.86875 0.59375 0.05078125 0.04140625
0 0.82109375 0.6296875 0.03515625 0.053125
0 0.85703125 0.5640625 0.0328125 0.040625
0 0.88671875 0.5421875 0.034375 0.03203125
0 0.9109375 0.53671875 0.03046875 0.03359375
0 0.946875 0.559375 0.0515625 0.0328125
0 0.946875 0.52109375 0.034375 0.0375
0 0.9796875 0.5078125 0.02734375 0.03125
0 0.8984375 0.4984375 0.02734375 0.03359375
0 0.871875 0.49609375 0.02734375 0.03046875
0 0.853125 0.5203125 0.03515625 0.0328125
0 0.903125 0.46484375 0.04765625 0.025
0 0.69140625 0.45390625 0.034375 0.034375
0 0.6875 0.4234375 0.02890625 0.034375
0 0.7109375 0.48984375 0.02734375 0.03046875
0 0.578125 0.43984375 0.02578125 0.0390625
0 0.5828125 0.41171875 0.0328125 0.03046875
0 0.6359375 0.44921875 0.02578125 0.0265625
0 0.65625 0.41484375 0.03359375 0.03046875
0 0.6015625 0.4734375 0.03125 0.034375
0 0.55625 0.4984375 0.02578125 0.03984375
0 0.54296875 0.4171875 0.03046875 0.0265625
0 0.8515625 0.44921875 0.02734375 0.034375
0 0.4734375 0.4203125 0.0296875 0.03203125
0 0.15 0.4328125 0.04765625 0.02890625
0 0.16484375 0.47109375 0.0328125 0.0390625
0 0.10546875 0.50234375 0.04140625 0.0484375