0 0.8234375 0.80546875 0.03984375 0.04765625
0 0.878125 0.89375 0.06953125 0.0828125
0 0.98125 0.8796875 0.03671875 0.053125
0 0.98046875 0.93359375 0.0390625 0.0578125
0 0.94609375 0.9640625 0.03984375 0.071875
0 0.6375 0.87421875 0.0375 0.06796875
0 0.53671875 0.88046875 0.028125 0.03515625
0 0.4765625 0.9171875 0.03828125 0.05234375
0 0.5203125 0.96796875 0.0390625 0.0609375
0 0.3921875 0.93203125 0.059375 0.07265625
0 0.4078125 0.87421875 0.03515625 0.03984375
0 0.32734375 0.971875 0.03203125 0.05546875
0 0.24140625 0.9578125 0.0421875 0.07265625
0 0.296875 0.80625 0.03828125 0.046875
0 0.23203125 0.7859375 0.028125 0.04453125
0 0.2125 0.80625 0.02109375 0.0234375
0 0.328125 0.71328125 0.03359375 0.0296875
0 0.378125 0.6609375 0.0359375 0.03515625
0 0.37421875 0.71796875 0.03125 0.04296875
0 0.34296875 0.76796875 0.03125 0.0375
0 0.37265625 0.775 0.02109375 0.03984375
0 0.43046875 0.6875 0.03046875 0.034375
0 0.4328125 0.63515625 0.0296875 0.02734375
0 0.47578125 0.60234375 0.02578125 0.02578125
0 0.2828125 0.590625 0.025 0.0265625
0 0.23125 0.58984375 0.025 0.02890625
0 0.203125 0.56484375 0.0234375 0.02421875
0 0.18515625 0.53984375 0.01953125 0.01875
0 0.14296875 0.54296875 0.0296875 0.0234375
0 0.08125 0.50625 0.028125 0.0234375
0 0.0890625 0.5578125 0.0203125 0.02578125
0 0.10859375 0.5890625 0.01796875 0.0296875
0 0.07734375 0.621875 0.02421875 0.02734375
0 0.1140625 0.64375 0.021875 0.025
0 0.14921875 0.71875 0.0328125 0.0375
0 0.06796875 0.6828125 0.025 0.02734375
0 0.040625 0.61171875 0.0328125 0.03828125
0 0.184375 0.6015625 0.0296875 0.040625
0 0.36953125 0.6109375 0.034375 0.0328125
0 0.3375 0.528125 0.0234375 0.02890625
0 0.34765625 0.5734375 0.0234375 0.0265625
0 0.41328125 0.56015625 0.0203125 0.021875
0 0.4125 0.53046875 0.028125 0.0234375
0 0.49765625 0.6234375 0.03046875 0.03125
0 0.46640625 0.53203125 0.0171875 0.0296875
0 0.559375 0.528125 0.02421875 0.021875
0 0.609375 0.5296875 0.0234375 0.0203125
0 0.65546875 0.5859375 0.02734375 0.0296875
0 0.60859375 0.63828125 0.0203125 0.0421875
0 0.5703125 0.678125 0.025 0.04609375
0 0.52109375 0.771875 0.03359375 0.05390625
0 0.5609375 0.73671875 0.0234375 0.0484375
0 0.61015625 0.73828125 0.02734375 0.0296875
0 0.64921875 0.67578125 0.02421875 0.0421875
0 0.69296875 0.6265625 0.02578125 0.03359375
0 0.7640625 0.6328125 0.01953125 0.03828125
0 0.74921875 0.596875 0.01875 0.02578125
0 0.778125 0.58828125 0.0171875 0.02734375
0 0.796875 0.64921875 0.025 0.03125
0 0.70234375 0.7359375 0.01953125 0.0296875
0 0.67578125 0.75390625 0.02734375 0.025
0 0.71953125 0.759375 0.0296875 0.040625
0 0.73125 0.72578125 0.02109375 0.02734375
0 0.746875 0.76796875 0.02421875 0.0390625
0 0.7765625 0.7421875 0.025 0.03671875
0 0.85703125 0.78828125 0.028125 0.04921875
0 0.9765625 0.7328125 0.03359375 0.04453125
0 0.98828125 0.7796875 0.0234375 0.03359375
0 0.9078125 0.68203125 0.02421875 0.03046875
0 0.79609375 0.55703125 0.02421875 0.03359375
0 0.8640625 0.55 0.02734375 0.02578125
0 0.9078125 0.55859375 0.02734375 0.02734375
0 0.90625 0.621875 0.02109375 0.02578125
0 0.90234375 0.59609375 0.025 0.0234375
0 0.33515625 0.87734375 0.0234375 0.053125
0 0.125 0.9796875 0.034375 0.040625
0 0.06953125 0.7890625 0.0515625 0.05
0 0.1671875 0.48828125 0.02109375 0.02109375
0 0.24609375 0.434375 0.0234375 0.02109375
0 0.25 0.52109375 0.0234375 0.01953125
0 0.4078125 0.47734375 0.02109375 0.02734375
0 0.60546875 0.46171875 0.025 0.028125
0 0.6421875 0.48359375 0.01875 0.025
0 0.6515625 0.51015625 0.01796875 0.025
0 0.73828125 0.49453125 0.02890625 0.03359375
0 0.23515625 0.61875 0.02109375 0.02734375
0 0.303125 0.63984375 0.0203125 0.0265625
0 0.259375 0.65546875 0.01953125 0.02890625
0 0.21171875 0.5046875 0.01953125 0.0234375
0 0.15390625 0.4703125 0.02421875 0.02109375
0 0.13984375 0.50625 0.0234375 0.02890625
0 0.29140625 0.4828125 0.0203125 0.01796875