0 0.0359375 0.9640625 0.0421875 0.059375
0 0.03046875 0.90625 0.0609375 0.053125
0 0.0953125 0.91640625 0.04453125 0.059375
0 0.065625 0.84609375 0.04375 0.04609375
0 0.09375 0.8140625 0.028125 0.0453125
0 0.12109375 0.80859375 0.0328125 0.04140625
0 0.065625 0.7765625 0.03671875 0.053125
0 0.0421875 0.75625 0.0296875 0.03671875
0 0.12734375 0.9875 0.03671875 0.025
0 0.215625 0.921875 0.07265625 0.1203125
0 0.29921875 0.94375 0.03203125 0.05859375
0 0.275 0.9234375 0.03203125 0.05390625
0 0.28046875 0.875 0.0390625 0.06875
0 0.2359375 0.81015625 0.03359375 0.04453125
0 0.1640625 0.77890625 0.0328125 0.03515625
0 0.14765625 0.7484375 0.02421875 0.03828125
0 0.32578125 0.821875 0.04296875 0.04296875
0 0.36328125 0.93046875 0.05078125 0.06875
0 0.4296875 0.9015625 0.04140625 0.046875
0 0.42421875 0.96171875 0.05546875 0.065625
0 0.4609375 0.97109375 0.0390625 0.05703125
0 0.09375 0.7140625 0.0296875 0.03515625
0 0.1546875 0.70859375 0.04140625 0.0359375
0 0.13828125 0.7296875 0.01875 0.0296875
0 0.18671875 0.72421875 0.0359375 0.05078125
0 0.2265625 0.73828125 0.03203125 0.03984375
0 0.2625 0.7171875 0.0375 0.0421875
0 0.2796875 0.7453125 0.034375 0.046875
0 0.30625 0.740625 0.02734375 0.04765625
0 0.31640625 0.6875 0.04140625 0.0359375
0 0.3515625 0.66953125 0.040625 0.05
0 0.328125 0.6453125 0.0328125 0.04140625
0 0.2796875 0.6765625 0.03359375 0.03515625
0 0.25078125 0.67265625 0.02890625 0.0453125
0 0.22890625 0.70078125 0.04453125 0.0453125
0 0.21640625 0.68203125 0.028125 0.03203125
0 0.17734375 0.66171875 0.0265625 0.034375
0 0.19609375 0.665625 0.0171875 0.02890625
0 0.1453125 0.63984375 0.03671875 0.0390625
0 0.28671875 0.615625 0.03828125 0.025
0 0.2984375 0.64609375 0.03046875 0.0265625
0 0.33984375 0.79375 0.0375 0.0375
0 0.33828125 0.7625 0.028125 0.04609375
0 0.346875 0.71875 0.02421875 0.0359375
0 0.36875 0.70234375 0.04296875 0.04765625
0 0.3875 0.74140625 0.03359375 0.04375
0 0.4140625 0.68203125 0.03828125 0.0484375
0 0.4515625 0.6828125 0.040625 0.0453125
0 0.44765625 0.7453125 0.03671875 0.04765625
0 0.475 0.7546875 0.03203125 0.04296875
0 0.43671875 0.80546875 0.0453125 0.06015625
0 0.4734375 0.81328125 0.034375 0.0515625
0 0.475 0.85859375 0.034375 0.0375
0 0.5078125 0.90625 0.03359375 0.05
0 0.53203125 0.93828125 0.02734375 0.0421875
0 0.534375 0.865625 0.03046875 0.0765625
0 0.565625 0.8328125 0.0625 0.07109375
0 0.58984375 0.88203125 0.05078125 0.05546875
0 0.58359375 0.92890625 0.0609375 0.0609375
0 0.52890625 0.76640625 0.03671875 0.065625
0 0.525 0.71171875 0.03515625 0.0421875
0 0.59609375 0.71953125 0.0296875 0.0375
0 0.6265625 0.78984375 0.04375 0.04609375
0 0.6328125 0.84296875 0.05078125 0.0515625
0 0.6390625 0.9265625 0.03046875 0.0625
0 0.6671875 0.86875 0.053125 0.05546875
0 0.678125 0.946875 0.03984375 0.046875
0 0.70234375 0.98046875 0.03203125 0.0390625
0 0.78984375 0.98671875 0.046875 0.0265625
0 0.87734375 0.978125 0.05078125 0.04375
0 0.88984375 0.9296875 0.04296875 0.0515625
0 0.7578125 0.95546875 0.05390625 0.0890625
0 0.71953125 0.92109375 0.03984375 0.06796875
0 0.7359375 0.88203125 0.0453125 0.04296875
0 0.80390625 0.859375 0.04453125 0.0765625
0 0.83515625 0.84609375 0.0390625 0.05703125
0 0.85390625 0.82421875 0.03671875 0.0328125
0 0.87109375 0.8671875 0.0515625 0.0640625
0 0.88359375 0.8359375 0.04375 0.04296875
0 0.73203125 0.7984375 0.03515625 0.0546875
0 0.7640625 0.7921875 0.040625 0.06328125
0 0.79609375 0.76875 0.02734375 0.04375
0 0.8265625 0.75625 0.034375 0.04765625
0 0.903125 0.78515625 0.04375 0.0640625
0 0.86796875 0.728125 0.03359375 0.034375
0 0.821875 0.70703125 0.05078125 0.04140625
0 0.8515625 0.68515625 0.04375 0.05
0 0.81796875 0.6546875 0.03671875 0.0484375
0 0.753125 0.709375 0.03515625 0.04296875
0 0.6640625 0.7640625 0.03515625 0.040625
0 0.6796875 0.71171875 0.03515625 0.046875
0 0.63359375 0.72265625 0.04609375 0.0609375
0 0.73828125 0.74609375 0.0171875 0.0359375
0 0.7625 0.6484375 0.0296875 0.04453125
0 0.71328125 0.65859375 0.0328125 0.0359375
0 0.58203125 0.6875 0.0234375 0.04453125
0 0.57421875 0.66875 0.025 0.02578125
0 0.54453125 0.66640625 0.034375 0.05625
0 0.51640625 0.6484375 0.02265625 0.0375
0 0.49765625 0.6515625 0.028125 0.05703125
0 0.50625 0.609375 0.0296875 0.0390625
0 0.48203125 0.61875 0.0296875 0.04609375
0 0.56796875 0.6078125 0.03203125 0.03203125
0 0.64140625 0.6296875 0.0328125 0.04375
0 0.65 0.58359375 0.034375 0.040625
0 0.671875 0.55234375 0.0359375 0.0265625
0 0.6765625 0.5796875 0.0328125 0.0265625
0 0.528125 0.575 0.03046875 0.0328125
0 0.5765625 0.5859375 0.03125 0.028125
0 0.4828125 0.5625 0.03203125 0.040625
0 0.4359375 0.61484375 0.040625 0.02890625
0 0.4421875 0.64453125 0.0265625 0.028125
0 0.4578125 0.5921875 0.0265625 0.02421875
0 0.41953125 0.575 0.0265625 0.0328125
0 0.4546875 0.5453125 0.03203125 0.03125
0 0.4 0.565625 0.03046875 0.03046875
0 0.3546875 0.584375 0.03203125 0.03046875
0 0.3390625 0.6125 0.03125 0.0328125
0 0.63125 0.56796875 0.025 0.02265625
0 0.7140625 0.5875 0.0265625 0.0453125
0 0.31640625 0.6 0.025 0.03515625
0 0.321875 0.5703125 0.028125 0.0359375
0 0.290625 0.58515625 0.03203125 0.05078125
0 0.3296875 0.5296875 0.03125 0.03359375
0 0.36328125 0.55703125 0.025 0.0234375
0 0.3796875 0.57578125 0.02265625 0.040625
0 0.21484375 0.62734375 0.04140625 0.03671875
0 0.209375 0.60546875 0.03671875 0.0328125
0 0.2203125 0.65 0.02578125 0.03515625
0 0.2640625 0.59921875 0.01875 0.0328125
0 0.0828125 0.64609375 0.02109375 0.0296875
0 0.1046875 0.6171875 0.02109375 0.0265625
0 0.90078125 0.696875 0.05546875 0.05703125
0 0.846875 0.6109375 0.03046875 0.02890625
0 0.80234375 0.8171875 0.025 0.0265625
0 0.30390625 0.55703125 0.03359375 0.0390625
0 0.3890625 0.63515625 0.025 0.03671875
0 0.69921875 0.76796875 0.03359375 0.03203125
0 0.60625 0.546875 0.02421875 0.03359375
0 0.62890625 0.55 0.02578125 0.0296875
0 0.55 0.55703125 0.0359375 0.03203125
0 0.7703125 0.6140625 0.01796875 0.02578125
0 0.78828125 0.6015625 0.03203125 0.05078125
0 0.97265625 0.86953125 0.03671875 0.09609375
0 0.96171875 0.74453125 0.04140625 0.06875
0 0.9578125 0.665625 0.0421875 0.05390625
0 0.93828125 0.62421875 0.02109375 0.03828125
0 0.92421875 0.75078125 0.04375 0.0640625
0 0.909375 0.56796875 0.04765625 0.04140625
0 0.846875 0.584375 0.0328125 0.02578125
0 0.84296875 0.5609375 0.040625 0.0359375
0 0.83046875 0.528125 0.03515625 0.03671875
0 0.5078125 0.4859375 0.0390625 0.03359375
0 0.38359375 0.48203125 0.02109375 0.03984375
0 0.5234375 0.453125 0.03359375 0.03671875
0 0.521875 0.53828125 0.02265625 0.028125
0 0.98515625 0.72109375 0.0296875 0.0453125
0 0.98203125 0.959375 0.0359375 0.08125
0 0.98671875 0.790625 0.0265625 0.05
0 0.96171875 0.6203125 0.02265625 0.03515625