0 0.66796875 0.96328125 0.06171875 0.0734375
0 0.2609375 0.803125 0.04140625 0.0578125
0 0.63125 0.84609375 0.06015625 0.06640625
0 0.49765625 0.46796875 0.02890625 0.025
0 0.54296875 0.8671875 0.0453125 0.05234375
0 0.81953125 0.946875 0.04375 0.0625
0 0.328125 0.86953125 0.04453125 0.0578125
0 0.34296875 0.77109375 0.0546875 0.06328125
0 0.71640625 0.81484375 0.03515625 0.05234375
0 0.7515625 0.6140625 0.025 0.03125
0 0.45546875 0.82265625 0.03828125 0.046875
0 0.81953125 0.771875 0.0484375 0.05546875
0 0.11015625 0.9140625 0.03359375 0.06171875
0 0.18359375 0.62421875 0.0375 0.03515625
0 0.93203125 0.77421875 0.053125 0.06953125
0 0.190625 0.715625 0.0484375 0.04765625
0 0.765625 0.96171875 0.05234375 0.07578125
0 0.60859375 0.58203125 0.03046875 0.03828125
0 0.3734375 0.896875 0.0484375 0.06875
0 0.86328125 0.6015625 0.03359375 0.0359375
0 0.38828125 0.484375 0.02734375 0.02421875
0 0.05546875 0.96796875 0.0578125 0.0640625
0 0.46796875 0.60703125 0.02109375 0.02734375
0 0.57578125 0.46875 0.03125 0.02734375
0 0.39453125 0.75390625 0.02890625 0.04375
0 0.7375 0.5015625 0.0296875 0.0296875
0 0.83828125 0.87265625 0.0328125 0.046875
0 0.871875 0.7671875 0.0328125 0.0484375
0 0.7875 0.43515625 0.0296875 0.0265625
0 0.24765625 0.69453125 0.0421875 0.04765625
0 0.11640625 0.49921875 0.028125 0.028125
0 0.2125 0.49375 0.021875 0.0265625
0 0.17734375 0.5546875 0.02578125 0.03515625
0 0.4140625 0.66953125 0.03515625 0.04296875
0 0.64140625 0.515625 0.02890625 0.034375
0 0.11171875 0.54296875 0.03359375 0.03125
0 0.1 0.6484375 0.03359375 0.034375
0 0.16640625 0.509375 0.02890625 0.03125
0 0.74453125 0.86328125 0.0390625 0.0625
0 0.4515625 0.73515625 0.03203125 0.040625
0 0.56796875 0.590625 0.03125 0.0296875
0 0.6484375 0.59765625 0.03203125 0.0328125
0 0.71328125 0.71875 0.046875 0.0421875
0 0.7015625 0.54453125 0.03515625 0.03515625
0 0.31015625 0.71015625 0.0390625 0.04921875
0 0.8 0.603125 0.02890625 0.034375
0 0.09375 0.7203125 0.028125 0.040625
0 0.13125 0.7890625 0.040625 0.0578125
0 0.9390625 0.6234375 0.03671875 0.040625
0 0.2 0.83828125 0.034375 0.05390625
0 0.38828125 0.8171875 0.03125 0.05
0 0.5421875 0.49140625 0.0265625 0.03203125
0 0.2359375 0.43828125 0.01953125 0.02265625
0 0.43671875 0.6125 0.0234375 0.02890625
0 0.434375 0.42421875 0.0234375 0.02265625
0 0.790625 0.81015625 0.0421875 0.0640625
0 0.23515625 0.6484375 0.03203125 0.03984375
0 0.6765625 0.50703125 0.03046875 0.03359375
0 0.06953125 0.80859375 0.034375 0.04375
0 0.5375 0.8234375 0.03828125 0.0421875
0 0.27265625 0.46953125 0.034375 0.03203125
0 0.27890625 0.4375 0.02265625 0.025
0 0.4515625 0.5328125 0.02578125 0.028125
0 0.91875 0.5734375 0.02890625 0.03515625
0 0.98203125 0.96171875 0.0359375 0.0640625
0 0.35234375 0.39609375 0.0203125 0.02109375
0 0.22265625 0.74921875 0.03515625 0.04140625
0 0.07265625 0.446875 0.0265625 0.03125
0 0.0125 0.77578125 0.025 0.0375
0 0.19140625 0.415625 0.01953125 0.02265625
0 0.84296875 0.45234375 0.02109375 0.02265625
0 0.01640625 0.54609375 0.0328125 0.02734375
0 0.809375 0.48203125 0.021875 0.02421875
0 0.7828125 0.52578125 0.03203125 0.0296875
0 0.67421875 0.43671875 0.0234375 0.0234375
0 0.90390625 0.38671875 0.02578125 0.021875
0 0.04296875 0.58828125 0.02734375 0.034375
0 0.73828125 0.46640625 0.01875 0.02421875
0 0.028125 0.93515625 0.03984375 0.05
0 0.32734375 0.584375 0.02265625 0.03125
0 0.26328125 0.571875 0.028125 0.0359375
0 0.9328125 0.51796875 0.02890625 0.028125
0 0.15078125 0.53828125 0.02890625 0.02421875
0 0.7078125 0.66484375 0.03203125 0.03203125
0 0.3703125 0.41875 0.02109375 0.02421875
0 0.8421875 0.5390625 0.0328125 0.03046875
0 0.2359375 0.4078125 0.0171875 0.01953125
0 0.1953125 0.97421875 0.0640625 0.0515625
0 0.978125 0.63828125 0.021875 0.0296875
0 0.74765625 0.653125 0.034375 0.03203125
0 0.4796875 0.44296875 0.021875 0.0203125
0 0.0140625 0.50859375 0.02734375 0.03125
0 0.859375 0.559375 0.02421875 0.0234375
0 0.31640625 0.48515625 0.02421875 0.02578125
0 0.83671875 0.4796875 0.02421875 0.02109375
0 0.94296875 0.68828125 0.03984375 0.0421875
0 0.01015625 0.890625 0.01953125 0.0390625
0 0.37421875 0.52578125 0.0203125 0.0296875
0 0.446875 0.58984375 0.01875 0.0234375
0 0.8859375 0.41796875 0.0234375 0.028125
0 0.04765625 0.42578125 0.02578125 0.0234375
0 0.3546875 0.69609375 0.028125 0.04140625
0 0.97890625 0.8203125 0.028125 0.03359375
0 0.7140625 0.34921875 0.0203125 0.01953125
0 0.45703125 0.62578125 0.01796875 0.02265625
0 0.43828125 0.47734375 0.01484375 0.02265625
0 0.6578125 0.45390625 0.021875 0.021875
0 0.74296875 0.34765625 0.02109375 0.01875
0 0.34375 0.5609375 0.021875 0.02265625
0 0.65078125 0.4734375 0.025 0.01875
0 0.61171875 0.48671875 0.0234375 0.01953125
0 0.5328125 0.4046875 0.01640625 0.03359375
0 0.55546875 0.384375 0.021875 0.02734375
0 0.37890625 0.64609375 0.025 0.04140625
0 0.31484375 0.45625 0.01640625 0.02109375
0 0.959375 0.46953125 0.02578125 0.021875
0 0.9640625 0.55078125 0.0265625 0.02890625
0 0.92109375 0.48828125 0.0265625 0.025
0 0.33671875 0.61015625 0.02421875 0.02890625
0 0.490625 0.50078125 0.025 0.0265625
0 0.80703125 0.7078125 0.0265625 0.03671875
0 0.009375 0.84140625 0.01875 0.04453125
0 0.6953125 0.42109375 0.01796875 0.021875
0 0.28515625 0.3390625 0.01640625 0.01953125
0 0.690625 0.33359375 0.01640625 0.01796875
0 0.91640625 0.3453125 0.0265625 0.02421875
0 0.7453125 0.39453125 0.021875 0.02109375
0 0.4234375 0.371875 0.02578125 0.034375
0 0.425 0.3359375 0.01484375 0.0171875
0 0.09296875 0.5 0.01796875 0.021875
0 0.32578125 0.4140625 0.0171875 0.02109375
0 0.99140625 0.67265625 0.0171875 0.03984375
0 0.04140625 0.74453125 0.02109375 0.028125
0 0.496875 0.37734375 0.0171875 0.01796875
0 0.7859375 0.3828125 0.0234375 0.01953125
0 0.11484375 0.44140625 0.02265625 0.025
0 0.746875 0.328125 0.01875 0.01875
0 0.88515625 0.6484375 0.0328125 0.0328125
0 0.83671875 0.49921875 0.0234375 0.01875
0 0.68671875 0.46015625 0.01953125 0.0296875
0 0.0765625 0.48828125 0.01640625 0.0234375
0 0.25625 0.42109375 0.01953125 0.02265625
0 0.66171875 0.61953125 0.0203125 0.0265625
0 0.99296875 0.4984375 0.01328125 0.0265625
0 0.56328125 0.2921875 0.0171875 0.0171875
0 0.990625 0.390625 0.0171875 0.02421875
0 0.025 0.39140625 0.0203125 0.0171875
0 0.7640625 0.37265625 0.02265625 0.01875
0 0.6796875 0.28671875 0.01796875 0.01953125
0 0.76328125 0.4171875 0.02109375 0.02109375
0 0.0671875 0.91015625 0.02578125 0.040625
0 0.30703125 0.3890625 0.02578125 0.02109375
0 0.70390625 0.3890625 0.0203125 0.01953125
0 0.4296875 0.27734375 0.015625 0.0171875
0 0.22578125 0.5859375 0.01953125 0.02109375
0 0.67890625 0.35703125 0.01953125 0.01796875
0 0.34375 0.3140625 0.01953125 0.01875
0 0.47734375 0.41640625 0.02109375 0.021875
0 0.00546875 0.490625 0.0109375 0.0234375
0 0.88125 0.47734375 0.025 0.02734375
0 0.00390625 0.721875 0.0078125 0.03125
0 0.54921875 0.2953125 0.0171875 0.01796875
0 0.56953125 0.5390625 0.02578125 0.0296875
0 0.54453125 0.43359375 0.03515625 0.03359375
0 0.93984375 0.4265625 0.04921875 0.040625
0 0.778125 0.3515625 0.02109375 0.01953125