0 0.5296875 0.8328125 0.04609375 0.05390625
0 0.2203125 0.66640625 0.0484375 0.0453125
0 0.47734375 0.7453125 0.046875 0.046875
0 0.58046875 0.8484375 0.04140625 0.071875
0 0.6140625 0.7703125 0.040625 0.05703125
0 0.55546875 0.61875 0.04296875 0.04453125
0 0.61171875 0.69609375 0.03671875 0.05078125
0 0.82421875 0.809375 0.0359375 0.0515625
0 0.084375 0.84453125 0.0484375 0.0546875
0 0.70703125 0.93515625 0.0578125 0.07109375
0 0.33828125 0.83046875 0.05390625 0.06484375
0 0.31796875 0.5609375 0.03359375 0.0375
0 0.13359375 0.8109375 0.0484375 0.05625
0 0.75 0.89609375 0.05078125 0.0796875
0 0.815625 0.903125 0.06015625 0.05546875
0 0.425 0.82109375 0.05 0.0546875
0 0.94140625 0.871875 0.06015625 0.084375
0 0.35625 0.4875 0.03828125 0.0296875
0 0.38125 0.6828125 0.0328125 0.0484375
0 0.4421875 0.96171875 0.06328125 0.06484375
0 0.3015625 0.6375 0.0328125 0.0359375
0 0.48828125 0.8671875 0.040625 0.06015625
0 0.6421875 0.61875 0.0375 0.03984375
0 0.5359375 0.70078125 0.04140625 0.04375
0 0.809375 0.7234375 0.03125 0.05078125
0 0.6671875 0.84296875 0.03828125 0.04765625
0 0.353125 0.9390625 0.07890625 0.0765625
0 0.68203125 0.58203125 0.040625 0.04921875
0 0.215625 0.815625 0.04375 0.05546875
0 0.49375 0.6390625 0.03984375 0.04375
0 0.94921875 0.9734375 0.06171875 0.053125
0 0.52265625 0.490625 0.040625 0.04140625
0 0.978125 0.83984375 0.04375 0.0609375
0 0.1625 0.7109375 0.0421875 0.04375
0 0.86484375 0.6671875 0.03515625 0.04765625
0 0.1703125 0.53984375 0.0453125 0.02734375
0 0.3859375 0.5578125 0.03125 0.04296875
0 0.484375 0.58671875 0.03125 0.03828125
0 0.6984375 0.86875 0.04296875 0.0640625
0 0.86953125 0.5515625 0.03671875 0.03515625
0 0.72734375 0.5390625 0.03359375 0.040625
0 0.6140625 0.55859375 0.02890625 0.04453125
0 0.6203125 0.9484375 0.05234375 0.0625
0 0.7703125 0.72421875 0.03515625 0.04609375
0 0.26171875 0.89140625 0.03125 0.0421875
0 0.32734375 0.76484375 0.025 0.028125
0 0.32890625 0.59765625 0.0328125 0.03203125
0 0.825 0.54296875 0.03046875 0.03359375
0 0.6296875 0.48125 0.03203125 0.03203125
0 0.271875 0.80234375 0.0359375 0.04609375
0 0.6171875 0.83203125 0.03671875 0.0515625
0 0.7609375 0.63359375 0.0328125 0.03671875
0 0.22734375 0.628125 0.03046875 0.0328125
0 0.71328125 0.671875 0.02109375 0.040625
0 0.7375 0.65859375 0.03984375 0.03828125
0 0.81328125 0.6578125 0.0375 0.0375
0 0.5140625 0.9671875 0.0359375 0.0515625
0 0.18671875 0.60390625 0.0296875 0.03359375
0 0.29296875 0.71875 0.03125 0.0375
0 0.87890625 0.61015625 0.03828125 0.04140625
0 0.93671875 0.59453125 0.03671875 0.04375
0 0.0140625 0.6203125 0.028125 0.04140625
0 0.10234375 0.725 0.03125 0.04765625
0 0.3328125 0.51484375 0.03671875 0.0296875
0 0.69296875 0.48828125 0.02890625 0.0328125
0 0.19609375 0.49765625 0.02421875 0.028125
0 0.0890625 0.53046875 0.03671875 0.028125
0 0.7171875 0.49375 0.025 0.0328125
0 0.3125 0.56953125 0.0328125 0.034375
0 0.58203125 0.53984375 0.03046875 0.03046875
0 0.32109375 0.759375 0.02421875 0.0296875
0 0.98515625 0.56015625 0.0296875 0.03359375
0 0.459375 0.52890625 0.03359375 0.034375
0 0.6765625 0.4609375 0.0265625 0.0265625
0 0.98359375 0.75546875 0.03125 0.053125
0 0.62265625 0.5671875 0.028125 0.04375
0 0.33515625 0.89296875 0.0234375 0.03515625
0 0.55625 0.4625 0.021875 0.0234375
0 0.403125 0.6390625 0.034375 0.02109375
0 0.4265625 0.64921875 0.028125 0.03046875
0 0.11171875 0.640625 0.03671875 0.0453125
0 0.01171875 0.565625 0.0234375 0.02265625
0 0.0609375 0.48671875 0.03515625 0.02890625
0 0.1609375 0.68125 0.02578125 0.03125
0 0.45390625 0.5703125 0.0265625 0.0265625
0 0.52578125 0.5890625 0.0203125 0.01875
0 0.9734375 0.6640625 0.04765625 0.028125
0 0.93125 0.66328125 0.03984375 0.03125
0 0.89453125 0.525 0.02421875 0.02421875
0 0.9484375 0.48984375 0.0265625 0.021875
0 0.7203125 0.58203125 0.02578125 0.02109375
0 0.49609375 0.43828125 0.02578125 0.01875
0 0.4234375 0.425 0.02109375 0.01328125
0 0.35703125 0.46015625 0.0234375 0.0140625
0 0.290625 0.4734375 0.0203125 0.028125
0 0.01171875 0.90234375 0.0234375 0.0515625
0 0.0546875 0.98671875 0.03125 0.0265625
0 0.65625 0.42109375 0.028125 0.0203125
0 0.6875 0.42578125 0.0203125 0.015625
0 0.46640625 0.40234375 0.0234375 0.01796875
0 0.40234375 0.44375 0.01640625 0.01796875
0 0.334375 0.428125 0.01875 0.01484375
0 0.31640625 0.42421875 0.02109375 0.01796875
0 0.1890625 0.45859375 0.02578125 0.01640625
0 0.2171875 0.46328125 0.021875 0.01484375
0 0.15625 0.45078125 0.021875 0.01796875
0 0.125 0.4921875 0.02421875 0.01640625
0 0.159375 0.503125 0.03203125 0.0234375
0 0.2078125 0.5515625 0.01953125 0.0234375
0 0.38984375 0.39609375 0.02265625 0.02578125
0 0.5875 0.4921875 0.02265625 0.015625
0 0.56328125 0.48203125 0.015625 0.0203125
0 0.515625 0.403125 0.0203125 0.01484375
0 0.53359375 0.4 0.01875 0.01796875
0 0.1109375 0.571875 0.01796875 0.0125
0 0.146875 0.5671875 0.01484375 0.01875
0 0.78359375 0.696875 0.025 0.04375
0 0.8375 0.684375 0.02734375 0.02578125
0 0.11640625 0.5390625 0.01796875 0.0171875
0 0.23203125 0.47578125 0.015625 0.01484375
0 0.24453125 0.4875 0.0203125 0.01328125
0 0.23203125 0.528125 0.0109375 0.01328125
0 0.30234375 0.6703125 0.02890625 0.02578125
0 0.41015625 0.59921875 0.0203125 0.0125
0 0.41171875 0.534375 0.0140625 0.015625
0 0.41484375 0.48984375 0.0203125 0.015625
0 0.57109375 0.4078125 0.0203125 0.01953125
0 0.603125 0.3984375 0.015625 0.01484375
0 0.6484375 0.39453125 0.01953125 0.0140625
0 0.6703125 0.53984375 0.01875 0.01640625
0 0.71015625 0.54921875 0.025 0.02109375