0 0.40390625 0.92734375 0.04375 0.06484375
0 0.29453125 0.83671875 0.03828125 0.0578125
0 0.7234375 0.8390625 0.0328125 0.04921875
0 0.76875 0.971875 0.046875 0.05625
0 0.33984375 0.74453125 0.03359375 0.0453125
0 0.215625 0.66640625 0.034375 0.034375
0 0.48125 0.85546875 0.0359375 0.04296875
0 0.6484375 0.87734375 0.0546875 0.06171875
0 0.68515625 0.9765625 0.05390625 0.046875
0 0.61796875 0.615625 0.03046875 0.03671875
0 0.9296875 0.80625 0.0484375 0.06640625
0 0.140625 0.57734375 0.03203125 0.03046875
0 0.23984375 0.87265625 0.03203125 0.05078125
0 0.85703125 0.63984375 0.034375 0.03359375
0 0.3703125 0.8078125 0.04609375 0.05703125
0 0.28046875 0.73046875 0.0390625 0.04609375
0 0.40390625 0.51953125 0.025 0.02265625
0 0.36328125 0.8984375 0.0421875 0.05078125
0 0.22265625 0.753125 0.04296875 0.04609375
0 0.5546875 0.85078125 0.03125 0.0375
0 0.7546875 0.89296875 0.034375 0.053125
0 0.17109375 0.82421875 0.0421875 0.05078125
0 0.475 0.771875 0.02890625 0.0390625
0 0.821875 0.7984375 0.04453125 0.05625
0 0.8234375 0.9671875 0.04296875 0.05859375
0 0.11640625 0.84296875 0.03203125 0.03828125
0 0.13046875 0.7609375 0.02890625 0.04140625
0 0.56171875 0.8953125 0.03828125 0.0484375
0 0.74140625 0.53671875 0.03203125 0.02890625
0 0.4546875 0.65234375 0.0203125 0.02734375
0 0.43359375 0.70703125 0.03359375 0.03984375
0 0.8703125 0.79296875 0.03046875 0.04609375
0 0.50859375 0.50546875 0.02734375 0.025
0 0.28671875 0.509375 0.034375 0.02890625
0 0.2953125 0.4703125 0.021875 0.02421875
0 0.75546875 0.6484375 0.02421875 0.0296875
0 0.809375 0.5125 0.021875 0.02265625
0 0.70859375 0.5765625 0.0328125 0.034375
0 0.93515625 0.65625 0.03515625 0.04140625
0 0.79453125 0.8375 0.03984375 0.05859375
0 0.57890625 0.62421875 0.02890625 0.0296875
0 0.9265625 0.55078125 0.028125 0.02734375
0 0.6484375 0.55234375 0.02890625 0.03515625
0 0.42265625 0.7875 0.02578125 0.0390625
0 0.7875 0.46640625 0.02890625 0.02578125
0 0.265625 0.6859375 0.02890625 0.03828125
0 0.88125 0.446875 0.025 0.028125
0 0.74140625 0.50078125 0.0171875 0.025
0 0.0296875 0.7578125 0.03125 0.03984375
0 0.13359375 0.68671875 0.0328125 0.03515625
0 0.3703125 0.43203125 0.02109375 0.0203125
0 0.05 0.58046875 0.0328125 0.02890625
0 0.4875 0.64453125 0.02109375 0.02421875
0 0.04296875 0.88203125 0.03671875 0.05703125
0 0.14453125 0.5390625 0.0234375 0.0265625
0 0.7140625 0.69921875 0.02890625 0.03359375
0 0.840625 0.89921875 0.0296875 0.04375
0 0.55390625 0.5296875 0.02578125 0.02890625
0 0.18984375 0.5484375 0.02578125 0.02890625
0 0.97890625 0.97734375 0.0421875 0.0453125
0 0.65625 0.63046875 0.03125 0.0328125
0 0.465625 0.56640625 0.025 0.0265625
0 0.16015625 0.946875 0.03046875 0.05703125
0 0.72890625 0.75703125 0.04140625 0.0390625
0 0.20703125 0.590625 0.02734375 0.03515625
0 0.7421875 0.38046875 0.021875 0.01953125
0 0.9109375 0.60625 0.02734375 0.03203125
0 0.08046875 0.97109375 0.0453125 0.04921875
0 0.25625 0.471875 0.02109375 0.02265625
0 0.06015625 0.8140625 0.02265625 0.03203125
0 0.89921875 0.41796875 0.025 0.02109375
0 0.26015625 0.7859375 0.034375 0.03984375
0 0.79921875 0.63828125 0.0265625 0.03125
0 0.68125 0.5453125 0.02890625 0.0328125
0 0.175 0.57265625 0.02734375 0.025
0 0.4203125 0.846875 0.0265625 0.04453125
0 0.840625 0.48671875 0.01875 0.0203125
0 0.971875 0.84609375 0.0234375 0.0296875
0 0.478125 0.6640625 0.0171875 0.025
0 0.34765625 0.62109375 0.021875 0.02890625
0 0.93828125 0.71796875 0.03515625 0.040625
0 0.584375 0.50859375 0.028125 0.0265625
0 0.05859375 0.92578125 0.02734375 0.03125
0 0.91796875 0.51796875 0.02421875 0.02578125
0 0.67890625 0.46796875 0.02421875 0.025
0 0.10078125 0.4859375 0.02265625 0.02890625
0 0.3671875 0.6 0.02265625 0.02265625
0 0.3859375 0.45078125 0.021875 0.021875
0 0.07578125 0.6265625 0.02578125 0.03515625
0 0.56328125 0.4203125 0.021875 0.02578125
0 0.39921875 0.68046875 0.02421875 0.040625
0 0.49140625 0.48125 0.02109375 0.0203125
0 0.83828125 0.50703125 0.0234375 0.02109375
0 0.75390625 0.68828125 0.03046875 0.028125
0 0.446875 0.45703125 0.021875 0.025
0 0.3359375 0.51796875 0.0234375 0.0265625
0 0.61875 0.51953125 0.0203125 0.01875
0 0.2328125 0.5328125 0.021875 0.025
0 0.2140625 0.4484375 0.01953125 0.021875
0 0.953125 0.50234375 0.02421875 0.02265625
0 0.65703125 0.50859375 0.0234375 0.01953125
0 0.95625 0.58125 0.02421875 0.02734375
0 0.84140625 0.5703125 0.03046875 0.02890625
0 0.25703125 0.4453125 0.01875 0.01875
0 0.96953125 0.6671875 0.01796875 0.02578125
0 0.784375 0.5578125 0.0296875 0.02734375
0 0.046875 0.54765625 0.0265625 0.03203125
0 0.6640625 0.48984375 0.02109375 0.02265625
0 0.3921875 0.56171875 0.01796875 0.0265625
0 0.809375 0.73828125 0.0265625 0.03671875
0 0.503125 0.53671875 0.02265625 0.02734375
0 0.0703125 0.46015625 0.0265625 0.02421875
0 0.70546875 0.42421875 0.01953125 0.02109375
0 0.115625 0.9859375 0.0484375 0.028125
0 0.45078125 0.51015625 0.01484375 0.021875
0 0.85703125 0.59375 0.02265625 0.02265625
0 0.33203125 0.4953125 0.01796875 0.02109375
0 0.28515625 0.609375 0.025 0.03125
0 0.11875 0.5390625 0.0171875 0.02265625
0 0.696875 0.45078125 0.01953125 0.02265625
0 0.0078125 0.8859375 0.015625 0.034375
0 0.715625 0.384375 0.01796875 0.01796875
0 0.46171875 0.625 0.01796875 0.0234375
0 0.35859375 0.65 0.02421875 0.0296875
0 0.41875 0.43671875 0.01875 0.021875
0 0.0515625 0.42890625 0.01796875 0.01875
0 0.00703125 0.56953125 0.0140625 0.025
0 0.3828125 0.73046875 0.025 0.03984375
0 0.10703125 0.528125 0.01640625 0.02421875
0 0.69453125 0.4984375 0.01796875 0.0265625
0 0.753125 0.35859375 0.01796875 0.01796875
0 0.765625 0.4015625 0.02265625 0.01875
0 0.99375 0.86640625 0.01171875 0.03984375
0 0.66953125 0.653125 0.01875 0.02265625
0 0.90859375 0.37734375 0.02265625 0.0203125
0 0.78671875 0.415625 0.02265625 0.01875
0 0.9890625 0.7046875 0.021875 0.04375
0 0.35390625 0.34375 0.01953125 0.0234375
0 0.325 0.42734375 0.025 0.021875
0 0.87578125 0.5125 0.021875 0.02578125
0 0.434375 0.3703125 0.01484375 0.0203125
0 0.69296875 0.36796875 0.0171875 0.0171875
0 0.46953125 0.509375 0.01640625 0.01875
0 0.5109375 0.44375 0.01640625 0.0203125
0 0.93515625 0.46015625 0.03046875 0.0296875
0 0.81796875 0.38046875 0.01953125 0.01953125
0 0.834375 0.53359375 0.021875 0.0234375
0 0.4140625 0.4140625 0.01796875 0.02109375
0 0.14140625 0.47890625 0.01953125 0.0234375
0 0.1234375 0.94375 0.025 0.03984375
0 0.984375 0.5 0.0234375 0.025
0 0.746875 0.428125 0.02421875 0.021875
0 0.2984375 0.37578125 0.01640625 0.01796875
0 0.73515625 0.73359375 0.01796875 0.01953125
0 0.10390625 0.440625 0.02265625 0.02109375
0 0.76484375 0.4484375 0.01875 0.0203125
0 0.6828125 0.38671875 0.01875 0.01796875
0 0.00859375 0.60859375 0.0171875 0.03046875
0 0.7765625 0.3828125 0.01875 0.01796875
0 0.084375 0.778125 0.01953125 0.0265625
0 0.50546875 0.41015625 0.015625 0.01796875
0 0.03125 0.97421875 0.04609375 0.04921875
0 0.85859375 0.37578125 0.0171875 0.01640625
0 0.55234375 0.46953125 0.01796875 0.0203125
0 0.27578125 0.4515625 0.0171875 0.01953125
0 0.884375 0.67890625 0.0296875 0.03125
0 0.75703125 0.3421875 0.01640625 0.01875
0 0.00390625 0.709375 0.0078125 0.034375
0 0.62890625 0.3296875 0.01484375 0.0171875
0 0.5484375 0.30703125 0.015625 0.0171875
0 0.2328125 0.9765625 0.05 0.046875
0 0.68359375 0.3203125 0.01875 0.01953125
0 0.05703125 0.4984375 0.03203125 0.03359375
0 0.2484375 0.6265625 0.0234375 0.0359375
0 0.228125 0.48203125 0.02109375 0.03515625
0 0.57890625 0.57578125 0.03515625 0.046875
0 0.54140625 0.4375 0.01640625 0.03125