0 0.12109375 0.94609375 0.0390625 0.04609375
0 0.1265625 0.87265625 0.0546875 0.07734375
0 0.20078125 0.88125 0.05703125 0.07421875
0 0.21171875 0.9671875 0.01796875 0.04375
0 0.28046875 0.9234375 0.03515625 0.0515625
0 0.303125 0.96328125 0.0546875 0.0734375
0 0.35390625 0.965625 0.0375 0.0453125
0 0.39921875 0.771875 0.0546875 0.078125
0 0.3140625 0.8453125 0.040625 0.06015625
0 0.25546875 0.8421875 0.015625 0.0375
0 0.234375 0.7875 0.01953125 0.034375
0 0.278125 0.76171875 0.021875 0.0453125
0 0.21640625 0.74375 0.0421875 0.040625
0 0.17265625 0.79140625 0.03984375 0.04921875
0 0.11796875 0.796875 0.03203125 0.0484375
0 0.1015625 0.75859375 0.021875 0.0453125
0 0.05546875 0.80234375 0.03359375 0.0375
0 0.01328125 0.84140625 0.0265625 0.03671875
0 0.4515625 0.875 0.05546875 0.046875
0 0.4921875 0.94609375 0.07109375 0.06796875
0 0.5578125 0.97734375 0.0484375 0.0453125
0 0.6203125 0.98203125 0.03828125 0.03515625
0 0.6546875 0.9171875 0.04921875 0.08359375
0 0.6125 0.9296875 0.0359375 0.0671875
0 0.57265625 0.89921875 0.025 0.0421875
0 0.65234375 0.8234375 0.03046875 0.040625
0 0.6203125 0.8 0.03984375 0.0515625
0 0.6109375 0.74921875 0.0328125 0.04140625
0 0.54765625 0.77421875 0.034375 0.0703125
0 0.48984375 0.78515625 0.03125 0.034375
0 0.459375 0.7703125 0.028125 0.04296875
0 0.45625 0.7328125 0.0328125 0.04609375
0 0.69765625 0.91171875 0.04609375 0.05
0 0.6953125 0.88203125 0.02890625 0.02734375
0 0.74296875 0.95 0.04140625 0.04921875
0 0.796875 0.9421875 0.05703125 0.06640625
0 0.85390625 0.965625 0.0640625 0.06875
0 0.90390625 0.9125 0.04921875 0.05
0 0.965625 0.8078125 0.053125 0.0640625
0 0.9203125 0.77734375 0.0359375 0.05703125
0 0.928125 0.73515625 0.040625 0.0484375
0 0.98203125 0.7203125 0.0359375 0.040625
0 0.87890625 0.7890625 0.0390625 0.040625
0 0.90078125 0.8328125 0.034375 0.05234375
0 0.834375 0.85546875 0.04765625 0.05625
0 0.77734375 0.7828125 0.04453125 0.04375
0 0.8328125 0.77421875 0.0421875 0.0453125
0 0.859375 0.73125 0.04140625 0.0390625
0 0.809375 0.69609375 0.034375 0.053125
0 0.90859375 0.6671875 0.03359375 0.0421875
0 0.94609375 0.65703125 0.04921875 0.05078125
0 0.828125 0.63046875 0.03125 0.040625
0 0.79765625 0.65625 0.028125 0.040625
0 0.7421875 0.69140625 0.0515625 0.04375
0 0.7171875 0.72109375 0.02734375 0.04375
0 0.7734375 0.73125 0.04375 0.0421875
0 0.715625 0.78203125 0.02578125 0.05390625
0 0.690625 0.75234375 0.02421875 0.0390625
0 0.6484375 0.665625 0.0453125 0.05703125
0 0.6078125 0.665625 0.02578125 0.04296875
0 0.6953125 0.63046875 0.03203125 0.04921875
0 0.7890625 0.60234375 0.028125 0.04453125
0 0.753125 0.59140625 0.034375 0.03359375
0 0.84296875 0.5828125 0.03125 0.03125
0 0.9890625 0.58203125 0.021875 0.0265625
0 0.4921875 0.68125 0.034375 0.0375
0 0.50625 0.65625 0.02421875 0.03125
0 0.49765625 0.62734375 0.028125 0.03984375
0 0.46015625 0.609375 0.025 0.040625
0 0.440625 0.6125 0.025 0.05234375
0 0.403125 0.6703125 0.0359375 0.03828125
0 0.38046875 0.609375 0.021875 0.04296875
0 0.41875 0.59296875 0.02421875 0.0359375
0 0.33828125 0.59296875 0.025 0.028125
0 0.3171875 0.63984375 0.02109375 0.04296875
0 0.29296875 0.67734375 0.025 0.03046875
0 0.2640625 0.66640625 0.01953125 0.021875
0 0.23671875 0.6953125 0.03515625 0.03828125
0 0.153125 0.715625 0.02578125 0.04296875
0 0.09765625 0.721875 0.01875 0.028125
0 0.09609375 0.70625 0.0109375 0.0296875
0 0.08359375 0.6859375 0.02578125 0.02890625
0 0.0578125 0.671875 0.025 0.02734375
0 0.01640625 0.67734375 0.03203125 0.02734375
0 0.040625 0.7375 0.025 0.04140625
0 0.01171875 0.7296875 0.0234375 0.0375
0 0.04921875 0.765625 0.03515625 0.028125
0 0.06953125 0.7640625 0.02109375 0.01796875
0 0.03203125 0.64609375 0.03828125 0.02265625
0 0.1546875 0.646875 0.021875 0.03515625
0 0.2265625 0.640625 0.02109375 0.028125
0 0.20625 0.6171875 0.02265625 0.021875
0 0.2890625 0.603125 0.03203125 0.015625
0 0.4046875 0.9828125 0.0265625 0.02265625
0 0.5421875 0.61484375 0.03515625 0.0265625
0 0.609375 0.60859375 0.03359375 0.03515625
0 0.63828125 0.6203125 0.02421875 0.0359375
0 0.67734375 0.58671875 0.01875 0.02890625
0 0.91796875 0.58203125 0.028125 0.0234375