0 0.01484375 0.80546875 0.0296875 0.0359375
0 0.059375 0.771875 0.0375 0.0421875
0 0.09609375 0.9171875 0.0796875 0.12578125
0 0.1796875 0.93125 0.03671875 0.05703125
0 0.15546875 0.90625 0.03828125 0.0515625
0 0.1625 0.86484375 0.04296875 0.0625
0 0.12578125 0.8 0.040625 0.04609375
0 0.22109375 0.8078125 0.06015625 0.0421875
0 0.24296875 0.92421875 0.05 0.075
0 0.13203125 0.73046875 0.0375 0.0515625
0 0.09140625 0.71640625 0.02734375 0.046875
0 0.040625 0.74453125 0.02578125 0.03046875
0 0.03828125 0.721875 0.02265625 0.028125
0 0.0578125 0.69375 0.0421875 0.040625
0 0.33046875 0.9609375 0.03671875 0.078125
0 0.30546875 0.94453125 0.04609375 0.071875
0 0.3109375 0.884375 0.0390625 0.0515625
0 0.328125 0.790625 0.04765625 0.04453125
0 0.36171875 0.84296875 0.034375 0.04296875
0 0.36484375 0.79921875 0.0375 0.046875
0 0.38046875 0.8921875 0.03828125 0.040625
0 0.40625 0.9203125 0.03203125 0.03515625
0 0.42578125 0.85390625 0.04296875 0.0625
0 0.4625 0.91875 0.04375 0.04453125
0 0.2359375 0.7796875 0.0421875 0.04375
0 0.234375 0.75234375 0.03359375 0.0375
0 0.20703125 0.72421875 0.03203125 0.04140625
0 0.1828125 0.7375 0.03359375 0.053125
0 0.1703125 0.703125 0.03671875 0.03125
0 0.1359375 0.690625 0.04140625 0.04296875
0 0.125 0.66640625 0.0265625 0.02890625
0 0.103125 0.65390625 0.0171875 0.0375
0 0.159375 0.65859375 0.0375 0.03203125
0 0.18828125 0.66328125 0.034375 0.03515625
0 0.2234375 0.67734375 0.04375 0.0375
0 0.2859375 0.73046875 0.0390625 0.053125
0 0.2484375 0.7046875 0.02890625 0.03203125
0 0.2703125 0.68984375 0.03515625 0.03671875
0 0.259375 0.65859375 0.03515625 0.04765625
0 0.23984375 0.6375 0.0296875 0.04140625
0 0.31953125 0.66875 0.03671875 0.04140625
0 0.34609375 0.73359375 0.0359375 0.05078125
0 0.37265625 0.73828125 0.0296875 0.04140625
0 0.359375 0.66015625 0.0296875 0.040625
0 0.4265625 0.69296875 0.0234375 0.03359375
0 0.42578125 0.75390625 0.04609375 0.05625
0 0.45546875 0.81953125 0.05234375 0.06015625
0 0.465625 0.86875 0.0578125 0.06015625
0 0.45078125 0.95 0.02734375 0.03515625
0 0.06015625 0.62734375 0.0328125 0.0359375
0 0.01796875 0.60625 0.02890625 0.03203125
0 0.07578125 0.575 0.028125 0.03046875
0 0.1234375 0.59765625 0.028125 0.025
0 0.19921875 0.603125 0.0328125 0.03359375
0 0.23125 0.58984375 0.028125 0.02578125
0 0.353125 0.628125 0.01953125 0.02421875
0 0.35 0.59921875 0.04453125 0.03515625
0 0.37109375 0.57734375 0.03203125 0.03046875
0 0.32421875 0.54765625 0.028125 0.0296875
0 0.29765625 0.56171875 0.034375 0.040625
0 0.39453125 0.6046875 0.028125 0.0390625
0 0.42265625 0.59296875 0.0359375 0.04140625
0 0.40390625 0.6359375 0.028125 0.0375
0 0.42578125 0.634375 0.02421875 0.02890625
0 0.44765625 0.64921875 0.0390625 0.04375
0 0.4921875 0.70859375 0.03828125 0.0375
0 0.48203125 0.67421875 0.03203125 0.03125
0 0.4796875 0.65625 0.01953125 0.025
0 0.2546875 0.60078125 0.034375 0.03203125
0 0.27109375 0.5671875 0.02890625 0.02890625
0 0.51953125 0.77578125 0.05234375 0.05234375
0 0.521875 0.82734375 0.03984375 0.04765625
0 0.51484375 0.9140625 0.03046875 0.05390625
0 0.5 0.98203125 0.05 0.0359375
0 0.5671875 0.97421875 0.028125 0.0515625
0 0.553125 0.93515625 0.03828125 0.046875
0 0.5546875 0.859375 0.0421875 0.06796875
0 0.55859375 0.74765625 0.05234375 0.03203125
0 0.53515625 0.71015625 0.05234375 0.0609375
0 0.58125 0.7015625 0.0390625 0.04296875
0 0.5421875 0.6046875 0.0296875 0.0390625
0 0.47734375 0.58828125 0.0296875 0.0296875
0 0.496875 0.571875 0.03046875 0.0265625
0 0.44609375 0.56328125 0.03046875 0.02265625
0 0.5671875 0.56640625 0.02890625 0.03671875
0 0.6234375 0.64375 0.04609375 0.03515625
0 0.65703125 0.68828125 0.03671875 0.0484375
0 0.67265625 0.63125 0.0375 0.03671875
0 0.62890625 0.57265625 0.034375 0.04140625
0 0.59375 0.5640625 0.034375 0.0265625
0 0.59453125 0.5375 0.03046875 0.040625
0 0.61875 0.52421875 0.02734375 0.03046875
0 0.6546875 0.97421875 0.04375 0.0515625
0 0.63359375 0.94609375 0.04296875 0.084375
0 0.60390625 0.9109375 0.0453125 0.0625
0 0.61796875 0.86796875 0.0390625 0.06484375
0 0.628125 0.78515625 0.03671875 0.03984375
0 0.659375 0.77265625 0.0390625 0.04453125
0 0.63515625 0.73203125 0.021875 0.03125
0 0.690625 0.7515625 0.02265625 0.03046875
0 0.684375 0.8453125 0.05 0.06953125
0 0.68828125 0.80703125 0.02578125 0.03203125
0 0.74453125 0.97109375 0.04609375 0.05703125
0 0.75546875 0.9125 0.0421875 0.05625
0 0.68359375 0.596875 0.01875 0.02265625
0 0.70390625 0.590625 0.028125 0.04140625
0 0.725 0.64296875 0.04296875 0.0421875
0 0.75703125 0.671875 0.0390625 0.05
0 0.72421875 0.68984375 0.04453125 0.0515625
0 0.7234375 0.73984375 0.03828125 0.05703125
0 0.76875 0.7140625 0.03671875 0.03984375
0 0.71796875 0.83203125 0.03671875 0.04609375
0 0.73828125 0.8109375 0.03671875 0.03203125
0 0.75546875 0.84921875 0.05234375 0.0546875
0 0.765625 0.81484375 0.04375 0.040625
0 0.7921875 0.7640625 0.053125 0.04140625
0 0.8140625 0.7375 0.046875 0.05
0 0.80234375 0.68046875 0.03515625 0.04453125
0 0.853125 0.72734375 0.04921875 0.0484375
0 0.85546875 0.6515625 0.046875 0.0375
0 0.90234375 0.7390625 0.03203125 0.05703125
0 0.884375 0.78046875 0.05625 0.04140625
0 0.8390625 0.84765625 0.06640625 0.0609375
0 0.84921875 0.94453125 0.0609375 0.078125
0 0.88515625 0.9125 0.05234375 0.08984375
0 0.75078125 0.51484375 0.03515625 0.03203125
0 0.46953125 0.54375 0.03046875 0.0375
0 0.52734375 0.53125 0.02421875 0.03515625
0 0.4 0.55 0.03046875 0.028125
0 0.37265625 0.5296875 0.028125 0.028125
0 0.85546875 0.60859375 0.0421875 0.03984375
0 0.90859375 0.6921875 0.0296875 0.04140625
0 0.54296875 0.53515625 0.028125 0.01953125
0 0.50859375 0.5234375 0.0234375 0.0328125
0 0.22421875 0.54921875 0.0375 0.0375
0 0.440625 0.525 0.0359375 0.0296875
0 0.38515625 0.48984375 0.03515625 0.03984375
0 0.43984375 0.46640625 0.0296875 0.03125
0 0.475 0.490625 0.02578125 0.04140625
0 0.14140625 0.56015625 0.02890625 0.034375
0 0.0828125 0.65390625 0.0328125 0.034375
0 0.1328125 0.63984375 0.02890625 0.0265625
0 0.18203125 0.58828125 0.02265625 0.0296875
0 0.19609375 0.53984375 0.01640625 0.03125
0 0.128125 0.61875 0.021875 0.02265625
0 0.33671875 0.56171875 0.02421875 0.025
0 0.565625 0.84140625 0.0203125 0.028125
0 0.45625 0.44375 0.028125 0.02890625
0 0.4359375 0.48515625 0.01953125 0.0359375
0 0.5078125 0.4796875 0.02265625 0.03203125
0 0.6984375 0.515625 0.0390625 0.03984375
0 0.59453125 0.7546875 0.0296875 0.03203125
0 0.6953125 0.98828125 0.04453125 0.02265625
0 0.83359375 0.67734375 0.03515625 0.04140625
0 0.23359375 0.475 0.0296875 0.03671875
0 0.28046875 0.49296875 0.03203125 0.025
0 0.28203125 0.46171875 0.028125 0.0359375
0 0.3109375 0.4640625 0.02578125 0.04453125
0 0.25078125 0.52109375 0.02890625 0.03671875
0 0.55546875 0.45703125 0.0203125 0.0296875
0 0.58828125 0.45 0.028125 0.02890625
0 0.58984375 0.4890625 0.02109375 0.03046875
0 0.60703125 0.4765625 0.0265625 0.0359375
0 0.1875 0.496875 0.0359375 0.03671875
0 0.18515625 0.63125 0.02734375 0.03046875
0 0.2109375 0.63515625 0.03046875 0.0421875
0 0.25703125 0.47734375 0.028125 0.03046875
0 0.30078125 0.43671875 0.028125 0.028125
0 0.21171875 0.571875 0.0390625 0.0328125
0 0.240625 0.5640625 0.03046875 0.02578125
0 0.284375 0.540625 0.02578125 0.02421875
0 0.30703125 0.509375 0.025 0.03359375
0 0.45078125 0.5 0.0203125 0.025
0 0.50859375 0.65078125 0.0203125 0.03203125
0 0.528125 0.66953125 0.0234375 0.02890625
0 0.578125 0.65078125 0.03515625 0.0453125
0 0.5515625 0.55 0.021875 0.0296875
0 0.634375 0.478125 0.02890625 0.03671875
0 0.65703125 0.5078125 0.02421875 0.03671875
0 0.7 0.45546875 0.03046875 0.0390625
0 0.44453125 0.4203125 0.025 0.03359375
0 0.82421875 0.54921875 0.04609375 0.034375
0 0.8765625 0.7046875 0.03828125 0.04375
0 0.92265625 0.796875 0.05625 0.05703125
0 0.940625 0.74375 0.04765625 0.0484375
0 0.92890625 0.96015625 0.0484375 0.06171875
0 0.921875 0.88046875 0.02578125 0.04765625
0 0.9515625 0.584375 0.03046875 0.03046875
0 0.98359375 0.5875 0.03203125 0.04140625
0 0.40390625 0.73046875 0.0171875 0.03046875
0 0.9609375 0.921875 0.04296875 0.05625
0 0.98515625 0.95859375 0.0296875 0.08203125
0 0.7640625 0.54609375 0.0328125 0.034375
0 0.76484375 0.59375 0.04453125 0.03828125
0 0.92578125 0.5890625 0.03359375 0.034375
0 0.94296875 0.53984375 0.0375 0.04609375
0 0.86484375 0.5234375 0.03671875 0.04609375