0 0.06953125 0.890625 0.04609375 0.053125
0 0.03203125 0.85234375 0.03671875 0.040625
0 0.01171875 0.825 0.02265625 0.04375
0 0.16015625 0.82109375 0.04921875 0.0453125
0 0.2234375 0.84921875 0.046875 0.04609375
0 0.2546875 0.9 0.03125 0.04140625
0 0.315625 0.9 0.03828125 0.05625
0 0.39375 0.92265625 0.04140625 0.04765625
0 0.4609375 0.9703125 0.05 0.059375
0 0.4640625 0.87421875 0.0609375 0.09140625
0 0.52265625 0.8328125 0.03125 0.03203125
0 0.54609375 0.87109375 0.0328125 0.053125
0 0.3921875 0.8328125 0.03984375 0.0734375
0 0.36484375 0.78046875 0.0359375 0.06328125
0 0.359375 0.71015625 0.04140625 0.04609375
0 0.29453125 0.80390625 0.034375 0.0609375
0 0.25078125 0.7734375 0.03828125 0.0390625
0 0.22265625 0.79921875 0.03515625 0.05546875
0 0.1953125 0.76015625 0.0375 0.03671875
0 0.17265625 0.71640625 0.03125 0.04765625
0 0.12890625 0.7171875 0.0453125 0.04609375
0 0.078125 0.79296875 0.06953125 0.046875
0 0.06328125 0.746875 0.040625 0.0453125
0 0.06640625 0.6609375 0.0390625 0.05234375
0 0.0578125 0.61484375 0.034375 0.04375
0 0.02109375 0.63125 0.03125 0.0453125
0 0.03671875 0.5671875 0.04375 0.03203125
0 0.1046875 0.6 0.04140625 0.0359375
0 0.1265625 0.66640625 0.034375 0.03671875
0 0.15703125 0.6328125 0.034375 0.0375
0 0.15078125 0.609375 0.0296875 0.05234375
0 0.16796875 0.55546875 0.03984375 0.046875
0 0.20546875 0.66796875 0.04296875 0.0609375
0 0.25234375 0.69453125 0.02890625 0.04765625
0 0.27421875 0.634375 0.03125 0.03984375
0 0.30234375 0.6421875 0.03515625 0.0421875
0 0.4453125 0.7125 0.0359375 0.05078125
0 0.44375 0.76171875 0.03359375 0.04375
0 0.48984375 0.734375 0.02421875 0.03515625
0 0.4828125 0.68984375 0.02890625 0.0390625
0 0.50859375 0.71640625 0.03125 0.0609375
0 0.440625 0.63515625 0.03125 0.059375
0 0.35 0.6484375 0.03046875 0.03828125
0 0.30390625 0.56640625 0.0359375 0.0390625
0 0.26328125 0.59765625 0.0375 0.03671875
0 0.259375 0.56484375 0.034375 0.04296875
0 0.20625 0.528125 0.04296875 0.0359375
0 0.10546875 0.55234375 0.03828125 0.034375
0 0.46171875 0.5578125 0.03515625 0.0359375
0 0.4484375 0.50234375 0.02578125 0.0296875
0 0.5015625 0.5375 0.02734375 0.03828125
0 0.53515625 0.559375 0.025 0.0328125
0 0.55625 0.65390625 0.021875 0.040625
0 0.54140625 0.73515625 0.0234375 0.03984375
0 0.6171875 0.86015625 0.034375 0.04296875
0 0.63125 0.95546875 0.04140625 0.0703125
0 0.5859375 0.9765625 0.04296875 0.046875
0 0.68125 0.89296875 0.03359375 0.0640625
0 0.7375 0.95703125 0.03984375 0.059375
0 0.79140625 0.878125 0.03203125 0.059375
0 0.8 0.828125 0.034375 0.04296875
0 0.74375 0.81015625 0.03515625 0.053125
0 0.72421875 0.72421875 0.03203125 0.04140625
0 0.67890625 0.721875 0.03203125 0.0546875
0 0.5953125 0.78828125 0.0375 0.0421875
0 0.60625 0.74921875 0.03125 0.0359375
0 0.6234375 0.7125 0.02890625 0.0453125
0 0.63203125 0.67109375 0.0203125 0.04609375
0 0.634375 0.62421875 0.01953125 0.0296875
0 0.7203125 0.64921875 0.02734375 0.03828125
0 0.671875 0.61875 0.01796875 0.05078125
0 0.62890625 0.57890625 0.03125 0.04453125
0 0.59765625 0.58125 0.01875 0.0421875
0 0.584375 0.4984375 0.0234375 0.03046875
0 0.603125 0.49921875 0.01640625 0.0265625
0 0.63671875 0.48828125 0.03046875 0.03046875
0 0.66015625 0.53671875 0.0359375 0.03671875
0 0.73515625 0.56171875 0.0296875 0.04296875
0 0.7109375 0.49453125 0.01484375 0.025
0 0.778125 0.6359375 0.0328125 0.04375
0 0.84296875 0.66875 0.03515625 0.04296875
0 0.41015625 0.46875 0.0234375 0.0375
0 0.390625 0.63359375 0.0296875 0.0390625
0 0.37890625 0.603125 0.03515625 0.03125
0 0.2671875 0.45859375 0.03515625 0.034375
0 0.2375 0.4890625 0.03046875 0.0296875
0 0.2328125 0.446875 0.02421875 0.028125
0 0.896875 0.92734375 0.034375 0.05625
0 0.93515625 0.92890625 0.03359375 0.065625
0 0.9265625 0.8640625 0.0453125 0.059375
0 0.90390625 0.82109375 0.02734375 0.04609375
0 0.88046875 0.88125 0.0390625 0.040625
0 0.8609375 0.83984375 0.0328125 0.04296875
0 0.8328125 0.80078125 0.0359375 0.0609375
0 0.80234375 0.74921875 0.02578125 0.04296875
0 0.84765625 0.75234375 0.0296875 0.03984375
0 0.91875 0.76875 0.04921875 0.04765625
0 0.97890625 0.66484375 0.0359375 0.03984375
0 0.8859375 0.72578125 0.0375 0.0390625
0 0.759375 0.7546875 0.0171875 0.04296875
0 0.84765625 0.590625 0.02734375 0.03359375
0 0.8453125 0.54609375 0.0265625 0.034375
0 0.81484375 0.55703125 0.028125 0.0375
0 0.88671875 0.56640625 0.025 0.0484375
0 0.590625 0.659375 0.025 0.0359375
0 0.54296875 0.79765625 0.034375 0.040625
0 0.3890625 0.4359375 0.0203125 0.01640625
0 0.20859375 0.46875 0.01796875 0.01875
0 0.196875 0.6078125 0.0421875 0.02890625