0 0.05390625 0.79140625 0.0265625 0.03984375
0 0.13828125 0.903125 0.05546875 0.1015625
0 0.19765625 0.896875 0.02890625 0.04140625
0 0.22265625 0.91796875 0.03125 0.03203125
0 0.20546875 0.86171875 0.03125 0.0453125
0 0.28515625 0.90625 0.03828125 0.046875
0 0.34609375 0.9328125 0.03984375 0.046875
0 0.37578125 0.95078125 0.02421875 0.05390625
0 0.35546875 0.87734375 0.0265625 0.03203125
0 0.4015625 0.79140625 0.025 0.03984375
0 0.36796875 0.78203125 0.03203125 0.03984375
0 0.38359375 0.7203125 0.02421875 0.03984375
0 0.40703125 0.73515625 0.0296875 0.03125
0 0.46015625 0.7421875 0.0328125 0.04140625
0 0.46171875 0.8453125 0.02890625 0.05546875
0 0.49765625 0.8109375 0.0421875 0.05390625
0 0.50859375 0.909375 0.040625 0.0390625
0 0.790625 0.95859375 0.03984375 0.0453125
0 0.80234375 0.90234375 0.0265625 0.03359375
0 0.7015625 0.97109375 0.03515625 0.04921875
0 0.68125 0.93984375 0.03359375 0.05625
0 0.6453125 0.90234375 0.03125 0.0546875
0 0.6609375 0.86015625 0.03359375 0.046875
0 0.55703125 0.76953125 0.03984375 0.040625
0 0.559375 0.81796875 0.03125 0.0390625
0 0.59765625 0.84765625 0.03359375 0.05078125
0 0.66484375 0.77578125 0.03203125 0.03125
0 0.69453125 0.7671875 0.03515625 0.0375
0 0.72265625 0.83046875 0.03515625 0.05390625
0 0.76015625 0.81953125 0.0265625 0.04140625
0 0.7953125 0.840625 0.0375 0.0484375
0 0.80390625 0.8078125 0.02890625 0.03671875
0 0.8859375 0.85078125 0.03828125 0.05703125
0 0.92734375 0.90703125 0.04296875 0.059375
0 0.8953125 0.92890625 0.0375 0.053125
0 0.9234375 0.775 0.04140625 0.04375
0 0.9640625 0.7890625 0.034375 0.0390625
0 0.88984375 0.71796875 0.03671875 0.03984375
0 0.83046875 0.759375 0.03125 0.03828125
0 0.75859375 0.68359375 0.0328125 0.0359375
0 0.759375 0.73125 0.0265625 0.0359375
0 0.78671875 0.5875 0.02421875 0.0296875
0 0.78828125 0.66484375 0.02421875 0.04609375
0 0.890625 0.64453125 0.03203125 0.0375
0 0.8390625 0.675 0.02421875 0.03515625
0 0.94609375 0.68984375 0.0328125 0.04296875
0 0.98359375 0.7375 0.0328125 0.03046875
0 0.6171875 0.6921875 0.03046875 0.03046875
0 0.59609375 0.7421875 0.03984375 0.03515625
0 0.56796875 0.7046875 0.03671875 0.03515625
0 0.51953125 0.6640625 0.02578125 0.03125
0 0.65390625 0.63984375 0.028125 0.0296875
0 0.690625 0.68828125 0.02265625 0.03046875
0 0.70703125 0.621875 0.02265625 0.025
0 0.484375 0.64453125 0.02578125 0.03671875
0 0.39296875 0.65703125 0.02578125 0.0328125
0 0.3203125 0.72421875 0.028125 0.03671875
0 0.25859375 0.796875 0.03125 0.02890625
0 0.16484375 0.790625 0.02734375 0.03671875
0 0.0921875 0.75390625 0.034375 0.03515625
0 0.16171875 0.71953125 0.0296875 0.03203125
0 0.128125 0.70703125 0.02109375 0.03125
0 0.09296875 0.68671875 0.03203125 0.03671875
0 0.0890625 0.61953125 0.02421875 0.0328125
0 0.23984375 0.7203125 0.025 0.03125
0 0.2171875 0.728125 0.02578125 0.0296875
0 0.20078125 0.69375 0.021875 0.02265625
0 0.22109375 0.65625 0.0265625 0.02265625
0 0.19453125 0.65 0.02265625 0.028125
0 0.15703125 0.65859375 0.02421875 0.034375
0 0.23671875 0.56640625 0.02734375 0.0265625
0 0.2578125 0.6609375 0.0296875 0.03515625
0 0.2703125 0.62578125 0.0234375 0.02734375
0 0.30703125 0.6859375 0.021875 0.0265625
0 0.28359375 0.69765625 0.0203125 0.02734375
0 0.2984375 0.56171875 0.02578125 0.02890625
0 0.403125 0.57265625 0.0203125 0.028125
0 0.45390625 0.5875 0.0296875 0.03046875
0 0.46015625 0.68828125 0.021875 0.025
0 0.52734375 0.5671875 0.02734375 0.02421875
0 0.496875 0.534375 0.01953125 0.02578125
0 0.77890625 0.509375 0.02265625 0.021875
0 0.78828125 0.54296875 0.025 0.02265625
0 0.6203125 0.53671875 0.02265625 0.025
0 0.59453125 0.55859375 0.02421875 0.02890625
0 0.3640625 0.5546875 0.02109375 0.02734375
0 0.6140625 0.9640625 0.0203125 0.05078125
0 0.85078125 0.5484375 0.0234375 0.025
0 0.75703125 0.63515625 0.028125 0.02734375
0 0.7234375 0.5078125 0.01953125 0.02109375
0 0.57421875 0.53046875 0.0234375 0.02109375
0 0.4625 0.46484375 0.01875 0.02421875
0 0.475 0.44453125 0.02109375 0.02109375
0 0.428125 0.54453125 0.02578125 0.02890625
0 0.4734375 0.5546875 0.021875 0.02265625
0 0.4671875 0.52109375 0.02734375 0.0234375
0 0.334375 0.4609375 0.0171875 0.02734375
0 0.25625 0.4703125 0.02265625 0.025
0 0.303125 0.45703125 0.021875 0.0203125
0 0.45625 0.63046875 0.01640625 0.025
0 0.43671875 0.63203125 0.01953125 0.0234375
0 0.3796875 0.59296875 0.02890625 0.03046875
0 0.4265625 0.596875 0.02421875 0.028125
0 0.409375 0.48515625 0.0234375 0.0234375
0 0.53046875 0.47890625 0.0203125 0.021875
0 0.66953125 0.72734375 0.01953125 0.02890625