0 0.71875 0.71875 0.03671875 0.04140625
0 0.303125 0.7953125 0.0328125 0.03359375
0 0.7578125 0.79296875 0.03828125 0.05390625
0 0.26796875 0.94609375 0.034375 0.04765625
0 0.5078125 0.746875 0.03046875 0.0390625
0 0.91484375 0.6671875 0.03359375 0.04375
0 0.71640625 0.490625 0.0265625 0.02578125
0 0.26328125 0.803125 0.03828125 0.05
0 0.3046875 0.5015625 0.02421875 0.02578125
0 0.1203125 0.73203125 0.03984375 0.0453125
0 0.59375 0.71015625 0.02578125 0.02890625
0 0.66015625 0.73125 0.0265625 0.03515625
0 0.44609375 0.8984375 0.040625 0.05546875
0 0.61015625 0.9703125 0.04375 0.053125
0 0.22578125 0.56328125 0.01796875 0.0296875
0 0.2875 0.60703125 0.0265625 0.0265625
0 0.4 0.91015625 0.0359375 0.04609375
0 0.309375 0.884375 0.02265625 0.04140625
0 0.69609375 0.8921875 0.02890625 0.04296875
0 0.44921875 0.70703125 0.0265625 0.0421875
0 0.32734375 0.5359375 0.0234375 0.02734375
0 0.22421875 0.74375 0.03203125 0.0328125
0 0.503125 0.68203125 0.03515625 0.04140625
0 0.2234375 0.65859375 0.02421875 0.02734375
0 0.57578125 0.65859375 0.025 0.03046875
0 0.54453125 0.76171875 0.0328125 0.0453125
0 0.378125 0.65234375 0.0328125 0.03515625
0 0.9578125 0.86171875 0.05859375 0.06328125
0 0.89765625 0.8796875 0.034375 0.04921875
0 0.8171875 0.78203125 0.03515625 0.04765625
0 0.434375 0.82578125 0.03828125 0.05
0 0.175 0.709375 0.028125 0.02890625
0 0.35078125 0.59296875 0.02578125 0.0265625
0 0.17578125 0.83515625 0.03203125 0.04296875
0 0.4890625 0.47421875 0.02421875 0.02109375
0 0.7546875 0.6 0.021875 0.03046875
0 0.5390625 0.6109375 0.028125 0.0296875
0 0.76875 0.63671875 0.0328125 0.03125
0 0.84921875 0.77265625 0.02890625 0.0390625
0 0.81640625 0.8609375 0.0328125 0.0421875
0 0.61328125 0.8828125 0.034375 0.04453125
0 0.7359375 0.85703125 0.03125 0.05234375
0 0.41328125 0.73046875 0.03046875 0.0375
0 0.83984375 0.66640625 0.0328125 0.0375
0 0.8578125 0.72734375 0.02421875 0.02890625
0 0.690625 0.496875 0.02421875 0.02734375
0 0.87578125 0.96796875 0.03828125 0.0484375
0 0.8171875 0.92265625 0.03125 0.0328125
0 0.33515625 0.82109375 0.03359375 0.05234375
0 0.7703125 0.69765625 0.025 0.03203125
0 0.36015625 0.784375 0.0234375 0.034375
0 0.48046875 0.934375 0.0296875 0.040625
0 0.87578125 0.6640625 0.021875 0.0296875
0 0.98359375 0.7390625 0.0328125 0.0375
0 0.52265625 0.89296875 0.0265625 0.0375
0 0.5015625 0.8515625 0.02890625 0.03515625
0 0.09375 0.7875 0.03125 0.040625
0 0.671875 0.54296875 0.02265625 0.0296875
0 0.1125 0.55703125 0.0296875 0.02734375
0 0.26875 0.52890625 0.0234375 0.025
0 0.190625 0.98203125 0.03828125 0.03515625
0 0.02890625 0.77890625 0.0578125 0.05859375
0 0.02578125 0.7125 0.04375 0.04609375
0 0.95859375 0.78203125 0.0375 0.04453125
0 0.41953125 0.63671875 0.02890625 0.03671875
0 0.7046875 0.55546875 0.028125 0.02421875
0 0.109375 0.82578125 0.034375 0.04375
0 0.5359375 0.94375 0.0484375 0.0609375
0 0.3484375 0.70625 0.0296875 0.03515625
0 0.64375 0.54921875 0.0234375 0.02421875
0 0.13828125 0.628125 0.0265625 0.0296875
0 0.7640625 0.484375 0.02890625 0.02421875
0 0.8234375 0.69296875 0.02734375 0.03515625
0 0.1578125 0.91484375 0.04296875 0.05234375
0 0.965625 0.9375 0.046875 0.0671875
0 0.140625 0.8765625 0.028125 0.04375
0 0.409375 0.675 0.02421875 0.028125
0 0.16171875 0.95859375 0.03828125 0.040625
0 0.3984375 0.60390625 0.0265625 0.028125
0 0.19140625 0.5359375 0.0265625 0.0234375
0 0.46796875 0.64453125 0.021875 0.0359375
0 0.6109375 0.48046875 0.02421875 0.0265625
0 0.6484375 0.709375 0.02109375 0.025
0 0.7359375 0.51484375 0.028125 0.02578125
0 0.26015625 0.7359375 0.0265625 0.03125
0 0.1265625 0.66328125 0.0234375 0.02265625
0 0.8578125 0.91484375 0.025 0.034375
0 0.06015625 0.65546875 0.01953125 0.02109375
0 0.925 0.6109375 0.028125 0.03046875
0 0.53984375 0.66953125 0.01875 0.028125
0 0.55234375 0.98671875 0.03828125 0.0265625
0 0.1671875 0.6703125 0.03671875 0.03515625
0 0.0640625 0.95390625 0.02578125 0.04140625
0 0.8578125 0.55625 0.028125 0.0265625
0 0.57109375 0.4609375 0.02265625 0.0203125
0 0.18046875 0.43515625 0.021875 0.02109375
0 0.4390625 0.403125 0.01796875 0.01953125
0 0.1515625 0.521875 0.021875 0.021875
0 0.79375 0.72890625 0.03046875 0.0390625
0 0.546875 0.709375 0.02109375 0.03046875
0 0.8546875 0.875 0.0203125 0.0296875
0 0.29609375 0.52578125 0.02109375 0.02109375
0 0.91953125 0.56640625 0.02421875 0.02734375
0 0.25859375 0.696875 0.0171875 0.02421875
0 0.56875 0.5640625 0.01640625 0.0203125
0 0.79375 0.4296875 0.02265625 0.02109375
0 0.26328125 0.49609375 0.01875 0.02265625
0 0.76015625 0.45625 0.0203125 0.02109375
0 0.55 0.571875 0.01796875 0.02109375
0 0.7796875 0.5640625 0.01875 0.025
0 0.18046875 0.50234375 0.02109375 0.0296875
0 0.10859375 0.51328125 0.0265625 0.02578125
0 0.81640625 0.55390625 0.021875 0.02578125
0 0.2984375 0.65703125 0.0203125 0.0234375
0 0.00625 0.62421875 0.0125 0.03671875
0 0.3453125 0.43984375 0.01796875 0.01875
0 0.0734375 0.56328125 0.02265625 0.025
0 0.45625 0.55390625 0.01796875 0.025
0 0.0375 0.51953125 0.02578125 0.02421875
0 0.91796875 0.57578125 0.0234375 0.02578125
0 0.2125 0.453125 0.0171875 0.02578125
0 0.9890625 0.66015625 0.021875 0.03046875
0 0.98125 0.70625 0.03671875 0.03203125
0 0.3015625 0.4234375 0.0171875 0.0203125