0 0.1640625 0.9265625 0.0421875 0.06328125
0 0.09609375 0.82578125 0.05859375 0.0734375
0 0.2859375 0.8796875 0.03828125 0.0765625
0 0.19453125 0.84375 0.0296875 0.05
0 0.1203125 0.76328125 0.0359375 0.05078125
0 0.20703125 0.790625 0.03984375 0.05234375
0 0.25234375 0.7234375 0.0359375 0.04609375
0 0.2515625 0.6671875 0.0421875 0.04765625
0 0.0875 0.721875 0.03671875 0.040625
0 0.065625 0.65703125 0.02265625 0.04453125
0 0.02109375 0.596875 0.03203125 0.03828125
0 0.0234375 0.66171875 0.02578125 0.03125
0 0.096875 0.615625 0.0421875 0.03671875
0 0.0171875 0.534375 0.03359375 0.04609375
0 0.19453125 0.53203125 0.01796875 0.0234375
0 0.25703125 0.5359375 0.02421875 0.0265625
0 0.121875 0.49140625 0.0296875 0.03203125
0 0.3328125 0.6703125 0.0359375 0.05078125
0 0.33046875 0.815625 0.03984375 0.04375
0 0.3546875 0.84296875 0.046875 0.05390625
0 0.44453125 0.825 0.05078125 0.06484375
0 0.484375 0.946875 0.05546875 0.0796875
0 0.5984375 0.9640625 0.0484375 0.07109375
0 0.75625 0.9359375 0.03125 0.05625
0 0.65703125 0.821875 0.0453125 0.06328125
0 0.69609375 0.85390625 0.0171875 0.02734375
0 0.8359375 0.86484375 0.05078125 0.0671875
0 0.91875 0.9171875 0.05546875 0.06796875
0 0.796875 0.9078125 0.05234375 0.059375
0 0.725 0.7546875 0.05 0.05625
0 0.7359375 0.815625 0.028125 0.03046875
0 0.6359375 0.7046875 0.04453125 0.05859375
0 0.59921875 0.66328125 0.03515625 0.04765625
0 0.7875 0.75859375 0.03984375 0.04921875
0 0.91484375 0.77890625 0.03203125 0.04296875
0 0.9546875 0.7015625 0.05 0.0453125
0 0.80234375 0.68125 0.04296875 0.0578125
0 0.7734375 0.696875 0.03125 0.0359375
0 0.790625 0.60390625 0.02734375 0.0421875
0 0.753125 0.59375 0.034375 0.0390625
0 0.9140625 0.56953125 0.03203125 0.02890625
0 0.84140625 0.528125 0.028125 0.03359375
0 0.865625 0.50234375 0.04609375 0.0421875
0 0.93671875 0.50859375 0.03671875 0.0328125
0 0.91484375 0.46953125 0.03671875 0.02578125
0 0.953125 0.453125 0.03671875 0.0328125
0 0.90234375 0.4265625 0.0390625 0.03046875
0 0.80390625 0.45625 0.03203125 0.03359375
0 0.76015625 0.48671875 0.028125 0.0296875
0 0.721875 0.48671875 0.028125 0.0359375
0 0.67890625 0.575 0.03046875 0.040625
0 0.7828125 0.4171875 0.01796875 0.01796875
0 0.79296875 0.38515625 0.0234375 0.03203125
0 0.74375 0.44609375 0.02421875 0.03359375
0 0.7140625 0.44140625 0.02734375 0.028125
0 0.525 0.575 0.04765625 0.065625
0 0.5828125 0.571875 0.028125 0.0265625
0 0.57890625 0.5421875 0.03125 0.03515625
0 0.56328125 0.44375 0.028125 0.0296875
0 0.61171875 0.49921875 0.03359375 0.03046875
0 0.61875 0.47421875 0.02265625 0.028125
0 0.65 0.44296875 0.0234375 0.02734375
0 0.7375 0.346875 0.021875 0.025
0 0.51640625 0.42578125 0.0203125 0.02578125
0 0.490625 0.39921875 0.0203125 0.021875
0 0.48125 0.44453125 0.028125 0.025
0 0.39296875 0.5015625 0.025 0.0359375
0 0.3265625 0.55859375 0.028125 0.03359375
0 0.2875 0.59921875 0.04375 0.0296875
0 0.378125 0.6359375 0.0265625 0.03203125
0 0.43984375 0.64140625 0.0390625 0.04453125
0 0.45234375 0.73515625 0.03359375 0.0515625
0 0.53671875 0.7953125 0.05546875 0.0640625
0 0.31640625 0.475 0.01875 0.02421875
0 0.33984375 0.521875 0.02890625 0.0265625
0 0.3625 0.49765625 0.0234375 0.0265625
0 0.47578125 0.4203125 0.0234375 0.025
0 0.45078125 0.40234375 0.0234375 0.02578125
0 0.5640625 0.40390625 0.02421875 0.02578125
0 0.66328125 0.30625 0.01875 0.02109375
0 0.5625 0.37578125 0.01875 0.02265625
0 0.50625 0.36015625 0.0203125 0.021875
0 0.7421875 0.55078125 0.0296875 0.0296875
0 0.89921875 0.703125 0.04296875 0.04765625
0 0.8765625 0.325 0.02265625 0.02421875