0 0.4078125 0.93125 0.04453125 0.06875
0 0.65 0.87890625 0.0515625 0.0609375
0 0.3765625 0.81171875 0.046875 0.05703125
0 0.48515625 0.85546875 0.03515625 0.0453125
0 0.82109375 0.803125 0.04453125 0.053125
0 0.3640625 0.90390625 0.04140625 0.05234375
0 0.72421875 0.84453125 0.03125 0.0484375
0 0.821875 0.96875 0.03828125 0.0546875
0 0.76953125 0.97421875 0.0453125 0.0515625
0 0.2203125 0.66953125 0.03359375 0.034375
0 0.40625 0.52734375 0.025 0.02421875
0 0.61953125 0.6203125 0.0296875 0.03671875
0 0.30390625 0.84453125 0.0390625 0.05703125
0 0.12265625 0.84609375 0.0328125 0.0390625
0 0.2296875 0.75625 0.04140625 0.04609375
0 0.1453125 0.58046875 0.03359375 0.03203125
0 0.17890625 0.82890625 0.0375 0.04921875
0 0.934375 0.6609375 0.03359375 0.040625
0 0.7953125 0.8421875 0.0390625 0.05625
0 0.165625 0.9515625 0.03359375 0.0578125
0 0.74296875 0.50546875 0.0171875 0.0265625
0 0.565625 0.89765625 0.0359375 0.046875
0 0.80234375 0.64140625 0.02734375 0.03203125
0 0.47578125 0.7765625 0.0296875 0.0390625
0 0.1359375 0.7625 0.0265625 0.03828125
0 0.2640625 0.790625 0.034375 0.04140625
0 0.6875 0.97734375 0.05546875 0.0453125
0 0.64921875 0.5578125 0.02734375 0.03359375
0 0.75625 0.653125 0.025 0.03046875
0 0.42578125 0.790625 0.02578125 0.040625
0 0.7875 0.47109375 0.03125 0.025
0 0.21015625 0.5984375 0.02578125 0.03359375
0 0.75703125 0.896875 0.03671875 0.053125
0 0.284375 0.734375 0.03828125 0.04609375
0 0.4375 0.7109375 0.03203125 0.040625
0 0.46796875 0.571875 0.02421875 0.02734375
0 0.92890625 0.809375 0.04609375 0.065625
0 0.68125 0.54765625 0.0296875 0.03359375
0 0.3453125 0.75234375 0.034375 0.0484375
0 0.5546875 0.534375 0.0265625 0.03125
0 0.85703125 0.6453125 0.034375 0.03515625
0 0.5578125 0.85390625 0.0296875 0.03984375
0 0.490625 0.65 0.01953125 0.02421875
0 0.24921875 0.875 0.03046875 0.05078125
0 0.13828125 0.6921875 0.03203125 0.034375
0 0.9703125 0.8484375 0.0234375 0.02890625
0 0.90859375 0.6109375 0.028125 0.03125
0 0.8421875 0.90234375 0.0265625 0.04296875
0 0.8796875 0.4515625 0.02265625 0.02890625
0 0.8703125 0.7984375 0.0296875 0.0453125
0 0.71015625 0.5828125 0.0359375 0.03125
0 0.9546875 0.58828125 0.02421875 0.02890625
0 0.4578125 0.65625 0.0203125 0.028125
0 0.0671875 0.815625 0.02265625 0.0328125
0 0.58203125 0.63203125 0.0296875 0.0296875
0 0.48125 0.66875 0.0171875 0.02265625
0 0.05625 0.584375 0.0359375 0.03046875
0 0.65703125 0.634375 0.02890625 0.0328125
0 0.72890625 0.759375 0.040625 0.0390625
0 0.925 0.55625 0.02578125 0.0265625
0 0.58984375 0.51171875 0.02890625 0.0265625
0 0.27109375 0.6921875 0.02890625 0.0375
0 0.19296875 0.553125 0.028125 0.03125
0 0.45 0.46171875 0.02421875 0.02421875
0 0.91640625 0.5265625 0.02578125 0.02578125
0 0.42421875 0.84921875 0.02578125 0.0421875
0 0.715625 0.7046875 0.02890625 0.03046875
0 0.2890625 0.61484375 0.02421875 0.03125
0 0.51484375 0.51484375 0.02578125 0.0234375
0 0.7421875 0.5421875 0.03203125 0.0296875
0 0.809375 0.51796875 0.02109375 0.02421875
0 0.37109375 0.60390625 0.02109375 0.02265625
0 0.0890625 0.971875 0.0421875 0.0484375
0 0.03984375 0.76171875 0.03046875 0.03828125
0 0.9359375 0.72109375 0.034375 0.0390625
0 0.10390625 0.4890625 0.021875 0.03046875
0 0.6796875 0.47578125 0.02265625 0.02421875
0 0.1484375 0.54296875 0.02421875 0.02890625
0 0.29921875 0.47734375 0.0203125 0.02421875
0 0.35078125 0.625 0.02109375 0.0296875
0 0.83984375 0.51328125 0.02421875 0.021875
0 0.96953125 0.67109375 0.01953125 0.025
0 0.37265625 0.43671875 0.01953125 0.01953125
0 0.84140625 0.4921875 0.01796875 0.0203125
0 0.1796875 0.5765625 0.0265625 0.0234375
0 0.7546875 0.690625 0.03046875 0.02734375
0 0.4921875 0.48515625 0.021875 0.0203125
0 0.0484375 0.88359375 0.03359375 0.05625
0 0.978125 0.978125 0.04375 0.04375
0 0.45390625 0.51640625 0.01484375 0.0203125
0 0.26015625 0.4796875 0.01875 0.02265625
0 0.85625 0.59765625 0.02265625 0.0234375
0 0.0109375 0.890625 0.021875 0.040625
0 0.3859375 0.734375 0.02578125 0.0375
0 0.51015625 0.54375 0.02265625 0.02578125
0 0.46953125 0.58046875 0.0234375 0.0265625
0 0.21640625 0.453125 0.01875 0.02265625
0 0.03671875 0.9734375 0.04375 0.05234375
0 0.0515625 0.55078125 0.028125 0.0328125
0 0.23671875 0.53671875 0.01953125 0.02578125
0 0.98828125 0.71484375 0.0234375 0.04296875
0 0.40234375 0.68671875 0.02421875 0.0421875
0 0.51015625 0.51015625 0.02578125 0.0234375
0 0.3359375 0.52421875 0.02421875 0.025
0 0.07578125 0.46328125 0.02421875 0.02578125
0 0.5625 0.425 0.0203125 0.02578125
0 0.66484375 0.49375 0.02109375 0.021875
0 0.38359375 0.45546875 0.01953125 0.02265625
0 0.3328125 0.4984375 0.01875 0.02421875
0 0.74296875 0.3859375 0.01953125 0.01875
0 0.8984375 0.42421875 0.02421875 0.021875
0 0.39375 0.56796875 0.01796875 0.02578125
0 0.70625 0.42734375 0.01953125 0.021875
0 0.61875 0.52734375 0.0203125 0.01875
0 0.06796875 0.92890625 0.02734375 0.03046875
0 0.08046875 0.634375 0.02578125 0.03359375
0 0.840625 0.575 0.0296875 0.0296875
0 0.259375 0.44921875 0.01796875 0.01953125
0 0.78359375 0.56171875 0.0296875 0.02734375
0 0.65859375 0.5125 0.021875 0.01953125
0 0.46484375 0.62890625 0.01875 0.021875
0 0.69296875 0.37265625 0.01796875 0.0171875
0 0.14375 0.48359375 0.0203125 0.02421875
0 0.809375 0.7453125 0.0234375 0.03515625
0 0.671875 0.659375 0.01953125 0.0234375
0 0.69609375 0.50234375 0.01875 0.02578125
0 0.125 0.9875 0.04609375 0.025
0 0.71640625 0.38828125 0.01796875 0.0171875
0 0.90859375 0.3828125 0.0234375 0.02109375
0 0.1296875 0.94140625 0.0484375 0.05546875
0 0.871875 0.5125 0.02421875 0.0265625
0 0.93046875 0.46875 0.034375 0.03359375