0 0.13359375 0.94296875 0.04296875 0.0625
0 0.26328125 0.8890625 0.046875 0.078125
0 0.1671875 0.84921875 0.040625 0.04140625
0 0.05625 0.8390625 0.06640625 0.065625
0 0.0875 0.77109375 0.04375 0.0453125
0 0.18046875 0.80078125 0.046875 0.05625
0 0.04921875 0.72890625 0.03515625 0.0390625
0 0.05546875 0.6265625 0.04609375 0.03671875
0 0.071875 0.56796875 0.03125 0.02890625
0 0.11015625 0.5671875 0.0234375 0.03359375
0 0.09921875 0.65 0.02890625 0.03046875
0 0.16953125 0.553125 0.02109375 0.02421875
0 0.1625 0.53828125 0.0171875 0.02109375
0 0.228125 0.675 0.05234375 0.04609375
0 0.22578125 0.72890625 0.04296875 0.046875
0 0.3109375 0.67421875 0.0375 0.046875
0 0.2640625 0.6046875 0.03984375 0.04453125
0 0.3015625 0.56328125 0.040625 0.03125
0 0.359375 0.6375 0.021875 0.03125
0 0.3125 0.815625 0.04375 0.034375
0 0.3421875 0.8421875 0.0421875 0.04765625
0 0.48125 0.95 0.053125 0.075
0 0.59921875 0.96484375 0.04375 0.0671875
0 0.43515625 0.82421875 0.059375 0.053125
0 0.4375 0.740625 0.04375 0.0546875
0 0.42421875 0.6421875 0.03671875 0.04609375
0 0.29140625 0.47890625 0.0234375 0.03125
0 0.2296875 0.540625 0.02265625 0.034375
0 0.36953125 0.50546875 0.02890625 0.03125
0 0.31484375 0.52578125 0.0296875 0.028125
0 0.3390625 0.390625 0.0234375 0.02890625
0 0.45546875 0.45234375 0.028125 0.02734375
0 0.4546875 0.428125 0.0265625 0.0203125
0 0.46640625 0.4078125 0.0234375 0.02421875
0 0.49296875 0.43203125 0.02421875 0.02578125
0 0.54296875 0.453125 0.02734375 0.0296875
0 0.5421875 0.41484375 0.0296875 0.0296875
0 0.428125 0.4125 0.02265625 0.02578125
0 0.51171875 0.5765625 0.04765625 0.06484375
0 0.5296875 0.79609375 0.05859375 0.05703125
0 0.65390625 0.81796875 0.0484375 0.0609375
0 0.69375 0.84921875 0.015625 0.03203125
0 0.62890625 0.7078125 0.0421875 0.05390625
0 0.58828125 0.6609375 0.03984375 0.0421875
0 0.56796875 0.5765625 0.0234375 0.03125
0 0.5640625 0.5484375 0.03125 0.03046875
0 0.6 0.48125 0.02421875 0.02734375
0 0.63046875 0.453125 0.02109375 0.02734375
0 0.6625 0.57578125 0.0328125 0.034375
0 0.7203125 0.753125 0.05546875 0.07421875
0 0.7359375 0.81484375 0.02734375 0.0359375
0 0.76171875 0.9328125 0.02890625 0.06171875
0 0.8046875 0.90859375 0.04609375 0.05
0 0.8390625 0.859375 0.05390625 0.075
0 0.92421875 0.91328125 0.0515625 0.0578125
0 0.91171875 0.7734375 0.0296875 0.04140625
0 0.940625 0.6953125 0.04453125 0.05078125
0 0.88984375 0.70234375 0.0390625 0.04140625
0 0.84453125 0.67421875 0.03125 0.0375
0 0.790625 0.67734375 0.04453125 0.0578125
0 0.7765625 0.603125 0.03046875 0.04375
0 0.74296875 0.596875 0.03203125 0.04453125
0 0.728125 0.55390625 0.03125 0.03125
0 0.703125 0.4921875 0.0296875 0.03515625
0 0.74140625 0.496875 0.02890625 0.0265625
0 0.78203125 0.46171875 0.02578125 0.0296875
0 0.69375 0.45 0.03046875 0.0234375
0 0.72421875 0.45625 0.025 0.02421875
0 0.7140625 0.36171875 0.02890625 0.0234375
0 0.84375 0.50859375 0.040625 0.0359375
0 0.78203125 0.7515625 0.04296875 0.046875
0 0.7625 0.69375 0.025 0.034375
0 0.82421875 0.53203125 0.02890625 0.03125
0 0.89765625 0.57109375 0.0390625 0.028125
0 0.890625 0.4796875 0.034375 0.03203125
0 0.91484375 0.515625 0.03359375 0.0265625
0 0.87109375 0.43515625 0.03125 0.02890625
0 0.928125 0.4625 0.028125 0.03125
0 0.771875 0.396875 0.01875 0.0328125