0 0.09609375 0.94453125 0.05703125 0.07890625
0 0.0671875 0.73515625 0.03359375 0.04140625
0 0.18359375 0.865625 0.0359375 0.05078125
0 0.21640625 0.9109375 0.0515625 0.04140625
0 0.2578125 0.96640625 0.046875 0.05078125
0 0.37265625 0.9796875 0.03515625 0.040625
0 0.2859375 0.85390625 0.04609375 0.04296875
0 0.2234375 0.8109375 0.0328125 0.04765625
0 0.19375 0.7671875 0.034375 0.046875
0 0.30078125 0.78671875 0.03828125 0.03671875
0 0.29921875 0.74453125 0.03203125 0.04375
0 0.35625 0.81328125 0.03359375 0.04921875
0 0.41484375 0.77421875 0.0390625 0.04375
0 0.45859375 0.85703125 0.0453125 0.05234375
0 0.53515625 0.8609375 0.04296875 0.05078125
0 0.578125 0.8625 0.03515625 0.05390625
0 0.47578125 0.75625 0.0296875 0.03984375
0 0.51328125 0.80078125 0.034375 0.03828125
0 0.66484375 0.76171875 0.04453125 0.0359375
0 0.72265625 0.94375 0.03984375 0.0453125
0 0.7734375 0.903125 0.04765625 0.0640625
0 0.77421875 0.85234375 0.02890625 0.04921875
0 0.796875 0.77890625 0.04296875 0.05078125
0 0.796875 0.7234375 0.03828125 0.0390625
0 0.93515625 0.8125 0.05390625 0.05703125
0 0.84140625 0.75 0.0359375 0.040625
0 0.70703125 0.7015625 0.03125 0.0484375
0 0.66796875 0.625 0.03046875 0.0390625
0 0.73359375 0.66328125 0.02734375 0.03828125
0 0.74375 0.6046875 0.03203125 0.0328125
0 0.78359375 0.621875 0.0296875 0.03984375
0 0.8453125 0.62109375 0.0328125 0.0296875
0 0.83046875 0.58828125 0.02578125 0.02890625
0 0.9140625 0.70859375 0.034375 0.046875
0 0.934375 0.6828125 0.02578125 0.0328125
0 0.940625 0.59296875 0.04140625 0.0359375
0 0.85546875 0.55390625 0.0296875 0.03046875
0 0.69296875 0.48515625 0.03203125 0.040625
0 0.671875 0.52265625 0.0265625 0.025
0 0.64609375 0.53515625 0.025 0.03359375
0 0.6328125 0.57578125 0.0296875 0.0390625
0 0.2921875 0.575 0.03828125 0.03671875
0 0.2859375 0.53046875 0.02578125 0.03203125
0 0.23828125 0.5640625 0.021875 0.025
0 0.215625 0.6875 0.03203125 0.0328125
0 0.23828125 0.71640625 0.03046875 0.03203125
0 0.2703125 0.671875 0.03046875 0.0328125
0 0.175 0.6421875 0.02421875 0.028125
0 0.14296875 0.625 0.02109375 0.02578125
0 0.0640625 0.60390625 0.03203125 0.02578125
0 0.128125 0.5453125 0.02578125 0.02265625
0 0.153125 0.53046875 0.025 0.02578125
0 0.26328125 0.4453125 0.021875 0.03203125
0 0.3390625 0.52421875 0.025 0.02734375
0 0.37265625 0.490625 0.025 0.02578125
0 0.4328125 0.53125 0.021875 0.03046875
0 0.49921875 0.565625 0.03359375 0.0328125
0 0.44140625 0.6234375 0.02734375 0.03359375
0 0.4125 0.6796875 0.0421875 0.03984375
0 0.33203125 0.64765625 0.0296875 0.03984375
0 0.35078125 0.67578125 0.0328125 0.03515625
0 0.34609375 0.5765625 0.0375 0.028125
0 0.521875 0.665625 0.03359375 0.04765625
0 0.46328125 0.46875 0.01796875 0.028125
0 0.50234375 0.5375 0.01875 0.0234375
0 0.56953125 0.54921875 0.021875 0.02890625
0 0.5890625 0.475 0.01796875 0.028125
0 0.8015625 0.5296875 0.02734375 0.0296875
0 0.52578125 0.6 0.01953125 0.0328125
0 0.45078125 0.56875 0.0265625 0.0234375