0 0.81640625 0.95859375 0.04296875 0.0703125
0 0.61953125 0.7875 0.0421875 0.059375
0 0.43046875 0.909375 0.0484375 0.06640625
0 0.32421875 0.74140625 0.0359375 0.05
0 0.7046875 0.8421875 0.05546875 0.06953125
0 0.08203125 0.896875 0.05625 0.0671875
0 0.24140625 0.79296875 0.03515625 0.04375
0 0.521875 0.88203125 0.05625 0.0609375
0 0.24375 0.7375 0.04296875 0.05390625
0 0.51484375 0.64296875 0.04296875 0.06484375
0 0.26875 0.95703125 0.04140625 0.0625
0 0.63515625 0.90703125 0.04453125 0.06875
0 0.33984375 0.91875 0.04453125 0.05390625
0 0.4296875 0.70859375 0.0375 0.04921875
0 0.784375 0.759375 0.04140625 0.05703125
0 0.19609375 0.85859375 0.04140625 0.05625
0 0.4359375 0.81328125 0.040625 0.0578125
0 0.32265625 0.61875 0.03515625 0.03515625
0 0.11328125 0.8328125 0.0328125 0.0421875
0 0.37109375 0.70390625 0.025 0.0328125
0 0.76875 0.84375 0.0359375 0.0515625
0 0.93828125 0.7875 0.04375 0.04921875
0 0.73984375 0.66640625 0.03203125 0.03984375
0 0.7953125 0.51796875 0.03046875 0.034375
0 0.253125 0.59609375 0.02578125 0.03125
0 0.3171875 0.8890625 0.0390625 0.04375
0 0.0828125 0.784375 0.03046875 0.0375
0 0.55859375 0.46171875 0.0296875 0.02734375
0 0.77578125 0.68046875 0.02890625 0.0453125
0 0.71640625 0.9046875 0.03125 0.03671875
0 0.58203125 0.740625 0.03515625 0.04375
0 0.6671875 0.6453125 0.03125 0.0375
0 0.2828125 0.66171875 0.0390625 0.04140625
0 0.18046875 0.91796875 0.03671875 0.0421875
0 0.896875 0.8765625 0.03671875 0.04921875
0 0.884375 0.7921875 0.0359375 0.0484375
0 0.3875 0.55859375 0.0234375 0.03046875
0 0.71328125 0.5515625 0.028125 0.0375
0 0.78828125 0.44453125 0.025 0.03125
0 0.471875 0.5015625 0.02734375 0.02578125
0 0.3625 0.4328125 0.0234375 0.028125
0 0.75078125 0.55390625 0.0296875 0.03125
0 0.73046875 0.6203125 0.03046875 0.03046875
0 0.8546875 0.56953125 0.0375 0.0390625
0 0.09609375 0.67421875 0.0375 0.034375
0 0.48671875 0.4515625 0.02421875 0.02578125
0 0.9015625 0.64765625 0.0328125 0.03125
0 0.6453125 0.50625 0.02265625 0.03046875
0 0.92890625 0.5765625 0.03046875 0.0359375
0 0.13125 0.703125 0.02265625 0.0296875
0 0.55703125 0.50390625 0.0234375 0.02890625
0 0.9046875 0.5375 0.0359375 0.03359375
0 0.509375 0.4828125 0.025 0.02734375
0 0.75625 0.77890625 0.028125 0.03671875
0 0.67265625 0.94375 0.01875 0.0359375
0 0.57109375 0.6421875 0.02578125 0.034375
0 0.1421875 0.61796875 0.02734375 0.03359375
0 0.31484375 0.53125 0.02109375 0.028125
0 0.709375 0.503125 0.02734375 0.03359375
0 0.56953125 0.6078125 0.028125 0.0359375
0 0.34296875 0.65859375 0.0265625 0.0265625
0 0.1921875 0.58515625 0.01640625 0.02265625
0 0.83125 0.45703125 0.021875 0.02890625
0 0.83671875 0.7625 0.0296875 0.04609375
0 0.33515625 0.578125 0.028125 0.0265625
0 0.02109375 0.58359375 0.03828125 0.03671875
0 0.734375 0.4 0.02265625 0.0265625
0 0.41875 0.53359375 0.02890625 0.0265625
0 0.53828125 0.50625 0.02109375 0.02890625
0 0.353125 0.55703125 0.02578125 0.0265625
0 0.8296875 0.59453125 0.02890625 0.0390625
0 0.7359375 0.509375 0.02265625 0.028125
0 0.94453125 0.5171875 0.03359375 0.03203125
0 0.51953125 0.453125 0.025 0.02578125
0 0.60703125 0.5375 0.02421875 0.028125
0 0.50234375 0.5546875 0.0296875 0.0296875
0 0.603125 0.5609375 0.03046875 0.03203125
0 0.46953125 0.47734375 0.02734375 0.0265625
0 0.48984375 0.8171875 0.0328125 0.03203125
0 0.4484375 0.4578125 0.0234375 0.025
0 0.89453125 0.4875 0.0359375 0.03125
0 0.43359375 0.48984375 0.02265625 0.02734375
0 0.0203125 0.71953125 0.0265625 0.03046875
0 0.66015625 0.45703125 0.028125 0.028125
0 0.3296875 0.58828125 0.02734375 0.02734375
0 0.59375 0.44921875 0.025 0.03046875
0 0.22265625 0.66875 0.03671875 0.046875
0 0.7 0.753125 0.03359375 0.0453125