0 0.053125 0.89140625 0.04296875 0.0515625
0 0.15546875 0.8515625 0.0484375 0.059375
0 0.11796875 0.7890625 0.0375 0.040625
0 0.196875 0.94921875 0.028125 0.046875
0 0.28984375 0.97578125 0.040625 0.04765625
0 0.34609375 0.95625 0.04921875 0.05234375
0 0.340625 0.87265625 0.04765625 0.06171875
0 0.40859375 0.91484375 0.03671875 0.046875
0 0.4296875 0.96484375 0.03046875 0.04375
0 0.5328125 0.94921875 0.0375 0.05234375
0 0.3296875 0.77109375 0.0265625 0.03828125
0 0.26484375 0.82578125 0.028125 0.046875
0 0.2328125 0.87734375 0.034375 0.0671875
0 0.203125 0.83984375 0.0390625 0.0359375
0 0.15625 0.771875 0.02578125 0.04296875
0 0.26171875 0.73515625 0.03203125 0.0359375
0 0.2171875 0.684375 0.02265625 0.02890625
0 0.21015625 0.625 0.028125 0.03359375
0 0.13125 0.68046875 0.03359375 0.0265625
0 0.165625 0.725 0.01640625 0.028125
0 0.0734375 0.74140625 0.03203125 0.02890625
0 0.04609375 0.65078125 0.03125 0.03125
0 0.06640625 0.6984375 0.04375 0.03828125
0 0.12109375 0.54453125 0.02734375 0.025
0 0.075 0.53203125 0.02578125 0.02578125
0 0.02890625 0.56875 0.03125 0.03515625
0 0.05 0.4578125 0.025 0.025
0 0.12109375 0.4359375 0.025 0.0203125
0 0.19609375 0.50234375 0.02109375 0.0265625
0 0.16171875 0.49296875 0.01484375 0.0234375
0 0.14921875 0.45859375 0.01953125 0.02734375
0 0.11015625 0.51171875 0.02734375 0.03203125
0 0.2 0.5390625 0.028125 0.0234375
0 0.15 0.5796875 0.02109375 0.0328125
0 0.2328125 0.534375 0.0234375 0.021875
0 0.24375 0.51171875 0.02734375 0.025
0 0.2796875 0.61015625 0.0296875 0.03046875
0 0.2171875 0.75 0.02421875 0.02734375
0 0.2984375 0.6765625 0.0359375 0.0453125
0 0.33515625 0.7046875 0.03046875 0.034375
0 0.3453125 0.6578125 0.03359375 0.04375
0 0.3296875 0.6234375 0.0296875 0.03359375
0 0.3390625 0.559375 0.021875 0.02109375
0 0.3703125 0.73984375 0.02890625 0.04765625
0 0.43046875 0.78984375 0.034375 0.04609375
0 0.46953125 0.80859375 0.04140625 0.05625
0 0.4296875 0.71875 0.03359375 0.04609375
0 0.39921875 0.6671875 0.02734375 0.04296875
0 0.525 0.74921875 0.03046875 0.03828125
0 0.4734375 0.74765625 0.0234375 0.03984375
0 0.46953125 0.70390625 0.0203125 0.034375
0 0.515625 0.6859375 0.0265625 0.03671875
0 0.625 0.96796875 0.0296875 0.05234375
0 0.67421875 0.92734375 0.03984375 0.06171875
0 0.70234375 0.8484375 0.04140625 0.06171875
0 0.66328125 0.7609375 0.040625 0.046875
0 0.59765625 0.775 0.034375 0.03984375
0 0.5875 0.746875 0.02578125 0.028125
0 0.7640625 0.92890625 0.0359375 0.04765625
0 0.76875 0.8375 0.034375 0.0515625
0 0.80859375 0.82265625 0.0296875 0.03828125
0 0.85625 0.9546875 0.040625 0.05859375
0 0.809375 0.946875 0.01796875 0.0359375
0 0.91796875 0.93046875 0.05625 0.06640625
0 0.92890625 0.8375 0.040625 0.04296875
0 0.96015625 0.7875 0.0421875 0.04375
0 0.8890625 0.70234375 0.03515625 0.04296875
0 0.9703125 0.696875 0.0375 0.0390625
0 0.95859375 0.74921875 0.04140625 0.03515625
0 0.84296875 0.69765625 0.02265625 0.03046875
0 0.80234375 0.69765625 0.03828125 0.04296875
0 0.7828125 0.7296875 0.03203125 0.03828125
0 0.821875 0.7734375 0.02890625 0.03125
0 0.7265625 0.7328125 0.028125 0.03828125
0 0.753125 0.77734375 0.03359375 0.0421875
0 0.72890625 0.66640625 0.03515625 0.03359375
0 0.71484375 0.62265625 0.02265625 0.03203125
0 0.74609375 0.5875 0.025 0.02265625
0 0.89375 0.58984375 0.025 0.02734375
0 0.98046875 0.58984375 0.028125 0.03359375
0 0.8328125 0.578125 0.025 0.02421875
0 0.78515625 0.57109375 0.021875 0.0265625
0 0.73125 0.49453125 0.03359375 0.028125
0 0.77109375 0.434375 0.02578125 0.0234375
0 0.73359375 0.46640625 0.0171875 0.02421875
0 0.77109375 0.5109375 0.03203125 0.0234375
0 0.8171875 0.46875 0.02265625 0.0171875
0 0.8171875 0.44921875 0.02109375 0.01953125
0 0.875 0.54765625 0.02109375 0.02734375
0 0.878125 0.478125 0.021875 0.0203125
0 0.85 0.41640625 0.02109375 0.02578125
0 0.703125 0.528125 0.03203125 0.02734375
0 0.684375 0.50078125 0.03125 0.02421875
0 0.65 0.5078125 0.025 0.02734375
0 0.62890625 0.559375 0.0234375 0.034375
0 0.66171875 0.57265625 0.03046875 0.028125
0 0.59765625 0.5671875 0.028125 0.02578125
0 0.56796875 0.48671875 0.02421875 0.02734375
0 0.5953125 0.46796875 0.02734375 0.025
0 0.6625 0.4546875 0.01796875 0.01875
0 0.6765625 0.4359375 0.02265625 0.02421875
0 0.52578125 0.46796875 0.02421875 0.0203125
0 0.49609375 0.521875 0.025 0.0234375
0 0.51171875 0.60234375 0.015625 0.01875
0 0.515625 0.58515625 0.0203125 0.02109375
0 0.4921875 0.59296875 0.01796875 0.02421875
0 0.478125 0.6328125 0.02734375 0.03828125
0 0.39609375 0.56953125 0.01796875 0.01953125
0 0.40859375 0.55078125 0.02109375 0.01796875
0 0.434375 0.4828125 0.025 0.02109375
0 0.365625 0.4625 0.0171875 0.02265625
0 0.2953125 0.44296875 0.01875 0.01875
0 0.27890625 0.49375 0.02109375 0.02109375
0 0.26328125 0.54375 0.0203125 0.0265625
0 0.46875 0.42734375 0.02109375 0.01796875
0 0.89765625 0.63515625 0.028125 0.03515625
0 0.44765625 0.61328125 0.02578125 0.0390625