0 0.15703125 0.91875 0.03828125 0.06484375
0 0.0828125 0.8203125 0.05703125 0.06328125
0 0.1140625 0.75703125 0.0359375 0.046875
0 0.08203125 0.709375 0.0375 0.03515625
0 0.08828125 0.60703125 0.0390625 0.03359375
0 0.01328125 0.65390625 0.0265625 0.03125
0 0.203125 0.78046875 0.04921875 0.04921875
0 0.190625 0.83046875 0.03984375 0.03828125
0 0.278125 0.86953125 0.04453125 0.07578125
0 0.48203125 0.93828125 0.05625 0.07109375
0 0.596875 0.95625 0.0484375 0.0796875
0 0.4453125 0.81875 0.059375 0.06640625
0 0.3578125 0.83046875 0.0296875 0.0546875
0 0.32890625 0.8078125 0.034375 0.040625
0 0.33125 0.66328125 0.0375 0.04375
0 0.24609375 0.71875 0.0296875 0.04375
0 0.246875 0.66328125 0.0375 0.05078125
0 0.43671875 0.63203125 0.040625 0.04140625
0 0.4484375 0.72734375 0.04140625 0.0578125
0 0.375 0.62734375 0.02578125 0.03359375
0 0.28359375 0.59453125 0.03671875 0.0390625
0 0.12734375 0.63515625 0.02421875 0.02890625
0 0.33359375 0.51484375 0.028125 0.03125
0 0.31171875 0.46640625 0.01953125 0.028125
0 0.2484375 0.5328125 0.0234375 0.0328125
0 0.1875 0.52734375 0.01171875 0.01796875
0 0.19375 0.54296875 0.01640625 0.0234375
0 0.35625 0.4953125 0.0234375 0.02578125
0 0.3875 0.4953125 0.02421875 0.025
0 0.3890625 0.42421875 0.02734375 0.021875
0 0.475 0.440625 0.0265625 0.02265625
0 0.5203125 0.56953125 0.046875 0.0640625
0 0.59765625 0.65234375 0.03515625 0.04765625
0 0.6359375 0.696875 0.040625 0.0546875
0 0.5828125 0.56171875 0.025 0.03515625
0 0.5734375 0.534375 0.025 0.02734375
0 0.615625 0.46875 0.02109375 0.03046875
0 0.5609375 0.4421875 0.02421875 0.03203125
0 0.5125 0.42421875 0.0203125 0.028125
0 0.471875 0.41796875 0.028125 0.02578125
0 0.484375 0.39375 0.0265625 0.025
0 0.55703125 0.403125 0.02734375 0.028125
0 0.60390625 0.453125 0.02421875 0.02421875
0 0.59921875 0.4234375 0.0140625 0.01875
0 0.646875 0.43515625 0.0265625 0.03984375
0 0.675 0.5671875 0.03359375 0.04140625
0 0.5015625 0.73515625 0.03515625 0.03046875
0 0.5359375 0.78671875 0.0546875 0.05234375
0 0.659375 0.81171875 0.040625 0.0640625
0 0.69765625 0.84296875 0.01796875 0.03515625
0 0.759375 0.92734375 0.03125 0.05859375
0 0.8015625 0.89765625 0.05546875 0.06171875
0 0.84453125 0.86015625 0.04921875 0.0734375
0 0.725 0.7453125 0.05078125 0.06953125
0 0.73671875 0.8078125 0.02734375 0.03671875
0 0.78671875 0.74765625 0.0390625 0.0484375
0 0.91953125 0.7703125 0.03359375 0.04375
0 0.9515625 0.6921875 0.04765625 0.04375
0 0.85234375 0.671875 0.03125 0.0390625
0 0.80078125 0.671875 0.05078125 0.053125
0 0.7703125 0.68671875 0.02734375 0.03046875
0 0.7875 0.5984375 0.02890625 0.04921875
0 0.91328125 0.5671875 0.03515625 0.028125
0 0.83671875 0.52109375 0.0296875 0.03359375
0 0.8640625 0.5 0.0375 0.034375
0 0.9125 0.46796875 0.03359375 0.034375
0 0.7515625 0.58515625 0.034375 0.0390625
0 0.71640625 0.4796875 0.02890625 0.03203125
0 0.75703125 0.4859375 0.028125 0.03125
0 0.740625 0.5453125 0.03046875 0.028125
0 0.8 0.45234375 0.03046875 0.028125
0 0.78046875 0.41484375 0.0203125 0.0234375
0 0.7109375 0.43515625 0.025 0.0265625
0 0.73984375 0.44296875 0.0265625 0.034375
0 0.5015625 0.35546875 0.0234375 0.025
0 0.51796875 0.39765625 0.02578125 0.025
0 0.43046875 0.43046875 0.01875 0.02265625
0 0.446875 0.4015625 0.021875 0.028125
0 0.35859375 0.3796875 0.021875 0.028125
0 0.31953125 0.55078125 0.0359375 0.03046875
0 0.02890625 0.60703125 0.02734375 0.02578125
0 0.1125 0.4828125 0.03046875 0.03125
0 0.50390625 0.4875 0.028125 0.03515625