0 0.053125 0.8984375 0.0328125 0.0375
0 0.03125 0.86640625 0.021875 0.0625
0 0.1265625 0.921875 0.02578125 0.04921875
0 0.346875 0.9765625 0.05390625 0.046875
0 0.334375 0.909375 0.03359375 0.05078125
0 0.38828125 0.921875 0.05625 0.06953125
0 0.45546875 0.88125 0.03359375 0.05859375
0 0.39140625 0.8421875 0.03984375 0.05703125
0 0.3265625 0.834375 0.04765625 0.0640625
0 0.23515625 0.79375 0.028125 0.06328125
0 0.23671875 0.74453125 0.0328125 0.0453125
0 0.184375 0.76015625 0.0421875 0.0765625
0 0.2046875 0.7078125 0.03359375 0.05234375
0 0.13359375 0.68125 0.0359375 0.0625
0 0.1 0.73671875 0.0375 0.0640625
0 0.025 0.77109375 0.0234375 0.05703125
0 0.05625 0.7796875 0.02421875 0.053125
0 0.09453125 0.8140625 0.0265625 0.04296875
0 0.07265625 0.7015625 0.0265625 0.07109375
0 0.0796875 0.625 0.0359375 0.040625
0 0.06796875 0.58515625 0.0359375 0.05078125
0 0.0375 0.60703125 0.040625 0.03828125
0 0.10859375 0.565625 0.02734375 0.03125
0 0.1390625 0.6234375 0.02109375 0.0421875
0 0.1703125 0.6078125 0.03359375 0.03203125
0 0.1609375 0.575 0.0296875 0.03203125
0 0.1703125 0.5328125 0.03125 0.04453125
0 0.2140625 0.63515625 0.02734375 0.04375
0 0.26171875 0.71875 0.0171875 0.03515625
0 0.2890625 0.734375 0.021875 0.04453125
0 0.3921875 0.771875 0.040625 0.06015625
0 0.36484375 0.72578125 0.02734375 0.0328125
0 0.3515625 0.68515625 0.0234375 0.04375
0 0.30546875 0.60390625 0.02734375 0.05390625
0 0.25859375 0.53359375 0.0234375 0.03671875
0 0.44609375 0.71015625 0.0453125 0.04921875
0 0.434375 0.6625 0.0265625 0.03046875
0 0.46484375 0.8140625 0.040625 0.0640625
0 0.5046875 0.759375 0.03046875 0.03203125
0 0.5265625 0.79296875 0.02578125 0.05234375
0 0.6015625 0.78671875 0.02734375 0.04921875
0 0.61484375 0.86953125 0.021875 0.05546875
0 0.5734375 0.8828125 0.0328125 0.0609375
0 0.60234375 0.965625 0.0296875 0.06875
0 0.6546875 0.95234375 0.04375 0.0625
0 0.71015625 0.8734375 0.03671875 0.04453125
0 0.6640625 0.80625 0.02578125 0.065625
0 0.71640625 0.75390625 0.04453125 0.053125
0 0.6609375 0.67265625 0.03359375 0.04921875
0 0.60390625 0.659375 0.015625 0.034375
0 0.659375 0.5828125 0.03203125 0.0625
0 0.70234375 0.66328125 0.01875 0.053125
0 0.7 0.60859375 0.03046875 0.04296875
0 0.35390625 0.66015625 0.02421875 0.0296875
0 0.434375 0.6 0.0296875 0.04375
0 0.74921875 0.984375 0.0421875 0.03125
0 0.7734375 0.9546875 0.03203125 0.0421875
0 0.790625 0.98125 0.034375 0.0375
0 0.8125 0.95234375 0.0296875 0.0328125
0 0.86796875 0.97578125 0.05 0.04765625
0 0.8609375 0.91015625 0.0296875 0.053125
0 0.90546875 0.93515625 0.03671875 0.053125
0 0.890625 0.8375 0.0375 0.05234375
0 0.859375 0.83828125 0.02734375 0.05
0 0.84609375 0.80859375 0.028125 0.04609375
0 0.82734375 0.76171875 0.02890625 0.03515625
0 0.803125 0.73515625 0.0296875 0.05859375
0 0.7546875 0.79921875 0.0421875 0.04453125
0 0.77109375 0.76328125 0.0265625 0.04921875
0 0.878125 0.71015625 0.03125 0.04453125
0 0.9265625 0.73046875 0.02578125 0.03671875
0 0.96796875 0.69375 0.0328125 0.05859375
0 0.8046875 0.61640625 0.02734375 0.04609375
0 0.85078125 0.67109375 0.034375 0.0359375
0 0.84453125 0.62890625 0.02578125 0.034375
0 0.77265625 0.68515625 0.028125 0.03125
0 0.5765625 0.6140625 0.028125 0.03125
0 0.615625 0.58984375 0.02578125 0.040625
0 0.7125 0.52734375 0.025 0.04609375
0 0.78203125 0.51953125 0.0203125 0.03984375
0 0.928125 0.615625 0.05 0.0375
0 0.4984375 0.675 0.02578125 0.0453125
0 0.478125 0.65234375 0.0234375 0.0203125
0 0.57734375 0.5453125 0.0203125 0.0375
0 0.57265625 0.471875 0.01875 0.0359375
0 0.590625 0.478125 0.02421875 0.0234375
0 0.6234375 0.4609375 0.03359375 0.0359375
0 0.68984375 0.471875 0.01953125 0.03671875
0 0.6359375 0.50625 0.02578125 0.01796875
0 0.49453125 0.50546875 0.03203125 0.0515625
0 0.20625 0.509375 0.0203125 0.034375
0 0.221875 0.5984375 0.025 0.0328125
0 0.1046875 0.5328125 0.03828125 0.02421875
0 0.2265625 0.45703125 0.01484375 0.028125
0 0.2609375 0.440625 0.02109375 0.0375
0 0.253125 0.6515625 0.02421875 0.02890625