0 0.06796875 0.9171875 0.0328125 0.03359375
0 0.046875 0.8828125 0.0296875 0.04296875
0 0.01328125 0.86796875 0.02421875 0.06171875
0 0.04921875 0.82421875 0.03984375 0.04453125
0 0.096875 0.83203125 0.03984375 0.04453125
0 0.0875 0.79296875 0.03203125 0.0390625
0 0.1390625 0.81796875 0.05390625 0.05078125
0 0.14140625 0.85859375 0.0453125 0.0484375
0 0.18515625 0.88671875 0.0453125 0.0625
0 0.21796875 0.93828125 0.05 0.06640625
0 0.25703125 0.865625 0.05078125 0.05703125
0 0.33671875 0.83671875 0.0453125 0.06484375
0 0.3609375 0.871875 0.05 0.0640625
0 0.29921875 0.96875 0.0484375 0.0625
0 0.4390625 0.8734375 0.0609375 0.0828125
0 0.46953125 0.79140625 0.04453125 0.04375
0 0.35234375 0.72265625 0.040625 0.03984375
0 0.32734375 0.76953125 0.04453125 0.03671875
0 0.2859375 0.7171875 0.05078125 0.053125
0 0.278125 0.6515625 0.040625 0.06015625
0 0.228125 0.64453125 0.02890625 0.0484375
0 0.21953125 0.696875 0.03125 0.04375
0 0.17890625 0.6453125 0.034375 0.0390625
0 0.109375 0.653125 0.0296875 0.05703125
0 0.084375 0.6765625 0.03828125 0.04140625
0 0.08125 0.5921875 0.03359375 0.053125
0 0.13515625 0.5921875 0.03125 0.0375
0 0.18046875 0.55703125 0.02421875 0.05
0 0.25 0.5328125 0.040625 0.04140625
0 0.24453125 0.584375 0.028125 0.03515625
0 0.31171875 0.55390625 0.025 0.0421875
0 0.38359375 0.59453125 0.03125 0.03828125
0 0.34296875 0.63984375 0.03046875 0.0390625
0 0.38359375 0.66796875 0.0203125 0.0328125
0 0.40234375 0.72578125 0.028125 0.04140625
0 0.421875 0.64765625 0.0296875 0.0359375
0 0.45859375 0.653125 0.0265625 0.06015625
0 0.43203125 0.56796875 0.025 0.03125
0 0.40234375 0.51953125 0.02890625 0.04375
0 0.31640625 0.47578125 0.02109375 0.028125
0 0.2578125 0.47421875 0.0234375 0.0203125
0 0.2734375 0.50234375 0.0359375 0.02890625
0 0.13671875 0.4625 0.03125 0.02109375
0 0.553125 0.9484375 0.0484375 0.0671875
0 0.584375 0.8515625 0.04765625 0.05625
0 0.4984375 0.88359375 0.0234375 0.053125
0 0.53515625 0.80078125 0.04140625 0.06328125
0 0.58203125 0.76328125 0.03515625 0.05859375
0 0.54609375 0.7125 0.04140625 0.05390625
0 0.54921875 0.65625 0.02734375 0.0578125
0 0.52734375 0.64921875 0.02578125 0.05078125
0 0.578125 0.68046875 0.03671875 0.04453125
0 0.48515625 0.64609375 0.025 0.04140625
0 0.4828125 0.71015625 0.0359375 0.04609375
0 0.496875 0.55625 0.021875 0.0203125
0 0.4875 0.60234375 0.0296875 0.03671875
0 0.45625 0.5109375 0.03671875 0.0421875
0 0.51640625 0.51328125 0.0328125 0.03359375
0 0.55859375 0.484375 0.03046875 0.025
0 0.509375 0.46953125 0.025 0.03828125
0 0.61171875 0.5734375 0.015625 0.03671875
0 0.63828125 0.56953125 0.03125 0.0328125
0 0.64453125 0.62578125 0.03359375 0.040625
0 0.6296875 0.67890625 0.040625 0.0453125
0 0.71015625 0.71875 0.0375 0.03828125
0 0.67265625 0.79765625 0.0421875 0.05625
0 0.75703125 0.790625 0.04140625 0.059375
0 0.75390625 0.8984375 0.04453125 0.0515625
0 0.715625 0.65859375 0.0390625 0.05078125
0 0.74609375 0.63515625 0.03203125 0.05234375
0 0.7703125 0.5921875 0.03359375 0.05859375
0 0.7390625 0.534375 0.02265625 0.03671875
0 0.7625 0.52421875 0.0296875 0.0453125
0 0.70703125 0.459375 0.0265625 0.03203125
0 0.67734375 0.45546875 0.0203125 0.025
0 0.5984375 0.446875 0.02265625 0.02109375
0 0.5703125 0.54609375 0.01171875 0.03046875
0 0.81953125 0.91171875 0.0546875 0.084375
0 0.8046875 0.8453125 0.04609375 0.05390625
0 0.84609375 0.8421875 0.040625 0.0703125
0 0.83515625 0.79140625 0.04453125 0.05390625
0 0.85 0.75859375 0.03984375 0.06796875
0 0.90078125 0.7828125 0.034375 0.0703125
0 0.91875 0.74921875 0.04375 0.04765625
0 0.85703125 0.690625 0.04140625 0.0484375
0 0.90234375 0.64375 0.03125 0.0484375
0 0.89609375 0.61015625 0.03203125 0.05703125
0 0.965625 0.6984375 0.03203125 0.05
0 0.98359375 0.67734375 0.0328125 0.05546875
0 0.95390625 0.73671875 0.0375 0.0515625
0 0.98203125 0.78203125 0.0359375 0.05390625
0 0.9546875 0.96328125 0.0609375 0.06953125
0 0.8421875 0.57578125 0.034375 0.0484375
0 0.8 0.58203125 0.0296875 0.046875
0 0.8890625 0.56953125 0.02734375 0.05
0 0.9515625 0.590625 0.0421875 0.03046875
0 0.7921875 0.4609375 0.02578125 0.01796875
0 0.68515625 0.5359375 0.02578125 0.034375
0 0.940625 0.4984375 0.028125 0.0234375
0 0.55078125 0.446875 0.0265625 0.028125
0 0.6125 0.5203125 0.02890625 0.0234375
0 0.39375 0.48828125 0.034375 0.0234375
0 0.428125 0.41640625 0.0265625 0.03125
0 0.52109375 0.41171875 0.021875 0.02421875
0 0.5578125 0.4 0.01484375 0.01640625
0 0.5890625 0.42109375 0.01875 0.028125
0 0.4625 0.4 0.01171875 0.015625