0 0.05625 0.90703125 0.05234375 0.05859375
0 0.1 0.9515625 0.0265625 0.06015625
0 0.115625 0.97578125 0.028125 0.0484375
0 0.23046875 0.92265625 0.04140625 0.053125
0 0.2796875 0.93828125 0.04765625 0.08203125
0 0.21171875 0.8359375 0.0359375 0.07109375
0 0.17421875 0.8484375 0.02890625 0.0421875
0 0.1359375 0.8984375 0.03515625 0.0515625
0 0.1546875 0.9359375 0.040625 0.0734375
0 0.028125 0.6859375 0.03515625 0.03984375
0 0.01015625 0.78359375 0.0203125 0.0453125
0 0.0703125 0.59765625 0.028125 0.03203125
0 0.1375 0.625 0.028125 0.04296875
0 0.1734375 0.76015625 0.0296875 0.0484375
0 0.16328125 0.80078125 0.02890625 0.0453125
0 0.23125 0.715625 0.03125 0.05859375
0 0.26015625 0.7421875 0.034375 0.04296875
0 0.29609375 0.7734375 0.0328125 0.06015625
0 0.38203125 0.88984375 0.04375 0.040625
0 0.45 0.9625 0.028125 0.04453125
0 0.4484375 0.88359375 0.03203125 0.04375
0 0.50078125 0.80859375 0.02578125 0.03671875
0 0.57109375 0.815625 0.04453125 0.05546875
0 0.60625 0.9625 0.0296875 0.05703125
0 0.67265625 0.90390625 0.05625 0.0703125
0 0.61953125 0.81484375 0.034375 0.0515625
0 0.6609375 0.82578125 0.03046875 0.040625
0 0.73046875 0.96484375 0.0296875 0.0609375
0 0.7796875 0.909375 0.0421875 0.06796875
0 0.91796875 0.91015625 0.06015625 0.06796875
0 0.9265625 0.8015625 0.05078125 0.0546875
0 0.9015625 0.8421875 0.03671875 0.0375
0 0.859375 0.790625 0.03828125 0.059375
0 0.8203125 0.828125 0.0390625 0.05
0 0.82421875 0.88125 0.03125 0.0421875
0 0.853125 0.8953125 0.034375 0.05078125
0 0.78203125 0.8046875 0.03359375 0.05234375
0 0.7234375 0.81484375 0.04375 0.05234375
0 0.69375 0.7421875 0.0359375 0.053125
0 0.65390625 0.76328125 0.03046875 0.0421875
0 0.61484375 0.64296875 0.03515625 0.0328125
0 0.72109375 0.65546875 0.0390625 0.03828125
0 0.696875 0.70859375 0.03046875 0.034375
0 0.8265625 0.68046875 0.0375 0.0484375
0 0.903125 0.7234375 0.0265625 0.0421875
0 0.92734375 0.7171875 0.02734375 0.03203125
0 0.91484375 0.65546875 0.040625 0.0453125
0 0.91640625 0.6140625 0.03828125 0.03125
0 0.82265625 0.60625 0.0265625 0.03828125
0 0.653125 0.60234375 0.02734375 0.03515625
0 0.50859375 0.7046875 0.03125 0.05
0 0.54140625 0.71171875 0.02421875 0.046875
0 0.44921875 0.70625 0.0359375 0.0484375
0 0.41015625 0.75859375 0.028125 0.03046875
0 0.309375 0.7046875 0.0390625 0.040625
0 0.26328125 0.67734375 0.03125 0.04375
0 0.23671875 0.64765625 0.0234375 0.0359375
0 0.31015625 0.5078125 0.034375 0.0296875
0 0.30703125 0.4734375 0.02578125 0.021875
0 0.36875 0.6765625 0.03046875 0.0484375
0 0.38046875 0.7890625 0.02578125 0.03671875
0 0.321875 0.65625 0.03125 0.03671875
0 0.29375 0.578125 0.02734375 0.03515625
0 0.321875 0.628125 0.025 0.03046875
0 0.415625 0.65546875 0.03359375 0.040625
0 0.4140625 0.58125 0.03125 0.03671875
0 0.12421875 0.53046875 0.021875 0.025
0 0.8203125 0.97109375 0.0296875 0.04765625
0 0.97578125 0.96796875 0.04453125 0.05703125
0 0.6796875 0.57578125 0.02890625 0.04921875
0 0.68828125 0.53203125 0.02578125 0.03046875
0 0.6234375 0.54375 0.0234375 0.0359375
0 0.6484375 0.57421875 0.01875 0.03046875
0 0.503125 0.57734375 0.0328125 0.04921875
0 0.46328125 0.63828125 0.02265625 0.04296875
0 0.4921875 0.66953125 0.01953125 0.0375
0 0.434375 0.54140625 0.03125 0.028125
0 0.35234375 0.46953125 0.02578125 0.02421875
0 0.5453125 0.48984375 0.021875 0.0234375
0 0.18828125 0.5453125 0.01953125 0.02890625
0 0.3453125 0.55859375 0.02578125 0.03203125
0 0.27109375 0.4703125 0.021875 0.02734375
0 0.28515625 0.4078125 0.02265625 0.028125
0 0.45859375 0.421875 0.01953125 0.025
0 0.65625 0.43984375 0.025 0.0375
0 0.634375 0.46953125 0.02421875 0.03359375
0 0.6109375 0.47578125 0.02421875 0.0328125
0 0.7765625 0.54296875 0.02578125 0.02734375
0 0.7625 0.515625 0.02421875 0.02890625
0 0.85703125 0.52265625 0.03125 0.02734375
0 0.89140625 0.51875 0.02421875 0.0296875
0 0.80625 0.52578125 0.02421875 0.0296875