0 0.19453125 0.9703125 0.0625 0.05859375
0 0.11171875 0.91796875 0.03359375 0.05625
0 0.0328125 0.9375 0.03203125 0.04453125
0 0.05625 0.96953125 0.05859375 0.06015625
0 0.13203125 0.78671875 0.0359375 0.04921875
0 0.09140625 0.72109375 0.0296875 0.040625
0 0.009375 0.89140625 0.01875 0.0390625
0 0.07265625 0.81015625 0.04140625 0.04375
0 0.0984375 0.646875 0.0359375 0.0375
0 0.1125 0.54375 0.0359375 0.034375
0 0.11875 0.50234375 0.03046875 0.03046875
0 0.07265625 0.45 0.021875 0.0359375
0 0.01796875 0.54609375 0.03046875 0.03125
0 0.15 0.534375 0.0265625 0.02734375
0 0.16875 0.51015625 0.025 0.03203125
0 0.1828125 0.55078125 0.02265625 0.034375
0 0.18671875 0.62578125 0.034375 0.03125
0 0.23828125 0.6484375 0.028125 0.04140625
0 0.1890625 0.71328125 0.05 0.04453125
0 0.203125 0.83984375 0.034375 0.053125
0 0.2265625 0.753125 0.04140625 0.0375
0 0.26015625 0.8015625 0.04296875 0.06015625
0 0.31171875 0.71171875 0.0390625 0.0484375
0 0.34296875 0.7734375 0.0546875 0.06640625
0 0.3296875 0.8703125 0.04296875 0.0609375
0 0.3734375 0.89921875 0.0484375 0.075
0 0.39453125 0.81015625 0.0265625 0.03984375
0 0.39609375 0.75546875 0.0234375 0.0421875
0 0.4515625 0.73828125 0.0296875 0.046875
0 0.45703125 0.8234375 0.0359375 0.05078125
0 0.4140625 0.67109375 0.0296875 0.0453125
0 0.3453125 0.56484375 0.021875 0.0203125
0 0.32734375 0.5875 0.01953125 0.03125
0 0.43671875 0.61484375 0.0203125 0.02734375
0 0.459375 0.62890625 0.0171875 0.02109375
0 0.46796875 0.60546875 0.02265625 0.03046875
0 0.4515625 0.53203125 0.0265625 0.02890625
0 0.56953125 0.58984375 0.0328125 0.03046875
0 0.60859375 0.58359375 0.03125 0.03984375
0 0.64921875 0.5984375 0.03515625 0.0328125
0 0.53359375 0.8234375 0.03671875 0.040625
0 0.54296875 0.86484375 0.046875 0.053125
0 0.63671875 0.84765625 0.0609375 0.06875
0 0.6671875 0.9625 0.0625 0.075
0 0.81953125 0.946875 0.0453125 0.06484375
0 0.76171875 0.96171875 0.04921875 0.07578125
0 0.74609375 0.86953125 0.040625 0.05546875
0 0.7140625 0.8109375 0.034375 0.04609375
0 0.71796875 0.721875 0.04609375 0.04296875
0 0.72890625 0.703125 0.015625 0.025
0 0.790625 0.81171875 0.04296875 0.06953125
0 0.81875 0.7734375 0.04453125 0.06640625
0 0.84296875 0.87109375 0.0265625 0.0515625
0 0.86875 0.76796875 0.034375 0.05
0 0.98046875 0.9671875 0.03828125 0.05859375
0 0.975 0.81953125 0.02421875 0.0296875
0 0.93046875 0.7734375 0.05703125 0.07734375
0 0.940625 0.684375 0.0390625 0.03671875
0 0.9734375 0.63671875 0.021875 0.02890625
0 0.9390625 0.628125 0.03671875 0.04375
0 0.859375 0.60390625 0.03046875 0.0390625
0 0.91640625 0.57421875 0.03125 0.03359375
0 0.93046875 0.52109375 0.0296875 0.02734375
0 0.91875 0.48828125 0.028125 0.02421875
0 0.84375 0.5375 0.02890625 0.02890625
0 0.859375 0.56015625 0.0234375 0.02265625
0 0.7984375 0.6015625 0.0328125 0.03359375
0 0.75 0.61484375 0.02734375 0.034375
0 0.75 0.65546875 0.03125 0.028125
0 0.70625 0.66640625 0.0328125 0.0390625
0 0.80703125 0.48046875 0.02421875 0.021875
0 0.83828125 0.47734375 0.02109375 0.02265625
0 0.84296875 0.45390625 0.02265625 0.0203125
0 0.88515625 0.415625 0.0234375 0.02734375
0 0.7875 0.43359375 0.0296875 0.02578125
0 0.740625 0.5046875 0.0296875 0.03125
0 0.740625 0.46953125 0.01796875 0.02421875
0 0.67578125 0.5078125 0.03046875 0.034375
0 0.70234375 0.5453125 0.03359375 0.03125
0 0.6390625 0.5203125 0.0328125 0.03671875
0 0.7140625 0.353125 0.01953125 0.01875
0 0.671875 0.434375 0.0234375 0.02265625
0 0.6890625 0.46171875 0.01796875 0.028125
0 0.6578125 0.45625 0.02265625 0.021875
0 0.6484375 0.475 0.0265625 0.01875
0 0.57421875 0.47109375 0.028125 0.02890625
0 0.61171875 0.48515625 0.0203125 0.01640625
0 0.54296875 0.49296875 0.025 0.0359375
0 0.49765625 0.471875 0.03046875 0.02421875
0 0.490625 0.50234375 0.025 0.02734375
0 0.43671875 0.47734375 0.0125 0.01953125
0 0.3875 0.48515625 0.0296875 0.0234375
0 0.371875 0.52578125 0.0203125 0.02734375
0 0.4796875 0.44609375 0.02421875 0.0203125
0 0.4359375 0.421875 0.02578125 0.02265625
0 0.496875 0.37734375 0.0140625 0.01484375
0 0.5546875 0.3859375 0.02265625 0.03515625
0 0.35546875 0.69609375 0.025 0.04140625
0 0.24921875 0.69453125 0.04375 0.04921875
0 0.26171875 0.5734375 0.02890625 0.0328125
0 0.22421875 0.58671875 0.0171875 0.01875
0 0.42265625 0.3359375 0.01328125 0.0140625
0 0.3671875 0.4171875 0.021875 0.025
0 0.3546875 0.39609375 0.02109375 0.01640625
0 0.3125 0.484375 0.021875 0.028125
0 0.27734375 0.4390625 0.02265625 0.025
0 0.2359375 0.4390625 0.02109375 0.0203125
0 0.2375 0.409375 0.01640625 0.01484375
0 0.19296875 0.4140625 0.01796875 0.02109375
0 0.2109375 0.49453125 0.0203125 0.0265625
0 0.040625 0.59140625 0.028125 0.034375
0 0.04765625 0.425 0.02421875 0.02265625
0 0.01484375 0.77265625 0.02578125 0.03046875
0 0.87734375 0.478125 0.0265625 0.02890625
0 0.9046875 0.3890625 0.02734375 0.021875
0 0.7640625 0.3703125 0.02265625 0.01796875
0 0.78671875 0.384375 0.0171875 0.01953125
0 0.74140625 0.34921875 0.01953125 0.015625