0 0.053125 0.8390625 0.07265625 0.06953125
0 0.13359375 0.94453125 0.04140625 0.0671875
0 0.26796875 0.88515625 0.04375 0.0671875
0 0.18359375 0.79296875 0.04140625 0.05703125
0 0.16796875 0.85078125 0.04140625 0.04140625
0 0.08046875 0.775 0.034375 0.04921875
0 0.04609375 0.73046875 0.0296875 0.03984375
0 0.05390625 0.62734375 0.0453125 0.0375
0 0.22890625 0.734375 0.04375 0.06328125
0 0.22890625 0.67890625 0.05 0.05390625
0 0.31484375 0.81484375 0.04453125 0.04375
0 0.346875 0.84140625 0.04453125 0.05859375
0 0.3171875 0.67734375 0.034375 0.05390625
0 0.30234375 0.56484375 0.04453125 0.03359375
0 0.225 0.5421875 0.02265625 0.03046875
0 0.1578125 0.54140625 0.0125 0.01484375
0 0.1046875 0.57265625 0.028125 0.0375
0 0.43671875 0.825 0.0546875 0.06796875
0 0.4859375 0.93984375 0.053125 0.0734375
0 0.59921875 0.95546875 0.046875 0.07890625
0 0.4390625 0.73515625 0.0453125 0.05390625
0 0.5328125 0.79609375 0.059375 0.05234375
0 0.62578125 0.7 0.04609375 0.06015625
0 0.6546875 0.8125 0.0453125 0.06640625
0 0.76015625 0.91875 0.03671875 0.06953125
0 0.803125 0.890625 0.06015625 0.06640625
0 0.91875 0.89765625 0.0484375 0.059375
0 0.840625 0.85 0.0546875 0.06953125
0 0.77890625 0.7484375 0.0375 0.04375
0 0.7375 0.80546875 0.03515625 0.03671875
0 0.715625 0.75 0.05546875 0.0640625
0 0.5859375 0.66171875 0.03515625 0.04609375
0 0.5078125 0.58046875 0.0453125 0.0578125
0 0.5671875 0.5734375 0.0234375 0.028125
0 0.659375 0.578125 0.03046875 0.03359375
0 0.78671875 0.67421875 0.0421875 0.05234375
0 0.93515625 0.6890625 0.04921875 0.04765625
0 0.884375 0.69609375 0.0359375 0.04296875
0 0.7734375 0.60234375 0.025 0.04453125
0 0.7390625 0.5921875 0.03046875 0.03828125
0 0.7390625 0.49609375 0.028125 0.028125
0 0.6984375 0.49296875 0.0265625 0.03125
0 0.690625 0.44921875 0.0265625 0.0296875
0 0.88125 0.4765625 0.0359375 0.028125
0 0.9046875 0.5109375 0.0359375 0.03125
0 0.81875 0.5265625 0.03125 0.03359375
0 0.88984375 0.565625 0.03125 0.03984375
0 0.7796875 0.46484375 0.0234375 0.02734375
0 0.7640625 0.3984375 0.02109375 0.0296875
0 0.6265625 0.45234375 0.02109375 0.028125
0 0.58828125 0.503125 0.0328125 0.028125
0 0.59765625 0.48125 0.025 0.0296875
0 0.490625 0.43359375 0.02109375 0.0296875
0 0.45 0.43125 0.02578125 0.025
0 0.36640625 0.50625 0.02265625 0.02578125
0 0.3984375 0.4859375 0.0296875 0.02109375
0 0.31484375 0.52734375 0.0328125 0.03125
0 0.28828125 0.4828125 0.02265625 0.02890625
0 0.334375 0.39296875 0.025 0.0296875
0 0.42578125 0.41796875 0.021875 0.02421875
0 0.0796875 0.5 0.02734375 0.025
0 0.3578125 0.6359375 0.02734375 0.0296875
0 0.36640625 0.57265625 0.03203125 0.028125
0 0.421875 0.64296875 0.04140625 0.0421875
0 0.909375 0.765625 0.03125 0.04921875
0 0.46328125 0.4078125 0.021875 0.02578125
0 0.53828125 0.45546875 0.02421875 0.02890625
0 0.48359375 0.49609375 0.0328125 0.0265625
0 0.53828125 0.4171875 0.03125 0.0296875
0 0.09765625 0.65 0.02890625 0.03203125
0 0.7078125 0.3625 0.0234375 0.02578125