0 0.065625 0.925 0.03984375 0.07265625
0 0.03203125 0.81484375 0.04140625 0.04921875
0 0.09609375 0.79140625 0.0421875 0.0609375
0 0.0546875 0.71875 0.02734375 0.04296875
0 0.06796875 0.64296875 0.03359375 0.0421875
0 0.1609375 0.715625 0.05 0.05859375
0 0.196875 0.7484375 0.03671875 0.04296875
0 0.16796875 0.84375 0.0390625 0.05703125
0 0.2328125 0.80390625 0.05078125 0.0625
0 0.30078125 0.87265625 0.04921875 0.06484375
0 0.3453125 0.90703125 0.05234375 0.06796875
0 0.3671875 0.8171875 0.0328125 0.05859375
0 0.31640625 0.77109375 0.05703125 0.0703125
0 0.28828125 0.70703125 0.04375 0.04296875
0 0.22421875 0.68984375 0.040625 0.04921875
0 0.21171875 0.640625 0.03359375 0.04140625
0 0.159375 0.6203125 0.03671875 0.0359375
0 0.328125 0.5546875 0.02265625 0.02265625
0 0.30625 0.5765625 0.025 0.03046875
0 0.3171875 0.603125 0.02734375 0.02890625
0 0.24453125 0.56484375 0.02421875 0.04140625
0 0.08671875 0.53359375 0.03359375 0.03671875
0 0.0125 0.584375 0.025 0.0375
0 0.3734375 0.74921875 0.03046875 0.04921875
0 0.43359375 0.734375 0.03515625 0.040625
0 0.43671875 0.82421875 0.040625 0.05390625
0 0.5203125 0.825 0.04296875 0.0484375
0 0.53203125 0.86953125 0.05078125 0.05234375
0 0.39609375 0.66171875 0.03515625 0.0484375
0 0.14453125 0.5015625 0.03125 0.03359375
0 0.0953125 0.4921875 0.0359375 0.03125
0 0.29921875 0.4734375 0.02578125 0.0296875
0 0.296875 0.44765625 0.01953125 0.021875
0 0.37265625 0.4734375 0.03203125 0.02734375
0 0.26328125 0.425 0.021875 0.0296875
0 0.1734375 0.40546875 0.01953125 0.0234375
0 0.04765625 0.4421875 0.0265625 0.028125
0 0.35390625 0.40390625 0.028125 0.02734375
0 0.340625 0.38515625 0.02421875 0.01953125
0 0.19140625 0.4859375 0.02421875 0.02578125
0 0.625 0.84921875 0.0640625 0.06640625
0 0.7109375 0.8125 0.03828125 0.05234375
0 0.74375 0.8703125 0.04375 0.06484375
0 0.79296875 0.80234375 0.046875 0.0609375
0 0.82421875 0.76640625 0.046875 0.05859375
0 0.71484375 0.71953125 0.046875 0.0453125
0 0.7265625 0.69609375 0.0203125 0.025
0 0.70078125 0.66171875 0.03828125 0.028125
0 0.63984375 0.5890625 0.03203125 0.0390625
0 0.60078125 0.57265625 0.0328125 0.03828125
0 0.5578125 0.57890625 0.03359375 0.03359375
0 0.53125 0.48125 0.0296875 0.0328125
0 0.42109375 0.60703125 0.025 0.03125
0 0.43046875 0.57890625 0.0203125 0.0265625
0 0.44296875 0.62109375 0.0171875 0.02109375
0 0.4546875 0.59921875 0.025 0.0265625
0 0.44140625 0.52109375 0.0296875 0.0296875
0 0.6328125 0.5046875 0.0328125 0.040625
0 0.56953125 0.46015625 0.03203125 0.03046875
0 0.4234375 0.46640625 0.0171875 0.02421875
0 0.421875 0.41015625 0.02578125 0.02890625
0 0.46796875 0.4328125 0.01875 0.0171875
0 0.4859375 0.45859375 0.0265625 0.02421875
0 0.6640625 0.9625 0.05546875 0.07421875
0 0.76171875 0.96015625 0.0546875 0.07109375
0 0.82109375 0.9546875 0.04765625 0.0640625
0 0.8390625 0.87265625 0.0375 0.04921875
0 0.87421875 0.7625 0.03515625 0.0546875
0 0.93828125 0.77578125 0.05859375 0.071875
0 0.9875 0.8171875 0.025 0.034375
0 0.95390625 0.68203125 0.04609375 0.04765625
0 0.94453125 0.61640625 0.040625 0.046875
0 0.98125 0.628125 0.02109375 0.0265625
0 0.7484375 0.64765625 0.0328125 0.03359375
0 0.75078125 0.60859375 0.02578125 0.034375
0 0.8078125 0.70546875 0.02734375 0.034375
0 0.86484375 0.596875 0.034375 0.03984375
0 0.8 0.59296875 0.03125 0.03671875
0 0.91953125 0.56328125 0.03046875 0.0359375
0 0.93671875 0.5125 0.02734375 0.02734375
0 0.96953125 0.54296875 0.02578125 0.03203125
0 0.92421875 0.4765625 0.0234375 0.02734375
0 0.84453125 0.440625 0.02109375 0.025
0 0.7859375 0.42109375 0.02890625 0.02734375
0 0.809375 0.4671875 0.02578125 0.0296875
0 0.8421875 0.5296875 0.03203125 0.034375
0 0.83984375 0.50390625 0.01796875 0.025
0 0.8625 0.54609375 0.021875 0.02578125
0 0.73828125 0.490625 0.034375 0.02734375
0 0.67265625 0.49765625 0.0296875 0.03671875
0 0.696875 0.5359375 0.03203125 0.0328125
0 0.64453125 0.4640625 0.02890625 0.02421875
0 0.65234375 0.4421875 0.0265625 0.0234375
0 0.6671875 0.42421875 0.02109375 0.02890625
0 0.684375 0.446875 0.01953125 0.03203125
0 0.73828125 0.4578125 0.01796875 0.0265625
0 0.6890625 0.40546875 0.01796875 0.0234375
0 0.60234375 0.27109375 0.02421875 0.01640625
0 0.4125 0.325 0.01328125 0.01953125
0 0.33046875 0.30234375 0.025 0.02578125
0 0.53984375 0.2875 0.01796875 0.02265625
0 0.52734375 0.3421875 0.015625 0.01328125
0 0.4875 0.365625 0.0140625 0.01484375
0 0.48203125 0.325 0.0203125 0.02109375
0 0.94375 0.41796875 0.03046875 0.03046875
0 0.90546875 0.37578125 0.02890625 0.02109375
0 0.91875 0.33359375 0.025 0.021875
0 0.771875 0.34140625 0.01796875 0.02109375
0 0.69921875 0.38046875 0.0203125 0.0234375
0 0.74140625 0.33671875 0.02109375 0.02109375
0 0.78125 0.51171875 0.034375 0.0328125
0 0.71171875 0.3390625 0.021875 0.01953125
0 0.603125 0.47578125 0.02109375 0.01953125
0 0.47890625 0.49375 0.02734375 0.0265625
0 0.39140625 0.3890625 0.02109375 0.02578125
0 0.2953125 0.3796875 0.034375 0.02265625
0 0.21953125 0.40078125 0.01875 0.01875
0 0.21796875 0.4296875 0.0203125 0.01796875
0 0.021875 0.4203125 0.0296875 0.02421875
0 0.15546875 0.5453125 0.02890625 0.040625
0 0.125 0.5296875 0.0328125 0.02109375