0 0.12265625 0.90234375 0.053125 0.0875
0 0.03515625 0.79296875 0.02890625 0.03203125
0 0.08046875 0.7609375 0.03046875 0.03671875
0 0.1515625 0.78984375 0.0296875 0.034375
0 0.15 0.71953125 0.028125 0.0296875
0 0.1140625 0.70625 0.01953125 0.03125
0 0.08125 0.690625 0.0328125 0.03203125
0 0.078125 0.621875 0.02734375 0.02734375
0 0.1421875 0.65859375 0.025 0.0265625
0 0.1578125 0.6859375 0.0375 0.040625
0 0.18828125 0.69921875 0.02421875 0.0296875
0 0.20859375 0.6578125 0.025 0.03125
0 0.18125 0.653125 0.025 0.02890625
0 0.14609375 0.615625 0.02109375 0.01875
0 0.22734375 0.7203125 0.02109375 0.03046875
0 0.20390625 0.7265625 0.02421875 0.02890625
0 0.25859375 0.7453125 0.02265625 0.0296875
0 0.2578125 0.771875 0.02734375 0.03359375
0 0.2453125 0.79921875 0.03359375 0.03359375
0 0.30625 0.71953125 0.02890625 0.04296875
0 0.271875 0.70078125 0.0171875 0.01796875
0 0.29296875 0.68515625 0.0203125 0.025
0 0.24375 0.66328125 0.02890625 0.03671875
0 0.19140625 0.859375 0.0359375 0.05
0 0.18203125 0.90234375 0.02421875 0.03515625
0 0.203125 0.91953125 0.028125 0.03828125
0 0.26875 0.9109375 0.04140625 0.05
0 0.33984375 0.878125 0.025 0.028125
0 0.33359375 0.93359375 0.0390625 0.046875
0 0.35546875 0.95078125 0.03125 0.0546875
0 0.35078125 0.7875 0.03515625 0.03984375
0 0.3875 0.79296875 0.02890625 0.03828125
0 0.36796875 0.72265625 0.02734375 0.0328125
0 0.3390625 0.6625 0.02890625 0.03359375
0 0.21953125 0.59921875 0.021875 0.02578125
0 0.26796875 0.51484375 0.021875 0.0296875
0 0.3546875 0.5546875 0.01875 0.02109375
0 0.38125 0.66171875 0.021875 0.03671875
0 0.39375 0.73671875 0.02578125 0.0375
0 0.4453125 0.84296875 0.034375 0.05703125
0 0.4921875 0.91015625 0.03984375 0.03984375
0 0.49453125 0.859375 0.03828125 0.03671875
0 0.48125 0.81015625 0.0390625 0.05078125
0 0.44765625 0.746875 0.03359375 0.03828125
0 0.446875 0.6890625 0.02109375 0.02421875
0 0.58125 0.92890625 0.025 0.0359375
0 0.596875 0.96953125 0.025 0.04375
0 0.725 0.98828125 0.03671875 0.0234375
0 0.7734375 0.96171875 0.0390625 0.04609375
0 0.6859375 0.97109375 0.0328125 0.0453125
0 0.66328125 0.934375 0.03671875 0.0609375
0 0.64609375 0.86328125 0.03359375 0.03984375
0 0.628125 0.90546875 0.03125 0.04453125
0 0.57734375 0.85390625 0.03046875 0.03671875
0 0.5453125 0.8171875 0.02890625 0.0390625
0 0.5421875 0.7703125 0.0328125 0.040625
0 0.5828125 0.74453125 0.0421875 0.03125
0 0.5578125 0.70390625 0.03671875 0.0390625
0 0.60390625 0.6921875 0.0265625 0.028125
0 0.65078125 0.7765625 0.0296875 0.03671875
0 0.68046875 0.76953125 0.0375 0.03359375
0 0.91328125 0.9078125 0.040625 0.06796875
0 0.96171875 0.95390625 0.0328125 0.04375
0 0.8796875 0.9296875 0.0390625 0.05078125
0 0.87109375 0.85 0.03515625 0.05859375
0 0.7890625 0.9046875 0.02734375 0.03984375
0 0.9046875 0.771875 0.03359375 0.03828125
0 0.94453125 0.7890625 0.03125 0.040625
0 0.9234375 0.73515625 0.025 0.0375
0 0.96875 0.73828125 0.03359375 0.02734375
0 0.78125 0.84375 0.03984375 0.04375
0 0.790625 0.81015625 0.0265625 0.034375
0 0.71328125 0.828125 0.03125 0.05546875
0 0.7453125 0.8203125 0.02578125 0.0390625
0 0.74765625 0.73203125 0.01796875 0.0359375
0 0.81484375 0.75703125 0.0328125 0.0390625
0 0.8375 0.7390625 0.02421875 0.04140625
0 0.87578125 0.71484375 0.0296875 0.0375
0 0.9328125 0.68984375 0.02578125 0.03515625
0 0.94453125 0.58515625 0.02578125 0.02734375
0 0.875 0.64765625 0.03125 0.03203125
0 0.8234375 0.6765625 0.02109375 0.03125
0 0.746875 0.68359375 0.0328125 0.03203125
0 0.77734375 0.6671875 0.03203125 0.03671875
0 0.7453125 0.63828125 0.02890625 0.0296875
0 0.77578125 0.58984375 0.01875 0.0265625
0 0.76953125 0.51171875 0.025 0.01875
0 0.69375 0.6234375 0.02265625 0.0234375
0 0.72265625 0.584375 0.01796875 0.02578125
0 0.71328125 0.7515625 0.01875 0.03046875
0 0.67734375 0.68984375 0.0203125 0.02578125
0 0.64296875 0.63984375 0.02578125 0.025
0 0.5609375 0.59921875 0.0203125 0.03203125
0 0.515625 0.70078125 0.02578125 0.025
0 0.61015625 0.5375 0.02421875 0.02734375
0 0.65 0.56640625 0.02109375 0.021875
0 0.63359375 0.521875 0.02265625 0.02421875
0 0.61953125 0.4734375 0.0140625 0.01796875
0 0.50703125 0.66484375 0.02421875 0.03203125
0 0.4703125 0.6453125 0.028125 0.03125
0 0.44375 0.63203125 0.01796875 0.02421875
0 0.425 0.63125 0.0234375 0.02265625
0 0.4421875 0.5890625 0.02578125 0.03046875
0 0.41484375 0.59921875 0.02265625 0.025
0 0.41953125 0.54453125 0.02421875 0.0265625
0 0.45234375 0.46484375 0.02109375 0.02578125
0 0.46484375 0.44453125 0.021875 0.01875
0 0.45625 0.42109375 0.01875 0.0171875
0 0.32578125 0.46171875 0.0171875 0.028125
0 0.39140625 0.5265625 0.02265625 0.02578125
0 0.36953125 0.59609375 0.02890625 0.02890625
0 0.39296875 0.575 0.01953125 0.0234375
0 0.290625 0.56015625 0.021875 0.0234375
0 0.2484375 0.4703125 0.0203125 0.021875
0 0.29375 0.45859375 0.01875 0.01796875
0 0.28046875 0.6546875 0.02109375 0.0328125
0 0.25703125 0.62578125 0.01953125 0.02734375
0 0.228125 0.56796875 0.0203125 0.0265625
0 0.24609375 0.540625 0.02578125 0.025
0 0.58203125 0.5609375 0.0203125 0.034375
0 0.56328125 0.53046875 0.01640625 0.021875
0 0.51328125 0.5703125 0.0234375 0.02265625
0 0.4984375 0.58515625 0.021875 0.02421875
0 0.4859375 0.5375 0.02109375 0.03125
0 0.49140625 0.48515625 0.02421875 0.02265625
0 0.45546875 0.5203125 0.02265625 0.02421875
0 0.3984375 0.4875 0.02265625 0.01796875
0 0.5203125 0.47734375 0.01875 0.02265625