0 0.16796875 0.9671875 0.0453125 0.05625
0 0.090625 0.92734375 0.0421875 0.04765625
0 0.06171875 0.8734375 0.03046875 0.04140625
0 0.078125 0.75625 0.034375 0.03125
0 0.1140625 0.78828125 0.021875 0.0234375
0 0.01484375 0.65859375 0.02890625 0.04609375
0 0.22265625 0.8359375 0.046875 0.07109375
0 0.21640625 0.8953125 0.02890625 0.05078125
0 0.29609375 0.83828125 0.04140625 0.0671875
0 0.30234375 0.70859375 0.04140625 0.040625
0 0.23671875 0.67890625 0.025 0.02734375
0 0.17890625 0.66640625 0.015625 0.025
0 0.0984375 0.69375 0.0328125 0.0359375
0 0.3484375 0.80078125 0.02265625 0.03203125
0 0.409375 0.928125 0.04453125 0.07265625
0 0.48984375 0.984375 0.0453125 0.03125
0 0.58828125 0.915625 0.05078125 0.05703125
0 0.56015625 0.85234375 0.04296875 0.04765625
0 0.49453125 0.74765625 0.04453125 0.08046875
0 0.67578125 0.965625 0.053125 0.06875
0 0.7359375 0.97265625 0.040625 0.0546875
0 0.75859375 0.88984375 0.04765625 0.06171875
0 0.72734375 0.903125 0.03125 0.04140625
0 0.81015625 0.890625 0.034375 0.05390625
0 0.86015625 0.92890625 0.03828125 0.04140625
0 0.91328125 0.93046875 0.04453125 0.06171875
0 0.95546875 0.8421875 0.0609375 0.05546875
0 0.8828125 0.76796875 0.0375 0.03046875
0 0.9140625 0.6953125 0.03359375 0.04140625
0 0.9296875 0.63125 0.03046875 0.03203125
0 0.8390625 0.6796875 0.04140625 0.04609375
0 0.72109375 0.78515625 0.0359375 0.0421875
0 0.75390625 0.7984375 0.03203125 0.04375
0 0.64921875 0.75234375 0.03515625 0.0421875
0 0.5515625 0.746875 0.02734375 0.034375
0 0.55 0.71171875 0.028125 0.04140625
0 0.6953125 0.65390625 0.028125 0.0375
0 0.73203125 0.66015625 0.0296875 0.03515625
0 0.7828125 0.62578125 0.02421875 0.03359375
0 0.89375 0.6515625 0.03359375 0.0328125
0 0.77890625 0.54296875 0.02421875 0.0359375
0 0.69375 0.60546875 0.0265625 0.04140625
0 0.6265625 0.60234375 0.0203125 0.03203125
0 0.58359375 0.65859375 0.02734375 0.0375
0 0.459375 0.59140625 0.02734375 0.0296875
0 0.496875 0.571875 0.02421875 0.02421875
0 0.54296875 0.59765625 0.02578125 0.0265625
0 0.50625 0.54140625 0.025 0.02890625
0 0.475 0.53671875 0.02109375 0.028125
0 0.371875 0.646875 0.02109375 0.03515625
0 0.31953125 0.665625 0.0296875 0.021875
0 0.30390625 0.60859375 0.02578125 0.0328125
0 0.34140625 0.64453125 0.02578125 0.0296875
0 0.40546875 0.81015625 0.03671875 0.05703125
0 0.54453125 0.5515625 0.02890625 0.034375
0 0.58046875 0.54140625 0.021875 0.0296875
0 0.58515625 0.61796875 0.0234375 0.03046875
0 0.35546875 0.51015625 0.02265625 0.0296875
0 0.40234375 0.6234375 0.02578125 0.02890625
0 0.26015625 0.7546875 0.04375 0.0375
0 0.45625 0.9328125 0.0265625 0.04375
0 0.1296875 0.7 0.021875 0.03046875
0 0.06640625 0.64921875 0.03203125 0.0265625
0 0.3796875 0.56484375 0.02890625 0.02734375
0 0.4375 0.54296875 0.0234375 0.02578125
0 0.421875 0.5796875 0.01953125 0.02734375
0 0.48671875 0.6484375 0.0265625 0.0296875
0 0.7265625 0.49140625 0.0234375 0.02734375
0 0.8171875 0.55859375 0.021875 0.03515625
0 0.83984375 0.5890625 0.0265625 0.02421875
0 0.88359375 0.596875 0.034375 0.0359375
0 0.86875 0.47734375 0.0234375 0.0234375
0 0.8546875 0.51015625 0.021875 0.02890625
0 0.79609375 0.47890625 0.02421875 0.01953125
0 0.65546875 0.44140625 0.021875 0.0296875
0 0.52421875 0.4265625 0.01875 0.021875
0 0.709375 0.73359375 0.03125 0.0375
0 0.36484375 0.728125 0.03046875 0.03203125
0 0.240625 0.46015625 0.0203125 0.02265625
0 0.48828125 0.390625 0.0203125 0.01875
0 0.68984375 0.55234375 0.02578125 0.03046875
0 0.68828125 0.45703125 0.02421875 0.02578125