0 0.02265625 0.7375 0.04296875 0.04609375
0 0.09375 0.7828125 0.02890625 0.03125
0 0.0421875 0.86875 0.0484375 0.053125
0 0.0375 0.828125 0.05 0.04453125
0 0.12890625 0.8859375 0.053125 0.0328125
0 0.040625 0.97265625 0.0515625 0.05390625
0 0.21328125 0.971875 0.04296875 0.05625
0 0.27890625 0.93671875 0.04609375 0.0421875
0 0.3453125 0.953125 0.0453125 0.05625
0 0.290625 0.98828125 0.0484375 0.02265625
0 0.38515625 0.88828125 0.05859375 0.06953125
0 0.4421875 0.85 0.04140625 0.04921875
0 0.38515625 0.8109375 0.03828125 0.0453125
0 0.23046875 0.7578125 0.04921875 0.03671875
0 0.17109375 0.728125 0.0390625 0.040625
0 0.084375 0.71484375 0.0421875 0.03984375
0 0.07265625 0.67421875 0.03515625 0.03984375
0 0.13359375 0.65390625 0.0375 0.03359375
0 0.07265625 0.60546875 0.04140625 0.034375
0 0.13046875 0.61015625 0.03515625 0.03671875
0 0.5515625 0.96328125 0.0484375 0.0734375
0 0.5953125 0.9234375 0.0390625 0.0546875
0 0.6484375 0.91796875 0.04453125 0.0359375
0 0.56484375 0.859375 0.03515625 0.0546875
0 0.603125 0.84140625 0.03203125 0.05859375
0 0.7265625 0.94140625 0.03515625 0.0453125
0 0.6453125 0.78203125 0.02890625 0.05
0 0.69921875 0.71953125 0.03203125 0.04453125
0 0.6953125 0.83203125 0.0203125 0.059375
0 0.7421875 0.76640625 0.02890625 0.04375
0 0.82109375 0.77109375 0.02578125 0.03203125
0 0.80625 0.73046875 0.02265625 0.02421875
0 0.83984375 0.72109375 0.01875 0.0375
0 0.78125 0.70078125 0.0359375 0.0375
0 0.64609375 0.6375 0.0359375 0.03828125
0 0.5734375 0.67109375 0.0234375 0.0328125
0 0.59140625 0.6375 0.02265625 0.03125
0 0.4875 0.64296875 0.0234375 0.03828125
0 0.42890625 0.67890625 0.02890625 0.0265625
0 0.4296875 0.64140625 0.028125 0.028125
0 0.3484375 0.6390625 0.03984375 0.0265625
0 0.28671875 0.71796875 0.0390625 0.0390625
0 0.38125 0.7453125 0.0375 0.040625
0 0.446875 0.77578125 0.03671875 0.0453125
0 0.4953125 0.734375 0.03125 0.034375
0 0.521875 0.76328125 0.03125 0.0421875
0 0.58515625 0.75703125 0.0265625 0.02890625
0 0.2578125 0.79609375 0.01796875 0.0421875
0 0.31953125 0.80078125 0.03359375 0.0328125
0 0.3109375 0.784375 0.0296875 0.02734375
0 0.33125 0.87578125 0.03203125 0.04453125
0 0.19765625 0.6796875 0.0296875 0.02578125
0 0.18203125 0.64765625 0.02890625 0.01640625
0 0.20703125 0.6046875 0.028125 0.03515625
0 0.16171875 0.5828125 0.03515625 0.0265625
0 0.109375 0.5484375 0.0296875 0.025
0 0.26953125 0.61015625 0.034375 0.03359375
0 0.8484375 0.93125 0.040625 0.04609375
0 0.75546875 0.91328125 0.0234375 0.034375
0 0.77890625 0.953125 0.05078125 0.065625
0 0.94296875 0.98359375 0.04453125 0.03203125
0 0.9546875 0.815625 0.0390625 0.0375
0 0.78984375 0.9109375 0.03984375 0.0203125
0 0.8125 0.959375 0.0328125 0.0640625
0 0.8546875 0.68046875 0.03203125 0.0375
0 0.79140625 0.5921875 0.03203125 0.03203125
0 0.6828125 0.6421875 0.02421875 0.028125
0 0.696875 0.615625 0.0234375 0.02734375
0 0.64140625 0.55703125 0.03203125 0.028125
0 0.59921875 0.6078125 0.01953125 0.015625
0 0.6015625 0.56640625 0.0234375 0.025
0 0.8671875 0.79921875 0.034375 0.03828125
0 0.86171875 0.7625 0.04375 0.03046875
0 0.8890625 0.9015625 0.0328125 0.03671875
0 0.378125 0.9734375 0.02890625 0.05234375
0 0.2546875 0.55 0.0265625 0.0234375
0 0.24921875 0.521875 0.0328125 0.02734375
0 0.1515625 0.5609375 0.03046875 0.02109375
0 0.225 0.709375 0.03671875 0.0328125
0 0.2546875 0.70078125 0.01875 0.0171875
0 0.3578125 0.6984375 0.02578125 0.025
0 0.69765625 0.5046875 0.03203125 0.02890625
0 0.60546875 0.44375 0.02109375 0.02109375
0 0.42265625 0.57265625 0.02734375 0.028125
0 0.56484375 0.59375 0.01953125 0.0234375
0 0.83671875 0.86953125 0.0234375 0.025
0 0.98828125 0.73203125 0.0234375 0.0328125
0 0.93671875 0.66796875 0.0375 0.03671875
0 0.9828125 0.678125 0.03359375 0.0328125
0 0.9421875 0.63359375 0.04296875 0.040625
0 0.975 0.5859375 0.03515625 0.01953125
0 0.2984375 0.57734375 0.02265625 0.02890625
0 0.5734375 0.5296875 0.01953125 0.0234375
0 0.66171875 0.60703125 0.02734375 0.01953125
0 0.68125 0.58359375 0.03046875 0.028125
0 0.90078125 0.69609375 0.02578125 0.02890625
0 0.9515625 0.725 0.0265625 0.02109375
0 0.8203125 0.609375 0.028125 0.02890625
0 0.91171875 0.5921875 0.028125 0.02265625
0 0.46875 0.62734375 0.01953125 0.03046875
0 0.51796875 0.64296875 0.02109375 0.0375
0 0.16796875 0.521875 0.03515625 0.0203125
0 0.10703125 0.51796875 0.02734375 0.0171875
0 0.03359375 0.58203125 0.028125 0.01953125
0 0.06484375 0.565625 0.0234375 0.025
0 0.8328125 0.64765625 0.02890625 0.02109375
0 0.79453125 0.66953125 0.02421875 0.025
0 0.7171875 0.66875 0.01640625 0.0234375
0 0.53125 0.5890625 0.0296875 0.01875