0 0.05546875 0.9609375 0.0734375 0.078125
0 0.115625 0.9625 0.05546875 0.05390625
0 0.1421875 0.97421875 0.075 0.0515625
0 0.18984375 0.9453125 0.03515625 0.05546875
0 0.153125 0.9390625 0.02734375 0.040625
0 0.07578125 0.875 0.034375 0.065625
0 0.02890625 0.890625 0.0453125 0.05078125
0 0.0921875 0.8125 0.0234375 0.03125
0 0.14375 0.84453125 0.03515625 0.0375
0 0.196875 0.82421875 0.05 0.05546875
0 0.26171875 0.87578125 0.0390625 0.0546875
0 0.4203125 0.928125 0.04375 0.07265625
0 0.37890625 0.896875 0.040625 0.07265625
0 0.43359375 0.85234375 0.03515625 0.0578125
0 0.3859375 0.81640625 0.046875 0.06328125
0 0.315625 0.8375 0.0484375 0.06953125
0 0.28203125 0.79140625 0.03671875 0.0453125
0 0.25 0.753125 0.04765625 0.0578125
0 0.15546875 0.76171875 0.02734375 0.03515625
0 0.30078125 0.734375 0.046875 0.05078125
0 0.35390625 0.7515625 0.03828125 0.053125
0 0.40234375 0.7390625 0.0375 0.040625
0 0.43359375 0.7953125 0.028125 0.0421875
0 0.49140625 0.859375 0.034375 0.04765625
0 0.57421875 0.89375 0.04375 0.04765625
0 0.565625 0.853125 0.0328125 0.040625
0 0.659375 0.87578125 0.0609375 0.0765625
0 0.6921875 0.96875 0.07265625 0.0625
0 0.77421875 0.9671875 0.0609375 0.065625
0 0.82109375 0.9609375 0.04375 0.06640625
0 0.8375 0.896875 0.0328125 0.0515625
0 0.79609375 0.846875 0.04140625 0.05859375
0 0.81875 0.8046875 0.0484375 0.05703125
0 0.72890625 0.84375 0.0421875 0.046875
0 0.75390625 0.89375 0.04765625 0.06796875
0 0.9671875 0.9703125 0.065625 0.059375
0 0.9171875 0.80234375 0.06015625 0.0671875
0 0.86796875 0.8015625 0.02890625 0.0609375
0 0.9875 0.8609375 0.02421875 0.04921875
0 0.72578125 0.7609375 0.046875 0.0484375
0 0.8046875 0.74765625 0.03125 0.03125
0 0.93046875 0.72734375 0.03984375 0.03203125
0 0.9828125 0.71171875 0.0328125 0.05078125
0 0.93046875 0.66796875 0.0328125 0.0296875
0 0.95703125 0.6734375 0.03203125 0.03203125
0 0.88515625 0.68515625 0.03359375 0.0359375
0 0.85625 0.653125 0.04140625 0.03125
0 0.79765625 0.64453125 0.0359375 0.03203125
0 0.75625 0.65703125 0.02734375 0.03671875
0 0.75390625 0.69296875 0.0328125 0.02265625
0 0.715625 0.70390625 0.02890625 0.0359375
0 0.67578125 0.66328125 0.02421875 0.028125
0 0.69296875 0.684375 0.02578125 0.025
0 0.66171875 0.6421875 0.0296875 0.04921875
0 0.6265625 0.621875 0.034375 0.03984375
0 0.590625 0.63046875 0.0296875 0.0390625
0 0.71015625 0.5921875 0.03828125 0.034375
0 0.65234375 0.5609375 0.02734375 0.0359375
0 0.6875 0.55546875 0.03203125 0.03046875
0 0.7484375 0.54765625 0.03359375 0.028125
0 0.784375 0.5703125 0.0296875 0.03046875
0 0.83671875 0.58828125 0.03515625 0.028125
0 0.85546875 0.6015625 0.0328125 0.01796875
0 0.9046875 0.6171875 0.02734375 0.03125
0 0.62421875 0.5296875 0.02890625 0.021875
0 0.5921875 0.515625 0.03046875 0.03203125
0 0.6578125 0.5203125 0.0296875 0.025
0 0.66484375 0.49765625 0.02578125 0.01953125
0 0.68046875 0.48125 0.028125 0.01875
0 0.6953125 0.5109375 0.025 0.01875
0 0.74375 0.5171875 0.02265625 0.028125
0 0.80625 0.525 0.0203125 0.0296875
0 0.83671875 0.525 0.0234375 0.01953125
0 0.92109375 0.565625 0.03046875 0.02421875
0 0.48671875 0.778125 0.0328125 0.05078125
0 0.45078125 0.715625 0.03671875 0.04296875
0 0.4203125 0.69140625 0.0296875 0.04453125
0 0.46796875 0.65859375 0.021875 0.0296875
0 0.47578125 0.63046875 0.01796875 0.02890625
0 0.48828125 0.66953125 0.01953125 0.03359375
0 0.496875 0.65078125 0.02109375 0.02265625
0 0.47734375 0.58046875 0.0265625 0.03046875
0 0.5125 0.54453125 0.021875 0.02890625
0 0.5640625 0.53984375 0.03515625 0.0328125
0 0.375 0.6578125 0.02734375 0.03828125
0 0.3625 0.63515625 0.02578125 0.034375
0 0.38046875 0.60703125 0.025 0.0265625
0 0.4046875 0.571875 0.02421875 0.03125
0 0.4171875 0.53046875 0.02734375 0.02578125
0 0.5171875 0.515625 0.03125 0.03046875
0 0.49765625 0.48984375 0.0234375 0.02265625
0 0.3015625 0.6171875 0.025 0.02578125
0 0.26640625 0.63125 0.021875 0.0265625
0 0.234375 0.67265625 0.03671875 0.04375
0 0.2875 0.69453125 0.040625 0.0328125
0 0.15078125 0.690625 0.04375 0.04375
0 0.05625 0.7640625 0.03828125 0.0421875
0 0.01953125 0.57734375 0.0359375 0.02421875
0 0.065625 0.58984375 0.0421875 0.03203125
0 0.02890625 0.6109375 0.0265625 0.03125
0 0.09453125 0.63828125 0.028125 0.03046875
0 0.15703125 0.58671875 0.03515625 0.03203125
0 0.19453125 0.5796875 0.0375 0.0328125
0 0.20703125 0.55625 0.03203125 0.03203125
0 0.221875 0.60078125 0.0296875 0.034375
0 0.25 0.5359375 0.0234375 0.0234375
0 0.0609375 0.5546875 0.0328125 0.03046875
0 0.046875 0.5328125 0.0203125 0.0296875
0 0.13828125 0.54609375 0.02265625 0.025
0 0.16015625 0.54765625 0.0265625 0.028125
0 0.12421875 0.53359375 0.02109375 0.021875
0 0.34609375 0.53359375 0.0234375 0.03359375
0 0.34296875 0.50390625 0.0234375 0.03203125
0 0.30546875 0.51796875 0.025 0.01953125
0 0.9609375 0.85 0.02265625 0.02578125
0 0.9484375 0.59296875 0.03515625 0.0234375
0 0.46171875 0.525 0.015625 0.0171875