0 0.3171875 0.96171875 0.046875 0.0703125
0 0.21640625 0.87578125 0.04296875 0.06796875
0 0.1375 0.875 0.04921875 0.053125
0 0.13046875 0.94296875 0.03671875 0.0421875
0 0.1109375 0.72109375 0.025 0.03125
0 0.17890625 0.7890625 0.05390625 0.053125
0 0.22734375 0.7359375 0.0375 0.0453125
0 0.24375 0.7875 0.028125 0.03046875
0 0.26484375 0.83359375 0.02421875 0.0390625
0 0.31953125 0.83984375 0.034375 0.0609375
0 0.246875 0.69296875 0.0296875 0.02890625
0 0.23125 0.6375 0.02578125 0.02734375
0 0.29921875 0.665625 0.01953125 0.0359375
0 0.33203125 0.64375 0.02265625 0.03125
0 0.3125 0.58203125 0.02578125 0.034375
0 0.35390625 0.5953125 0.0203125 0.0296875
0 0.390625 0.61015625 0.02734375 0.02890625
0 0.4125 0.67265625 0.0328125 0.03359375
0 0.41015625 0.76640625 0.04765625 0.0890625
0 0.2671875 0.66796875 0.0203125 0.0265625
0 0.46875 0.73046875 0.02734375 0.040625
0 0.46796875 0.7671875 0.02265625 0.03828125
0 0.47109375 0.609375 0.0203125 0.02734375
0 0.428125 0.58671875 0.02109375 0.02421875
0 0.40703125 0.55078125 0.025 0.025
0 0.43515625 0.55546875 0.02578125 0.02890625
0 0.36953125 0.55625 0.0203125 0.02578125
0 0.29296875 0.52421875 0.02109375 0.0234375
0 0.55390625 0.6125 0.02578125 0.034375
0 0.50859375 0.55234375 0.02109375 0.03046875
0 0.46171875 0.43125 0.015625 0.02421875
0 0.559375 0.77109375 0.03671875 0.0484375
0 0.471875 0.87578125 0.04375 0.05234375
0 0.49609375 0.94140625 0.0484375 0.05625
0 0.66328125 0.91015625 0.04453125 0.065625
0 0.63046875 0.92421875 0.0296875 0.03984375
0 0.7125 0.91328125 0.02890625 0.0453125
0 0.75546875 0.9453125 0.0328125 0.04375
0 0.803125 0.93828125 0.04453125 0.053125
0 0.86875 0.959375 0.04375 0.05546875
0 0.978125 0.80703125 0.0375 0.06015625
0 0.93125 0.77421875 0.0375 0.04609375
0 0.940625 0.74375 0.02890625 0.03359375
0 0.91953125 0.6609375 0.03125 0.0375
0 0.95390625 0.65703125 0.03828125 0.0359375
0 0.8203125 0.6984375 0.03046875 0.034375
0 0.80625 0.6515625 0.03046875 0.0359375
0 0.84296875 0.63203125 0.034375 0.0296875
0 0.78515625 0.7765625 0.02890625 0.040625
0 0.778125 0.73359375 0.0390625 0.03515625
0 0.72734375 0.71953125 0.0265625 0.034375
0 0.66484375 0.815625 0.0265625 0.05078125
0 0.63203125 0.8 0.034375 0.03828125
0 0.65390625 0.671875 0.03203125 0.0375
0 0.6171875 0.66640625 0.03046875 0.04453125
0 0.62578125 0.746875 0.02890625 0.03671875
0 0.703125 0.63125 0.028125 0.0390625
0 0.68984375 0.58359375 0.015625 0.02265625
0 0.6171875 0.61171875 0.0265625 0.02890625
0 0.64765625 0.62109375 0.0265625 0.0265625
0 0.61640625 0.5578125 0.02421875 0.02578125
0 0.57421875 0.5578125 0.03203125 0.03203125
0 0.50859375 0.6265625 0.02578125 0.0234375
0 0.509375 0.68203125 0.03828125 0.03515625
0 0.51171875 0.5921875 0.01953125 0.01796875
0 0.44765625 0.61484375 0.025 0.028125
0 0.47734375 0.56328125 0.0296875 0.0234375
0 0.58359375 0.5 0.02421875 0.028125
0 0.63203125 0.50390625 0.025 0.021875
0 0.65859375 0.4953125 0.0234375 0.0296875
0 0.7 0.5421875 0.0296875 0.03125
0 0.74375 0.56484375 0.02109375 0.0265625
0 0.8 0.5984375 0.034375 0.03671875
0 0.76015625 0.5921875 0.0265625 0.0234375
0 0.75390625 0.69140625 0.040625 0.04453125
0 0.9140625 0.909375 0.03828125 0.03984375
0 0.87734375 0.54296875 0.028125 0.0234375
0 0.85078125 0.5875 0.0296875 0.034375
0 0.825 0.47109375 0.02109375 0.021875
0 0.81484375 0.45390625 0.02734375 0.02421875
0 0.7953125 0.471875 0.021875 0.0171875
0 0.7265625 0.47734375 0.0203125 0.02578125
0 0.49609375 0.47265625 0.0234375 0.02578125