0 0.6671875 0.75078125 0.03046875 0.03515625
0 0.85390625 0.72578125 0.03671875 0.03984375
0 0.16875 0.63515625 0.021875 0.03359375
0 0.72734375 0.93515625 0.040625 0.059375
0 0.4796875 0.94140625 0.03046875 0.04140625
0 0.8 0.95859375 0.0421875 0.05390625
0 0.4 0.75546875 0.028125 0.03046875
0 0.4875 0.80234375 0.03125 0.03359375
0 0.2265625 0.784375 0.04375 0.046875
0 0.43359375 0.61953125 0.028125 0.02578125
0 0.9015625 0.80078125 0.04375 0.053125
0 0.37421875 0.8375 0.0296875 0.03828125
0 0.59609375 0.9046875 0.0375 0.04921875
0 0.50859375 0.8828125 0.0234375 0.0375
0 0.759375 0.56484375 0.02109375 0.02421875
0 0.5171875 0.825 0.0296875 0.04453125
0 0.80078125 0.73515625 0.02734375 0.0328125
0 0.81796875 0.50859375 0.0234375 0.02265625
0 0.2796875 0.53984375 0.021875 0.02109375
0 0.8640625 0.88828125 0.03359375 0.03828125
0 0.4171875 0.978125 0.0328125 0.04375
0 0.61171875 0.825 0.03515625 0.0453125
0 0.38046875 0.671875 0.02578125 0.028125
0 0.34453125 0.71953125 0.028125 0.02890625
0 0.67109375 0.6234375 0.028125 0.028125
0 0.29609375 0.74140625 0.034375 0.03828125
0 0.78359375 0.87578125 0.03671875 0.04140625
0 0.5296875 0.6640625 0.02890625 0.03125
0 0.13671875 0.7640625 0.02734375 0.03671875
0 0.20546875 0.88515625 0.034375 0.03671875
0 0.73671875 0.7171875 0.02734375 0.0265625
0 0.66953125 0.92265625 0.025 0.034375
0 0.88828125 0.65234375 0.03046875 0.02734375
0 0.446875 0.80703125 0.03203125 0.04609375
0 0.78984375 0.5125 0.02265625 0.025
0 0.284375 0.7921875 0.0296875 0.0375
0 0.7828125 0.55859375 0.02265625 0.02734375
0 0.10703125 0.76015625 0.03046875 0.0390625
0 0.70625 0.8875 0.02578125 0.03515625
0 0.28828125 0.67578125 0.02421875 0.02421875
0 0.7046875 0.76484375 0.03125 0.0421875
0 0.65234375 0.69609375 0.03125 0.03671875
0 0.28984375 0.64453125 0.02421875 0.02890625
0 0.51171875 0.7125 0.028125 0.03359375
0 0.21015625 0.71953125 0.0359375 0.03671875
0 0.36484375 0.578125 0.0171875 0.03125
0 0.71640625 0.66875 0.02734375 0.03125
0 0.36875 0.91015625 0.03515625 0.05078125
0 0.346875 0.875 0.02578125 0.04375
0 0.57578125 0.73828125 0.03046875 0.03515625
0 0.5625 0.6484375 0.0265625 0.03359375
0 0.225 0.834375 0.03203125 0.0359375
0 0.43359375 0.74921875 0.02734375 0.03046875
0 0.97421875 0.865625 0.0359375 0.0421875
0 0.63359375 0.8875 0.0328125 0.053125
0 0.18125 0.81953125 0.028125 0.04296875
0 0.4890625 0.60234375 0.0234375 0.025
0 0.6 0.49375 0.0234375 0.02109375
0 0.959375 0.7890625 0.0359375 0.04296875
0 0.60703125 0.71484375 0.02578125 0.03828125
0 0.9875 0.77890625 0.025 0.03359375
0 0.384375 0.9484375 0.028125 0.03515625
0 0.30625 0.82890625 0.0296875 0.0375
0 0.3265625 0.68203125 0.034375 0.03359375
0 0.240625 0.60625 0.021875 0.03203125
0 0.25 0.5703125 0.025 0.028125
0 0.303125 0.51796875 0.01953125 0.0265625
0 0.396875 0.54375 0.02109375 0.02265625
0 0.5390625 0.790625 0.0234375 0.034375
0 0.45625 0.55078125 0.021875 0.0265625
0 0.2625 0.621875 0.02421875 0.02890625
0 0.32578125 0.55078125 0.0234375 0.021875
0 0.42578125 0.54140625 0.021875 0.0203125
0 0.21796875 0.578125 0.021875 0.0234375
0 0.05546875 0.93046875 0.034375 0.05703125
0 0.225 0.665625 0.0171875 0.0203125
0 0.015625 0.71953125 0.03125 0.03828125
0 0.1375 0.7015625 0.02890625 0.03203125
0 0.85703125 0.50078125 0.02734375 0.02109375
0 0.540625 0.61796875 0.025 0.028125
0 0.9703125 0.67890625 0.03671875 0.0328125
0 0.21640625 0.96796875 0.0390625 0.03359375
0 0.43046875 0.51796875 0.02421875 0.02578125
0 0.29609375 0.940625 0.01875 0.03203125
0 0.8703125 0.61328125 0.02109375 0.02421875
0 0.16796875 0.60390625 0.01640625 0.02421875
0 0.17578125 0.57578125 0.02578125 0.0265625
0 0.36484375 0.51171875 0.01875 0.03671875
0 0.38203125 0.51796875 0.015625 0.0203125
0 0.89921875 0.70703125 0.02578125 0.03125
0 0.29140625 0.4515625 0.02109375 0.0203125
0 0.7171875 0.4984375 0.025 0.02578125
0 0.815625 0.56875 0.0234375 0.021875
0 0.84921875 0.478125 0.0203125 0.01953125
0 0.69375 0.57890625 0.01640625 0.01953125
0 0.74609375 0.98046875 0.0328125 0.0390625
0 0.67578125 0.4828125 0.02421875 0.01953125
0 0.0578125 0.8546875 0.025 0.03125
0 0.66328125 0.52890625 0.0203125 0.02265625
0 0.88203125 0.44921875 0.02265625 0.0203125
0 0.6125 0.6546875 0.0203125 0.03515625
0 0.98515625 0.91953125 0.02890625 0.03671875
0 0.23671875 0.53203125 0.0234375 0.02109375
0 0.7875 0.715625 0.01796875 0.0234375
0 0.56484375 0.68515625 0.02421875 0.028125
0 0.67890625 0.846875 0.0203125 0.02734375
0 0.84375 0.53359375 0.0234375 0.021875
0 0.95234375 0.70703125 0.02890625 0.03046875
0 0.8984375 0.853125 0.02734375 0.04453125
0 0.67421875 0.5890625 0.0171875 0.0203125
0 0.109375 0.54765625 0.0234375 0.025
0 0.67890625 0.67734375 0.021875 0.0296875
0 0.01171875 0.753125 0.0234375 0.03125
0 0.42421875 0.709375 0.015625 0.02265625
0 0.3703125 0.9890625 0.028125 0.0203125
0 0.53984375 0.42578125 0.01796875 0.01875
0 0.29375 0.9015625 0.02421875 0.0375
0 0.1609375 0.7109375 0.025 0.03359375
0 0.9890625 0.7375 0.02109375 0.0296875
0 0.20546875 0.559375 0.0203125 0.021875
0 0.3 0.5671875 0.01953125 0.0234375
0 0.2203125 0.60546875 0.021875 0.02421875
0 0.96953125 0.57265625 0.03046875 0.02265625
0 0.3265625 0.46796875 0.01796875 0.02578125
0 0.54375 0.4921875 0.021875 0.02109375
0 0.1 0.50234375 0.025 0.0234375
0 0.82890625 0.58203125 0.0171875 0.01796875
0 0.584375 0.56953125 0.015625 0.02578125
0 0.45546875 0.4578125 0.0171875 0.0171875
0 0.453125 0.671875 0.021875 0.02265625
0 0.6984375 0.715625 0.02109375 0.0265625
0 0.55859375 0.4390625 0.01796875 0.01953125
0 0.60078125 0.52421875 0.0234375 0.0234375
0 0.47734375 0.72578125 0.01796875 0.02265625
0 0.23359375 0.4703125 0.02109375 0.02109375
0 0.48984375 0.45390625 0.01640625 0.01953125
0 0.3125 0.434375 0.0203125 0.01875
0 0.671875 0.56796875 0.015625 0.01796875
0 0.69375 0.59375 0.01484375 0.01640625
0 0.17421875 0.53828125 0.021875 0.021875
0 0.4375 0.46640625 0.025 0.03125
0 0.4484375 0.43671875 0.01484375 0.01796875
0 0.2859375 0.50859375 0.0171875 0.0234375
0 0.53359375 0.47578125 0.01796875 0.01796875
0 0.4578125 0.50390625 0.01953125 0.02109375
0 0.34765625 0.50234375 0.01640625 0.02265625
0 0.6015625 0.58828125 0.0171875 0.025
0 0.6796875 0.5046875 0.0203125 0.0203125
0 0.9265625 0.4609375 0.01796875 0.01953125
0 0.78828125 0.46640625 0.01875 0.01953125
0 0.6546875 0.4609375 0.01875 0.01640625
0 0.12734375 0.6453125 0.028125 0.02890625
0 0.12421875 0.52109375 0.01875 0.01796875
0 0.134375 0.8484375 0.04140625 0.04375
0 0.125 0.80859375 0.0265625 0.028125
0 0.51953125 0.43984375 0.0171875 0.01875
0 0.03046875 0.9125 0.05703125 0.06171875
0 0.14375 0.8859375 0.0296875 0.04296875
0 0.25859375 0.8828125 0.0375 0.06171875
0 0.0640625 0.5203125 0.0328125 0.04140625
0 0.16875 0.44765625 0.03046875 0.0375
0 0.2125 0.5078125 0.0375 0.0328125
0 0.40703125 0.43984375 0.02578125 0.0375
0 0.51015625 0.77890625 0.03828125 0.0484375
0 0.459375 0.77421875 0.021875 0.0265625
0 0.50390625 0.57421875 0.01953125 0.0296875
0 0.6375 0.6109375 0.0359375 0.05
0 0.89765625 0.60859375 0.02890625 0.03359375
0 0.88828125 0.57734375 0.03515625 0.0390625
0 0.925 0.5734375 0.0390625 0.04140625
0 0.80625 0.4359375 0.03515625 0.02421875
0 0.6140625 0.44375 0.0234375 0.02578125
0 0.6953125 0.45 0.02421875 0.0265625