0 0.0359375 0.9203125 0.04296875 0.06328125
0 0.04296875 0.834375 0.03359375 0.08125
0 0.028125 0.7546875 0.04453125 0.059375
0 0.025 0.7 0.03046875 0.04375
0 0.05703125 0.675 0.0171875 0.0390625
0 0.015625 0.66875 0.02421875 0.05078125
0 0.025 0.60625 0.01796875 0.05703125
0 0.07109375 0.59765625 0.03515625 0.0375
0 0.10546875 0.81484375 0.02734375 0.053125
0 0.1109375 0.7546875 0.02578125 0.04609375
0 0.14765625 0.7953125 0.0296875 0.06953125
0 0.16171875 0.8859375 0.03671875 0.04921875
0 0.15703125 0.8375 0.03984375 0.040625
0 0.1171875 0.94296875 0.05078125 0.09375
0 0.225 0.928125 0.03984375 0.05859375
0 0.26640625 0.97578125 0.0421875 0.04765625
0 0.30078125 0.940625 0.04140625 0.05390625
0 0.3046875 0.88984375 0.02890625 0.03828125
0 0.340625 0.88515625 0.025 0.053125
0 0.39921875 0.91484375 0.0375 0.04765625
0 0.44296875 0.92421875 0.02734375 0.03671875
0 0.44609375 0.878125 0.03828125 0.03203125
0 0.4328125 0.83046875 0.03828125 0.04765625
0 0.4171875 0.78046875 0.021875 0.03359375
0 0.421875 0.725 0.025 0.04453125
0 0.36640625 0.73125 0.02734375 0.03671875
0 0.38046875 0.71171875 0.021875 0.0265625
0 0.34296875 0.765625 0.0296875 0.04453125
0 0.29375 0.76875 0.03515625 0.04453125
0 0.290625 0.8265625 0.0234375 0.04140625
0 0.24921875 0.75234375 0.02421875 0.05390625
0 0.23359375 0.709375 0.03203125 0.034375
0 0.2 0.7171875 0.0375 0.03984375
0 0.1890625 0.765625 0.02578125 0.03828125
0 0.1671875 0.7421875 0.02734375 0.0375
0 0.18984375 0.6796875 0.0265625 0.03671875
0 0.19375 0.64765625 0.021875 0.0359375
0 0.23515625 0.61640625 0.021875 0.04296875
0 0.26484375 0.6375 0.02734375 0.04609375
0 0.2921875 0.65859375 0.02890625 0.0359375
0 0.3015625 0.60859375 0.03046875 0.03984375
0 0.2609375 0.59296875 0.0234375 0.034375
0 0.23984375 0.56953125 0.0203125 0.0234375
0 0.15625 0.5578125 0.0265625 0.03046875
0 0.2078125 0.81953125 0.05078125 0.0375
0 0.24296875 0.8734375 0.02890625 0.04140625
0 0.3640625 0.66875 0.0203125 0.0296875
0 0.34765625 0.5875 0.028125 0.03359375
0 0.39140625 0.565625 0.01875 0.02734375
0 0.3140625 0.57578125 0.01640625 0.02578125
0 0.28671875 0.51796875 0.0234375 0.02734375
0 0.3921875 0.51796875 0.0265625 0.01796875
0 0.4296875 0.559375 0.01953125 0.02109375
0 0.453125 0.57890625 0.02734375 0.02734375
0 0.471875 0.609375 0.02421875 0.02734375
0 0.49140625 0.609375 0.02265625 0.03046875
0 0.41953125 0.603125 0.02734375 0.02734375
0 0.4625 0.68125 0.0234375 0.0265625
0 0.51796875 0.6796875 0.0296875 0.0328125
0 0.51328125 0.8921875 0.03359375 0.05859375
0 0.5359375 0.778125 0.028125 0.02890625
0 0.553125 0.68515625 0.02109375 0.02734375
0 0.5875 0.68828125 0.02578125 0.02265625
0 0.58046875 0.64453125 0.02109375 0.02265625
0 0.61796875 0.6359375 0.02890625 0.0296875
0 0.6296875 0.5953125 0.00078125 0.00234375
0 0.6390625 0.6796875 0.02578125 0.0328125
0 0.590625 0.7453125 0.04453125 0.0296875
0 0.63359375 0.7828125 0.021875 0.03203125
0 0.59140625 0.80625 0.0265625 0.040625
0 0.67890625 0.74453125 0.03125 0.03671875
0 0.68671875 0.6765625 0.021875 0.03671875
0 0.7125 0.6859375 0.0265625 0.0328125
0 0.7125 0.725 0.01484375 0.02734375
0 0.72890625 0.7328125 0.0203125 0.028125
0 0.7015625 0.77265625 0.01953125 0.040625
0 0.7125 0.8203125 0.0296875 0.040625
0 0.75625 0.8203125 0.0453125 0.046875
0 0.759375 0.90078125 0.03828125 0.0578125
0 0.70625 0.95 0.03359375 0.046875
0 0.6609375 0.93203125 0.04375 0.04765625
0 0.7640625 0.978125 0.025 0.03984375
0 0.809375 0.8734375 0.04375 0.059375
0 0.8859375 0.9359375 0.040625 0.06171875
0 0.8546875 0.97578125 0.0484375 0.0484375
0 0.784375 0.7390625 0.03203125 0.03359375
0 0.7484375 0.6546875 0.0296875 0.03828125
0 0.77421875 0.696875 0.01875 0.01875
0 0.81875 0.77265625 0.01953125 0.04140625
0 0.84765625 0.7890625 0.0171875 0.03125
0 0.89140625 0.78828125 0.046875 0.05078125
0 0.86484375 0.721875 0.01875 0.0296875
0 0.84609375 0.6859375 0.0359375 0.0390625
0 0.80078125 0.66015625 0.03203125 0.03515625
0 0.87578125 0.66640625 0.03046875 0.03359375
0 0.93359375 0.6984375 0.03515625 0.0265625
0 0.9203125 0.74765625 0.03515625 0.03359375
0 0.91328125 0.86953125 0.034375 0.03203125
0 0.9609375 0.925 0.0515625 0.02890625
0 0.965625 0.9875 0.02890625 0.02265625
0 0.9625 0.740625 0.025 0.0203125
0 0.5296875 0.9828125 0.02578125 0.03203125
0 0.309375 0.553125 0.0203125 0.028125
0 0.96875 0.68828125 0.01875 0.01953125
0 0.56015625 0.5578125 0.01953125 0.0203125
0 0.58359375 0.53046875 0.01640625 0.02265625
0 0.58515625 0.5078125 0.01484375 0.01953125
0 0.565625 0.48984375 0.01953125 0.0328125
0 0.6484375 0.56796875 0.01953125 0.03046875
0 0.64921875 0.5421875 0.0234375 0.02734375
0 0.68203125 0.55546875 0.021875 0.01953125
0 0.68984375 0.5953125 0.0140625 0.03125
0 0.73046875 0.58515625 0.01484375 0.03125
0 0.7421875 0.56953125 0.01328125 0.01640625
0 0.73359375 0.528125 0.0109375 0.0375
0 0.77890625 0.525 0.02265625 0.01796875
0 0.80546875 0.565625 0.01328125 0.03125
0 0.81015625 0.53125 0.015625 0.02109375
0 0.8125 0.6015625 0.0171875 0.01953125
0 0.7875 0.61640625 0.0140625 0.0203125
0 0.85234375 0.60625 0.02734375 0.03515625
0 0.91171875 0.58828125 0.034375 0.03828125
0 0.8609375 0.559375 0.01953125 0.02578125