0 0.9265625 0.89375 0.04453125 0.0546875
0 0.4171875 0.89375 0.04140625 0.05859375
0 0.6046875 0.88359375 0.04453125 0.05546875
0 0.2265625 0.86796875 0.034375 0.04921875
0 0.30703125 0.8140625 0.0359375 0.05390625
0 0.77109375 0.85546875 0.0421875 0.05703125
0 0.74921875 0.94375 0.03671875 0.053125
0 0.503125 0.7171875 0.0421875 0.071875
0 0.27265625 0.7265625 0.04296875 0.04453125
0 0.1 0.9 0.03359375 0.0453125
0 0.65625 0.725 0.0328125 0.0390625
0 0.23046875 0.8078125 0.0421875 0.05625
0 0.18046875 0.934375 0.04140625 0.05859375
0 0.6875 0.9390625 0.0546875 0.075
0 0.5015625 0.96953125 0.05546875 0.0609375
0 0.46796875 0.90078125 0.03125 0.04140625
0 0.72734375 0.75390625 0.0328125 0.04296875
0 0.41640625 0.78359375 0.03671875 0.0515625
0 0.0703125 0.8484375 0.03203125 0.0390625
0 0.05546875 0.96953125 0.06015625 0.0609375
0 0.31015625 0.684375 0.034375 0.03515625
0 0.2421875 0.6578125 0.02421875 0.03125
0 0.41015625 0.978125 0.0421875 0.04375
0 0.74140625 0.63359375 0.02890625 0.03203125
0 0.35546875 0.775 0.0234375 0.03203125
0 0.70703125 0.62734375 0.025 0.03515625
0 0.7890625 0.59765625 0.03046875 0.034375
0 0.3796875 0.62265625 0.0234375 0.03359375
0 0.56875 0.82265625 0.0359375 0.0484375
0 0.8921875 0.73515625 0.03671875 0.0328125
0 0.55859375 0.6875 0.028125 0.0375
0 0.78203125 0.5203125 0.02421875 0.03203125
0 0.32734375 0.64453125 0.028125 0.02890625
0 0.9 0.62109375 0.03515625 0.034375
0 0.871875 0.89375 0.03515625 0.04765625
0 0.7015625 0.575 0.02578125 0.03046875
0 0.7640625 0.76953125 0.0296875 0.04765625
0 0.30625 0.58984375 0.0203125 0.02734375
0 0.3609375 0.4875 0.021875 0.0265625
0 0.82421875 0.8578125 0.03125 0.0484375
0 0.84765625 0.65546875 0.03671875 0.03984375
0 0.92421875 0.6671875 0.03125 0.0375
0 0.5515625 0.5734375 0.025 0.03046875
0 0.82265625 0.6796875 0.02734375 0.03984375
0 0.19375 0.69921875 0.03671875 0.04296875
0 0.190625 0.66328125 0.01875 0.0234375
0 0.121875 0.7625 0.02421875 0.03203125
0 0.7296875 0.5859375 0.02421875 0.0296875
0 0.08515625 0.73046875 0.03671875 0.03359375
0 0.2953125 0.9703125 0.03984375 0.04609375
0 0.5609375 0.71484375 0.02578125 0.03203125
0 0.40859375 0.5984375 0.0265625 0.02578125
0 0.465625 0.5671875 0.02734375 0.0265625
0 0.50390625 0.55 0.02265625 0.02734375
0 0.73828125 0.8703125 0.028125 0.0421875
0 0.63515625 0.5734375 0.025 0.03125
0 0.55234375 0.5265625 0.028125 0.0296875
0 0.428125 0.55546875 0.0234375 0.02890625
0 0.88125 0.98046875 0.034375 0.0390625
0 0.72109375 0.70625 0.0296875 0.0296875
0 0.328125 0.9859375 0.0359375 0.0265625
0 0.4828125 0.5140625 0.0234375 0.02578125
0 0.01328125 0.77421875 0.02578125 0.03515625
0 0.825 0.53671875 0.02421875 0.03046875
0 0.6546875 0.5265625 0.02734375 0.0296875
0 0.01796875 0.634375 0.0359375 0.03671875
0 0.053125 0.7734375 0.028125 0.0375
0 0.38515625 0.628125 0.02265625 0.0328125
0 0.1390625 0.678125 0.0296875 0.03515625
0 0.34765625 0.61953125 0.025 0.02734375
0 0.60234375 0.61171875 0.02421875 0.028125
0 0.16171875 0.9859375 0.0328125 0.02734375
0 0.49375 0.625 0.03046875 0.02890625
0 0.73515625 0.47109375 0.021875 0.02734375
0 0.4640625 0.540625 0.02578125 0.02734375
0 0.375 0.70078125 0.025 0.02890625
0 0.1859375 0.64609375 0.01640625 0.021875
0 0.5890625 0.51640625 0.025 0.02890625
0 0.88828125 0.56953125 0.03671875 0.03359375
0 0.9375 0.60078125 0.0328125 0.03359375
0 0.115625 0.75703125 0.02578125 0.03203125
0 0.53203125 0.575 0.021875 0.0296875
0 0.12890625 0.6796875 0.02890625 0.0328125
0 0.5109375 0.51796875 0.02421875 0.02578125
0 0.59140625 0.63828125 0.03125 0.03203125
0 0.58984375 0.58984375 0.0234375 0.02578125
0 0.2171875 0.7296875 0.02578125 0.0453125
0 0.03046875 0.7296875 0.03125 0.03359375
0 0.8375 0.9453125 0.05078125 0.07890625
0 0.96328125 0.80859375 0.0734375 0.0453125