0 0.6703125 0.75703125 0.03984375 0.04453125
0 0.43828125 0.784375 0.0328125 0.04375
0 0.70859375 0.8421875 0.03984375 0.059375
0 0.35546875 0.95390625 0.0453125 0.05703125
0 0.7671875 0.925 0.0375 0.04609375
0 0.28671875 0.609375 0.028125 0.0296875
0 0.21875 0.6234375 0.02890625 0.02734375
0 0.3046875 0.6734375 0.03671875 0.03828125
0 0.60234375 0.565625 0.0234375 0.025
0 0.65546875 0.5078125 0.02421875 0.02734375
0 0.20703125 0.53828125 0.02734375 0.0265625
0 0.834375 0.57421875 0.03125 0.03203125
0 0.165625 0.84375 0.04765625 0.05859375
0 0.4734375 0.8 0.0359375 0.05390625
0 0.0640625 0.88515625 0.0359375 0.0484375
0 0.85546875 0.94453125 0.03828125 0.0578125
0 0.478125 0.69921875 0.02265625 0.03359375
0 0.303125 0.97265625 0.03828125 0.04921875
0 0.603125 0.77265625 0.0296875 0.0359375
0 0.01953125 0.7671875 0.0390625 0.04921875
0 0.53359375 0.74453125 0.0296875 0.03359375
0 0.54140625 0.94140625 0.0375 0.04765625
0 0.7703125 0.8296875 0.03828125 0.0546875
0 0.4828125 0.63203125 0.0296875 0.03203125
0 0.72734375 0.66640625 0.03515625 0.03359375
0 0.26796875 0.546875 0.02265625 0.0265625
0 0.7171875 0.621875 0.02265625 0.03125
0 0.5203125 0.68671875 0.0265625 0.03203125
0 0.2125 0.93984375 0.02578125 0.046875
0 0.12578125 0.54375 0.0296875 0.0234375
0 0.80859375 0.69765625 0.034375 0.040625
0 0.4390625 0.7125 0.0359375 0.04140625
0 0.2421875 0.86640625 0.0375 0.05703125
0 0.421875 0.90703125 0.0328125 0.04453125
0 0.8890625 0.70078125 0.03515625 0.04609375
0 0.27109375 0.73203125 0.0328125 0.0375
0 0.63125 0.55859375 0.025 0.03203125
0 0.6265625 0.9578125 0.03046875 0.05078125
0 0.89765625 0.63671875 0.0265625 0.0328125
0 0.37734375 0.7375 0.03046875 0.0453125
0 0.53203125 0.46796875 0.0234375 0.0203125
0 0.928125 0.83125 0.040625 0.04609375
0 0.33515625 0.765625 0.0296875 0.0421875
0 0.68359375 0.49921875 0.02734375 0.02734375
0 0.78515625 0.72578125 0.02890625 0.040625
0 0.159375 0.5765625 0.01875 0.0296875
0 0.43984375 0.95703125 0.02890625 0.04765625
0 0.3484375 0.875 0.04140625 0.06015625
0 0.7859375 0.57109375 0.021875 0.0265625
0 0.5703125 0.4875 0.025 0.02734375
0 0.74609375 0.58203125 0.02109375 0.0265625
0 0.33984375 0.70390625 0.02734375 0.03203125
0 0.59453125 0.74140625 0.0234375 0.02890625
0 0.4046875 0.66640625 0.0265625 0.03671875
0 0.225 0.6796875 0.0234375 0.0265625
0 0.13046875 0.78125 0.03515625 0.03828125
0 0.6765625 0.91953125 0.03828125 0.0578125
0 0.734375 0.49375 0.028125 0.025
0 0.43984375 0.484375 0.02578125 0.02265625
0 0.27578125 0.82421875 0.0265625 0.0375
0 0.92265625 0.92421875 0.059375 0.07109375
0 0.82109375 0.7640625 0.03046875 0.0390625
0 0.35078125 0.65703125 0.0328125 0.0390625
0 0.21484375 0.8375 0.0359375 0.03671875
0 0.8953125 0.58828125 0.025 0.028125
0 0.6765625 0.4375 0.02265625 0.02265625
0 0.81171875 0.81796875 0.03046875 0.040625
0 0.0859375 0.740625 0.03359375 0.0328125
0 0.034375 0.56640625 0.0375 0.03046875
0 0.2484375 0.509375 0.02421875 0.028125
0 0.959375 0.78046875 0.040625 0.04375
0 0.9734375 0.6953125 0.0359375 0.0359375
0 0.14375 0.6796875 0.028125 0.02734375
0 0.98125 0.59140625 0.02578125 0.03203125
0 0.4984375 0.5921875 0.0203125 0.025
0 0.81015625 0.98203125 0.0265625 0.03515625
0 0.48203125 0.73984375 0.02265625 0.034375
0 0.76328125 0.98515625 0.040625 0.0296875
0 0.2375 0.53515625 0.02421875 0.021875
0 0.51953125 0.58125 0.01875 0.02109375
0 0.87578125 0.54921875 0.02265625 0.0265625
0 0.70859375 0.52890625 0.028125 0.0265625
0 0.16015625 0.765625 0.04296875 0.0421875
0 0.39609375 0.40546875 0.01875 0.01796875
0 0.05390625 0.64921875 0.03046875 0.0265625
0 0.3359375 0.440625 0.01796875 0.02109375
0 0.7703125 0.43515625 0.025 0.02265625
0 0.8484375 0.69296875 0.021875 0.03046875
0 0.6 0.46796875 0.0265625 0.02421875
0 0.20546875 0.50234375 0.02265625 0.02421875
0 0.22578125 0.74453125 0.0234375 0.02890625
0 0.978125 0.98046875 0.0328125 0.0390625
0 0.95625 0.74140625 0.04140625 0.03671875
0 0.81796875 0.45078125 0.0203125 0.0203125
0 0.84765625 0.42109375 0.01953125 0.02265625
0 0.72734375 0.7296875 0.028125 0.03828125
0 0.07890625 0.69296875 0.04140625 0.03828125
0 0.8125 0.93828125 0.01953125 0.03203125
0 0.4328125 0.51796875 0.0171875 0.02421875
0 0.753125 0.76796875 0.03203125 0.04140625
0 0.296875 0.44453125 0.01796875 0.0203125
0 0.32890625 0.759375 0.028125 0.040625
0 0.17421875 0.7234375 0.01875 0.0234375
0 0.7328125 0.46328125 0.0171875 0.02109375
0 0.5109375 0.44765625 0.02109375 0.01875
0 0.38828125 0.98828125 0.034375 0.0234375
0 0.08046875 0.53203125 0.025 0.0234375
0 0.03671875 0.975 0.040625 0.05
0 0.87890625 0.47890625 0.02109375 0.02109375
0 0.940625 0.62421875 0.02734375 0.03515625
0 0.284375 0.49609375 0.01953125 0.0234375
0 0.50078125 0.52578125 0.02109375 0.025
0 0.665625 0.57265625 0.0265625 0.03828125
0 0.03671875 0.5203125 0.0296875 0.025
0 0.29453125 0.42265625 0.015625 0.01796875
0 0.78984375 0.47109375 0.01875 0.01953125
0 0.88671875 0.503125 0.02265625 0.02265625
0 0.12578125 0.4375 0.02109375 0.021875
0 0.11796875 0.509375 0.02265625 0.02890625
0 0.15546875 0.45625 0.0203125 0.0265625
0 0.4515625 0.61328125 0.021875 0.0328125
0 0.2578125 0.42421875 0.01953125 0.021875
0 0.66484375 0.45390625 0.01953125 0.01796875
0 0.9234375 0.728125 0.01796875 0.02109375
0 0.4 0.5671875 0.0171875 0.025
0 0.91015625 0.46328125 0.0203125 0.01796875
0 0.74609375 0.6140625 0.0234375 0.0234375
0 0.8671875 0.39140625 0.02109375 0.01796875
0 0.8171875 0.46796875 0.02109375 0.01875
0 0.37109375 0.4609375 0.0171875 0.01953125
0 0.3328125 0.621875 0.03125 0.0390625
0 0.246875 0.8140625 0.0296875 0.04453125
0 0.440625 0.65390625 0.04296875 0.0296875