0 0.04453125 0.9625 0.05703125 0.075
0 0.028125 0.8359375 0.05234375 0.05625
0 0.04921875 0.8703125 0.05 0.05546875
0 0.10546875 0.85859375 0.06796875 0.08359375
0 0.1296875 0.94453125 0.06328125 0.11015625
0 0.18671875 0.90625 0.0375 0.05546875
0 0.16953125 0.85859375 0.03515625 0.03203125
0 0.15546875 0.80703125 0.05234375 0.059375
0 0.08828125 0.77421875 0.04296875 0.06484375
0 0.034375 0.78828125 0.028125 0.03671875
0 0.028125 0.765625 0.03125 0.03203125
0 0.0203125 0.740625 0.0359375 0.04453125
0 0.009375 0.70859375 0.01796875 0.04375
0 0.1 0.71171875 0.0359375 0.03984375
0 0.09296875 0.684375 0.02109375 0.0265625
0 0.153125 0.67578125 0.03671875 0.04375
0 0.16953125 0.69453125 0.03828125 0.0359375
0 0.17734375 0.75703125 0.04921875 0.04140625
0 0.20546875 0.725 0.02890625 0.04296875
0 0.2359375 0.72734375 0.0359375 0.04921875
0 0.2171875 0.82109375 0.04609375 0.0609375
0 0.21171875 0.97890625 0.05546875 0.04140625
0 0.24921875 0.91328125 0.05078125 0.08203125
0 0.33828125 0.8359375 0.071875 0.1109375
0 0.3453125 0.73203125 0.03984375 0.05546875
0 0.26796875 0.70234375 0.03984375 0.0546875
0 0.39140625 0.95078125 0.0640625 0.07109375
0 0.246875 0.67890625 0.02109375 0.03515625
0 0.240625 0.66171875 0.03046875 0.028125
0 0.25234375 0.63828125 0.04140625 0.034375
0 0.23515625 0.57421875 0.040625 0.04609375
0 0.290625 0.65078125 0.03515625 0.04296875
0 0.32734375 0.665625 0.04609375 0.0546875
0 0.3296875 0.63203125 0.04765625 0.04296875
0 0.3484375 0.603125 0.03203125 0.03046875
0 0.3765625 0.6078125 0.040625 0.03203125
0 0.3640625 0.64609375 0.03046875 0.04140625
0 0.38828125 0.58046875 0.02109375 0.03203125
0 0.4140625 0.61953125 0.0453125 0.0359375
0 0.42421875 0.57734375 0.0296875 0.03984375
0 0.44921875 0.609375 0.04609375 0.04140625
0 0.3828125 0.67578125 0.03359375 0.05078125
0 0.40703125 0.66640625 0.03203125 0.0515625
0 0.06484375 0.625 0.040625 0.0390625
0 0.19453125 0.55625 0.034375 0.0359375
0 0.1265625 0.5171875 0.03359375 0.03203125
0 0.37265625 0.55234375 0.02890625 0.0359375
0 0.3984375 0.7984375 0.05078125 0.065625
0 0.3984375 0.840625 0.040625 0.05859375
0 0.42421875 0.8515625 0.040625 0.0515625
0 0.490625 0.83828125 0.05390625 0.0640625
0 0.4375 0.74453125 0.05859375 0.05625
0 0.44921875 0.7125 0.03125 0.03984375
0 0.44140625 0.69140625 0.03125 0.04140625
0 0.44453125 0.6515625 0.02734375 0.03203125
0 0.490625 0.6734375 0.04140625 0.04453125
0 0.51796875 0.6171875 0.040625 0.04375
0 0.12109375 0.6015625 0.02421875 0.03828125
0 0.10234375 0.60390625 0.02265625 0.03046875
0 0.12265625 0.57265625 0.028125 0.034375
0 0.07578125 0.571875 0.02890625 0.0359375
0 0.5046875 0.975 0.03125 0.05
0 0.5703125 0.9703125 0.05 0.059375
0 0.63203125 0.97734375 0.03984375 0.0453125
0 0.62265625 0.95390625 0.03046875 0.034375
0 0.709375 0.984375 0.05078125 0.03125
0 0.821875 0.97109375 0.06796875 0.05703125
0 0.7609375 0.9171875 0.07421875 0.06171875
0 0.5890625 0.89140625 0.0453125 0.078125
0 0.5546875 0.87265625 0.04765625 0.07109375
0 0.55546875 0.81796875 0.0546875 0.04296875
0 0.59296875 0.778125 0.03203125 0.03671875
0 0.5828125 0.73359375 0.04609375 0.05859375
0 0.54765625 0.72890625 0.03984375 0.06171875
0 0.58203125 0.68046875 0.03359375 0.046875
0 0.553125 0.6765625 0.03671875 0.04921875
0 0.55546875 0.61640625 0.03828125 0.046875
0 0.5359375 0.58046875 0.02890625 0.03203125
0 0.53046875 0.5546875 0.03359375 0.0453125
0 0.575 0.55078125 0.03828125 0.04296875
0 0.590625 0.5890625 0.02578125 0.04140625
0 0.60234375 0.54921875 0.03203125 0.03359375
0 0.6109375 0.5890625 0.02265625 0.03671875
0 0.64453125 0.59921875 0.03984375 0.03984375
0 0.6375 0.68984375 0.05078125 0.06640625
0 0.62578125 0.6390625 0.034375 0.034375
0 0.625 0.8234375 0.03671875 0.0546875
0 0.65390625 0.79296875 0.03828125 0.06171875
0 0.684375 0.75859375 0.05859375 0.06796875
0 0.70703125 0.80078125 0.05546875 0.05390625
0 0.71328125 0.85390625 0.05703125 0.05859375
0 0.76171875 0.84921875 0.04296875 0.0546875
0 0.81015625 0.8640625 0.04140625 0.03828125
0 0.828125 0.903125 0.03203125 0.053125
0 0.7921875 0.7953125 0.05234375 0.0609375
0 0.75078125 0.7640625 0.04140625 0.0390625
0 0.7359375 0.7234375 0.04765625 0.0453125
0 0.77265625 0.69296875 0.04453125 0.0359375
0 0.73203125 0.6546875 0.04453125 0.0546875
0 0.6953125 0.65078125 0.03671875 0.04453125
0 0.68359375 0.61953125 0.04140625 0.04140625
0 0.7203125 0.559375 0.03203125 0.0359375
0 0.78203125 0.646875 0.03828125 0.0359375
0 0.81015625 0.59921875 0.03203125 0.0359375
0 0.853125 0.64375 0.0328125 0.03828125
0 0.8625 0.584375 0.03046875 0.0359375
0 0.8453125 0.725 0.03828125 0.046875
0 0.84375 0.68359375 0.02890625 0.028125
0 0.871875 0.7234375 0.046875 0.05078125
0 0.85625 0.80625 0.04296875 0.04921875
0 0.85078125 0.84609375 0.040625 0.04609375
0 0.8921875 0.88046875 0.0625 0.075
0 0.92578125 0.91640625 0.05390625 0.05703125
0 0.9265625 0.97421875 0.04765625 0.05
0 0.9734375 0.9484375 0.053125 0.078125
0 0.92265625 0.77890625 0.059375 0.065625
0 0.940625 0.69296875 0.04609375 0.05078125
0 0.97109375 0.7765625 0.0578125 0.0546875
0 0.93046875 0.6484375 0.0578125 0.04921875
0 0.9234375 0.59296875 0.046875 0.046875
0 0.96484375 0.6265625 0.0484375 0.03828125
0 0.97890625 0.665625 0.021875 0.0359375
0 0.759375 0.5 0.04609375 0.03359375
0 0.765625 0.52421875 0.02734375 0.03515625
0 0.80625 0.52890625 0.03828125 0.03671875
0 0.7421875 0.5234375 0.03359375 0.04296875
0 0.6578125 0.5609375 0.02421875 0.0359375
0 0.66796875 0.53046875 0.03359375 0.03203125
0 0.5046875 0.5140625 0.02109375 0.03203125
0 0.55390625 0.534375 0.0296875 0.025
0 0.5734375 0.5078125 0.03671875 0.04140625
0 0.5375 0.48515625 0.0328125 0.05
0 0.615625 0.51875 0.0296875 0.03515625
0 0.5921875 0.434375 0.03828125 0.03203125
0 0.4109375 0.475 0.0359375 0.04296875
0 0.39140625 0.50078125 0.0328125 0.0390625
0 0.44609375 0.52109375 0.03828125 0.04453125
0 0.490625 0.5046875 0.02890625 0.03046875
0 0.0984375 0.5375 0.03515625 0.04375
0 0.475 0.6328125 0.03359375 0.0359375
0 0.31171875 0.60859375 0.025 0.03203125
0 0.2875 0.596875 0.01953125 0.03125
0 0.31484375 0.58203125 0.034375 0.0234375
0 0.29375 0.54296875 0.0359375 0.0359375
0 0.6421875 0.49375 0.0375 0.0453125
0 0.60078125 0.4890625 0.025 0.02890625
0 0.909375 0.6984375 0.02890625 0.0390625