0 0.7125 0.72578125 0.0375 0.04140625
0 0.7640625 0.703125 0.0265625 0.0328125
0 0.25234375 0.9546875 0.03515625 0.04765625
0 0.28046875 0.6109375 0.028125 0.02890625
0 0.865625 0.9765625 0.0375 0.04609375
0 0.74921875 0.803125 0.03515625 0.05234375
0 0.5 0.753125 0.03203125 0.04140625
0 0.68671875 0.9 0.028125 0.04375
0 0.390625 0.91875 0.03828125 0.05078125
0 0.425 0.83125 0.04140625 0.05078125
0 0.52578125 0.95859375 0.04609375 0.059375
0 0.809375 0.871875 0.03203125 0.040625
0 0.6421875 0.71328125 0.0203125 0.0265625
0 0.653125 0.73671875 0.0265625 0.034375
0 0.6828125 0.5 0.0234375 0.0265625
0 0.109375 0.7359375 0.0421875 0.046875
0 0.32421875 0.82578125 0.0359375 0.05390625
0 0.5375 0.765625 0.03125 0.0453125
0 0.49453125 0.690625 0.0359375 0.040625
0 0.29296875 0.80390625 0.03359375 0.034375
0 0.36875 0.65546875 0.03359375 0.03671875
0 0.56796875 0.66328125 0.02734375 0.0328125
0 0.01875 0.7171875 0.03671875 0.0453125
0 0.81015625 0.78984375 0.0359375 0.04765625
0 0.71328125 0.49453125 0.028125 0.025
0 0.94921875 0.8703125 0.059375 0.06328125
0 0.59609375 0.97734375 0.04296875 0.0453125
0 0.4015625 0.73515625 0.03046875 0.0390625
0 0.3 0.890625 0.0234375 0.0421875
0 0.21328125 0.6609375 0.02578125 0.02890625
0 0.98125 0.74921875 0.034375 0.0390625
0 0.8359375 0.67109375 0.03359375 0.0375
0 0.253125 0.809375 0.04140625 0.053125
0 0.91015625 0.67265625 0.03359375 0.0421875
0 0.46484375 0.940625 0.03046875 0.04296875
0 0.33984375 0.709375 0.03203125 0.0359375
0 0.165625 0.71328125 0.03125 0.02890625
0 0.1625 0.84453125 0.03515625 0.04453125
0 0.51171875 0.903125 0.02734375 0.0390625
0 0.58359375 0.715625 0.0265625 0.028125
0 0.8515625 0.73359375 0.025 0.03125
0 0.40859375 0.63984375 0.03046875 0.0375
0 0.215625 0.56640625 0.0234375 0.0328125
0 0.4828125 0.4796875 0.025 0.02109375
0 0.84765625 0.77890625 0.028125 0.0375
0 0.34375 0.59296875 0.0265625 0.02734375
0 0.6015625 0.890625 0.03359375 0.0453125
0 0.66640625 0.546875 0.02265625 0.0296875
0 0.0203125 0.78515625 0.040625 0.0515625
0 0.746875 0.6046875 0.021875 0.02890625
0 0.1234375 0.8859375 0.03203125 0.0515625
0 0.321875 0.53984375 0.02421875 0.02578125
0 0.09765625 0.82890625 0.03671875 0.04609375
0 0.440625 0.7109375 0.028125 0.04296875
0 0.81796875 0.69765625 0.02734375 0.03671875
0 0.953125 0.78984375 0.03828125 0.04296875
0 0.5328125 0.615625 0.02890625 0.03125
0 0.72734375 0.8640625 0.03203125 0.0484375
0 0.959375 0.9453125 0.04453125 0.06953125
0 0.853125 0.56015625 0.028125 0.02890625
0 0.8921875 0.8875 0.0328125 0.05
0 0.2609375 0.53203125 0.02578125 0.02578125
0 0.215625 0.74921875 0.0328125 0.034375
0 0.6390625 0.553125 0.02265625 0.0234375
0 0.3484375 0.78984375 0.0234375 0.03515625
0 0.4359375 0.903125 0.0421875 0.0546875
0 0.81015625 0.93046875 0.0328125 0.03515625
0 0.14453125 0.91953125 0.0421875 0.05859375
0 0.125 0.6296875 0.03515625 0.040625
0 0.29921875 0.50390625 0.0265625 0.02734375
0 0.078125 0.79296875 0.03046875 0.040625
0 0.78984375 0.4328125 0.025 0.02421875
0 0.7890625 0.73515625 0.03046875 0.03984375
0 0.69921875 0.5578125 0.028125 0.02578125
0 0.76328125 0.64609375 0.0328125 0.03125
0 0.759375 0.48828125 0.02734375 0.0234375
0 0.14609375 0.9671875 0.040625 0.04375
0 0.84609375 0.92421875 0.02578125 0.034375
0 0.77265625 0.59609375 0.02578125 0.03203125
0 0.7734375 0.56875 0.02265625 0.02890625
0 0.38984375 0.60703125 0.025 0.028125
0 0.56171875 0.56953125 0.01875 0.021875
0 0.6015625 0.4796875 0.025 0.02578125
0 0.24765625 0.7390625 0.02578125 0.03515625
0 0.40078125 0.678125 0.0265625 0.0296875
0 0.5640625 0.4640625 0.02421875 0.02109375
0 0.75703125 0.459375 0.01953125 0.0234375
0 0.49140625 0.86015625 0.0296875 0.04140625
0 0.1046875 0.55703125 0.03125 0.0296875
0 0.1578125 0.67421875 0.03984375 0.03515625
0 0.28984375 0.528125 0.021875 0.021875
0 0.5390625 0.7140625 0.02109375 0.03125
0 0.18515625 0.53828125 0.02734375 0.02265625
0 0.5296875 0.6734375 0.02109375 0.0359375
0 0.9859375 0.6671875 0.028125 0.0359375
0 0.05 0.659375 0.02109375 0.02265625
0 0.33984375 0.44375 0.01953125 0.02109375
0 0.178125 0.9859375 0.0390625 0.0265625
0 0.175 0.4375 0.02109375 0.02109375
0 0.87109375 0.66953125 0.02265625 0.02890625
0 0.4625 0.64765625 0.025 0.03828125
0 0.25703125 0.5 0.021875 0.0265625
0 0.54296875 0.57578125 0.01953125 0.02265625
0 0.91328125 0.57265625 0.025 0.02890625
0 0.97734375 0.70859375 0.04296875 0.03359375
0 0.70390625 0.4359375 0.021875 0.02265625
0 0.10078125 0.515625 0.02890625 0.0265625
0 0.28828125 0.6609375 0.0203125 0.02265625
0 0.06171875 0.5671875 0.025 0.02421875
0 0.8484375 0.884375 0.01875 0.03125
0 0.17265625 0.5046875 0.021875 0.02734375
0 0.45 0.55859375 0.01875 0.02578125
0 0.98984375 0.571875 0.01875 0.02890625
0 0.20546875 0.45390625 0.01875 0.025
0 0.89140625 0.5359375 0.0234375 0.02578125
0 0.43359375 0.40859375 0.01796875 0.01875
0 0.834375 0.44609375 0.01796875 0.01953125
0 0.14375 0.5265625 0.0234375 0.0203125
0 0.7359375 0.52265625 0.03359375 0.025
0 0.11875 0.6671875 0.0234375 0.02421875
0 0.45859375 0.5421875 0.01875 0.01875
0 0.41484375 0.4578125 0.01796875 0.021875
0 0.02421875 0.89453125 0.04765625 0.0625
0 0.059375 0.9171875 0.04765625 0.06015625
0 0.5421875 0.515625 0.01953125 0.03203125
0 0.321875 0.78046875 0.028125 0.0390625