0 0.06875 0.92890625 0.05703125 0.075
0 0.06171875 0.9796875 0.03984375 0.040625
0 0.0140625 0.8359375 0.028125 0.040625
0 0.015625 0.80234375 0.03125 0.0234375
0 0.05078125 0.80078125 0.05234375 0.05625
0 0.065625 0.83984375 0.05 0.05546875
0 0.121875 0.83203125 0.06796875 0.08359375
0 0.1484375 0.93046875 0.06328125 0.11015625
0 0.20625 0.88125 0.0375 0.05546875
0 0.18515625 0.83046875 0.03515625 0.03203125
0 0.1734375 0.78046875 0.05234375 0.059375
0 0.10859375 0.746875 0.04296875 0.06484375
0 0.04921875 0.7609375 0.028125 0.03671875
0 0.04765625 0.7421875 0.03125 0.03203125
0 0.03515625 0.71328125 0.0359375 0.04453125
0 0.009375 0.70859375 0.01796875 0.04375
0 0.1140625 0.68359375 0.0359375 0.03984375
0 0.10859375 0.65703125 0.02109375 0.0265625
0 0.16484375 0.65625 0.03671875 0.04375
0 0.18203125 0.66953125 0.03828125 0.0359375
0 0.19140625 0.73203125 0.04921875 0.04140625
0 0.21640625 0.7015625 0.02890625 0.04296875
0 0.2484375 0.70859375 0.0359375 0.04921875
0 0.23828125 0.79140625 0.04609375 0.0609375
0 0.22734375 0.965625 0.0578125 0.06875
0 0.2640625 0.9875 0.03984375 0.025
0 0.2625 0.884375 0.05078125 0.08203125
0 0.3546875 0.81328125 0.071875 0.1109375
0 0.35546875 0.70703125 0.03984375 0.05546875
0 0.2828125 0.67734375 0.03984375 0.0546875
0 0.41015625 0.9234375 0.0640625 0.07109375
0 0.43828125 0.98046875 0.0640625 0.0390625
0 0.2609375 0.65546875 0.02109375 0.03515625
0 0.25390625 0.63359375 0.03046875 0.028125
0 0.26953125 0.6109375 0.04140625 0.034375
0 0.2078125 0.61796875 0.03671875 0.046875
0 0.246875 0.55546875 0.040625 0.04609375
0 0.3015625 0.63046875 0.03515625 0.04296875
0 0.3359375 0.64921875 0.04609375 0.0546875
0 0.340625 0.61171875 0.04765625 0.04296875
0 0.32421875 0.590625 0.03203125 0.03984375
0 0.30078125 0.58046875 0.02265625 0.04296875
0 0.28125 0.57109375 0.0296875 0.04375
0 0.3140625 0.54765625 0.03984375 0.0265625
0 0.325 0.56640625 0.03046875 0.021875
0 0.3609375 0.578125 0.03203125 0.03046875
0 0.38984375 0.58671875 0.040625 0.03203125
0 0.3765625 0.62109375 0.03046875 0.04140625
0 0.403125 0.559375 0.02109375 0.03203125
0 0.42421875 0.596875 0.0453125 0.0359375
0 0.43828125 0.55859375 0.0296875 0.03984375
0 0.4625 0.58203125 0.04609375 0.04140625
0 0.396875 0.6484375 0.03359375 0.05078125
0 0.4203125 0.646875 0.03203125 0.0515625
0 0.08046875 0.603125 0.040625 0.0390625
0 0.20546875 0.53203125 0.034375 0.0359375
0 0.1359375 0.4984375 0.03359375 0.03203125
0 0.38828125 0.53125 0.02890625 0.0359375
0 0.4109375 0.76328125 0.05078125 0.065625
0 0.4109375 0.81171875 0.040625 0.05859375
0 0.43828125 0.828125 0.040625 0.0515625
0 0.50078125 0.81796875 0.05390625 0.0640625
0 0.45546875 0.721875 0.05859375 0.05625
0 0.4640625 0.6875 0.03125 0.03984375
0 0.45546875 0.6625 0.03125 0.04140625
0 0.4609375 0.6234375 0.02734375 0.03203125
0 0.4828125 0.609375 0.03359375 0.05
0 0.5046875 0.64921875 0.04140625 0.04453125
0 0.5234375 0.59609375 0.040625 0.04375
0 0.1359375 0.5765625 0.02421875 0.03828125
0 0.11484375 0.58203125 0.02265625 0.03046875
0 0.13828125 0.55234375 0.028125 0.034375
0 0.08125 0.55390625 0.02890625 0.0359375
0 0.5203125 0.95390625 0.03046875 0.04921875
0 0.5640625 0.9703125 0.05 0.059375
0 0.59921875 0.9484375 0.05625 0.103125
0 0.64609375 0.9609375 0.03828125 0.06171875
0 0.64375 0.92578125 0.03046875 0.034375
0 0.6875 0.984375 0.03984375 0.03125
0 0.7359375 0.97265625 0.05546875 0.0546875
0 0.8015625 0.9875 0.046875 0.025
0 0.84296875 0.95390625 0.06796875 0.05703125
0 0.7859375 0.89453125 0.07421875 0.06171875
0 0.603125 0.86015625 0.0453125 0.078125
0 0.56953125 0.84453125 0.04765625 0.07109375
0 0.5671875 0.78671875 0.0546875 0.04296875
0 0.60625 0.74921875 0.03203125 0.03671875
0 0.60078125 0.70859375 0.04609375 0.05859375
0 0.56328125 0.7015625 0.03984375 0.06171875
0 0.596875 0.65546875 0.03359375 0.046875
0 0.565625 0.64453125 0.03671875 0.04921875
0 0.56796875 0.59296875 0.03828125 0.046875
0 0.55 0.55859375 0.02890625 0.03203125
0 0.5390625 0.52890625 0.03359375 0.0453125
0 0.5890625 0.53359375 0.03828125 0.04296875
0 0.60546875 0.56640625 0.02578125 0.04140625
0 0.61640625 0.525 0.03203125 0.03359375
0 0.6265625 0.5609375 0.02265625 0.03671875
0 0.65625 0.57734375 0.03984375 0.03984375
0 0.65234375 0.6640625 0.05078125 0.06640625
0 0.6390625 0.61640625 0.034375 0.034375
0 0.64296875 0.79453125 0.03671875 0.0546875
0 0.6671875 0.765625 0.03828125 0.06171875
0 0.6984375 0.72578125 0.05859375 0.06796875
0 0.7203125 0.771875 0.05546875 0.05390625
0 0.72734375 0.82421875 0.05703125 0.05859375
0 0.7796875 0.81328125 0.04296875 0.0546875
0 0.82578125 0.8328125 0.04140625 0.03828125
0 0.846875 0.8734375 0.03203125 0.053125
0 0.8078125 0.76484375 0.05234375 0.0609375
0 0.76640625 0.73828125 0.04140625 0.0390625
0 0.7546875 0.69375 0.04765625 0.0453125
0 0.78828125 0.66953125 0.04453125 0.0359375
0 0.75 0.6328125 0.04453125 0.0546875
0 0.7125 0.6296875 0.03671875 0.04453125
0 0.69296875 0.60078125 0.04140625 0.04140625
0 0.734375 0.5390625 0.03203125 0.0359375
0 0.79375 0.61796875 0.03828125 0.0359375
0 0.82578125 0.57421875 0.03203125 0.0359375
0 0.871875 0.615625 0.0328125 0.03828125
0 0.87578125 0.5609375 0.03046875 0.0359375
0 0.86171875 0.70546875 0.03828125 0.046875
0 0.8609375 0.6546875 0.02890625 0.028125
0 0.89375 0.69296875 0.046875 0.05078125
0 0.875 0.78125 0.04296875 0.04921875
0 0.86640625 0.82421875 0.040625 0.04609375
0 0.91015625 0.853125 0.0625 0.075
0 0.95 0.8859375 0.05390625 0.05703125
0 0.95234375 0.93984375 0.04765625 0.05
0 0.98359375 0.9109375 0.0328125 0.078125
0 0.9375 0.75859375 0.059375 0.065625
0 0.95390625 0.66796875 0.04609375 0.05078125
0 0.9765625 0.74921875 0.046875 0.0546875
0 0.93828125 0.61953125 0.0578125 0.04921875
0 0.93046875 0.571875 0.046875 0.046875
0 0.97421875 0.60390625 0.0484375 0.03828125
0 0.9890625 0.64375 0.021875 0.0359375
0 0.77421875 0.478125 0.04609375 0.03359375
0 0.77890625 0.5015625 0.02734375 0.03515625
0 0.81953125 0.5109375 0.03828125 0.03671875
0 0.75078125 0.4984375 0.03359375 0.04296875
0 0.66953125 0.5265625 0.02421875 0.0359375
0 0.68046875 0.50234375 0.03359375 0.03203125
0 0.51640625 0.49296875 0.02109375 0.03203125
0 0.5609375 0.5140625 0.0296875 0.025
0 0.58359375 0.490625 0.03671875 0.04140625
0 0.54765625 0.46875 0.0328125 0.05
0 0.6265625 0.496875 0.0296875 0.03515625
0 0.596875 0.4140625 0.03828125 0.03203125
0 0.42265625 0.44921875 0.0359375 0.04296875
0 0.4015625 0.48046875 0.0328125 0.0390625
0 0.45234375 0.5015625 0.03828125 0.04453125
0 0.4984375 0.48046875 0.02890625 0.03046875
0 0.30390625 0.51953125 0.03671875 0.0359375
0 0.1609375 0.50703125 0.03515625 0.04375