0 0.30703125 0.7875 0.05859375 0.06875
0 0.1375 0.72265625 0.06640625 0.0484375
0 0.078125 0.8078125 0.07109375 0.08125
0 0.1453125 0.8609375 0.05234375 0.0625
0 0.209375 0.81875 0.05234375 0.065625
0 0.28671875 0.89296875 0.06328125 0.07421875
0 0.13984375 0.62734375 0.04921875 0.0390625
0 0.04296875 0.65859375 0.04921875 0.0453125
0 0.02890625 0.73125 0.03125 0.0421875
0 0.2046875 0.69453125 0.05625 0.06484375
0 0.19296875 0.6515625 0.04921875 0.04375
0 0.384375 0.67578125 0.03671875 0.0421875
0 0.41953125 0.746875 0.04375 0.0515625
0 0.5953125 0.571875 0.03046875 0.05078125
0 0.71328125 0.721875 0.046875 0.040625
0 0.70859375 0.8203125 0.04296875 0.0703125
0 0.821875 0.96875 0.053125 0.0625
0 0.62578125 0.86328125 0.065625 0.0859375
0 0.659375 0.9734375 0.0625 0.053125
0 0.51875 0.8859375 0.05546875 0.05
0 0.51328125 0.83828125 0.05234375 0.053125
0 0.4234375 0.83359375 0.05078125 0.053125
0 0.33203125 0.9234375 0.06953125 0.096875
0 0.55234375 0.5828125 0.03984375 0.03125
0 0.6359375 0.59140625 0.0390625 0.0296875
0 0.28984375 0.58203125 0.028125 0.02890625
0 0.30625 0.6078125 0.0359375 0.03046875
0 0.740625 0.8890625 0.05703125 0.06171875
0 0.75546875 0.96875 0.0515625 0.06171875
0 0.7890625 0.8140625 0.05703125 0.0703125
0 0.83828125 0.884375 0.04765625 0.06875
0 0.9453125 0.78359375 0.07265625 0.078125
0 0.8203125 0.7703125 0.0578125 0.075
0 0.87421875 0.76875 0.03984375 0.0609375
0 0.7453125 0.6484375 0.046875 0.03828125
0 0.79765625 0.590625 0.03046875 0.0359375
0 0.665625 0.4953125 0.03359375 0.0390625
0 0.69453125 0.53046875 0.046875 0.03671875
0 0.9484375 0.61484375 0.04921875 0.04375
0 0.74609375 0.60703125 0.03046875 0.03125
0 0.86640625 0.59765625 0.0390625 0.03515625
0 0.9609375 0.6828125 0.059375 0.0515625
0 0.85078125 0.53671875 0.0515625 0.04609375
0 0.9203125 0.56015625 0.03046875 0.0328125
0 0.73828125 0.48984375 0.04296875 0.034375
0 0.78515625 0.41875 0.0359375 0.0265625
0 0.62890625 0.50546875 0.03671875 0.03515625
0 0.69765625 0.66328125 0.03984375 0.028125
0 0.525 0.47890625 0.0375 0.0359375
0 0.68671875 0.4046875 0.0265625 0.01953125
0 0.69609375 0.3734375 0.02734375 0.02109375
0 0.36171875 0.76171875 0.0375 0.04453125
0 0.27265625 0.71015625 0.05859375 0.0578125
0 0.06640625 0.53984375 0.03671875 0.03984375
0 0.121875 0.509375 0.04140625 0.04453125
0 0.17578125 0.4859375 0.03046875 0.0265625
0 0.15859375 0.40625 0.02421875 0.02421875
0 0.284375 0.3796875 0.04296875 0.021875
0 0.4125 0.60859375 0.0265625 0.02578125
0 0.4453125 0.603125 0.02265625 0.03203125
0 0.43125 0.525 0.03359375 0.0296875
0 0.36484375 0.471875 0.028125 0.0234375
0 0.2265625 0.56953125 0.0359375 0.0375
0 0.3515625 0.83515625 0.03671875 0.0671875
0 0.13359375 0.98359375 0.0109375 0.0328125
0 0.00625 0.83359375 0.0125 0.04375
0 0.046875 0.94765625 0.053125 0.07734375
0 0.3453125 0.646875 0.04140625 0.0515625
0 0.32421875 0.7 0.028125 0.0375
0 0.47734375 0.45703125 0.03125 0.02734375
0 0.47265625 0.49140625 0.02890625 0.02109375
0 0.415625 0.41171875 0.02890625 0.0171875
0 0.33203125 0.38515625 0.02421875 0.01953125
0 0.34609375 0.40234375 0.021875 0.0234375
0 0.3421875 0.51953125 0.02734375 0.028125
0 0.31640625 0.55859375 0.0265625 0.01796875
0 0.1796875 0.7609375 0.05 0.05
0 0.184375 0.58515625 0.01875 0.01796875
0 0.1359375 0.5515625 0.0390625 0.034375
0 0.1109375 0.53671875 0.03671875 0.02109375
0 0.24921875 0.42578125 0.02734375 0.025
0 0.17578125 0.43984375 0.02265625 0.01484375
0 0.29453125 0.47109375 0.021875 0.021875
0 0.0734375 0.49765625 0.03203125 0.03203125
0 0.89140625 0.63828125 0.0453125 0.03125
0 0.9859375 0.628125 0.02421875 0.03046875
0 0.8078125 0.70703125 0.0296875 0.04453125
0 0.7359375 0.45390625 0.01640625 0.0203125
0 0.78125 0.51171875 0.0359375 0.02734375
0 0.87734375 0.46328125 0.02734375 0.03125
0 0.9359375 0.50234375 0.0375 0.0328125
0 0.925 0.47265625 0.02890625 0.021875
0 0.83671875 0.4859375 0.02578125 0.01328125
0 0.8375 0.4609375 0.01796875 0.021875
0 0.84375 0.4375 0.0203125 0.0203125
0 0.80703125 0.4671875 0.0265625 0.02578125
0 0.66875 0.42265625 0.03046875 0.01796875
0 0.6421875 0.46171875 0.025 0.02109375
0 0.56640625 0.45703125 0.046875 0.03046875
0 0.97421875 0.5390625 0.0296875 0.03046875
0 0.9671875 0.4515625 0.02578125 0.0125
0 0.94453125 0.41328125 0.03515625 0.02421875
0 0.8890625 0.3984375 0.02265625 0.0296875
0 0.83984375 0.5015625 0.015625 0.02109375
0 0.98984375 0.8234375 0.01953125 0.03515625
0 0.64921875 0.4421875 0.02578125 0.02578125
0 0.68203125 0.446875 0.0234375 0.02578125
0 0.46015625 0.43046875 0.025 0.01796875
0 0.2046875 0.4296875 0.02265625 0.01875
0 0.2828125 0.4515625 0.02109375 0.01875
0 0.2328125 0.4078125 0.02734375 0.0234375
0 0.21171875 0.40078125 0.01640625 0.0203125
0 0.078125 0.434375 0.0296875 0.02578125
0 0.04140625 0.4984375 0.03828125 0.01953125
0 0.034375 0.4875 0.0265625 0.02265625
0 0.55390625 0.5296875 0.02890625 0.02109375
0 0.60078125 0.4734375 0.02734375 0.01171875
0 0.73984375 0.37421875 0.02265625 0.02109375
0 0.90703125 0.36796875 0.02890625 0.01484375
0 0.740625 0.33359375 0.01953125 0.01953125
0 0.6734375 0.34375 0.02109375 0.01171875
0 0.64453125 0.33828125 0.0234375 0.0140625
0 0.678125 0.31796875 0.01796875 0.01875
0 0.70546875 0.33359375 0.0203125 0.01484375
0 0.52109375 0.33984375 0.01796875 0.01015625
0 0.48046875 0.3625 0.01171875 0.0125
0 0.53515625 0.2796875 0.02421875 0.0171875
0 0.45703125 0.4046875 0.0265625 0.015625
0 0.38203125 0.38828125 0.02734375 0.02265625
0 0.40546875 0.32109375 0.0140625 0.01171875
0 0.32265625 0.29921875 0.02578125 0.021875
0 0.52890625 0.315625 0.01171875 0.0203125
0 0.51328125 0.30078125 0.01171875 0.01171875
0 0.5515625 0.4296875 0.021875 0.015625
0 0.52265625 0.42421875 0.0265625 0.01875
0 0.72265625 0.31796875 0.02734375 0.01796875
0 0.99140625 0.45390625 0.0171875 0.0109375