0 0.040625 0.90390625 0.0515625 0.05546875
0 0.04140625 0.83359375 0.03359375 0.05
0 0.1171875 0.92265625 0.03203125 0.06953125
0 0.1640625 0.87734375 0.05234375 0.0484375
0 0.2171875 0.92265625 0.040625 0.05625
0 0.27265625 0.97109375 0.0359375 0.053125
0 0.3015625 0.9375 0.04140625 0.06328125
0 0.30703125 0.87421875 0.03125 0.0578125
0 0.3421875 0.87265625 0.0328125 0.0484375
0 0.3875 0.8890625 0.0421875 0.04140625
0 0.446875 0.8671875 0.03515625 0.04609375
0 0.43046875 0.82265625 0.03828125 0.0421875
0 0.50234375 0.878125 0.04140625 0.06640625
0 0.52421875 0.959375 0.0390625 0.06484375
0 0.34765625 0.75859375 0.03515625 0.04375
0 0.36796875 0.71796875 0.03515625 0.04921875
0 0.284375 0.75390625 0.03671875 0.04296875
0 0.28359375 0.80859375 0.03828125 0.0515625
0 0.24453125 0.74609375 0.03984375 0.05078125
0 0.2296875 0.696875 0.0265625 0.0390625
0 0.196875 0.69921875 0.03046875 0.03125
0 0.16875 0.7359375 0.03046875 0.025
0 0.18828125 0.75625 0.04296875 0.046875
0 0.14453125 0.778125 0.02578125 0.040625
0 0.1515625 0.82890625 0.04375 0.0375
0 0.20703125 0.8125 0.03671875 0.04453125
0 0.1046875 0.803125 0.040625 0.05625
0 0.1109375 0.74140625 0.040625 0.0484375
0 0.0578125 0.76640625 0.0265625 0.05
0 0.0265625 0.75390625 0.03359375 0.04375
0 0.03203125 0.72421875 0.04140625 0.0296875
0 0.0296875 0.69453125 0.034375 0.03515625
0 0.01015625 0.66171875 0.0203125 0.03515625
0 0.02109375 0.6078125 0.028125 0.0515625
0 0.1859375 0.66953125 0.02890625 0.03671875
0 0.1859375 0.64375 0.03359375 0.0375
0 0.23671875 0.6109375 0.02734375 0.04765625
0 0.26015625 0.62890625 0.0296875 0.05234375
0 0.28515625 0.65 0.03203125 0.053125
0 0.29921875 0.6046875 0.03046875 0.0375
0 0.35 0.58125 0.0234375 0.0359375
0 0.31328125 0.56875 0.02890625 0.021875
0 0.2640625 0.58359375 0.0296875 0.03828125
0 0.23828125 0.56015625 0.01015625 0.02109375
0 0.146875 0.55390625 0.02578125 0.03671875
0 0.2984375 0.4578125 0.0265625 0.02734375
0 0.38515625 0.5125 0.0265625 0.034375
0 0.39140625 0.56171875 0.02421875 0.0328125
0 0.4171875 0.6078125 0.0171875 0.03984375
0 0.4703125 0.60234375 0.01484375 0.03828125
0 0.51484375 0.67265625 0.03203125 0.05
0 0.4546875 0.671875 0.01640625 0.02890625
0 0.48671875 0.60546875 0.015625 0.03125
0 0.4515625 0.5765625 0.0296875 0.03671875
0 0.5328125 0.771875 0.02578125 0.046875
0 0.53828125 0.834375 0.0171875 0.0390625
0 0.584375 0.7328125 0.04375 0.0390625
0 0.62578125 0.7609375 0.02734375 0.04453125
0 0.58828125 0.7921875 0.02578125 0.04453125
0 0.675 0.7328125 0.03046875 0.04296875
0 0.63046875 0.671875 0.034375 0.0453125
0 0.55 0.67578125 0.02578125 0.03203125
0 0.58515625 0.68046875 0.03515625 0.0296875
0 0.615625 0.62578125 0.03125 0.0328125
0 0.6203125 0.59921875 0.01953125 0.02421875
0 0.58203125 0.63828125 0.03671875 0.03203125
0 0.35703125 0.665625 0.02421875 0.03046875
0 0.571875 0.98125 0.025 0.03671875
0 0.65078125 0.9203125 0.03828125 0.05234375
0 0.69921875 0.92890625 0.03046875 0.05546875
0 0.70078125 0.8078125 0.04140625 0.05390625
0 0.74921875 0.809375 0.03984375 0.0515625
0 0.8015625 0.85859375 0.04609375 0.05078125
0 0.75078125 0.884375 0.040625 0.046875
0 0.74609375 0.9703125 0.04140625 0.05625
0 0.8453125 0.96875 0.040625 0.0625
0 0.865625 0.9109375 0.04921875 0.06796875
0 0.89609375 0.98203125 0.02890625 0.03515625
0 0.9546875 0.97734375 0.03515625 0.0453125
0 0.94609375 0.90625 0.03359375 0.04296875
0 0.9015625 0.853125 0.040625 0.03984375
0 0.87890625 0.77265625 0.0421875 0.06171875
0 0.84140625 0.78203125 0.01640625 0.0296875
0 0.81171875 0.76171875 0.03203125 0.0328125
0 0.78046875 0.7265625 0.03046875 0.0359375
0 0.77109375 0.6875 0.025 0.02109375
0 0.74296875 0.6515625 0.02265625 0.0453125
0 0.7109375 0.6765625 0.0265625 0.02890625
0 0.68046875 0.66953125 0.0328125 0.04140625
0 0.790625 0.65703125 0.02578125 0.0484375
0 0.8359375 0.671875 0.03203125 0.03828125
0 0.8546875 0.7109375 0.025 0.0359375
0 0.90859375 0.73984375 0.0296875 0.0421875
0 0.9484375 0.7765625 0.02421875 0.04140625
0 0.98203125 0.76796875 0.03359375 0.0453125
0 0.9234375 0.68984375 0.028125 0.04453125
0 0.8640625 0.66015625 0.02265625 0.04296875
0 0.8546875 0.628125 0.03203125 0.0421875
0 0.89921875 0.57734375 0.0296875 0.0328125
0 0.86171875 0.5015625 0.03359375 0.04453125
0 0.8453125 0.5984375 0.02578125 0.040625
0 0.8609375 0.578125 0.0171875 0.01484375
0 0.78125 0.61171875 0.01640625 0.0375
0 0.80078125 0.6 0.0296875 0.0234375
0 0.71796875 0.5765625 0.0296875 0.03828125
0 0.6921875 0.5921875 0.02890625 0.02421875
0 0.6421875 0.56171875 0.02734375 0.028125
0 0.415625 0.77421875 0.02265625 0.03125
0 0.4421875 0.9125 0.015625 0.028125
0 0.05234375 0.665625 0.01796875 0.0234375
0 0.26484375 0.53828125 0.025 0.03359375
0 0.2859375 0.5125 0.021875 0.01875
0 0.34453125 0.5109375 0.0203125 0.025
0 0.065625 0.596875 0.03359375 0.028125
0 0.42734375 0.553125 0.01484375 0.0265625
0 0.403125 0.4828125 0.02421875 0.02109375
0 0.40859375 0.453125 0.021875 0.03203125
0 0.446875 0.4484375 0.0296875 0.02109375
0 0.5609375 0.48125 0.01796875 0.0265625
0 0.58046875 0.525 0.02265625 0.02421875
0 0.58046875 0.5015625 0.0234375 0.0171875
0 0.55390625 0.5546875 0.02890625 0.02890625
0 0.46171875 0.50390625 0.0265625 0.0171875
0 0.60859375 0.50390625 0.0234375 0.025
0 0.6203125 0.46875 0.0203125 0.0203125
0 0.7234375 0.528125 0.025 0.02890625
0 0.79921875 0.53125 0.025 0.01953125
0 0.79453125 0.559375 0.02265625 0.0296875
0 0.76015625 0.4640625 0.0234375 0.0234375
0 0.953125 0.72578125 0.02578125 0.02734375
0 0.4125 0.72421875 0.02265625 0.028125
0 0.1140625 0.6234375 0.03203125 0.0359375