0 0.18359375 0.87109375 0.04140625 0.0578125
0 0.175 0.9328125 0.03203125 0.04609375
0 0.26015625 0.875 0.03984375 0.0578125
0 0.0390625 0.79609375 0.04453125 0.03828125
0 0.0390625 0.97890625 0.03125 0.0421875
0 0.01484375 0.91875 0.0296875 0.04375
0 0.07421875 0.82578125 0.02421875 0.03125
0 0.22265625 0.78046875 0.0484375 0.04609375
0 0.2703125 0.73828125 0.03828125 0.040625
0 0.14609375 0.69921875 0.01875 0.01796875
0 0.13359375 0.67578125 0.02734375 0.02421875
0 0.0921875 0.73984375 0.03046875 0.03125
0 0.33828125 0.9125 0.03203125 0.040625
0 0.3640625 0.9640625 0.0453125 0.065625
0 0.4140625 0.965625 0.02890625 0.03828125
0 0.3640625 0.84375 0.03671875 0.05390625
0 0.32734375 0.75703125 0.02578125 0.0296875
0 0.20234375 0.71171875 0.025 0.03359375
0 0.215625 0.48046875 0.01953125 0.025
0 0.26875 0.63828125 0.0234375 0.03046875
0 0.2875 0.69609375 0.02734375 0.03046875
0 0.33828125 0.6734375 0.021875 0.0296875
0 0.30703125 0.67265625 0.0203125 0.02421875
0 0.3671875 0.64609375 0.0265625 0.02734375
0 0.34921875 0.5859375 0.02578125 0.0265625
0 0.32890625 0.5296875 0.02109375 0.02890625
0 0.3875 0.6046875 0.0234375 0.0265625
0 0.428125 0.6171875 0.028125 0.0265625
0 0.45078125 0.6765625 0.02890625 0.02890625
0 0.45390625 0.77578125 0.046875 0.0875
0 0.54453125 0.9515625 0.04296875 0.059375
0 0.51640625 0.88046875 0.03671875 0.06328125
0 0.7125 0.91875 0.0390625 0.06015625
0 0.7640625 0.9234375 0.0296875 0.04609375
0 0.68125 0.93671875 0.028125 0.040625
0 0.67578125 0.809375 0.0328125 0.03984375
0 0.71171875 0.82421875 0.03046875 0.0578125
0 0.67265625 0.759375 0.02890625 0.03359375
0 0.60390625 0.7828125 0.0296875 0.046875
0 0.5125 0.771875 0.028125 0.03828125
0 0.51015625 0.73515625 0.02421875 0.03984375
0 0.55 0.68828125 0.028125 0.0328125
0 0.809375 0.96015625 0.0359375 0.0484375
0 0.859375 0.95078125 0.0453125 0.0515625
0 0.928125 0.97734375 0.05703125 0.04453125
0 0.90234375 0.86640625 0.059375 0.03984375
0 0.8359375 0.790625 0.03515625 0.0375
0 0.77421875 0.7296875 0.025 0.04296875
0 0.8 0.703125 0.03359375 0.04140625
0 0.87109375 0.71640625 0.03359375 0.03984375
0 0.8234375 0.74609375 0.0375 0.0359375
0 0.8921875 0.79296875 0.0234375 0.03046875
0 0.97578125 0.684375 0.0421875 0.03359375
0 0.85234375 0.66875 0.03984375 0.03984375
0 0.8953125 0.60390625 0.03125 0.0296875
0 0.84296875 0.61484375 0.03828125 0.0375
0 0.696875 0.6828125 0.03203125 0.040625
0 0.74375 0.64765625 0.02734375 0.03203125
0 0.78359375 0.578125 0.021875 0.0296875
0 0.74140625 0.55703125 0.02578125 0.0328125
0 0.73046875 0.59765625 0.01875 0.02265625
0 0.68671875 0.63515625 0.02578125 0.03125
0 0.65703125 0.62578125 0.025 0.0328125
0 0.6578125 0.67421875 0.02421875 0.03515625
0 0.54921875 0.63984375 0.02578125 0.02890625
0 0.56015625 0.66015625 0.025 0.0234375
0 0.59296875 0.621875 0.0171875 0.03828125
0 0.69375 0.5109375 0.025 0.0234375
0 0.6578125 0.5703125 0.01875 0.028125
0 0.615625 0.57109375 0.0265625 0.028125
0 0.5515625 0.603125 0.01640625 0.01875
0 0.55 0.56328125 0.021875 0.025
0 0.5078125 0.61953125 0.02109375 0.02578125
0 0.4875 0.621875 0.01875 0.03046875
0 0.46484375 0.59453125 0.02109375 0.0265625
0 0.5125 0.57109375 0.0265625 0.02734375
0 0.42578125 0.58515625 0.0296875 0.0265625
0 0.47421875 0.56328125 0.0234375 0.02421875
0 0.44375 0.559375 0.021875 0.0265625
0 0.40546875 0.5640625 0.0203125 0.021875
0 0.38515625 0.50546875 0.021875 0.021875
0 0.66953125 0.5171875 0.021875 0.01953125
0 0.7640625 0.4921875 0.02109375 0.02734375
0 0.85390625 0.471875 0.02421875 0.028125
0 0.86328125 0.48828125 0.01875 0.02265625
0 0.97734375 0.9328125 0.040625 0.0421875
0 0.309375 0.8375 0.028125 0.02890625
0 0.28828125 0.78671875 0.0265625 0.021875