0 0.13671875 0.77734375 0.0578125 0.05390625
0 0.44921875 0.90234375 0.05234375 0.06328125
0 0.5265625 0.8359375 0.04765625 0.05859375
0 0.77109375 0.6078125 0.03828125 0.04375
0 0.6203125 0.8390625 0.0390625 0.0578125
0 0.35 0.6296875 0.0359375 0.0484375
0 0.33125 0.803125 0.03828125 0.0546875
0 0.4671875 0.67421875 0.03515625 0.046875
0 0.28046875 0.67890625 0.0359375 0.0390625
0 0.62578125 0.946875 0.0484375 0.07734375
0 0.47578125 0.74609375 0.05234375 0.06171875
0 0.88828125 0.88203125 0.03828125 0.0625
0 0.8171875 0.74296875 0.0421875 0.0484375
0 0.61796875 0.42421875 0.021875 0.028125
0 0.15390625 0.72421875 0.03203125 0.0375
0 0.3296875 0.53671875 0.03984375 0.03359375
0 0.66328125 0.728125 0.04296875 0.04921875
0 0.88359375 0.77734375 0.04296875 0.0453125
0 0.7140625 0.67109375 0.046875 0.05390625
0 0.2734375 0.634375 0.0390625 0.046875
0 0.2234375 0.859375 0.0375 0.05
0 0.63671875 0.63984375 0.03515625 0.04453125
0 0.05390625 0.84296875 0.05625 0.05859375
0 0.2484375 0.73515625 0.03671875 0.04609375
0 0.25546875 0.51953125 0.0265625 0.0296875
0 0.51640625 0.53984375 0.04921875 0.04609375
0 0.978125 0.7171875 0.0421875 0.0515625
0 0.76640625 0.665625 0.0328125 0.0359375
0 0.75625 0.55078125 0.02421875 0.034375
0 0.10078125 0.6 0.04609375 0.03359375
0 0.72265625 0.540625 0.03046875 0.0328125
0 0.1109375 0.690625 0.034375 0.03984375
0 0.89296875 0.61328125 0.03671875 0.0375
0 0.6546875 0.52734375 0.0296875 0.0328125
0 0.55625 0.71796875 0.05 0.04375
0 0.709375 0.5078125 0.02578125 0.028125
0 0.25703125 0.92734375 0.0328125 0.03828125
0 0.68359375 0.45703125 0.02421875 0.028125
0 0.2375 0.78046875 0.0328125 0.03671875
0 0.36484375 0.74375 0.03671875 0.0390625
0 0.7890625 0.7796875 0.0484375 0.0453125
0 0.3953125 0.7640625 0.03359375 0.0453125
0 0.75859375 0.80078125 0.028125 0.04765625
0 0.18125 0.978125 0.0484375 0.04375
0 0.44765625 0.59453125 0.034375 0.03671875
0 0.834375 0.88125 0.04140625 0.05
0 0.95078125 0.628125 0.04296875 0.04453125
0 0.59609375 0.6046875 0.034375 0.0359375
0 0.56328125 0.5078125 0.02578125 0.03125
0 0.49375 0.41484375 0.01953125 0.0234375
0 0.46015625 0.43046875 0.0265625 0.0234375
0 0.96171875 0.8 0.0453125 0.05390625
0 0.11328125 0.9828125 0.0484375 0.03359375
0 0.340625 0.38046875 0.02109375 0.025
0 0.146875 0.54921875 0.025 0.03046875
0 0.43046875 0.39765625 0.02265625 0.0234375
0 0.71640625 0.4578125 0.0265625 0.02421875
0 0.1078125 0.55 0.03125 0.0296875
0 0.30546875 0.4609375 0.0203125 0.02421875
0 0.8515625 0.51640625 0.025 0.0265625
0 0.38515625 0.48125 0.0234375 0.02734375
0 0.3359375 0.5 0.02734375 0.025
0 0.1484375 0.61875 0.02421875 0.0296875
0 0.80703125 0.46484375 0.03125 0.02890625
0 0.46171875 0.390625 0.02265625 0.0234375
0 0.0265625 0.64453125 0.02734375 0.02890625
0 0.109375 0.48515625 0.02890625 0.028125
0 0.84375 0.4390625 0.02578125 0.02421875
0 0.01640625 0.58359375 0.03203125 0.03125
0 0.67578125 0.4203125 0.02578125 0.0265625
0 0.871875 0.675 0.02734375 0.03671875
0 0.53984375 0.42890625 0.02265625 0.0234375
0 0.57109375 0.53359375 0.02109375 0.02265625
0 0.29375 0.57109375 0.040625 0.03671875
0 0.86328125 0.46484375 0.028125 0.0265625
0 0.72890625 0.71640625 0.025 0.02734375
0 0.37578125 0.4171875 0.02578125 0.02734375
0 0.4109375 0.459375 0.0296875 0.01875
0 0.4921875 0.47578125 0.028125 0.02734375
0 0.51875 0.6734375 0.03125 0.0234375
0 0.91953125 0.82421875 0.03359375 0.0390625
0 0.85 0.8421875 0.0390625 0.06796875
0 0.81484375 0.60703125 0.0359375 0.03671875
0 0.85078125 0.6234375 0.03046875 0.0265625
0 0.97890625 0.59296875 0.0359375 0.03203125
0 0.96796875 0.50625 0.03515625 0.02734375
0 0.83125 0.66328125 0.0359375 0.04609375
0 0.88125 0.6515625 0.02890625 0.02734375
0 0.38515625 0.98671875 0.0484375 0.0265625
0 0.278125 0.98671875 0.04453125 0.0265625
0 0.01875 0.7375 0.0375 0.05
0 0.07578125 0.6390625 0.02421875 0.0296875
0 0.05234375 0.5234375 0.0484375 0.03515625
0 0.16875 0.503125 0.0296875 0.02109375
0 0.1890625 0.51796875 0.0203125 0.01875
0 0.20859375 0.56171875 0.03203125 0.0328125
0 0.390625 0.5984375 0.0234375 0.0234375
0 0.39140625 0.540625 0.02421875 0.015625
0 0.359375 0.5671875 0.0265625 0.01328125
0 0.4328125 0.65 0.03984375 0.034375
0 0.378125 0.68671875 0.0265625 0.02109375
0 0.3515625 0.4828125 0.025 0.01875
0 0.59296875 0.46953125 0.0296875 0.0234375
0 0.58125 0.4375 0.02109375 0.01953125
0 0.5953125 0.4484375 0.02578125 0.0203125
0 0.746875 0.61953125 0.0328125 0.02734375
0 0.70234375 0.60859375 0.0234375 0.021875
0 0.8328125 0.403125 0.040625 0.01953125
0 0.87109375 0.425 0.0296875 0.01796875
0 0.94296875 0.440625 0.0328125 0.021875
0 0.96796875 0.4359375 0.0265625 0.0203125
0 0.79375 0.4046875 0.0234375 0.01953125
0 0.77578125 0.38359375 0.02421875 0.01640625
0 0.75234375 0.43125 0.01953125 0.015625
0 0.91171875 0.48359375 0.0375 0.0234375
0 0.975 0.490625 0.0296875 0.0171875
0 0.96484375 0.54609375 0.02265625 0.02421875
0 0.89453125 0.5125 0.025 0.02109375
0 0.05546875 0.803125 0.04140625 0.0546875
0 0.0953125 0.8703125 0.034375 0.0453125
0 0.0359375 0.6015625 0.028125 0.01953125
0 0.13984375 0.50234375 0.0265625 0.01875
0 0.17578125 0.5890625 0.01484375 0.02109375
0 0.17890625 0.56171875 0.01640625 0.015625
0 0.1578125 0.5671875 0.02109375 0.02421875
0 0.19921875 0.53359375 0.01875 0.01640625
0 0.53515625 0.39453125 0.02578125 0.01953125
0 0.4953125 0.38828125 0.03125 0.01640625
0 0.9171875 0.559375 0.03046875 0.0234375
0 0.69765625 0.7484375 0.0109375 0.01875
0 0.575 0.4109375 0.01875 0.01796875
0 0.51875 0.43046875 0.02421875 0.02421875