0 0.140625 0.93828125 0.03515625 0.0453125
0 0.14921875 0.87109375 0.04375 0.05859375
0 0.0609375 0.7390625 0.021875 0.034375
0 0.1203125 0.7140625 0.01875 0.01953125
0 0.171875 0.70703125 0.028125 0.03203125
0 0.19453125 0.78671875 0.0453125 0.05
0 0.23671875 0.7359375 0.03203125 0.03125
0 0.225 0.87109375 0.04140625 0.05859375
0 0.32578125 0.959375 0.05 0.06484375
0 0.33046875 0.8421875 0.03671875 0.059375
0 0.25390625 0.69296875 0.025 0.02890625
0 0.27890625 0.66796875 0.025 0.02109375
0 0.2390625 0.63203125 0.0234375 0.02734375
0 0.115625 0.69765625 0.0140625 0.02109375
0 0.27421875 0.83203125 0.025 0.0359375
0 0.296875 0.75703125 0.0296875 0.02421875
0 0.41875 0.76875 0.046875 0.08203125
0 0.48125 0.87890625 0.0359375 0.0484375
0 0.50703125 0.9453125 0.053125 0.06328125
0 0.48203125 0.76953125 0.028125 0.03828125
0 0.478125 0.73046875 0.02890625 0.0375
0 0.33984375 0.64140625 0.0265625 0.0296875
0 0.359375 0.59609375 0.025 0.025
0 0.321875 0.58125 0.03046875 0.03046875
0 0.3 0.5234375 0.0203125 0.02109375
0 0.39921875 0.60703125 0.025 0.0234375
0 0.41875 0.66875 0.028125 0.02734375
0 0.57109375 0.77578125 0.0328125 0.04921875
0 0.57578125 0.98203125 0.0421875 0.0359375
0 0.64296875 0.9265625 0.03515625 0.05078125
0 0.67890625 0.9125 0.05078125 0.07734375
0 0.6734375 0.81328125 0.0328125 0.0609375
0 0.64140625 0.79609375 0.0328125 0.0546875
0 0.6359375 0.746875 0.0328125 0.0390625
0 0.62578125 0.665625 0.028125 0.0421875
0 0.6640625 0.67109375 0.028125 0.03671875
0 0.63125 0.6140625 0.0265625 0.034375
0 0.56484375 0.615625 0.02734375 0.0390625
0 0.45625 0.61875 0.02421875 0.02734375
0 0.47734375 0.609375 0.02109375 0.03046875
0 0.43515625 0.5875 0.02421875 0.03515625
0 0.44453125 0.55390625 0.02734375 0.02578125
0 0.39921875 0.5765625 0.0296875 0.03203125
0 0.4171875 0.5546875 0.02265625 0.0296875
0 0.64296875 0.50546875 0.0203125 0.03046875
0 0.66875 0.4953125 0.0234375 0.0328125
0 0.7109375 0.6296875 0.03515625 0.03203125
0 0.69921875 0.584375 0.02109375 0.01640625
0 0.7140625 0.54609375 0.02890625 0.0328125
0 0.765625 0.69375 0.0390625 0.04296875
0 0.73671875 0.71640625 0.02890625 0.03828125
0 0.796875 0.775 0.03515625 0.03828125
0 0.83046875 0.7015625 0.03046875 0.040625
0 0.85 0.6328125 0.0328125 0.0359375
0 0.8609375 0.5859375 0.03125 0.03515625
0 0.80546875 0.59921875 0.02890625 0.03046875
0 0.96875 0.6609375 0.04296875 0.03984375
0 0.93125 0.6640625 0.0328125 0.03515625
0 0.815625 0.93515625 0.04296875 0.0609375
0 0.88359375 0.96484375 0.04609375 0.06796875
0 0.72578125 0.90390625 0.0328125 0.05546875
0 0.76640625 0.9515625 0.0359375 0.0375
0 0.515625 0.6828125 0.03203125 0.03046875
0 0.5203125 0.55078125 0.02734375 0.034375
0 0.4828125 0.56484375 0.02734375 0.025
0 0.584375 0.56484375 0.02734375 0.03125
0 0.6265625 0.559375 0.025 0.02734375
0 0.81875 0.65390625 0.03046875 0.03515625
0 0.753125 0.56484375 0.0265625 0.034375
0 0.953125 0.7453125 0.0421875 0.04453125
0 0.88828125 0.5453125 0.0296875 0.03203125
0 0.73359375 0.48046875 0.02421875 0.02421875
0 0.68203125 0.47109375 0.02109375 0.0234375
0 0.56875 0.46640625 0.01796875 0.028125
0 0.4875 0.525 0.0265625 0.03203125
0 0.47109375 0.43515625 0.01640625 0.025
0 0.30859375 0.6671875 0.02109375 0.028125
0 0.37734375 0.96015625 0.03046875 0.03828125
0 0.1875 0.4765625 0.025 0.0234375