0 0.0203125 0.925 0.03125 0.04296875
0 0.0375 0.8359375 0.0328125 0.040625
0 0.009375 0.81171875 0.01875 0.03984375
0 0.065625 0.65078125 0.034375 0.04140625
0 0.06484375 0.73515625 0.0296875 0.0390625
0 0.07890625 0.78125 0.0359375 0.04296875
0 0.0796875 0.8609375 0.02734375 0.0375
0 0.228125 0.8375 0.03515625 0.053125
0 0.16640625 0.79921875 0.034375 0.04765625
0 0.19765625 0.74609375 0.02421875 0.03359375
0 0.22578125 0.784375 0.02734375 0.0375
0 0.2546875 0.76484375 0.02578125 0.03515625
0 0.29296875 0.78984375 0.03203125 0.03984375
0 0.32421875 0.89140625 0.03359375 0.0390625
0 0.33125 0.98203125 0.03125 0.0359375
0 0.390625 0.909375 0.0390625 0.05625
0 0.3921875 0.821875 0.0359375 0.053125
0 0.4578125 0.95234375 0.04453125 0.0546875
0 0.39609375 0.97734375 0.0453125 0.0453125
0 0.13046875 0.709375 0.03984375 0.040625
0 0.1328125 0.6578125 0.02578125 0.03671875
0 0.0625 0.60546875 0.01953125 0.03359375
0 0.153125 0.60546875 0.0265625 0.02578125
0 0.10859375 0.55234375 0.03046875 0.02890625
0 0.1046875 0.5921875 0.02421875 0.02734375
0 0.1390625 0.56953125 0.0203125 0.025
0 0.20390625 0.521875 0.02265625 0.02734375
0 0.25546875 0.55859375 0.025 0.02734375
0 0.26171875 0.5890625 0.02421875 0.0328125
0 0.278125 0.66171875 0.03046875 0.0265625
0 0.2109375 0.659375 0.0234375 0.03359375
0 0.178125 0.709375 0.025 0.025
0 0.1625 0.63203125 0.02734375 0.0328125
0 0.1953125 0.59375 0.03046875 0.0359375
0 0.17109375 0.5609375 0.0265625 0.02734375
0 0.2234375 0.55546875 0.021875 0.0234375
0 0.2296875 0.44375 0.01953125 0.02265625
0 0.2328125 0.475 0.02265625 0.0234375
0 0.30703125 0.43984375 0.021875 0.02421875
0 0.30546875 0.5578125 0.02265625 0.025
0 0.30625 0.62734375 0.0234375 0.02734375
0 0.28046875 0.6265625 0.02578125 0.0328125
0 0.35625 0.69765625 0.02734375 0.03203125
0 0.36171875 0.7703125 0.0296875 0.0328125
0 0.30859375 0.87109375 0.01953125 0.02890625
0 0.128125 0.42421875 0.0203125 0.02109375
0 0.4390625 0.625 0.02734375 0.0296875
0 0.45390625 0.6734375 0.0203125 0.03359375
0 0.3875 0.6171875 0.02421875 0.028125
0 0.35 0.6375 0.02265625 0.02734375
0 0.4421875 0.7078125 0.03046875 0.03359375
0 0.44375 0.7515625 0.0265625 0.03515625
0 0.51796875 0.81640625 0.0296875 0.03671875
0 0.465625 0.865625 0.0359375 0.06015625
0 0.54375 0.85703125 0.03125 0.04453125
0 0.58671875 0.96640625 0.0328125 0.0609375
0 0.63203125 0.95 0.03515625 0.07265625
0 0.6140625 0.84453125 0.0265625 0.04765625
0 0.6796875 0.87890625 0.02890625 0.05546875
0 0.73359375 0.94375 0.0296875 0.059375
0 0.78515625 0.865625 0.03125 0.05
0 0.7375 0.796875 0.03125 0.04140625
0 0.6765625 0.70625 0.02734375 0.03984375
0 0.58984375 0.6484375 0.02109375 0.0265625
0 0.5421875 0.71875 0.01640625 0.034375
0 0.51015625 0.70703125 0.02109375 0.04296875
0 0.48359375 0.6859375 0.02265625 0.0359375
0 0.49140625 0.725 0.02109375 0.02734375
0 0.6296875 0.66875 0.021875 0.0265625
0 0.61875 0.70546875 0.02421875 0.03046875
0 0.5984375 0.740625 0.021875 0.03671875
0 0.50546875 0.53203125 0.025 0.02734375
0 0.5421875 0.49296875 0.02109375 0.02578125
0 0.58046875 0.48828125 0.01875 0.025
0 0.60546875 0.4953125 0.02109375 0.02265625
0 0.578125 0.52734375 0.01484375 0.025
0 0.52890625 0.4609375 0.01796875 0.02109375
0 0.44453125 0.4984375 0.01796875 0.02421875
0 0.50078125 0.471875 0.02109375 0.02265625
0 0.63203125 0.4796875 0.02265625 0.02578125
0 0.65703125 0.528125 0.02734375 0.0265625
0 0.653125 0.5015625 0.0171875 0.01875
0 0.6296875 0.57734375 0.02265625 0.025
0 0.63046875 0.6234375 0.02265625 0.0375
0 0.67109375 0.60859375 0.0296875 0.0328125
0 0.7171875 0.63984375 0.02734375 0.034375
0 0.69609375 0.6671875 0.0265625 0.02734375
0 0.7296875 0.6765625 0.02890625 0.03515625
0 0.721875 0.71171875 0.02734375 0.03203125
0 0.928125 0.90703125 0.02890625 0.03828125
0 0.88828125 0.90859375 0.03359375 0.04453125
0 0.88046875 0.86953125 0.02890625 0.0375
0 0.8578125 0.821875 0.02421875 0.0328125
0 0.8953125 0.80859375 0.021875 0.03828125
0 0.921875 0.86640625 0.03984375 0.0359375
0 0.9203125 0.8359375 0.01953125 0.02578125
0 0.965625 0.78515625 0.02890625 0.03359375
0 0.9125 0.7609375 0.03984375 0.0421875
0 0.8265625 0.78046875 0.0359375 0.04453125
0 0.8328125 0.65390625 0.028125 0.03203125
0 0.87109375 0.67734375 0.03828125 0.0359375
0 0.83984375 0.74296875 0.02578125 0.03984375
0 0.796875 0.7375 0.01640625 0.03125
0 0.73125 0.5515625 0.02734375 0.03125
0 0.72109375 0.51796875 0.01484375 0.02265625
0 0.83984375 0.53828125 0.0234375 0.021875
0 0.8109375 0.546875 0.021875 0.02109375
0 0.9171875 0.684375 0.0296875 0.03046875
0 0.4046875 0.45 0.0171875 0.0234375
0 0.33671875 0.3921875 0.01875 0.0171875
0 0.25859375 0.35546875 0.02265625 0.01875
0 0.6 0.57421875 0.02265625 0.0234375
0 0.79140625 0.81484375 0.02578125 0.0375
0 0.76328125 0.6234375 0.0234375 0.03359375
0 0.709375 0.49375 0.02265625 0.021875
0 0.68046875 0.5484375 0.01875 0.01953125