0 0.35 0.90625 0.08203125 0.0921875
0 0.43515625 0.92734375 0.06328125 0.06640625
0 0.40625 0.97734375 0.05234375 0.04453125
0 0.6046875 0.9125 0.05625 0.0828125
0 0.68203125 0.903125 0.06640625 0.0890625
0 0.73203125 0.96953125 0.04921875 0.0609375
0 0.909375 0.9328125 0.0828125 0.09921875
0 0.7828125 0.865625 0.0609375 0.06796875
0 0.67734375 0.8328125 0.05 0.07578125
0 0.72109375 0.8578125 0.0609375 0.0734375
0 0.90546875 0.834375 0.06875 0.0875
0 0.9390625 0.80546875 0.06796875 0.08046875
0 0.95703125 0.72734375 0.078125 0.084375
0 0.79296875 0.7796875 0.04921875 0.05390625
0 0.5984375 0.8015625 0.046875 0.0515625
0 0.5015625 0.9203125 0.03515625 0.0609375
0 0.47421875 0.83828125 0.0390625 0.0671875
0 0.51953125 0.80546875 0.0484375 0.05859375
0 0.46484375 0.7203125 0.0484375 0.0515625
0 0.41328125 0.7921875 0.046875 0.05859375
0 0.33125 0.8015625 0.05390625 0.06640625
0 0.2609375 0.86328125 0.03671875 0.04453125
0 0.21171875 0.79375 0.05390625 0.04921875
0 0.78359375 0.69609375 0.03046875 0.05
0 0.746875 0.69296875 0.04140625 0.0515625
0 0.5203125 0.67890625 0.04453125 0.05
0 0.59765625 0.67734375 0.040625 0.0453125
0 0.59609375 0.74765625 0.025 0.0484375
0 0.4828125 0.625 0.04296875 0.03984375
0 0.54296875 0.60390625 0.053125 0.04765625
0 0.47421875 0.5765625 0.028125 0.0375
0 0.37578125 0.66484375 0.0375 0.04453125
0 0.421875 0.63359375 0.0359375 0.03828125
0 0.39375 0.62890625 0.03359375 0.03203125
0 0.2890625 0.70078125 0.03515625 0.03828125
0 0.2171875 0.65078125 0.0515625 0.04375
0 0.16328125 0.696875 0.040625 0.03984375
0 0.090625 0.81875 0.05390625 0.0484375
0 0.1328125 0.7875 0.04921875 0.05625
0 0.10390625 0.71015625 0.03125 0.04921875
0 0.11484375 0.62890625 0.04296875 0.0375
0 0.30078125 0.65234375 0.03125 0.028125
0 0.2984375 0.62265625 0.0328125 0.040625
0 0.2265625 0.61796875 0.03046875 0.03203125
0 0.6265625 0.60390625 0.0390625 0.04296875
0 0.60234375 0.54765625 0.034375 0.0390625
0 0.9375 0.6421875 0.04453125 0.02734375
0 0.83515625 0.64609375 0.0359375 0.03203125
0 0.81015625 0.6609375 0.028125 0.028125
0 0.78515625 0.63828125 0.03828125 0.03828125
0 0.69375 0.6515625 0.02890625 0.034375
0 0.7109375 0.52734375 0.04375 0.0375
0 0.66640625 0.57109375 0.05390625 0.05390625
0 0.50625 0.478125 0.040625 0.03671875
0 0.37578125 0.546875 0.03359375 0.040625
0 0.31171875 0.55234375 0.04375 0.03828125
0 0.3203125 0.58515625 0.0328125 0.03984375
0 0.18515625 0.5953125 0.02734375 0.02734375
0 0.8453125 0.53984375 0.04609375 0.03984375
0 0.80234375 0.53359375 0.02265625 0.03984375
0 0.6609375 0.45703125 0.0359375 0.02734375
0 0.3484375 0.47890625 0.0375 0.03828125
0 0.16328125 0.53203125 0.046875 0.02578125
0 0.27109375 0.7796875 0.0375 0.0453125
0 0.31875 0.74296875 0.02578125 0.03125
0 0.71484375 0.640625 0.04375 0.04296875
0 0.73671875 0.61640625 0.0390625 0.03828125
0 0.85390625 0.58671875 0.053125 0.0484375
0 0.778125 0.5703125 0.0359375 0.03203125
0 0.65703125 0.52890625 0.0375 0.03515625
0 0.57109375 0.52265625 0.03671875 0.03984375
0 0.546875 0.46875 0.03125 0.0421875
0 0.484375 0.43359375 0.028125 0.03828125
0 0.61328125 0.47109375 0.03984375 0.03515625
0 0.35625 0.44765625 0.03984375 0.0296875
0 0.25078125 0.4984375 0.04140625 0.02734375
0 0.196875 0.49453125 0.02890625 0.03515625
0 0.9015625 0.64296875 0.03671875 0.03828125
0 0.696875 0.4859375 0.02890625 0.03203125
0 0.12578125 0.4859375 0.03203125 0.028125
0 0.0875 0.52265625 0.03671875 0.02734375
0 0.015625 0.61171875 0.03125 0.03828125
0 0.64609375 0.8140625 0.0390625 0.03984375
0 0.7015625 0.56796875 0.03125 0.028125
0 0.7703125 0.53828125 0.03046875 0.034375
0 0.7421875 0.52421875 0.03046875 0.0375
0 0.44375 0.5625 0.02734375 0.028125
0 0.45390625 0.52265625 0.02421875 0.02890625
0 0.3296875 0.5078125 0.0375 0.03984375