0 0.1796875 0.94765625 0.02734375 0.05859375
0 0.103125 0.96796875 0.04375 0.04375
0 0.04921875 0.97734375 0.05078125 0.04453125
0 0.01875 0.8921875 0.0375 0.0484375
0 0.05859375 0.890625 0.03671875 0.05546875
0 0.07890625 0.81640625 0.0203125 0.03125
0 0.0515625 0.759375 0.02890625 0.034375
0 0.14921875 0.6921875 0.03203125 0.03125
0 0.14765625 0.76484375 0.0265625 0.0359375
0 0.090625 0.634375 0.02578125 0.0328125
0 0.0625 0.58984375 0.03125 0.025
0 0.015625 0.578125 0.02890625 0.0234375
0 0.05859375 0.5546875 0.02734375 0.028125
0 0.1515625 0.5875 0.02890625 0.0296875
0 0.1515625 0.546875 0.01953125 0.02421875
0 0.1171875 0.53671875 0.0140625 0.02734375
0 0.12890625 0.5453125 0.01484375 0.0203125
0 0.20078125 0.55546875 0.028125 0.0328125
0 0.1859375 0.5828125 0.028125 0.0234375
0 0.21640625 0.59921875 0.02265625 0.03203125
0 0.2265625 0.67265625 0.0296875 0.0359375
0 0.190625 0.828125 0.0359375 0.046875
0 0.13359375 0.8453125 0.02890625 0.0359375
0 0.2359375 0.759375 0.0453125 0.04609375
0 0.2703125 0.79140625 0.02890625 0.03515625
0 0.28984375 0.7390625 0.03828125 0.03984375
0 0.2765625 0.6921875 0.03046875 0.0375
0 0.296875 0.61953125 0.02578125 0.03046875
0 0.3078125 0.84296875 0.0375 0.0546875
0 0.2546875 0.87734375 0.0359375 0.053125
0 0.37265625 0.90546875 0.04375 0.053125
0 0.41484375 0.93203125 0.04296875 0.06015625
0 0.3828125 0.81328125 0.04609375 0.05546875
0 0.35234375 0.7546875 0.0328125 0.046875
0 0.3578125 0.6296875 0.01953125 0.0328125
0 0.3765625 0.6078125 0.021875 0.02109375
0 0.409375 0.690625 0.02265625 0.0390625
0 0.44296875 0.715625 0.03203125 0.0390625
0 0.48046875 0.77734375 0.03203125 0.040625
0 0.43046875 0.79296875 0.0265625 0.0390625
0 0.42734375 0.8515625 0.02734375 0.04453125
0 0.48828125 0.85625 0.03359375 0.04375
0 0.5609375 0.85859375 0.03125 0.0359375
0 0.56953125 0.9015625 0.03828125 0.040625
0 0.6515625 0.87890625 0.0515625 0.0578125
0 0.728125 0.84765625 0.02734375 0.046875
0 0.75390625 0.8984375 0.03828125 0.04765625
0 0.6921875 0.9796875 0.04375 0.040625
0 0.76875 0.97265625 0.0421875 0.0546875
0 0.82109375 0.96953125 0.03828125 0.053125
0 0.840625 0.903125 0.0296875 0.0390625
0 0.79375 0.84453125 0.03828125 0.0515625
0 0.821875 0.809375 0.040625 0.04609375
0 0.8671875 0.8015625 0.0265625 0.03984375
0 0.7296875 0.76171875 0.0375 0.034375
0 0.7171875 0.7046875 0.02890625 0.03671875
0 0.67265625 0.6625 0.01953125 0.021875
0 0.659375 0.63828125 0.03125 0.0375
0 0.71015625 0.58984375 0.0375 0.03359375
0 0.7546875 0.65390625 0.02734375 0.0359375
0 0.75625 0.69921875 0.0296875 0.0265625
0 0.921875 0.80859375 0.046875 0.06328125
0 0.96640625 0.85234375 0.0265625 0.02578125
0 0.93046875 0.72734375 0.03515625 0.04140625
0 0.93046875 0.66640625 0.0296875 0.0390625
0 0.96484375 0.6765625 0.01796875 0.02578125
0 0.98828125 0.715625 0.0234375 0.0390625
0 0.85546875 0.64921875 0.0359375 0.03515625
0 0.80078125 0.64296875 0.0234375 0.03046875
0 0.90859375 0.615625 0.02578125 0.03046875
0 0.8421875 0.58359375 0.028125 0.0265625
0 0.85859375 0.60234375 0.02109375 0.01796875
0 0.9125 0.5328125 0.0265625 0.02578125
0 0.9203125 0.5625 0.02421875 0.0265625
0 0.89609375 0.42890625 0.021875 0.01796875
0 0.87890625 0.46015625 0.02265625 0.03046875
0 0.7859375 0.47734375 0.028125 0.02890625
0 0.83828125 0.51796875 0.01875 0.0234375
0 0.84140625 0.49765625 0.01796875 0.01875
0 0.80859375 0.52578125 0.021875 0.02578125
0 0.74140625 0.54609375 0.0328125 0.03046875
0 0.74375 0.51171875 0.01796875 0.0234375
0 0.684375 0.5515625 0.0328125 0.0390625
0 0.65078125 0.5625 0.03046875 0.03828125
0 0.62265625 0.62421875 0.03203125 0.03984375
0 0.65859375 0.5203125 0.02265625 0.01953125
0 0.66484375 0.5 0.021875 0.025
0 0.68203125 0.4796875 0.025 0.025
0 0.7046875 0.4328125 0.0171875 0.0203125
0 0.6921875 0.37734375 0.01484375 0.015625
0 0.75078125 0.3703125 0.01875 0.01953125
0 0.5890625 0.51875 0.02890625 0.02734375
0 0.621875 0.53203125 0.02421875 0.01875
0 0.58515625 0.6359375 0.03203125 0.0296875
0 0.55625 0.53828125 0.02890625 0.03125
0 0.51484375 0.51484375 0.0265625 0.02265625
0 0.51015625 0.5453125 0.025 0.02890625
0 0.4734375 0.5765625 0.0265625 0.028125
0 0.484375 0.66953125 0.01484375 0.0234375
0 0.4921875 0.653125 0.021875 0.02578125
0 0.46171875 0.66015625 0.01953125 0.02578125
0 0.4703125 0.6375 0.01875 0.01796875
0 0.49609375 0.48828125 0.021875 0.01640625
0 0.45703125 0.521875 0.01484375 0.021875
0 0.4109375 0.52890625 0.02734375 0.028125
0 0.396875 0.57421875 0.01953125 0.028125
0 0.37421875 0.4390625 0.01796875 0.02421875
0 0.4515625 0.46796875 0.01953125 0.0203125
0 0.39140625 0.46015625 0.01796875 0.025
0 0.43828125 0.378125 0.0140625 0.01484375
0 0.509375 0.42109375 0.0125 0.0171875
0 0.34296875 0.52890625 0.0265625 0.02578125
0 0.3375 0.5046875 0.0203125 0.021875
0 0.30546875 0.48046875 0.01953125 0.0265625
0 0.35859375 0.35234375 0.0203125 0.021875
0 0.2625 0.4828125 0.01953125 0.0203125
0 0.2875 0.4609375 0.01953125 0.01640625
0 0.26171875 0.45546875 0.01796875 0.01953125
0 0.2203125 0.45859375 0.0234375 0.02265625
0 0.2609375 0.63359375 0.01796875 0.021875
0 0.24140625 0.5375 0.0203125 0.02265625
0 0.109375 0.490625 0.01953125 0.0265625
0 0.0828125 0.46796875 0.021875 0.021875
0 0.06015625 0.4359375 0.01875 0.015625
0 0.04296875 0.53828125 0.01875 0.0234375
0 0.55625 0.47890625 0.01875 0.0171875
0 0.56640625 0.428125 0.01953125 0.025
0 0.55625 0.3390625 0.01484375 0.02109375