0 0.06171875 0.93671875 0.06953125 0.109375
0 0.14765625 0.94609375 0.03046875 0.03203125
0 0.12734375 0.9296875 0.028125 0.0328125
0 0.13671875 0.8890625 0.0375 0.04765625
0 0.1015625 0.81484375 0.03125 0.0375
0 0.103125 0.73984375 0.034375 0.03515625
0 0.01796875 0.7390625 0.0359375 0.034375
0 0.028125 0.78671875 0.028125 0.040625
0 0.2140625 0.934375 0.046875 0.05703125
0 0.27421875 0.959375 0.04140625 0.05078125
0 0.29609375 0.97265625 0.03046875 0.0546875
0 0.27734375 0.90625 0.034375 0.034375
0 0.33515625 0.8125 0.03515625 0.0421875
0 0.33828125 0.85546875 0.0203125 0.02890625
0 0.303125 0.80234375 0.03671875 0.0421875
0 0.19296875 0.81875 0.03515625 0.0453125
0 0.2109375 0.790625 0.034375 0.02890625
0 0.209375 0.76171875 0.02578125 0.02109375
0 0.1828125 0.740625 0.0234375 0.04609375
0 0.1609375 0.74765625 0.021875 0.03828125
0 0.11640625 0.7046875 0.034375 0.034375
0 0.35390625 0.909375 0.0234375 0.025
0 0.375 0.93515625 0.0234375 0.025
0 0.4328125 0.9328125 0.0421875 0.046875
0 0.13984375 0.67265625 0.0234375 0.021875
0 0.20546875 0.68671875 0.02578125 0.025
0 0.23515625 0.67578125 0.03203125 0.03203125
0 0.22578125 0.7171875 0.01953125 0.02734375
0 0.24609375 0.70859375 0.02265625 0.0234375
0 0.25625 0.74296875 0.02734375 0.034375
0 0.3234375 0.7453125 0.03359375 0.03359375
0 0.34453125 0.753125 0.0296875 0.03046875
0 0.39921875 0.765625 0.03359375 0.0390625
0 0.40078125 0.709375 0.01640625 0.0203125
0 0.43203125 0.834375 0.04453125 0.05546875
0 0.39140625 0.8703125 0.03359375 0.06171875
0 0.440625 0.88203125 0.03671875 0.04375
0 0.4859375 0.92734375 0.0296875 0.046875
0 0.5375 0.97890625 0.02890625 0.0421875
0 0.52421875 0.94921875 0.02890625 0.034375
0 0.56953125 0.9265625 0.02890625 0.04296875
0 0.5890625 0.8828125 0.0375 0.0484375
0 0.603125 0.95390625 0.0421875 0.06796875
0 0.625 0.98125 0.03671875 0.03671875
0 0.71484375 0.98203125 0.0484375 0.0359375
0 0.73125 0.93203125 0.0375 0.04375
0 0.7265625 0.86171875 0.0375 0.0671875
0 0.659375 0.85546875 0.034375 0.05546875
0 0.69453125 0.840625 0.03203125 0.059375
0 0.7375 0.8296875 0.02890625 0.03046875
0 0.76875 0.77890625 0.03046875 0.040625
0 0.63203125 0.78828125 0.0296875 0.03203125
0 0.66484375 0.775 0.0375 0.03828125
0 0.596875 0.79609375 0.0390625 0.034375
0 0.49296875 0.7875 0.0375 0.03359375
0 0.60859375 0.7484375 0.025 0.0265625
0 0.6984375 0.7546875 0.0234375 0.025
0 0.7390625 0.7265625 0.03125 0.034375
0 0.7953125 0.7609375 0.03828125 0.05234375
0 0.825 0.734375 0.0328125 0.03515625
0 0.81640625 0.86171875 0.046875 0.071875
0 0.8203125 0.95078125 0.04140625 0.0640625
0 0.853125 0.92578125 0.0484375 0.07578125
0 0.90078125 0.9703125 0.0359375 0.0515625
0 0.96484375 0.975 0.0546875 0.05
0 0.93125 0.940625 0.03203125 0.0375
0 0.89375 0.89765625 0.02578125 0.034375
0 0.85859375 0.78984375 0.0375 0.0390625
0 0.8953125 0.80390625 0.03203125 0.03984375
0 0.9703125 0.7578125 0.03125 0.03125
0 0.8546875 0.7109375 0.03359375 0.0375
0 0.9171875 0.753125 0.03125 0.02578125
0 0.8859375 0.7046875 0.0234375 0.0296875
0 0.8765625 0.7546875 0.02578125 0.02734375
0 0.8359375 0.66328125 0.02890625 0.03046875
0 0.77578125 0.71328125 0.034375 0.03125
0 0.7296875 0.68046875 0.03671875 0.0453125
0 0.77734375 0.6890625 0.0390625 0.040625
0 0.70546875 0.65 0.02265625 0.02578125
0 0.509375 0.7234375 0.0453125 0.0453125
0 0.52421875 0.875 0.0375 0.0421875
0 0.490625 0.83671875 0.03515625 0.0578125
0 0.46953125 0.71875 0.021875 0.040625
0 0.48671875 0.66328125 0.01875 0.025
0 0.43359375 0.6609375 0.03046875 0.03359375
0 0.39921875 0.65078125 0.021875 0.01796875
0 0.38515625 0.6484375 0.0234375 0.0234375
0 0.59921875 0.6578125 0.02890625 0.021875
0 0.56875 0.7703125 0.03125 0.0296875
0 0.63125 0.7078125 0.021875 0.025
0 0.2984375 0.68125 0.0265625 0.02890625
0 0.21796875 0.64765625 0.01953125 0.01875
0 0.98671875 0.7796875 0.02578125 0.03671875
0 0.70078125 0.70078125 0.03828125 0.0453125
0 0.5578125 0.71015625 0.03203125 0.02890625
0 0.53046875 0.75859375 0.0453125 0.04453125
0 0.46015625 0.684375 0.028125 0.0375
0 0.03671875 0.7078125 0.0328125 0.03828125
0 0.065625 0.72421875 0.0234375 0.03515625
0 0.03359375 0.6421875 0.0359375 0.03125
0 0.103125 0.68203125 0.01796875 0.03203125
0 0.08046875 0.67265625 0.0140625 0.0203125
0 0.16640625 0.6765625 0.0328125 0.02578125
0 0.14453125 0.7140625 0.02109375 0.02578125
0 0.1875 0.68671875 0.009375 0.01953125
0 0.903125 0.59921875 0.0203125 0.0234375
0 0.92734375 0.5921875 0.01953125 0.02265625
0 0.959375 0.5984375 0.01796875 0.009375
0 0.98125 0.6171875 0.01796875 0.02265625
0 0.84140625 0.61875 0.01640625 0.0171875
0 0.82421875 0.6203125 0.0140625 0.0234375
0 0.796875 0.64375 0.02109375 0.0296875
0 0.65078125 0.64375 0.028125 0.02890625
0 0.659375 0.60859375 0.01953125 0.0171875
0 0.68203125 0.59609375 0.021875 0.02109375
0 0.73828125 0.60390625 0.0203125 0.01171875
0 0.7546875 0.62265625 0.01328125 0.01875
0 0.6078125 0.58515625 0.02421875 0.01640625
0 0.571875 0.57578125 0.01796875 0.01640625
0 0.546875 0.5765625 0.02109375 0.021875
0 0.52265625 0.61796875 0.01875 0.03046875
0 0.48046875 0.5796875 0.01953125 0.0234375
0 0.4578125 0.61640625 0.0171875 0.0203125
0 0.45859375 0.596875 0.0234375 0.02265625
0 0.40234375 0.60625 0.0265625 0.03203125
0 0.37578125 0.6140625 0.0203125 0.03359375
0 0.35390625 0.596875 0.015625 0.02421875
0 0.32734375 0.6125 0.02421875 0.01875
0 0.3265625 0.64296875 0.0125 0.01953125
0 0.3375 0.68046875 0.028125 0.0328125
0 0.27734375 0.63203125 0.021875 0.01875
0 0.1890625 0.64296875 0.0140625 0.021875
0 0.18203125 0.61328125 0.01484375 0.02265625
0 0.1046875 0.60703125 0.01953125 0.0171875
0 0.57109375 0.5546875 0.028125 0.02265625
0 0.503125 0.54609375 0.015625 0.0140625
0 0.528125 0.56796875 0.0203125 0.01640625
0 0.525 0.54453125 0.0171875 0.01796875
0 0.42421875 0.575 0.02890625 0.02265625
0 0.45078125 0.553125 0.02109375 0.03125
0 0.38125 0.5640625 0.02890625 0.02421875
0 0.31640625 0.571875 0.0140625 0.01953125
0 0.30234375 0.56171875 0.01796875 0.021875
0 0.27734375 0.5734375 0.01484375 0.025
0 0.253125 0.58125 0.01953125 0.02890625
0 0.23671875 0.6125 0.015625 0.01796875
0 0.21484375 0.5984375 0.01796875 0.02109375
0 0.21640625 0.57734375 0.01640625 0.01640625
0 0.21015625 0.55234375 0.0234375 0.02421875
0 0.1921875 0.58515625 0.01328125 0.02265625
0 0.1625 0.6015625 0.015625 0.01953125
0 0.12109375 0.57421875 0.0125 0.01875
0 0.05390625 0.5859375 0.01484375 0.015625
0 0.10546875 0.55625 0.01015625 0.01953125
0 0.084375 0.55703125 0.021875 0.015625
0 0.10859375 0.5328125 0.01640625 0.01640625
0 0.23359375 0.53359375 0.0171875 0.021875
0 0.2625 0.5546875 0.01640625 0.0140625
0 0.41796875 0.53828125 0.02265625 0.01953125
0 0.4875 0.5359375 0.0140625 0.01796875
0 0.428125 0.51484375 0.0125 0.015625
0 0.596875 0.53515625 0.0203125 0.01484375
0 0.55390625 0.67109375 0.021875 0.01640625
0 0.67578125 0.528125 0.021875 0.01796875
0 0.63515625 0.5203125 0.01484375 0.01875
0 0.734375 0.52578125 0.028125 0.02265625
0 0.7390625 0.55625 0.01953125 0.01796875
0 0.8046875 0.56171875 0.01796875 0.01484375
0 0.85 0.528125 0.01875 0.0203125
0 0.8109375 0.53515625 0.01171875 0.01328125
0 0.79921875 0.5078125 0.01953125 0.01484375
0 0.928125 0.54375 0.025 0.01796875