0 0.903125 0.76640625 0.0375 0.05078125
0 0.115625 0.8359375 0.040625 0.0484375
0 0.04375 0.871875 0.03828125 0.053125
0 0.77265625 0.74453125 0.03828125 0.0453125
0 0.803125 0.95859375 0.03828125 0.0609375
0 0.05 0.76015625 0.04453125 0.0484375
0 0.17109375 0.82890625 0.0328125 0.0390625
0 0.67421875 0.725 0.0296875 0.0421875
0 0.153125 0.9546875 0.040625 0.0640625
0 0.465625 0.88984375 0.03671875 0.04453125
0 0.3953125 0.68125 0.03359375 0.034375
0 0.37890625 0.9140625 0.0390625 0.04609375
0 0.90625 0.93828125 0.04453125 0.05703125
0 0.5359375 0.61171875 0.0328125 0.034375
0 0.46640625 0.5671875 0.02578125 0.03359375
0 0.72578125 0.83671875 0.040625 0.0484375
0 0.62734375 0.7609375 0.02734375 0.034375
0 0.71953125 0.70703125 0.0375 0.040625
0 0.6703125 0.66796875 0.02578125 0.0359375
0 0.784375 0.63671875 0.034375 0.03984375
0 0.37109375 0.8203125 0.0359375 0.04375
0 0.209375 0.596875 0.02734375 0.0328125
0 0.31328125 0.7296875 0.0265625 0.0390625
0 0.41015625 0.97890625 0.04453125 0.0421875
0 0.1203125 0.7671875 0.03515625 0.046875
0 0.25859375 0.79921875 0.03515625 0.0328125
0 0.2203125 0.928125 0.03671875 0.0578125
0 0.9015625 0.61640625 0.03125 0.034375
0 0.10390625 0.63203125 0.03359375 0.03203125
0 0.25546875 0.9046875 0.0296875 0.03828125
0 0.6390625 0.665625 0.02734375 0.03046875
0 0.36015625 0.73984375 0.0296875 0.0359375
0 0.54140625 0.8359375 0.0265625 0.05390625
0 0.18984375 0.88203125 0.03203125 0.0390625
0 0.05 0.70234375 0.0265625 0.0390625
0 0.209375 0.76953125 0.0296875 0.0421875
0 0.6390625 0.5671875 0.0265625 0.0328125
0 0.2640625 0.64140625 0.03046875 0.03671875
0 0.74765625 0.7765625 0.03359375 0.04453125
0 0.1 0.68125 0.0328125 0.034375
0 0.46484375 0.83203125 0.03359375 0.04296875
0 0.29765625 0.9359375 0.0328125 0.053125
0 0.78671875 0.7953125 0.0328125 0.04609375
0 0.5515625 0.97578125 0.03984375 0.0484375
0 0.2859375 0.72734375 0.028125 0.03984375
0 0.225 0.98203125 0.03828125 0.03515625
0 0.42578125 0.51171875 0.0203125 0.03046875
0 0.66328125 0.8296875 0.02890625 0.04296875
0 0.5296875 0.53671875 0.021875 0.03046875
0 0.23671875 0.50078125 0.02421875 0.02890625
0 0.57421875 0.5625 0.02734375 0.0296875
0 0.46015625 0.72890625 0.0328125 0.03515625
0 0.7015625 0.60546875 0.0296875 0.03203125
0 0.56953125 0.63828125 0.02265625 0.03046875
0 0.1578125 0.73203125 0.034375 0.03203125
0 0.78046875 0.8421875 0.03828125 0.05390625
0 0.61015625 0.6109375 0.02578125 0.03046875
0 0.67265625 0.54765625 0.02734375 0.0328125
0 0.86484375 0.98046875 0.0328125 0.0390625
0 0.27421875 0.5140625 0.028125 0.028125
0 0.81328125 0.60859375 0.0234375 0.0296875
0 0.19296875 0.68984375 0.03125 0.0359375
0 0.26796875 0.6796875 0.028125 0.03984375
0 0.50078125 0.56328125 0.02265625 0.03046875
0 0.95234375 0.79921875 0.0390625 0.04140625
0 0.1515625 0.7 0.03046875 0.03046875
0 0.86953125 0.871875 0.0234375 0.0328125
0 0.0546875 0.9296875 0.05078125 0.0546875
0 0.671875 0.78125 0.028125 0.03671875
0 0.63984375 0.87890625 0.02890625 0.05234375
0 0.23671875 0.54296875 0.02421875 0.0265625
0 0.55859375 0.5234375 0.02578125 0.03125
0 0.7140625 0.55 0.02734375 0.0359375
0 0.871875 0.628125 0.0265625 0.03125
0 0.5171875 0.84921875 0.0234375 0.04140625
0 0.57578125 0.84921875 0.02578125 0.04765625
0 0.953125 0.9875 0.03515625 0.025
0 0.63359375 0.75390625 0.02890625 0.03515625
0 0.77109375 0.5890625 0.02578125 0.03046875
0 0.825 0.728125 0.0328125 0.0375
0 0.17265625 0.6453125 0.028125 0.0328125
0 0.353125 0.47890625 0.02265625 0.02421875
0 0.75625 0.5625 0.028125 0.0296875
0 0.409375 0.71640625 0.02890625 0.02734375
0 0.58359375 0.571875 0.02734375 0.0296875
0 0.5125 0.80625 0.03125 0.0390625
0 0.47734375 0.7890625 0.0296875 0.02890625
0 0.48828125 0.69453125 0.0171875 0.02109375
0 0.58671875 0.75 0.03125 0.02578125
0 0.40234375 0.753125 0.0171875 0.025
0 0.39296875 0.81171875 0.015625 0.028125
0 0.571875 0.93203125 0.028125 0.03984375
0 0.634375 0.92265625 0.0421875 0.04609375
0 0.7640625 0.94375 0.02265625 0.01484375
0 0.7578125 0.9125 0.01640625 0.02421875
0 0.82109375 0.8859375 0.0328125 0.0375
0 0.9203125 0.8859375 0.04453125 0.0359375
0 0.96328125 0.8484375 0.04296875 0.021875
0 0.9890625 0.9765625 0.02109375 0.04609375
0 0.85625 0.79609375 0.02421875 0.03125
0 0.828125 0.76796875 0.021875 0.02578125
0 0.921875 0.71953125 0.03203125 0.0390625
0 0.98515625 0.7140625 0.0203125 0.02734375
0 0.86875 0.6890625 0.0265625 0.03046875
0 0.90078125 0.6734375 0.03515625 0.02578125
0 0.9140625 0.65078125 0.02890625 0.02734375
0 0.8015625 0.6953125 0.02734375 0.02890625
0 0.75078125 0.646875 0.01953125 0.02109375
0 0.72890625 0.6296875 0.021875 0.02421875
0 0.63125 0.63359375 0.02578125 0.025
0 0.6546875 0.5984375 0.015625 0.02890625
0 0.6375 0.5953125 0.01640625 0.01875
0 0.53359375 0.65234375 0.02265625 0.021875
0 0.48125 0.6375 0.02421875 0.0265625
0 0.37734375 0.64453125 0.0203125 0.01953125
0 0.3140625 0.63828125 0.028125 0.03203125
0 0.32890625 0.62109375 0.02734375 0.04453125
0 0.34609375 0.59375 0.0234375 0.0234375
0 0.378125 0.60859375 0.0171875 0.025
0 0.41328125 0.56953125 0.0234375 0.01875
0 0.27734375 0.76875 0.04296875 0.0375
0 0.2234375 0.72578125 0.0296875 0.0296875
0 0.2234375 0.6359375 0.02890625 0.025
0 0.13203125 0.653125 0.02421875 0.0375
0 0.14609375 0.6640625 0.01484375 0.0234375
0 0.01328125 0.7203125 0.02578125 0.053125
0 0.0515625 0.65625 0.02109375 0.025
0 0.0234375 0.64609375 0.03125 0.034375
0 0.0265625 0.61796875 0.0421875 0.03046875
0 0.0203125 0.5953125 0.03125 0.02421875
0 0.04765625 0.5734375 0.02109375 0.015625
0 0.17734375 0.6 0.0234375 0.021875
0 0.16640625 0.5734375 0.02265625 0.02421875
0 0.1703125 0.55234375 0.02734375 0.01953125
0 0.2078125 0.525 0.03203125 0.02265625
0 0.2625 0.559375 0.0296875 0.01640625
0 0.32890625 0.56015625 0.01640625 0.01875
0 0.30703125 0.56015625 0.0125 0.015625
0 0.309375 0.540625 0.015625 0.015625
0 0.31875 0.49765625 0.0234375 0.025
0 0.278125 0.48984375 0.0265625 0.0140625
0 0.2796875 0.47265625 0.01953125 0.015625
0 0.3765625 0.5125 0.02578125 0.01953125
0 0.446875 0.51171875 0.015625 0.01875
0 0.4109375 0.48984375 0.01875 0.021875
0 0.38828125 0.4765625 0.01796875 0.015625
0 0.53125 0.56796875 0.01953125 0.02109375
0 0.6171875 0.55625 0.0265625 0.03203125
0 0.6953125 0.57265625 0.02265625 0.02578125
0 0.77734375 0.5515625 0.01953125 0.015625
0 0.771875 0.53046875 0.01640625 0.01796875
0 0.725 0.503125 0.01484375 0.01640625
0 0.70390625 0.5125 0.01484375 0.0203125
0 0.76640625 0.5046875 0.01953125 0.01875
0 0.82109375 0.57109375 0.03203125 0.015625
0 0.84453125 0.5984375 0.02265625 0.01328125
0 0.83828125 0.6359375 0.01875 0.015625
0 0.92890625 0.6078125 0.02578125 0.02109375
0 0.95625 0.64375 0.03671875 0.02890625
0 0.36484375 0.86171875 0.0265625 0.0390625
0 0.0125 0.5265625 0.02421875 0.0265625
0 0.05078125 0.51328125 0.0203125 0.0203125
0 0.09609375 0.53359375 0.02109375 0.0171875
0 0.11484375 0.54140625 0.01875 0.015625