0 0.13046875 0.95625 0.04453125 0.0796875
0 0.1765625 0.94921875 0.06015625 0.09296875
0 0.12578125 0.89140625 0.05078125 0.06796875
0 0.13671875 0.840625 0.071875 0.065625
0 0.0640625 0.81796875 0.0484375 0.05
0 0.028125 0.79296875 0.040625 0.06953125
0 0.1015625 0.6796875 0.0609375 0.06328125
0 0.02578125 0.64609375 0.0515625 0.0640625
0 0.08359375 0.64375 0.0375 0.0484375
0 0.13671875 0.721875 0.03359375 0.04140625
0 0.20390625 0.78984375 0.05234375 0.059375
0 0.2359375 0.821875 0.08203125 0.06953125
0 0.27421875 0.86875 0.05703125 0.08125
0 0.38984375 0.965625 0.071875 0.06875
0 0.33984375 0.884375 0.034375 0.05546875
0 0.35078125 0.83046875 0.03515625 0.0453125
0 0.37578125 0.88359375 0.04765625 0.0546875
0 0.4078125 0.83671875 0.03671875 0.0453125
0 0.2984375 0.78046875 0.0546875 0.05625
0 0.24453125 0.746875 0.04296875 0.06875
0 0.21171875 0.70703125 0.03671875 0.05546875
0 0.25546875 0.6671875 0.0375 0.0546875
0 0.31015625 0.72578125 0.03828125 0.05703125
0 0.3125 0.678125 0.04453125 0.053125
0 0.3578125 0.746875 0.0484375 0.0796875
0 0.4140625 0.709375 0.06484375 0.08046875
0 0.45078125 0.78203125 0.05234375 0.071875
0 0.284375 0.6234375 0.0515625 0.0484375
0 0.234375 0.63828125 0.03359375 0.05
0 0.2046875 0.625 0.028125 0.05703125
0 0.19609375 0.5921875 0.02890625 0.04921875
0 0.165625 0.57890625 0.03203125 0.04296875
0 0.0921875 0.56875 0.04453125 0.04453125
0 0.14921875 0.51640625 0.03671875 0.03671875
0 0.22109375 0.50078125 0.03515625 0.0453125
0 0.25625 0.49765625 0.03046875 0.03828125
0 0.30078125 0.53828125 0.0515625 0.04921875
0 0.29453125 0.5015625 0.0328125 0.04453125
0 0.33671875 0.5984375 0.0375 0.053125
0 0.3546875 0.62421875 0.034375 0.04296875
0 0.3484375 0.5484375 0.04453125 0.03984375
0 0.340625 0.49921875 0.03671875 0.03125
0 0.37578125 0.5125 0.03046875 0.03984375
0 0.37578125 0.46640625 0.03515625 0.03125
0 0.41015625 0.634375 0.05859375 0.05859375
0 0.4359375 0.5828125 0.04921875 0.03984375
0 0.44765625 0.5375 0.0390625 0.034375
0 0.40546875 0.49609375 0.03359375 0.04296875
0 0.3890625 0.54375 0.02421875 0.04140625
0 0.43359375 0.5 0.02890625 0.040625
0 0.47109375 0.4984375 0.04921875 0.03671875
0 0.496875 0.53125 0.0546875 0.03671875
0 0.51640625 0.5640625 0.03125 0.04296875
0 0.4828125 0.58515625 0.028125 0.0484375
0 0.4515625 0.628125 0.0265625 0.04375
0 0.5171875 0.6203125 0.04921875 0.05390625
0 0.51953125 0.665625 0.02265625 0.03515625
0 0.4875 0.66796875 0.0296875 0.05
0 0.46953125 0.69609375 0.02734375 0.05703125
0 0.50078125 0.73125 0.03671875 0.05703125
0 0.5203125 0.77734375 0.046875 0.07109375
0 0.55625 0.78359375 0.04296875 0.07578125
0 0.51015625 0.90625 0.040625 0.06171875
0 0.45078125 0.98828125 0.06796875 0.0234375
0 0.59765625 0.9140625 0.06484375 0.0890625
0 0.65 0.91796875 0.0484375 0.0859375
0 0.7 0.92890625 0.06171875 0.06328125
0 0.6828125 0.85078125 0.05625 0.0734375
0 0.63671875 0.7015625 0.04765625 0.0609375
0 0.63359375 0.640625 0.03203125 0.04609375
0 0.58671875 0.59375 0.0453125 0.04296875
0 0.54921875 0.51953125 0.04140625 0.03203125
0 0.57265625 0.4875 0.03046875 0.03046875
0 0.46171875 0.44453125 0.02578125 0.034375
0 0.4171875 0.4484375 0.0234375 0.03203125
0 0.3203125 0.44375 0.02734375 0.03828125
0 0.76328125 0.90703125 0.071875 0.1
0 0.82734375 0.896875 0.05859375 0.11328125
0 0.87890625 0.93984375 0.06171875 0.0796875
0 0.9234375 0.8890625 0.08359375 0.0953125
0 0.97734375 0.95234375 0.03828125 0.06953125
0 0.93046875 0.8015625 0.04921875 0.0609375
0 0.965625 0.80234375 0.03984375 0.065625
0 0.9890625 0.7859375 0.021875 0.06875
0 0.97421875 0.71875 0.05078125 0.075
0 0.975 0.65625 0.05 0.06640625
0 0.928125 0.65703125 0.04375 0.10078125
0 0.88515625 0.62578125 0.03125 0.06328125
0 0.8640625 0.66015625 0.03203125 0.04296875
0 0.88828125 0.71640625 0.03984375 0.053125
0 0.8671875 0.75234375 0.04453125 0.05078125
0 0.82109375 0.753125 0.04453125 0.06328125
0 0.76171875 0.76796875 0.03125 0.03828125
0 0.72890625 0.8265625 0.05234375 0.06171875
0 0.7296875 0.7765625 0.03828125 0.0515625
0 0.66875 0.65625 0.03203125 0.04453125
0 0.7484375 0.71875 0.06171875 0.05546875
0 0.80390625 0.68984375 0.04609375 0.04453125
0 0.759375 0.66640625 0.0421875 0.05
0 0.71796875 0.66796875 0.034375 0.053125
0 0.70390625 0.621875 0.0375 0.0515625
0 0.66953125 0.61328125 0.03671875 0.05625
0 0.6453125 0.584375 0.03359375 0.0484375
0 0.61171875 0.5484375 0.04140625 0.0453125
0 0.62421875 0.50546875 0.03515625 0.0390625
0 0.65078125 0.496875 0.034375 0.03828125
0 0.67421875 0.453125 0.03203125 0.06015625
0 0.715625 0.56796875 0.03203125 0.02421875
0 0.703125 0.5859375 0.03359375 0.03125
0 0.7484375 0.5890625 0.03984375 0.0390625
0 0.7265625 0.53203125 0.03515625 0.04609375
0 0.76796875 0.56171875 0.0359375 0.040625
0 0.8078125 0.584375 0.0328125 0.04453125
0 0.89296875 0.55703125 0.05234375 0.0453125
0 0.93671875 0.5578125 0.03671875 0.03984375
0 0.88203125 0.50078125 0.04453125 0.05078125
0 0.83515625 0.58828125 0.03046875 0.05859375
0 0.79140625 0.55390625 0.0234375 0.03359375
0 0.809375 0.5375 0.02734375 0.03203125
0 0.7734375 0.5015625 0.0421875 0.05
0 0.840625 0.50703125 0.03046875 0.04375
0 0.9421875 0.51484375 0.04453125 0.040625
0 0.14140625 0.5984375 0.02734375 0.04296875
0 0.1140625 0.609375 0.0328125 0.059375
0 0.153125 0.64765625 0.02109375 0.04375
0 0.1703125 0.503125 0.02578125 0.03515625
0 0.26484375 0.459375 0.040625 0.03203125
0 0.21953125 0.43828125 0.03203125 0.04296875