0 0.02265625 0.87578125 0.0453125 0.05625
0 0.19296875 0.89375 0.0484375 0.05078125
0 0.22421875 0.97109375 0.04296875 0.05234375
0 0.109375 0.809375 0.0609375 0.05546875
0 0.21171875 0.81015625 0.03359375 0.04453125
0 0.30859375 0.8390625 0.0421875 0.06171875
0 0.43203125 0.94609375 0.05390625 0.078125
0 0.51484375 0.8765625 0.05 0.0671875
0 0.6171875 0.8796875 0.040625 0.0671875
0 0.46796875 0.77265625 0.04921875 0.0546875
0 0.38046875 0.79296875 0.034375 0.05234375
0 0.3484375 0.77890625 0.0375 0.0328125
0 0.1265625 0.7484375 0.0359375 0.0421875
0 0.08671875 0.71015625 0.0375 0.040625
0 0.07734375 0.6140625 0.04609375 0.0359375
0 0.04921875 0.54765625 0.02890625 0.028125
0 0.15859375 0.5140625 0.02109375 0.02890625
0 0.17578125 0.53046875 0.015625 0.01953125
0 0.2203125 0.76328125 0.03828125 0.046875
0 0.2609375 0.7015625 0.0375 0.03984375
0 0.2546875 0.65234375 0.0453125 0.0421875
0 0.2828125 0.58984375 0.040625 0.03671875
0 0.3359375 0.64609375 0.0359375 0.053125
0 0.4578125 0.6984375 0.0390625 0.04921875
0 0.55234375 0.74765625 0.05078125 0.0484375
0 0.66171875 0.753125 0.04375 0.053125
0 0.73515625 0.74609375 0.028125 0.0328125
0 0.634375 0.65703125 0.0359375 0.04375
0 0.5921875 0.62109375 0.03984375 0.0359375
0 0.51484375 0.55234375 0.03984375 0.04375
0 0.56953125 0.54375 0.0234375 0.03046875
0 0.56171875 0.5171875 0.028125 0.03203125
0 0.6578125 0.54296875 0.03046875 0.03203125
0 0.7171875 0.696875 0.046875 0.06484375
0 0.7625 0.8390625 0.02734375 0.05390625
0 0.85 0.9265625 0.04453125 0.0484375
0 0.90859375 0.9328125 0.0375 0.06796875
0 0.89921875 0.8171875 0.04609375 0.0546875
0 0.9796875 0.84375 0.040625 0.0546875
0 0.975 0.646875 0.04921875 0.04140625
0 0.91015625 0.63515625 0.040625 0.04375
0 0.77734375 0.628125 0.03984375 0.0453125
0 0.7734375 0.6890625 0.03671875 0.0359375
0 0.8265625 0.77734375 0.04375 0.04921875
0 0.7984375 0.81875 0.05 0.04140625
0 0.728125 0.55546875 0.03125 0.03125
0 0.7625 0.56328125 0.0234375 0.03359375
0 0.728125 0.4671875 0.025 0.02421875
0 0.690625 0.4671875 0.0265625 0.03125
0 0.859375 0.446875 0.03359375 0.02734375
0 0.88046875 0.4765625 0.03671875 0.025
0 0.8234375 0.4734375 0.0296875 0.03125
0 0.76171875 0.43515625 0.02265625 0.0234375
0 0.746875 0.378125 0.0234375 0.028125
0 0.67890625 0.42734375 0.02421875 0.028125
0 0.621875 0.42890625 0.02421875 0.03125
0 0.53671875 0.434375 0.0234375 0.0296875
0 0.46328125 0.39453125 0.025 0.01953125
0 0.45703125 0.43671875 0.02578125 0.0265625
0 0.490625 0.4203125 0.021875 0.0203125
0 0.37578125 0.4921875 0.02265625 0.0296875
0 0.31640625 0.55078125 0.03125 0.03046875
0 0.23984375 0.53046875 0.02578125 0.0328125
0 0.29921875 0.47109375 0.0203125 0.02734375
0 0.08515625 0.565625 0.03359375 0.0328125
0 0.1265625 0.5640625 0.03125 0.03515625
0 0.12578125 0.63671875 0.02578125 0.0296875
0 0.3359375 0.3859375 0.021875 0.02421875
0 0.41328125 0.4328125 0.0203125 0.02734375
0 0.42734375 0.40390625 0.025 0.0265625
0 0.43984375 0.6125 0.0359375 0.03984375
0 0.0953125 0.4953125 0.02734375 0.02890625
0 0.94609375 0.8703125 0.0390625 0.05625
0 0.325 0.5125 0.03125 0.0296875
0 0.69375 0.3453125 0.02421875 0.0234375
0 0.7875 0.38828125 0.028125 0.025
0 0.928125 0.49609375 0.03125 0.0390625
0 0.715625 0.51875 0.03125 0.02578125
0 0.53359375 0.40078125 0.025 0.02734375
0 0.59375 0.4578125 0.021875 0.0265625