0 0.078125 0.8515625 0.03671875 0.05234375
0 0.0765625 0.934375 0.04921875 0.03671875
0 0.02109375 0.734375 0.0359375 0.0359375
0 0.0625 0.78515625 0.03125 0.03515625
0 0.115625 0.75390625 0.04140625 0.0453125
0 0.10703125 0.8015625 0.0296875 0.034375
0 0.10625 0.6859375 0.0359375 0.040625
0 0.07421875 0.6015625 0.0234375 0.034375
0 0.034375 0.66796875 0.03125 0.03125
0 0.19375 0.7078125 0.0390625 0.0421875
0 0.1734375 0.759375 0.03203125 0.03515625
0 0.1671875 0.9078125 0.028125 0.04140625
0 0.19375 0.79609375 0.028125 0.04140625
0 0.2265625 0.83828125 0.0296875 0.0484375
0 0.24609375 0.8765625 0.03984375 0.05078125
0 0.2890625 0.94453125 0.0375 0.04453125
0 0.23515625 0.96328125 0.03203125 0.0375
0 0.25703125 0.9171875 0.03671875 0.0328125
0 0.25859375 0.80078125 0.03203125 0.03828125
0 0.35546875 0.9046875 0.0359375 0.04296875
0 0.1296875 0.63203125 0.01953125 0.02265625
0 0.1671875 0.5375 0.02734375 0.0265625
0 0.13125 0.578125 0.01953125 0.025
0 0.13359375 0.54609375 0.0171875 0.02578125
0 0.17265625 0.58671875 0.02109375 0.028125
0 0.1953125 0.63984375 0.02265625 0.025
0 0.2 0.60703125 0.02421875 0.0265625
0 0.24296875 0.68515625 0.02421875 0.0296875
0 0.20078125 0.5046875 0.021875 0.01796875
0 0.23203125 0.64921875 0.0328125 0.03515625
0 0.28515625 0.634375 0.0234375 0.02421875
0 0.2984375 0.71953125 0.028125 0.02578125
0 0.27890625 0.54765625 0.02109375 0.02890625
0 0.24375 0.51796875 0.02578125 0.021875
0 0.22421875 0.42109375 0.021875 0.01875
0 0.30859375 0.48203125 0.01953125 0.01875
0 0.31796875 0.5109375 0.0234375 0.025
0 0.346875 0.5046875 0.0234375 0.02265625
0 0.3546875 0.48203125 0.02734375 0.03046875
0 0.3421875 0.5859375 0.0296875 0.028125
0 0.33828125 0.76953125 0.03671875 0.05546875
0 0.38046875 0.76328125 0.0328125 0.03203125
0 0.41015625 0.78984375 0.02734375 0.04921875
0 0.39296875 0.8453125 0.0203125 0.034375
0 0.3328125 0.71015625 0.021875 0.0296875
0 0.32578125 0.66953125 0.0171875 0.021875
0 0.43359375 0.62890625 0.03203125 0.03046875
0 0.415625 0.68046875 0.03359375 0.03046875
0 0.37578125 0.6890625 0.02109375 0.02578125
0 0.478125 0.86640625 0.03671875 0.04921875
0 0.521875 0.859375 0.03828125 0.053125
0 0.5078125 0.78984375 0.03984375 0.05234375
0 0.478125 0.70078125 0.0265625 0.0359375
0 0.51171875 0.68125 0.0265625 0.03515625
0 0.47109375 0.64921875 0.0265625 0.0265625
0 0.475 0.61015625 0.02734375 0.0359375
0 0.4546875 0.58203125 0.02421875 0.028125
0 0.40625 0.5703125 0.021875 0.028125
0 0.57421875 0.815625 0.02421875 0.0375
0 0.55546875 0.8875 0.025 0.040625
0 0.59453125 0.85234375 0.028125 0.04453125
0 0.6125 0.89921875 0.0421875 0.0515625
0 0.63203125 0.9484375 0.046875 0.0453125
0 0.68515625 0.92421875 0.04453125 0.05546875
0 0.6796875 0.8390625 0.03203125 0.04296875
0 0.60625 0.728125 0.034375 0.0453125
0 0.5734375 0.7171875 0.025 0.0359375
0 0.56171875 0.65390625 0.03203125 0.034375
0 0.75546875 0.84921875 0.028125 0.04140625
0 0.7953125 0.81640625 0.02890625 0.05078125
0 0.80703125 0.75703125 0.04140625 0.053125
0 0.8703125 0.8203125 0.0265625 0.0359375
0 0.875 0.87578125 0.03125 0.0296875
0 0.89453125 0.9796875 0.0484375 0.040625
0 0.93515625 0.91640625 0.0359375 0.05
0 0.94921875 0.840625 0.03203125 0.04765625
0 0.89453125 0.7359375 0.0265625 0.03046875
0 0.86640625 0.7515625 0.0390625 0.0453125
0 0.76796875 0.68828125 0.0359375 0.04296875
0 0.8140625 0.6640625 0.03125 0.03671875
0 0.8421875 0.6984375 0.03046875 0.02890625
0 0.9015625 0.69609375 0.025 0.03046875
0 0.86640625 0.66484375 0.02578125 0.034375
0 0.8828125 0.63828125 0.03359375 0.02734375
0 0.91640625 0.63203125 0.021875 0.0265625
0 0.95625 0.63828125 0.0328125 0.04296875
0 0.953125 0.54453125 0.028125 0.02109375
0 0.89140625 0.5328125 0.02890625 0.02421875
0 0.8078125 0.6125 0.0359375 0.0265625
0 0.79453125 0.57578125 0.01875 0.02734375
0 0.81640625 0.54375 0.01953125 0.0234375
0 0.8234375 0.41171875 0.02421875 0.0203125
0 0.79609375 0.46484375 0.0265625 0.02109375
0 0.78984375 0.43828125 0.021875 0.0171875
0 0.75078125 0.47109375 0.028125 0.02421875
0 0.7421875 0.53125 0.0265625 0.0203125
0 0.75546875 0.546875 0.01796875 0.01953125
0 0.71171875 0.51953125 0.02421875 0.0328125
0 0.725 0.47734375 0.021875 0.02734375
0 0.7734375 0.49609375 0.0265625 0.0171875
0 0.68515625 0.5265625 0.01953125 0.02890625
0 0.71171875 0.69921875 0.025 0.03515625
0 0.64609375 0.68046875 0.0265625 0.0265625
0 0.63046875 0.63203125 0.025 0.03125
0 0.59140625 0.64453125 0.01875 0.02734375
0 0.60390625 0.67734375 0.01875 0.02578125
0 0.5890625 0.5890625 0.02578125 0.02890625
0 0.64765625 0.4609375 0.02265625 0.02265625
0 0.60859375 0.44453125 0.021875 0.0171875
0 0.61640625 0.54296875 0.0171875 0.0171875
0 0.59453125 0.546875 0.01875 0.01875
0 0.52578125 0.6125 0.0234375 0.034375
0 0.3765625 0.51484375 0.02421875 0.02578125
0 0.36171875 0.63203125 0.02265625 0.0203125
0 0.52890625 0.45859375 0.0234375 0.0203125
0 0.3875 0.42421875 0.01875 0.01875
0 0.15859375 0.49921875 0.02265625 0.02265625
0 0.38203125 0.46953125 0.021875 0.0203125
0 0.5078125 0.53125 0.0171875 0.021875