0 0.19921875 0.93125 0.02734375 0.05546875
0 0.15703125 0.97421875 0.0453125 0.05078125
0 0.1265625 0.9484375 0.0390625 0.04140625
0 0.0640625 0.9640625 0.0671875 0.06875
0 0.10703125 0.91015625 0.02578125 0.034375
0 0.084375 0.865625 0.03359375 0.06484375
0 0.0390625 0.88125 0.040625 0.05
0 0.10078125 0.80234375 0.021875 0.03515625
0 0.06796875 0.75234375 0.02890625 0.04140625
0 0.15546875 0.83125 0.03125 0.03984375
0 0.16328125 0.75390625 0.0265625 0.03671875
0 0.20546875 0.81796875 0.0296875 0.0484375
0 0.27421875 0.86171875 0.03359375 0.053125
0 0.3234375 0.83125 0.0359375 0.05546875
0 0.2875 0.78046875 0.03046875 0.040625
0 0.2515625 0.74609375 0.04375 0.046875
0 0.16328125 0.68203125 0.03046875 0.02890625
0 0.08125 0.5828125 0.0296875 0.0296875
0 0.03203125 0.571875 0.025 0.0265625
0 0.07421875 0.5515625 0.02578125 0.03125
0 0.16640625 0.58125 0.0296875 0.0265625
0 0.165625 0.54296875 0.02421875 0.02421875
0 0.14296875 0.54375 0.01640625 0.021875
0 0.1203125 0.490625 0.021875 0.03359375
0 0.09453125 0.4671875 0.021875 0.02421875
0 0.0140625 0.490625 0.028125 0.0234375
0 0.21171875 0.55390625 0.028125 0.02890625
0 0.1984375 0.57734375 0.0265625 0.01875
0 0.228125 0.59453125 0.02421875 0.03125
0 0.23984375 0.6671875 0.03203125 0.0375
0 0.3046875 0.72890625 0.03984375 0.0453125
0 0.2890625 0.68515625 0.03046875 0.034375
0 0.365625 0.74375 0.03125 0.0421875
0 0.396875 0.79921875 0.0453125 0.05703125
0 0.38984375 0.88828125 0.04140625 0.05
0 0.428125 0.9125 0.03984375 0.06328125
0 0.3453125 0.50078125 0.0171875 0.02265625
0 0.41875 0.5265625 0.02421875 0.02578125
0 0.38046875 0.43828125 0.0203125 0.02265625
0 0.3984375 0.4578125 0.02109375 0.0203125
0 0.23203125 0.4546875 0.01640625 0.0234375
0 0.3125 0.478125 0.0203125 0.021875
0 0.2734375 0.4796875 0.01953125 0.01953125
0 0.2703125 0.45234375 0.015625 0.0171875
0 0.3671875 0.625 0.01953125 0.034375
0 0.3828125 0.60234375 0.021875 0.01953125
0 0.38125 0.65078125 0.02421875 0.0296875
0 0.44140625 0.78359375 0.021875 0.03984375
0 0.44140625 0.8390625 0.02421875 0.04296875
0 0.42109375 0.68125 0.0265625 0.040625
0 0.45390625 0.703125 0.02890625 0.046875
0 0.490625 0.76875 0.0296875 0.0375
0 0.4984375 0.8421875 0.034375 0.046875
0 0.49140625 0.665625 0.01640625 0.02421875
0 0.49921875 0.64453125 0.02109375 0.0234375
0 0.47109375 0.653125 0.02265625 0.02734375
0 0.47578125 0.62734375 0.021875 0.01796875
0 0.4796875 0.57578125 0.021875 0.03125
0 0.4640625 0.51953125 0.0125 0.01953125
0 0.45859375 0.4671875 0.02421875 0.02109375
0 0.4421875 0.37734375 0.01171875 0.01875
0 0.31171875 0.38125 0.01640625 0.01953125
0 0.5015625 0.48671875 0.02109375 0.02265625
0 0.5203125 0.51171875 0.02578125 0.02109375
0 0.515625 0.54296875 0.02421875 0.0296875
0 0.5625 0.53671875 0.02890625 0.0265625
0 0.59453125 0.515625 0.03046875 0.02890625
0 0.62734375 0.528125 0.021875 0.01796875
0 0.65234375 0.5609375 0.03046875 0.03359375
0 0.6265625 0.61953125 0.0265625 0.03515625
0 0.590625 0.63125 0.02890625 0.0234375
0 0.659375 0.6359375 0.03203125 0.0359375
0 0.67578125 0.66015625 0.01953125 0.025
0 0.56796875 0.84609375 0.0328125 0.0390625
0 0.5765625 0.8859375 0.03828125 0.0578125
0 0.65625 0.865625 0.046875 0.05625
0 0.69140625 0.965625 0.0546875 0.06796875
0 0.6859375 0.54765625 0.0296875 0.03359375
0 0.7078125 0.58515625 0.0359375 0.028125
0 0.659375 0.5171875 0.021875 0.015625
0 0.68203125 0.47734375 0.025 0.025
0 0.74140625 0.54296875 0.0359375 0.03359375
0 0.74453125 0.51015625 0.015625 0.02109375
0 0.7859375 0.47578125 0.02734375 0.0265625
0 0.77265625 0.39453125 0.015625 0.0203125
0 0.83984375 0.4953125 0.01875 0.01953125
0 0.80703125 0.52265625 0.02109375 0.02109375
0 0.78203125 0.56640625 0.025 0.025
0 0.8 0.63828125 0.025 0.02734375
0 0.75703125 0.65234375 0.0203125 0.0265625
0 0.75390625 0.68828125 0.03046875 0.0265625
0 0.71640625 0.7 0.02578125 0.034375
0 0.73203125 0.7515625 0.04375 0.0359375
0 0.73828125 0.73671875 0.0140625 0.0203125
0 0.81953125 0.79375 0.04296875 0.0515625
0 0.7953125 0.83203125 0.04296875 0.05859375
0 0.7265625 0.83515625 0.03125 0.040625
0 0.75546875 0.88203125 0.034375 0.053125
0 0.7734375 0.96171875 0.04765625 0.0640625
0 0.81953125 0.94765625 0.0390625 0.053125
0 0.8375 0.884375 0.03125 0.04375
0 0.965625 0.96875 0.0390625 0.05234375
0 0.91640625 0.7984375 0.04140625 0.06015625
0 0.9578125 0.840625 0.01953125 0.03046875
0 0.8640625 0.790625 0.0296875 0.04453125
0 0.9265625 0.71875 0.03125 0.04296875
0 0.9265625 0.6609375 0.028125 0.03984375
0 0.97890625 0.7078125 0.0296875 0.03515625
0 0.95859375 0.671875 0.02109375 0.02265625
0 0.9046875 0.61328125 0.028125 0.0359375
0 0.853125 0.64296875 0.03359375 0.03125
0 0.87734375 0.68125 0.034375 0.0328125
0 0.80546875 0.73828125 0.028125 0.0375
0 0.90703125 0.52890625 0.021875 0.03125
0 0.8953125 0.43046875 0.025 0.01875
0 0.8765625 0.45859375 0.01875 0.02734375
0 0.8375 0.58046875 0.02734375 0.03125
0 0.8578125 0.6 0.0203125 0.0203125
0 0.6859375 0.40234375 0.0203125 0.0203125
0 0.70390625 0.42890625 0.0125 0.0203125
0 0.56015625 0.3390625 0.01796875 0.01640625
0 0.55390625 0.31953125 0.01015625 0.015625
0 0.5703125 0.43046875 0.0234375 0.02890625