0 0.14921875 0.62265625 0.021875 0.03125
0 0.83359375 0.7109375 0.03515625 0.03828125
0 0.88046875 0.78125 0.040625 0.05078125
0 0.73828125 0.5515625 0.0203125 0.02265625
0 0.46015625 0.784375 0.03046875 0.0328125
0 0.37734375 0.73671875 0.0296875 0.03046875
0 0.7171875 0.703125 0.02421875 0.02578125
0 0.77265625 0.94296875 0.03984375 0.0546875
0 0.2734375 0.72734375 0.0359375 0.0390625
0 0.55390625 0.72265625 0.02890625 0.03515625
0 0.50625 0.6515625 0.03046875 0.0328125
0 0.44921875 0.9265625 0.03125 0.040625
0 0.64609375 0.7375 0.03046875 0.03828125
0 0.41171875 0.60625 0.02734375 0.02578125
0 0.76015625 0.86015625 0.03359375 0.040625
0 0.3453125 0.82421875 0.02890625 0.0390625
0 0.34296875 0.56484375 0.01796875 0.028125
0 0.80078125 0.4953125 0.025 0.0234375
0 0.23125 0.55859375 0.02578125 0.0296875
0 0.678125 0.8734375 0.025 0.034375
0 0.6078125 0.8703125 0.03203125 0.0515625
0 0.765625 0.5453125 0.02265625 0.028125
0 0.38828125 0.96015625 0.03125 0.04296875
0 0.5890625 0.8109375 0.03671875 0.04453125
0 0.78125 0.721875 0.025 0.03203125
0 0.62890625 0.67890625 0.03046875 0.03671875
0 0.27109375 0.6265625 0.02265625 0.028125
0 0.8796875 0.6890625 0.025 0.03203125
0 0.48359375 0.86796875 0.02265625 0.0375
0 0.10078125 0.79140625 0.03203125 0.040625
0 0.1125 0.75234375 0.02734375 0.03515625
0 0.94765625 0.84453125 0.0375 0.040625
0 0.5125 0.77421875 0.0234375 0.03203125
0 0.87109375 0.6328125 0.028125 0.02734375
0 0.4234375 0.78828125 0.034375 0.04765625
0 0.56875 0.88828125 0.03671875 0.04765625
0 0.3421875 0.8921875 0.0328125 0.05
0 0.49375 0.81015625 0.0296875 0.04609375
0 0.6796875 0.746875 0.0296875 0.03828125
0 0.31953125 0.86171875 0.02421875 0.03984375
0 0.17890625 0.871875 0.0328125 0.03671875
0 0.35546875 0.65703125 0.025 0.02734375
0 0.33828125 0.98125 0.028125 0.0375
0 0.46953125 0.59296875 0.025 0.025
0 0.2609375 0.778125 0.028125 0.03359375
0 0.83671875 0.871875 0.0296875 0.0359375
0 0.07734375 0.74765625 0.03203125 0.0375
0 0.2625 0.52734375 0.0234375 0.021875
0 0.7 0.9171875 0.04140625 0.05625
0 0.65625 0.834375 0.02265625 0.02890625
0 0.77578125 0.49921875 0.02421875 0.025
0 0.58359375 0.70234375 0.02578125 0.040625
0 0.653125 0.61015625 0.028125 0.03046875
0 0.85 0.6 0.02109375 0.02578125
0 0.28203125 0.8125 0.02734375 0.03515625
0 0.02265625 0.9171875 0.03671875 0.05703125
0 0.184375 0.70703125 0.034375 0.0359375
0 0.76640625 0.70078125 0.01953125 0.025
0 0.35234375 0.9328125 0.0296875 0.03515625
0 0.93671875 0.77421875 0.03515625 0.04140625
0 0.6484375 0.51328125 0.01875 0.02109375
0 0.440625 0.5375 0.021875 0.0265625
0 0.37890625 0.53125 0.02265625 0.02578125
0 0.196875 0.81875 0.0296875 0.034375
0 0.1984375 0.77109375 0.04296875 0.0453125
0 0.4890625 0.6984375 0.02890625 0.0328125
0 0.54453125 0.63203125 0.02734375 0.0328125
0 0.4078125 0.7296875 0.0265625 0.028125
0 0.64453125 0.9046875 0.02421875 0.034375
0 0.3078125 0.53984375 0.021875 0.021875
0 0.2046875 0.653125 0.01796875 0.01953125
0 0.2671875 0.92421875 0.021875 0.03359375
0 0.321875 0.70546875 0.028125 0.02734375
0 0.696875 0.65390625 0.02421875 0.0296875
0 0.7203125 0.96796875 0.03359375 0.04296875
0 0.97109375 0.76484375 0.03515625 0.03671875
0 0.4046875 0.5296875 0.02109375 0.02265625
0 0.2390625 0.60859375 0.0234375 0.0296875
0 0.15625 0.8046875 0.028125 0.03984375
0 0.98046875 0.6609375 0.025 0.02890625
0 0.115625 0.684375 0.02734375 0.0296875
0 0.79375 0.55546875 0.02265625 0.02109375
0 0.94375 0.6625 0.0328125 0.034375
0 0.30390625 0.6671875 0.03359375 0.03125
0 0.58125 0.48125 0.021875 0.02109375
0 0.51875 0.603125 0.025 0.028125
0 0.41171875 0.50546875 0.025 0.02578125
0 0.87421875 0.8390625 0.0265625 0.046875
0 0.54453125 0.66953125 0.025 0.02578125
0 0.26953125 0.66171875 0.0234375 0.02265625
0 0.84296875 0.4890625 0.02734375 0.021875
0 0.93125 0.690625 0.02890625 0.03359375
0 0.59375 0.6421875 0.01953125 0.0328125
0 0.19609375 0.565625 0.021875 0.02421875
0 0.2765625 0.43984375 0.01953125 0.02109375
0 0.30703125 0.45703125 0.01875 0.02734375
0 0.65625 0.57265625 0.01640625 0.02109375
0 0.1828125 0.94609375 0.04140625 0.0375
0 0.6734375 0.56640625 0.0171875 0.01953125
0 0.9484375 0.559375 0.03046875 0.025
0 0.22265625 0.5203125 0.0234375 0.0234375
0 0.95859375 0.90078125 0.034375 0.03125
0 0.4328125 0.65703125 0.021875 0.0234375
0 0.28671875 0.50625 0.01953125 0.02578125
0 0.66015625 0.6640625 0.0203125 0.028125
0 0.02734375 0.84140625 0.02890625 0.0328125
0 0.09921875 0.58046875 0.03359375 0.04296875
0 0.08984375 0.53515625 0.0234375 0.02421875
0 0.04921875 0.6875 0.03046875 0.03046875
0 0.26796875 0.8859375 0.0234375 0.03671875
0 0.8703125 0.43671875 0.02421875 0.01953125
0 0.14609375 0.59296875 0.03203125 0.03359375
0 0.15625 0.5640625 0.02421875 0.02421875
0 0.1359375 0.69453125 0.0234375 0.03203125
0 0.8359375 0.4625 0.01875 0.0203125
0 0.675 0.70234375 0.02109375 0.028125
0 0.97421875 0.72265625 0.0265625 0.0265625
0 0.6625 0.4671875 0.0234375 0.01875
0 0.56640625 0.55703125 0.0171875 0.0265625
0 0.990625 0.8609375 0.01796875 0.03046875
0 0.7015625 0.48515625 0.0234375 0.025
0 0.58125 0.5140625 0.021875 0.025
0 0.5234375 0.409375 0.01796875 0.01953125
0 0.66484375 0.48984375 0.021875 0.0203125
0 0.41953125 0.4546875 0.021875 0.0296875
0 0.44140625 0.4453125 0.0171875 0.01875
0 0.36875 0.5015625 0.01640625 0.0203125
0 0.50859375 0.453125 0.01953125 0.01953125
0 0.54453125 0.428125 0.01953125 0.0203125
0 0.0484375 0.65234375 0.028125 0.0265625
0 0.1578125 0.5265625 0.021875 0.02109375
0 0.9921875 0.896875 0.01484375 0.03203125
0 0.65546875 0.55625 0.01640625 0.01796875
0 0.196875 0.6 0.02109375 0.02421875
0 0.39921875 0.69453125 0.01484375 0.0234375
0 0.56640625 0.4171875 0.01796875 0.0203125
0 0.2828125 0.5546875 0.01875 0.02578125
0 0.0203125 0.6671875 0.02421875 0.02421875
0 0.825 0.51875 0.02421875 0.02265625
0 0.184375 0.54609375 0.01796875 0.0203125
0 0.81328125 0.5703125 0.01640625 0.01796875
0 0.58125 0.57265625 0.01796875 0.02578125
0 0.26484375 0.49140625 0.01796875 0.021875
0 0.2328125 0.8671875 0.02265625 0.03125
0 0.45 0.7125 0.01875 0.02265625
0 0.62109375 0.59765625 0.01953125 0.02734375
0 0.8734375 0.56796875 0.01875 0.0203125
0 0.44140625 0.4921875 0.02109375 0.02265625
0 0.29453125 0.421875 0.01953125 0.01953125
0 0.34609375 0.50078125 0.0171875 0.02109375
0 0.434375 0.425 0.01640625 0.01796875
0 0.3953125 0.42890625 0.01796875 0.01953125
0 0.10546875 0.63203125 0.028125 0.02890625
0 0.2171875 0.59921875 0.015625 0.02265625
0 0.21953125 0.46015625 0.02109375 0.01953125
0 0.00859375 0.634375 0.0171875 0.03046875
0 0.48671875 0.47265625 0.021875 0.03203125
0 0.50625 0.4265625 0.0171875 0.01875
0 0.1984375 0.49609375 0.021875 0.0234375
0 0.14921875 0.5125 0.01640625 0.01796875
0 0.11640625 0.871875 0.02265625 0.046875
0 0.0984375 0.83828125 0.03515625 0.059375
0 0.040625 0.621875 0.03515625 0.03359375
0 0.02890625 0.59609375 0.03984375 0.0265625
0 0.5109375 0.54453125 0.02578125 0.03828125
0 0.48671875 0.5609375 0.0203125 0.03828125
0 0.525 0.484375 0.03125 0.04296875
0 0.47734375 0.44375 0.025 0.03359375
0 0.15 0.43671875 0.02578125 0.02890625
0 0.48203125 0.4015625 0.03515625 0.04296875
0 0.596875 0.4359375 0.03046875 0.034375
0 0.640625 0.44609375 0.02109375 0.0296875
0 0.68125 0.440625 0.028125 0.0265625
0 0.48671875 0.7640625 0.0359375 0.05078125
0 0.3515625 0.709375 0.02734375 0.04609375
0 0.76875 0.46875 0.03046875 0.03125
0 0.7703125 0.44921875 0.03359375 0.028125
0 0.79375 0.421875 0.03515625 0.03125
0 0.9078125 0.5578125 0.03046875 0.04140625
0 0.921875 0.6296875 0.02421875 0.03515625
0 0.97734375 0.5859375 0.03828125 0.0484375
0 0.9828125 0.5359375 0.034375 0.034375