0 0.153125 0.89921875 0.05234375 0.090625
0 0.21328125 0.8984375 0.02421875 0.03984375
0 0.24140625 0.91875 0.03046875 0.03515625
0 0.221875 0.85625 0.028125 0.046875
0 0.178125 0.790625 0.0265625 0.0375
0 0.06640625 0.7921875 0.02734375 0.0375
0 0.034375 0.7953125 0.03203125 0.03046875
0 0.0109375 0.8203125 0.021875 0.021875
0 0.10859375 0.7578125 0.0265625 0.02734375
0 0.1390625 0.70390625 0.0203125 0.03125
0 0.10703125 0.6890625 0.03359375 0.03046875
0 0.0875 0.7140625 0.0203125 0.0171875
0 0.05859375 0.5984375 0.02265625 0.025
0 0.09921875 0.621875 0.021875 0.03125
0 0.17421875 0.721875 0.02734375 0.03203125
0 0.18125 0.68203125 0.03359375 0.03984375
0 0.165625 0.66015625 0.021875 0.0328125
0 0.20390625 0.653125 0.02734375 0.03359375
0 0.21640625 0.69375 0.028125 0.028125
0 0.2328125 0.65859375 0.02421875 0.02578125
0 0.2390625 0.59609375 0.01796875 0.0265625
0 0.28125 0.62734375 0.0265625 0.03125
0 0.26796875 0.6640625 0.03046875 0.0296875
0 0.25234375 0.72421875 0.0234375 0.0375
0 0.23125 0.728125 0.0171875 0.04140625
0 0.271875 0.7984375 0.03125 0.03828125
0 0.29921875 0.90859375 0.03515625 0.046875
0 0.36328125 0.93671875 0.03828125 0.04453125
0 0.38984375 0.9484375 0.0296875 0.05859375
0 0.3703125 0.87734375 0.0234375 0.02890625
0 0.38046875 0.78515625 0.03203125 0.0359375
0 0.2875 0.7703125 0.02890625 0.02890625
0 0.3328125 0.72421875 0.0265625 0.0359375
0 0.296875 0.69921875 0.021875 0.01953125
0 0.28359375 0.74765625 0.02578125 0.028125
0 0.28828125 0.515625 0.01953125 0.03046875
0 0.26796875 0.471875 0.01796875 0.025
0 0.16640625 0.61484375 0.02578125 0.025
0 0.415625 0.7921875 0.02734375 0.0453125
0 0.3953125 0.721875 0.0234375 0.0296875
0 0.421875 0.7359375 0.028125 0.02890625
0 0.475 0.74375 0.02890625 0.03359375
0 0.478125 0.84609375 0.0265625 0.0546875
0 0.52265625 0.909375 0.03671875 0.0328125
0 0.51015625 0.81015625 0.0328125 0.0484375
0 0.52578125 0.8609375 0.0296875 0.0359375
0 0.57421875 0.8203125 0.02578125 0.040625
0 0.5703125 0.76953125 0.03125 0.0390625
0 0.66171875 0.896875 0.03359375 0.04921875
0 0.69375 0.934375 0.03828125 0.05703125
0 0.63046875 0.9671875 0.02421875 0.0390625
0 0.71875 0.971875 0.03203125 0.040625
0 0.759375 0.98515625 0.040625 0.0296875
0 0.81953125 0.90625 0.0265625 0.0421875
0 0.91015625 0.93515625 0.046875 0.05390625
0 0.9484375 0.90625 0.040625 0.0609375
0 0.9015625 0.8453125 0.03984375 0.05546875
0 0.809375 0.84296875 0.0359375 0.04921875
0 0.74140625 0.83125 0.0375 0.04453125
0 0.678125 0.86171875 0.03046875 0.04296875
0 0.678125 0.7734375 0.0265625 0.03125
0 0.70859375 0.76875 0.0390625 0.03984375
0 0.7765625 0.82109375 0.02578125 0.0421875
0 0.8203125 0.8125 0.028125 0.03203125
0 0.84453125 0.75859375 0.03125 0.040625
0 0.93515625 0.77421875 0.03828125 0.03984375
0 0.90390625 0.715625 0.0359375 0.03984375
0 0.865625 0.73515625 0.0296875 0.040625
0 0.815625 0.70390625 0.02734375 0.028125
0 0.771875 0.73359375 0.02421875 0.03671875
0 0.7703125 0.68359375 0.03359375 0.03515625
0 0.8015625 0.66640625 0.03125 0.03828125
0 0.771875 0.6375 0.01953125 0.025
0 0.95859375 0.690625 0.03359375 0.03515625
0 0.9015625 0.6453125 0.03046875 0.03203125
0 0.703125 0.68828125 0.021875 0.03046875
0 0.63203125 0.6921875 0.02734375 0.028125
0 0.609375 0.74453125 0.03515625 0.03046875
0 0.58125 0.70703125 0.0359375 0.03515625
0 0.54453125 0.6984375 0.025 0.02734375
0 0.53203125 0.66484375 0.025 0.03203125
0 0.58515625 0.59921875 0.01875 0.03203125
0 0.63203125 0.559375 0.021875 0.02109375
0 0.6296875 0.53671875 0.02421875 0.0296875
0 0.465625 0.58828125 0.02265625 0.0265625
0 0.40546875 0.6578125 0.021875 0.03125
0 0.31328125 0.56171875 0.0234375 0.0328125
0 0.37734375 0.5515625 0.02109375 0.021875
0 0.4859375 0.5578125 0.02421875 0.02578125
0 0.5078125 0.53671875 0.01953125 0.03046875
0 0.47265625 0.4671875 0.0234375 0.02265625
0 0.48515625 0.44375 0.02109375 0.02265625
0 0.44140625 0.546875 0.02734375 0.028125
0 0.4375 0.59921875 0.02109375 0.0203125
0 0.79921875 0.58671875 0.01796875 0.02734375
0 0.71875 0.625 0.02265625 0.02734375
0 0.49765625 0.64296875 0.021875 0.03515625
0 0.45 0.63125 0.02265625 0.0296875
0 0.39296875 0.59765625 0.025 0.0296875
0 0.25234375 0.56875 0.02109375 0.028125
0 0.26640625 0.540625 0.025 0.0265625
0 0.16328125 0.590625 0.0234375 0.02265625
0 0.36484375 0.6625 0.0296875 0.03671875
0 0.47265625 0.68984375 0.0203125 0.02421875
0 0.665625 0.63984375 0.0265625 0.0296875
0 0.6046875 0.5609375 0.025 0.0265625
0 0.53671875 0.56953125 0.025 0.02421875
0 0.67109375 0.56796875 0.025 0.02421875
0 0.78984375 0.51328125 0.02421875 0.02578125
0 0.79921875 0.54296875 0.02421875 0.025
0 0.5390625 0.47890625 0.01875 0.02734375
0 0.41875 0.48984375 0.02109375 0.0203125