0 0.31484375 0.7765625 0.034375 0.04921875
0 0.7546875 0.69296875 0.034375 0.04140625
0 0.49453125 0.68125 0.02578125 0.0390625
0 0.66328125 0.93125 0.04140625 0.05546875
0 0.33203125 0.91171875 0.03125 0.0453125
0 0.7390625 0.46953125 0.02578125 0.02578125
0 0.175 0.71171875 0.0375 0.0421875
0 0.09609375 0.75703125 0.0453125 0.04375
0 0.23515625 0.809375 0.03125 0.0390625
0 0.6609375 0.84296875 0.034375 0.04140625
0 0.203125 0.84609375 0.02890625 0.04296875
0 0.54609375 0.66015625 0.03359375 0.03828125
0 0.63046875 0.6828125 0.0265625 0.02890625
0 0.37265625 0.85234375 0.02109375 0.0390625
0 0.5875 0.73125 0.03125 0.04296875
0 0.55390625 0.72109375 0.03046875 0.0390625
0 0.48671875 0.7984375 0.03984375 0.0484375
0 0.2265625 0.68671875 0.0296875 0.028125
0 0.79375 0.765625 0.03671875 0.05
0 0.59375 0.90546875 0.04375 0.05546875
0 0.53671875 0.89375 0.02734375 0.03671875
0 0.79921875 0.6140625 0.03203125 0.02890625
0 0.8890625 0.7015625 0.0234375 0.0296875
0 0.45703125 0.70625 0.0296875 0.0375
0 0.73828125 0.8546875 0.02890625 0.04453125
0 0.18125 0.6109375 0.02421875 0.02734375
0 0.33046875 0.58984375 0.02734375 0.02734375
0 0.6078125 0.95703125 0.03671875 0.04921875
0 0.6140625 0.6328125 0.02578125 0.03125
0 0.38984375 0.7953125 0.0328125 0.0484375
0 0.575 0.86015625 0.0296875 0.04375
0 0.053125 0.8609375 0.0375 0.04296875
0 0.27890625 0.72265625 0.0328125 0.03046875
0 0.265625 0.54765625 0.01875 0.0296875
0 0.390625 0.57109375 0.025 0.0265625
0 0.21015625 0.975 0.02890625 0.0421875
0 0.4578125 0.61328125 0.02734375 0.03671875
0 0.84765625 0.753125 0.0359375 0.04609375
0 0.69921875 0.70546875 0.025 0.0328125
0 0.42109375 0.62890625 0.0328125 0.034375
0 0.78125 0.575 0.02265625 0.02890625
0 0.8703125 0.64296875 0.0328125 0.03671875
0 0.80390625 0.66796875 0.02421875 0.03203125
0 0.26484375 0.95078125 0.03515625 0.046875
0 0.9015625 0.6390625 0.02265625 0.0296875
0 0.26875 0.63671875 0.02578125 0.02734375
0 0.22421875 0.8828125 0.0375 0.05390625
0 0.153125 0.7640625 0.02734375 0.03671875
0 0.93359375 0.84140625 0.0328125 0.04609375
0 0.57265625 0.590625 0.0265625 0.02890625
0 0.35546875 0.77109375 0.03203125 0.0328125
0 0.940625 0.64375 0.03515625 0.04296875
0 0.91484375 0.925 0.0375 0.0484375
0 0.6359375 0.459375 0.025 0.02734375
0 0.51484375 0.4578125 0.02421875 0.021875
0 0.05546875 0.609375 0.0265625 0.034375
0 0.98125 0.825 0.0359375 0.05
0 0.5015625 0.86484375 0.03671875 0.05390625
0 0.08515625 0.69296875 0.03984375 0.04296875
0 0.4109375 0.76171875 0.0234375 0.03203125
0 0.30234375 0.5109375 0.02421875 0.02421875
0 0.7140625 0.4796875 0.0234375 0.0265625
0 0.85234375 0.8265625 0.03125 0.0390625
0 0.3953125 0.68046875 0.0296875 0.03359375
0 0.45703125 0.87578125 0.03515625 0.046875
0 0.3328125 0.5078125 0.02109375 0.02109375
0 0.57421875 0.646875 0.021875 0.02890625
0 0.171875 0.79921875 0.0328125 0.03984375
0 0.1109375 0.63515625 0.01796875 0.0203125
0 0.1515625 0.5421875 0.03046875 0.02890625
0 0.67265625 0.53125 0.021875 0.025
0 0.36484375 0.51640625 0.0234375 0.02734375
0 0.85859375 0.88125 0.0296875 0.03046875
0 0.70078125 0.5234375 0.02265625 0.03046875
0 0.43828125 0.5828125 0.02421875 0.028125
0 0.7296875 0.5359375 0.0265625 0.02421875
0 0.7828125 0.4640625 0.02734375 0.021875
0 0.2296875 0.92265625 0.03359375 0.0375
0 0.97578125 0.9796875 0.04765625 0.040625
0 0.34140625 0.6390625 0.02109375 0.02265625
0 0.8828125 0.7390625 0.028125 0.03515625
0 0.8515625 0.6640625 0.02421875 0.0328125
0 0.778125 0.8234375 0.028125 0.0484375
0 0.13984375 0.91484375 0.02265625 0.0375
0 0.76328125 0.496875 0.02578125 0.02421875
0 0.18515625 0.5078125 0.02421875 0.02265625
0 0.603125 0.5484375 0.0171875 0.0203125
0 0.453125 0.653125 0.025 0.0265625
0 0.89453125 0.8765625 0.02578125 0.0328125
0 0.88359375 0.53671875 0.0296875 0.02734375
0 0.50859375 0.6203125 0.0234375 0.034375
0 0.0796875 0.80859375 0.0296875 0.0359375
0 0.046875 0.94453125 0.0453125 0.04296875
0 0.553125 0.82109375 0.025 0.03046875
0 0.33984375 0.4875 0.025 0.02578125
0 0.1765625 0.646875 0.025 0.0234375
0 0.153125 0.590625 0.02265625 0.02890625
0 0.68359375 0.68046875 0.0203125 0.02578125
0 0.146875 0.5 0.025 0.02421875
0 0.22890625 0.51875 0.025 0.021875
0 0.215625 0.653125 0.0375 0.03359375
0 0.46328125 0.38984375 0.01875 0.01875
0 0.115625 0.55 0.02109375 0.021875
0 0.8796875 0.98515625 0.059375 0.0296875
0 0.83125 0.70390625 0.02890625 0.0359375
0 0.81484375 0.4109375 0.02421875 0.02109375
0 0.071875 0.5484375 0.028125 0.0265625
0 0.2125 0.42421875 0.02109375 0.02109375
0 0.21640625 0.4890625 0.02109375 0.02734375
0 0.80703125 0.54609375 0.021875 0.02421875
0 0.30859375 0.71484375 0.02421875 0.02578125
0 0.7796875 0.4390625 0.01953125 0.02265625
0 0.30390625 0.67421875 0.01484375 0.0203125
0 0.29453125 0.48125 0.01953125 0.021875
0 0.98984375 0.8875 0.0203125 0.046875
0 0.5765625 0.49296875 0.0203125 0.02265625
0 0.61953125 0.6390625 0.025 0.03125
0 0.0359375 0.79296875 0.03515625 0.040625
0 0.89296875 0.83828125 0.0203125 0.02890625
0 0.3765625 0.42734375 0.01875 0.01875
0 0.98828125 0.7484375 0.0234375 0.0375
0 0.58046875 0.55234375 0.01796875 0.021875
0 0.575 0.4265625 0.0203125 0.01796875
0 0.54453125 0.575 0.0203125 0.0296875
0 0.01328125 0.671875 0.0265625 0.0296875
0 0.6 0.44765625 0.0234375 0.0203125