0 0.390625 0.96640625 0.05078125 0.06640625
0 0.41015625 0.928125 0.03125 0.04375
0 0.47890625 0.96640625 0.0390625 0.05078125
0 0.33515625 0.925 0.02578125 0.06015625
0 0.23203125 0.825 0.03125 0.046875
0 0.2125 0.846875 0.01796875 0.03203125
0 0.06328125 0.8296875 0.046875 0.0546875
0 0.0421875 0.63984375 0.028125 0.03671875
0 0.075 0.65078125 0.02578125 0.02578125
0 0.06484375 0.7125 0.02421875 0.02578125
0 0.1484375 0.7546875 0.028125 0.034375
0 0.1140625 0.67265625 0.021875 0.0265625
0 0.08984375 0.5859375 0.01640625 0.02734375
0 0.10390625 0.6171875 0.028125 0.0328125
0 0.1421875 0.56796875 0.03046875 0.02421875
0 0.084375 0.528125 0.028125 0.03359375
0 0.18359375 0.628125 0.028125 0.034375
0 0.20625 0.590625 0.021875 0.0203125
0 0.23515625 0.64765625 0.02265625 0.0265625
0 0.23125 0.61328125 0.01953125 0.03203125
0 0.28671875 0.61875 0.021875 0.03125
0 0.2625 0.6859375 0.01875 0.0328125
0 0.33125 0.7484375 0.0296875 0.0359375
0 0.29609375 0.84765625 0.03125 0.04765625
0 0.34375 0.80703125 0.028125 0.04140625
0 0.37265625 0.81484375 0.0234375 0.04453125
0 0.378125 0.75625 0.0296875 0.0515625
0 0.38203125 0.69375 0.02421875 0.0390625
0 0.37578125 0.6375 0.03125 0.03125
0 0.3515625 0.60078125 0.021875 0.02421875
0 0.34453125 0.5515625 0.02421875 0.028125
0 0.41640625 0.5578125 0.02109375 0.02265625
0 0.41875 0.58671875 0.03046875 0.021875
0 0.48125 0.63046875 0.02734375 0.03125
0 0.4375 0.6640625 0.03203125 0.0359375
0 0.4359375 0.721875 0.0296875 0.046875
0 0.5265625 0.8125 0.03203125 0.05625
0 0.54453125 0.9328125 0.025 0.040625
0 0.64453125 0.91953125 0.0328125 0.05078125
0 0.753125 0.91328125 0.03515625 0.05703125
0 0.6890625 0.79609375 0.028125 0.03125
0 0.71484375 0.7734375 0.0203125 0.0375
0 0.76328125 0.809375 0.0265625 0.0390625
0 0.73359375 0.79609375 0.0265625 0.0515625
0 0.79296875 0.784375 0.025 0.0328125
0 0.84453125 0.84765625 0.03359375 0.0484375
0 0.9 0.95390625 0.05078125 0.07734375
0 0.878125 0.8296875 0.028125 0.0359375
0 0.9265625 0.71953125 0.03515625 0.04609375
0 0.88515625 0.5796875 0.0203125 0.0234375
0 0.93046875 0.590625 0.034375 0.03671875
0 0.921875 0.628125 0.02578125 0.0296875
0 0.8796875 0.63671875 0.02421875 0.02890625
0 0.80859375 0.5890625 0.03046875 0.034375
0 0.7921875 0.61640625 0.025 0.03359375
0 0.778125 0.6609375 0.021875 0.03125
0 0.7046875 0.65859375 0.02734375 0.0375
0 0.66015625 0.7125 0.0234375 0.040625
0 0.66875 0.61484375 0.0296875 0.03203125
0 0.61875 0.67109375 0.0234375 0.034375
0 0.578125 0.71484375 0.02734375 0.0421875
0 0.50703125 0.65859375 0.02421875 0.03359375
0 0.475 0.559375 0.021875 0.02734375
0 0.61953125 0.77734375 0.034375 0.0421875
0 0.571875 0.78203125 0.0375 0.0484375
0 0.54140625 0.728125 0.0296875 0.05234375
0 0.61484375 0.484375 0.02421875 0.0328125
0 0.61953125 0.5546875 0.02578125 0.03125
0 0.56875 0.55390625 0.0234375 0.0234375
0 0.653125 0.5078125 0.02265625 0.02578125
0 0.6640625 0.53671875 0.01875 0.02265625
0 0.665625 0.4421875 0.025 0.02890625
0 0.57578125 0.46328125 0.0140625 0.01953125
0 0.58203125 0.3875 0.02265625 0.0265625
0 0.58046875 0.4953125 0.0171875 0.025
0 0.57734375 0.52734375 0.0125 0.025
0 0.140625 0.5296875 0.0234375 0.028125
0 0.8890625 0.696875 0.03125 0.040625
0 0.83828125 0.95625 0.040625 0.0484375
0 0.8140625 0.65703125 0.02890625 0.0296875
0 0.84921875 0.60234375 0.02421875 0.03359375
0 0.7515625 0.51953125 0.02890625 0.03046875
0 0.7171875 0.5328125 0.015625 0.01953125
0 0.15546875 0.4921875 0.0234375 0.01953125
0 0.16796875 0.51171875 0.02578125 0.0265625
0 0.1109375 0.4515625 0.028125 0.02109375
0 0.07421875 0.49453125 0.02109375 0.025
0 0.25 0.45546875 0.01953125 0.025
0 0.2140625 0.52421875 0.02109375 0.0375
0 0.4140625 0.5015625 0.0203125 0.02578125
0 0.55546875 0.40390625 0.01953125 0.0171875