0 0.11015625 0.97578125 0.0390625 0.04453125
0 0.19140625 0.90859375 0.03828125 0.05703125
0 0.14765625 0.91484375 0.028125 0.04765625
0 0.1484375 0.8125 0.03515625 0.04921875
0 0.140625 0.8578125 0.03203125 0.03515625
0 0.05 0.7703125 0.03671875 0.02890625
0 0.11484375 0.6609375 0.021875 0.03203125
0 0.2171875 0.7609375 0.03359375 0.0453125
0 0.24609375 0.7953125 0.05546875 0.0296875
0 0.28515625 0.83046875 0.0390625 0.05859375
0 0.38046875 0.9625 0.04453125 0.04140625
0 0.45078125 0.95703125 0.03359375 0.04375
0 0.378125 0.84921875 0.0265625 0.0359375
0 0.3640625 0.7171875 0.03203125 0.04453125
0 0.409375 0.809375 0.01953125 0.03359375
0 0.5875 0.88125 0.04375 0.0671875
0 0.63515625 0.8796875 0.03046875 0.04609375
0 0.68203125 0.89140625 0.03828125 0.03671875
0 0.6953125 0.97421875 0.04921875 0.0515625
0 0.81640625 0.97578125 0.053125 0.0484375
0 0.74921875 0.87734375 0.04140625 0.0546875
0 0.81328125 0.86640625 0.0375 0.0546875
0 0.85625 0.890625 0.040625 0.05234375
0 0.89140625 0.96796875 0.0296875 0.05390625
0 0.8625 0.95546875 0.028125 0.05
0 0.965625 0.97734375 0.0546875 0.04453125
0 0.9 0.8515625 0.03828125 0.0640625
0 0.9484375 0.90859375 0.02890625 0.04296875
0 0.975 0.8640625 0.04921875 0.0515625
0 0.85234375 0.72109375 0.0390625 0.0453125
0 0.86875 0.703125 0.04140625 0.040625
0 0.940625 0.77265625 0.03046875 0.04375
0 0.97109375 0.765625 0.03125 0.03359375
0 0.95078125 0.696875 0.03984375 0.0484375
0 0.95390625 0.64921875 0.0421875 0.0265625
0 0.6703125 0.81875 0.034375 0.040625
0 0.71796875 0.79296875 0.03515625 0.0578125
0 0.7171875 0.75390625 0.02890625 0.03984375
0 0.740625 0.69453125 0.03359375 0.03828125
0 0.54921875 0.75703125 0.02421875 0.04453125
0 0.51796875 0.753125 0.02734375 0.05
0 0.4484375 0.75625 0.034375 0.0421875
0 0.49765625 0.7109375 0.0234375 0.0359375
0 0.465625 0.67421875 0.025 0.040625
0 0.41328125 0.69375 0.040625 0.04140625
0 0.29921875 0.75078125 0.040625 0.03515625
0 0.25078125 0.71875 0.02734375 0.0375
0 0.221875 0.684375 0.0234375 0.0296875
0 0.31484375 0.7015625 0.02578125 0.034375
0 0.31328125 0.665625 0.0296875 0.0359375
0 0.26015625 0.6453125 0.0265625 0.02421875
0 0.28671875 0.61015625 0.03125 0.03046875
0 0.3421875 0.59140625 0.02265625 0.0296875
0 0.35703125 0.61328125 0.025 0.0328125
0 0.4125 0.6125 0.03515625 0.034375
0 0.434375 0.56953125 0.0375 0.03125
0 0.62734375 0.68046875 0.03359375 0.02890625
0 0.66640625 0.634375 0.02265625 0.03359375
0 0.63671875 0.56953125 0.0203125 0.0328125
0 0.659375 0.6015625 0.0234375 0.03125
0 0.6953125 0.60625 0.025 0.0390625
0 0.70546875 0.55703125 0.0296875 0.0359375
0 0.865625 0.61640625 0.025 0.03515625
0 0.7953125 0.5703125 0.0265625 0.02890625
0 0.9203125 0.54453125 0.02421875 0.0265625
0 0.50546875 0.6046875 0.025 0.034375
0 0.490625 0.5203125 0.0296875 0.0234375
0 0.5125 0.5515625 0.02109375 0.028125
0 0.303125 0.528125 0.03671875 0.03359375
0 0.30078125 0.49296875 0.01875 0.025
0 0.3453125 0.48828125 0.0234375 0.021875
0 0.10546875 0.5546875 0.0265625 0.025
0 0.0453125 0.62734375 0.0296875 0.03125
0 0.171875 0.57265625 0.01484375 0.02109375
0 0.37734375 0.46015625 0.01875 0.0265625
0 0.6078125 0.5328125 0.0296875 0.03359375
0 0.64453125 0.4859375 0.0234375 0.02578125
0 0.7828125 0.53984375 0.01875 0.02265625
0 0.7546875 0.55234375 0.03125 0.02890625
0 0.74296875 0.6546875 0.028125 0.03359375
0 0.7828125 0.6765625 0.028125 0.025
0 0.44453125 0.5265625 0.02734375 0.025
0 0.3515625 0.5328125 0.03203125 0.025