0 0.0359375 0.8703125 0.04609375 0.046875
0 0.12109375 0.80078125 0.0421875 0.0375
0 0.04296875 0.81484375 0.0203125 0.03046875
0 0.09765625 0.70546875 0.03671875 0.0265625
0 0.13671875 0.734375 0.03671875 0.0265625
0 0.0609375 0.64765625 0.02265625 0.03359375
0 0.01328125 0.64921875 0.0265625 0.01875
0 0.02734375 0.6109375 0.01953125 0.0296875
0 0.00859375 0.59375 0.0171875 0.01875
0 0.0578125 0.5421875 0.01875 0.01796875
0 0.04375 0.528125 0.0109375 0.025
0 0.09765625 0.5578125 0.025 0.01484375
0 0.1328125 0.62890625 0.02421875 0.015625
0 0.2078125 0.86640625 0.03828125 0.07109375
0 0.22421875 0.80859375 0.03828125 0.04375
0 0.2328125 0.74921875 0.03671875 0.05234375
0 0.26875 0.7046875 0.0296875 0.0421875
0 0.26328125 0.65 0.03984375 0.05625
0 0.33828125 0.6453125 0.04140625 0.05
0 0.37109375 0.69375 0.02421875 0.02578125
0 0.390625 0.78203125 0.03671875 0.0421875
0 0.3609375 0.76171875 0.0328125 0.03984375
0 0.31796875 0.81640625 0.0421875 0.07109375
0 0.4390625 0.92578125 0.06015625 0.07421875
0 0.521875 0.86171875 0.04921875 0.06171875
0 0.62265625 0.8640625 0.05390625 0.06171875
0 0.6171875 0.97109375 0.04296875 0.0578125
0 0.83984375 0.91171875 0.03828125 0.04453125
0 0.8953125 0.9046875 0.03984375 0.0515625
0 0.83046875 0.86640625 0.0140625 0.040625
0 0.85703125 0.8640625 0.02109375 0.04609375
0 0.934375 0.84140625 0.04140625 0.04140625
0 0.89140625 0.79375 0.02578125 0.075
0 0.97265625 0.81328125 0.0515625 0.046875
0 0.9765625 0.73828125 0.04609375 0.05
0 0.9578125 0.64140625 0.02890625 0.034375
0 0.98203125 0.59453125 0.0203125 0.02734375
0 0.89921875 0.625 0.040625 0.04140625
0 0.8578125 0.63359375 0.02109375 0.025
0 0.87578125 0.69296875 0.025 0.0421875
0 0.8140625 0.609375 0.02578125 0.04375
0 0.74765625 0.62265625 0.0171875 0.04453125
0 0.77890625 0.61875 0.03046875 0.05546875
0 0.71875 0.6828125 0.05234375 0.06328125
0 0.7078125 0.62421875 0.02578125 0.0296875
0 0.7265625 0.72578125 0.01953125 0.02890625
0 0.63046875 0.653125 0.04375 0.05
0 0.59140625 0.6125 0.03828125 0.05546875
0 0.51328125 0.5453125 0.05078125 0.05703125
0 0.55546875 0.5140625 0.02734375 0.0265625
0 0.56953125 0.53203125 0.021875 0.0375
0 0.6515625 0.53828125 0.04140625 0.0421875
0 0.70859375 0.51328125 0.0265625 0.03984375
0 0.7234375 0.55 0.02734375 0.040625
0 0.7515625 0.5578125 0.03671875 0.04453125
0 0.9171875 0.56015625 0.03125 0.028125
0 0.97421875 0.54609375 0.02265625 0.03125
0 0.81953125 0.75234375 0.0421875 0.04921875
0 0.78984375 0.80078125 0.03046875 0.04609375
0 0.759375 0.8125 0.02421875 0.05859375
0 0.9828125 0.51484375 0.02578125 0.01796875
0 0.978125 0.4921875 0.01796875 0.02265625
0 0.9453125 0.5265625 0.02109375 0.015625
0 0.89609375 0.51875 0.01796875 0.01875
0 0.91484375 0.4859375 0.02265625 0.01796875
0 0.85859375 0.52265625 0.0265625 0.03125
0 0.83671875 0.49375 0.0203125 0.02421875
0 0.775 0.5109375 0.015625 0.02109375
0 0.78984375 0.48671875 0.0203125 0.02578125
0 0.81015625 0.46953125 0.01953125 0.01484375
0 0.80390625 0.5265625 0.01328125 0.009375
0 0.7171875 0.465625 0.02265625 0.02109375
0 0.68671875 0.459375 0.021875 0.02578125
0 0.87109375 0.47265625 0.02421875 0.015625
0 0.840625 0.44453125 0.0328125 0.01171875
0 0.953125 0.446875 0.03046875 0.01484375
0 0.978125 0.4390625 0.0328125 0.02265625
0 0.6578125 0.73671875 0.04140625 0.05234375
0 0.69453125 0.75390625 0.01796875 0.02734375
0 0.55234375 0.72734375 0.06015625 0.04609375
0 0.509375 0.6890625 0.03125 0.0265625
0 0.46171875 0.68125 0.0375 0.04921875
0 0.428125 0.6546875 0.0171875 0.0296875
0 0.4671875 0.75859375 0.0453125 0.06171875
0 0.4390625 0.6 0.04765625 0.04765625
0 0.384375 0.60859375 0.01875 0.01953125
0 0.35078125 0.57421875 0.02421875 0.021875
0 0.28125 0.58203125 0.046875 0.0375
0 0.3203125 0.54140625 0.0359375 0.025
0 0.3921875 0.5453125 0.0296875 0.015625
0 0.3265625 0.50703125 0.03984375 0.0234375
0 0.378125 0.4921875 0.01796875 0.021875
0 0.40546875 0.46640625 0.03984375 0.02109375
0 0.48515625 0.47265625 0.03671875 0.02890625
0 0.246875 0.525 0.02734375 0.02421875
0 0.2015625 0.56640625 0.02421875 0.03203125
0 0.22890625 0.5875 0.02734375 0.0265625
0 0.13515625 0.55703125 0.03125 0.02890625
0 0.08984375 0.60625 0.03828125 0.0296875
0 0.1296875 0.5046875 0.02421875 0.0234375
0 0.09375 0.49296875 0.028125 0.02578125
0 0.1640625 0.51015625 0.01484375 0.021875
0 0.18046875 0.5234375 0.02421875 0.0140625
0 0.165625 0.5921875 0.01328125 0.0234375
0 0.1671875 0.571875 0.01484375 0.02265625
0 0.18828125 0.5390625 0.0203125 0.01796875
0 0.1453125 0.575 0.02421875 0.01484375
0 0.23984375 0.94765625 0.03671875 0.053125
0 0.1109375 0.91328125 0.01875 0.01796875
0 0.07734375 0.8859375 0.0328125 0.040625
0 0.0078125 0.74375 0.015625 0.0546875
0 0.053125 0.48984375 0.0203125 0.02109375
0 0.30234375 0.465625 0.0234375 0.025
0 0.2796875 0.45859375 0.0125 0.01953125
0 0.7671875 0.6859375 0.0359375 0.03984375
0 0.58515625 0.48515625 0.02421875 0.0265625
0 0.5921875 0.45703125 0.01484375 0.025
0 0.575 0.4421875 0.015625 0.0125
0 0.51953125 0.43515625 0.01171875 0.0203125
0 0.53515625 0.43515625 0.0140625 0.021875
0 0.4546875 0.43828125 0.02265625 0.021875