0 0.05625 0.88828125 0.03984375 0.05703125
0 0.015625 0.76796875 0.03125 0.04609375
0 0.159375 0.8484375 0.0484375 0.07265625
0 0.12265625 0.78359375 0.0359375 0.0421875
0 0.159375 0.7734375 0.02734375 0.04140625
0 0.2015625 0.94453125 0.025 0.04453125
0 0.296875 0.9734375 0.03984375 0.04921875
0 0.3484375 0.96015625 0.04765625 0.0640625
0 0.34296875 0.87734375 0.04375 0.05625
0 0.4125 0.91171875 0.0359375 0.0453125
0 0.4328125 0.9625 0.02890625 0.05
0 0.23515625 0.87109375 0.03671875 0.05625
0 0.20625 0.8390625 0.03359375 0.0375
0 0.26953125 0.83125 0.02421875 0.046875
0 0.26796875 0.73359375 0.03984375 0.0421875
0 0.21875 0.68203125 0.02109375 0.03046875
0 0.1390625 0.68125 0.0265625 0.0359375
0 0.075 0.6953125 0.04765625 0.040625
0 0.078125 0.73984375 0.02890625 0.02890625
0 0.3015625 0.6765625 0.034375 0.04140625
0 0.33359375 0.7046875 0.0265625 0.02890625
0 0.32890625 0.77109375 0.03125 0.03828125
0 0.2140625 0.6265625 0.02734375 0.03046875
0 0.02109375 0.6265625 0.03125 0.03359375
0 0.0296875 0.56640625 0.0296875 0.034375
0 0.04140625 0.65234375 0.02265625 0.03515625
0 0.1203125 0.54375 0.02734375 0.0234375
0 0.07734375 0.53203125 0.025 0.0203125
0 0.153125 0.578125 0.0171875 0.03046875
0 0.2015625 0.53671875 0.028125 0.025
0 0.19765625 0.50234375 0.02109375 0.028125
0 0.15078125 0.4578125 0.01640625 0.02578125
0 0.1234375 0.4359375 0.02265625 0.02265625
0 0.28203125 0.60859375 0.02734375 0.028125
0 0.24609375 0.509375 0.02734375 0.0296875
0 0.23359375 0.53203125 0.02265625 0.0203125
0 0.21953125 0.7453125 0.02265625 0.03515625
0 0.16875 0.7234375 0.01953125 0.0265625
0 0.2390625 0.82109375 0.02734375 0.0359375
0 0.371875 0.74140625 0.034375 0.04921875
0 0.346875 0.65390625 0.03203125 0.0390625
0 0.33125 0.62109375 0.025 0.03359375
0 0.5359375 0.94609375 0.03671875 0.0546875
0 0.625 0.96640625 0.03046875 0.0546875
0 0.67421875 0.91796875 0.03828125 0.05234375
0 0.70234375 0.8453125 0.04453125 0.06953125
0 0.6671875 0.7625 0.0453125 0.05
0 0.6 0.771875 0.03359375 0.03515625
0 0.5921875 0.7453125 0.01953125 0.028125
0 0.7640625 0.9296875 0.0390625 0.05
0 0.80859375 0.94140625 0.02109375 0.03203125
0 0.80546875 0.98515625 0.0265625 0.0296875
0 0.85703125 0.95234375 0.04296875 0.06171875
0 0.91796875 0.925 0.059375 0.0734375
0 0.97421875 0.98203125 0.0328125 0.03515625
0 0.9265625 0.834375 0.040625 0.04921875
0 0.95625 0.7859375 0.03359375 0.04921875
0 0.8859375 0.7 0.034375 0.05
0 0.9203125 0.728125 0.0171875 0.025
0 0.95703125 0.74609375 0.04296875 0.03828125
0 0.940625 0.62578125 0.025 0.03671875
0 0.971875 0.69375 0.03671875 0.04296875
0 0.89921875 0.63671875 0.02734375 0.0375
0 0.89453125 0.5890625 0.02109375 0.02890625
0 0.92109375 0.59375 0.02421875 0.02421875
0 0.98125 0.59140625 0.02421875 0.03671875
0 0.8046875 0.70078125 0.0359375 0.0421875
0 0.84140625 0.69765625 0.025 0.03203125
0 0.81953125 0.7703125 0.02890625 0.034375
0 0.80703125 0.821875 0.03359375 0.04453125
0 0.76953125 0.83671875 0.04140625 0.05859375
0 0.75234375 0.76953125 0.03203125 0.053125
0 0.72578125 0.7328125 0.028125 0.0359375
0 0.7265625 0.6671875 0.04296875 0.03828125
0 0.71484375 0.6234375 0.02734375 0.03359375
0 0.74609375 0.58359375 0.021875 0.02734375
0 0.73203125 0.49375 0.03125 0.02421875
0 0.73203125 0.46328125 0.01875 0.02265625
0 0.77109375 0.4328125 0.02265625 0.01796875
0 0.8171875 0.44921875 0.0171875 0.01953125
0 0.7859375 0.57109375 0.0234375 0.02890625
0 0.8328125 0.57578125 0.0296875 0.02890625
0 0.875 0.54609375 0.02109375 0.025
0 0.70390625 0.5296875 0.02890625 0.03046875
0 0.68359375 0.50078125 0.0234375 0.0234375
0 0.653125 0.50703125 0.025 0.025
0 0.6625 0.56953125 0.03125 0.028125
0 0.63046875 0.55625 0.02578125 0.0359375
0 0.59765625 0.565625 0.02421875 0.02421875
0 0.59765625 0.4703125 0.02734375 0.02578125
0 0.56953125 0.4875 0.0234375 0.02265625
0 0.67734375 0.43671875 0.021875 0.02265625
0 0.51640625 0.684375 0.02734375 0.03984375
0 0.53046875 0.74921875 0.02421875 0.03671875
0 0.4765625 0.74140625 0.02578125 0.028125
0 0.4703125 0.80390625 0.0359375 0.059375
0 0.4328125 0.78671875 0.03515625 0.04609375
0 0.43203125 0.7140625 0.03828125 0.0453125
0 0.47265625 0.69921875 0.01953125 0.03359375
0 0.4 0.665625 0.0203125 0.0375
0 0.47890625 0.634375 0.03515625 0.034375
0 0.44765625 0.61484375 0.025 0.03828125
0 0.4921875 0.58984375 0.01875 0.021875
0 0.5125 0.6015625 0.01484375 0.021875
0 0.5171875 0.5828125 0.01953125 0.0234375
0 0.409375 0.54921875 0.021875 0.01953125
0 0.42890625 0.51796875 0.01953125 0.02734375
0 0.4359375 0.48203125 0.0265625 0.0234375
0 0.4703125 0.42890625 0.0234375 0.02421875
0 0.51171875 0.4484375 0.0203125 0.01953125
0 0.52734375 0.4703125 0.02578125 0.02109375
0 0.49765625 0.5234375 0.0203125 0.02578125
0 0.36640625 0.46171875 0.01875 0.02578125
0 0.29453125 0.44375 0.01953125 0.015625
0 0.28125 0.4953125 0.021875 0.0203125
0 0.33359375 0.44140625 0.01640625 0.01953125
0 0.253125 0.4234375 0.01640625 0.02109375
0 0.78359375 0.728125 0.03046875 0.03984375
0 0.7890625 0.47421875 0.02109375 0.02421875
0 0.88828125 0.5015625 0.021875 0.02421875
0 0.26484375 0.54375 0.0265625 0.03359375
0 0.03359375 0.52421875 0.03125 0.025
0 0.05078125 0.4578125 0.0296875 0.0234375
0 0.1640625 0.4921875 0.01953125 0.02421875
0 0.15 0.415625 0.0234375 0.0203125
0 0.096875 0.40625 0.0171875 0.021875