0 0.09765625 0.9671875 0.04375 0.0578125
0 0.04453125 0.9734375 0.04921875 0.05234375
0 0.015625 0.8921875 0.03125 0.04375
0 0.1765625 0.95 0.0296875 0.053125
0 0.184375 0.8296875 0.0390625 0.0421875
0 0.1296875 0.84921875 0.03359375 0.03828125
0 0.07421875 0.8140625 0.02734375 0.03359375
0 0.04453125 0.7609375 0.028125 0.0390625
0 0.14296875 0.76328125 0.0265625 0.0421875
0 0.1453125 0.68984375 0.03203125 0.02578125
0 0.08515625 0.6375 0.02890625 0.0390625
0 0.06015625 0.58828125 0.03046875 0.03828125
0 0.05546875 0.55234375 0.02890625 0.03359375
0 0.01328125 0.5765625 0.02578125 0.025
0 0.078125 0.46875 0.02421875 0.0265625
0 0.0578125 0.43359375 0.01953125 0.01484375
0 0.10546875 0.49375 0.025 0.03203125
0 0.1484375 0.584375 0.03203125 0.03046875
0 0.15078125 0.54609375 0.02578125 0.02890625
0 0.1984375 0.55546875 0.025 0.03046875
0 0.18515625 0.58203125 0.02734375 0.021875
0 0.2125 0.60078125 0.0234375 0.03515625
0 0.23828125 0.53828125 0.01953125 0.02421875
0 0.2234375 0.66953125 0.034375 0.0328125
0 0.23515625 0.76015625 0.040625 0.0484375
0 0.2671875 0.7921875 0.03203125 0.0359375
0 0.25234375 0.875 0.03203125 0.04921875
0 0.3046875 0.84375 0.0390625 0.0609375
0 0.27265625 0.6921875 0.03203125 0.0375
0 0.2875 0.7359375 0.0359375 0.04140625
0 0.2203125 0.45625 0.01796875 0.01953125
0 0.259375 0.45234375 0.01796875 0.01953125
0 0.3359375 0.503125 0.01796875 0.02265625
0 0.30390625 0.48125 0.01953125 0.02578125
0 0.37265625 0.4390625 0.01875 0.0203125
0 0.3890625 0.459375 0.015625 0.01796875
0 0.409375 0.52890625 0.025 0.0234375
0 0.371875 0.6078125 0.02109375 0.0203125
0 0.353125 0.6296875 0.021875 0.03203125
0 0.29375 0.61953125 0.02734375 0.03359375
0 0.3703125 0.903125 0.0390625 0.04765625
0 0.4125 0.9359375 0.04375 0.0609375
0 0.3765625 0.81328125 0.040625 0.05078125
0 0.42734375 0.85078125 0.025 0.04375
0 0.346875 0.75234375 0.03125 0.0484375
0 0.440625 0.7125 0.0328125 0.0421875
0 0.409375 0.6875 0.02734375 0.04296875
0 0.42734375 0.796875 0.0234375 0.03984375
0 0.48125 0.77734375 0.02890625 0.04453125
0 0.48671875 0.85859375 0.03828125 0.04296875
0 0.56796875 0.89765625 0.03671875 0.0421875
0 0.559375 0.85625 0.028125 0.03984375
0 0.65 0.87890625 0.04921875 0.05546875
0 0.69296875 0.978125 0.04140625 0.04375
0 0.82109375 0.96875 0.02890625 0.0546875
0 0.76953125 0.97578125 0.03828125 0.04765625
0 0.7265625 0.84609375 0.0296875 0.046875
0 0.75390625 0.9 0.0375 0.04921875
0 0.79609375 0.8421875 0.0375 0.05234375
0 0.84296875 0.90625 0.02734375 0.0375
0 0.82109375 0.80546875 0.04140625 0.0484375
0 0.7296875 0.76171875 0.03984375 0.04609375
0 0.71640625 0.70390625 0.028125 0.04140625
0 0.7546875 0.653125 0.02890625 0.0296875
0 0.86953125 0.80078125 0.03125 0.04609375
0 0.92734375 0.81640625 0.04765625 0.065625
0 0.96875 0.85234375 0.025 0.0296875
0 0.93046875 0.665625 0.03125 0.03671875
0 0.96484375 0.6734375 0.02265625 0.02578125
0 0.9359375 0.7265625 0.0359375 0.03828125
0 0.85703125 0.6484375 0.0359375 0.03125
0 0.9078125 0.6140625 0.02734375 0.03046875
0 0.921875 0.55859375 0.0234375 0.02421875
0 0.9125 0.52890625 0.025 0.025
0 0.8 0.64296875 0.0265625 0.03203125
0 0.859375 0.60078125 0.0234375 0.02109375
0 0.74296875 0.546875 0.02734375 0.02890625
0 0.74453125 0.51015625 0.01796875 0.025
0 0.8078125 0.525 0.025 0.02578125
0 0.7875 0.475 0.02890625 0.025
0 0.83828125 0.51796875 0.02109375 0.0234375
0 0.8421875 0.49453125 0.01875 0.02109375
0 0.88125 0.45625 0.021875 0.02890625
0 0.9015625 0.4265625 0.02109375 0.0234375
0 0.75625 0.69765625 0.02578125 0.0265625
0 0.6734375 0.6625 0.01875 0.0265625
0 0.65703125 0.6375 0.0265625 0.034375
0 0.621875 0.625 0.03046875 0.04140625
0 0.6484375 0.55859375 0.02734375 0.03828125
0 0.684375 0.55 0.03046875 0.03828125
0 0.70625 0.58828125 0.03125 0.03046875
0 0.5828125 0.6328125 0.0234375 0.02421875
0 0.5546875 0.534375 0.02734375 0.028125
0 0.59140625 0.5171875 0.028125 0.0296875
0 0.62109375 0.53125 0.01875 0.01796875
0 0.66640625 0.4984375 0.02265625 0.01875
0 0.6828125 0.48046875 0.0234375 0.028125
0 0.7453125 0.38984375 0.02578125 0.01875
0 0.75078125 0.36875 0.0140625 0.01953125
0 0.7671875 0.4125 0.03046875 0.01953125
0 0.7828125 0.56640625 0.0265625 0.025
0 0.46171875 0.6609375 0.021875 0.02578125
0 0.46953125 0.63359375 0.0171875 0.025
0 0.48203125 0.67109375 0.01953125 0.0265625
0 0.490625 0.65390625 0.0234375 0.03203125
0 0.471875 0.57578125 0.02421875 0.028125
0 0.4953125 0.4890625 0.0203125 0.01796875
0 0.45703125 0.52109375 0.01484375 0.01875
0 0.45078125 0.4671875 0.02265625 0.028125
0 0.51171875 0.51328125 0.025 0.02421875
0 0.5546875 0.33828125 0.0140625 0.0140625
0 0.55 0.31875 0.01640625 0.01796875
0 0.11328125 0.53515625 0.01171875 0.0265625
0 0.14453125 0.4875 0.02421875 0.02734375
0 0.26015625 0.48125 0.01953125 0.01953125