0 0.2671875 0.8828125 0.05 0.0796875
0 0.13828125 0.93984375 0.03828125 0.0703125
0 0.05703125 0.83515625 0.06640625 0.0640625
0 0.18203125 0.79765625 0.04609375 0.0515625
0 0.171875 0.85078125 0.04140625 0.04375
0 0.0859375 0.77734375 0.03515625 0.0546875
0 0.04140625 0.7359375 0.04296875 0.04296875
0 0.05234375 0.62890625 0.05625 0.03046875
0 0.09765625 0.653125 0.02421875 0.03046875
0 0.06640625 0.5734375 0.03125 0.0328125
0 0.1078125 0.57265625 0.0328125 0.03359375
0 0.15859375 0.540625 0.01796875 0.01953125
0 0.14296875 0.5203125 0.02109375 0.02109375
0 0.2265625 0.67890625 0.03984375 0.05390625
0 0.2296875 0.728125 0.04375 0.0421875
0 0.3046875 0.56640625 0.04609375 0.03515625
0 0.2234375 0.5453125 0.028125 0.03125
0 0.2890625 0.48203125 0.0234375 0.025
0 0.31328125 0.5265625 0.03046875 0.02578125
0 0.365625 0.50703125 0.025 0.0265625
0 0.3125 0.67421875 0.040625 0.06171875
0 0.315625 0.81484375 0.0421875 0.04609375
0 0.346875 0.83671875 0.04453125 0.0625
0 0.4859375 0.940625 0.05625 0.07421875
0 0.43984375 0.821875 0.04765625 0.06328125
0 0.43828125 0.7359375 0.0390625 0.053125
0 0.5328125 0.7921875 0.05859375 0.05546875
0 0.6015625 0.95078125 0.04609375 0.0828125
0 0.76171875 0.9140625 0.0328125 0.059375
0 0.6546875 0.80859375 0.0453125 0.0671875
0 0.62734375 0.696875 0.04296875 0.0546875
0 0.7171875 0.74375 0.05546875 0.06640625
0 0.734375 0.803125 0.02890625 0.034375
0 0.8078125 0.8875 0.05625 0.05859375
0 0.83984375 0.84609375 0.04296875 0.078125
0 0.9203125 0.89609375 0.046875 0.06171875
0 0.78828125 0.67265625 0.04765625 0.05
0 0.78125 0.74296875 0.0375 0.04765625
0 0.93203125 0.6859375 0.0484375 0.0453125
0 0.9078125 0.76171875 0.0328125 0.034375
0 0.7703125 0.603125 0.02890625 0.04609375
0 0.7390625 0.59140625 0.03515625 0.03984375
0 0.66328125 0.5734375 0.0328125 0.0375
0 0.56875 0.57109375 0.028125 0.02890625
0 0.559375 0.54453125 0.03125 0.0359375
0 0.509375 0.58046875 0.05234375 0.05703125
0 0.88125 0.478125 0.03515625 0.02890625
0 0.73828125 0.49375 0.028125 0.0296875
0 0.775 0.4625 0.0265625 0.02890625
0 0.7 0.49140625 0.0296875 0.03046875
0 0.72265625 0.553125 0.0328125 0.03203125
0 0.75390625 0.42890625 0.01640625 0.01875
0 0.7625 0.3984375 0.0234375 0.02734375
0 0.5953125 0.48046875 0.02578125 0.03203125
0 0.49140625 0.43359375 0.02109375 0.02578125
0 0.45546875 0.45390625 0.0296875 0.0265625
0 0.628125 0.453125 0.0296875 0.025
0 0.33359375 0.3953125 0.01875 0.0265625
0 0.89296875 0.56796875 0.03359375 0.0296875
0 0.83828125 0.503125 0.034375 0.03359375
0 0.80390625 0.4125 0.02734375 0.03125
0 0.69140625 0.4484375 0.02265625 0.0265625
0 0.72109375 0.45546875 0.0265625 0.0296875
0 0.5375 0.41875 0.0265625 0.028125
0 0.46328125 0.41015625 0.02109375 0.025
0 0.45 0.43359375 0.028125 0.0265625
0 0.421875 0.640625 0.0390625 0.05
0 0.42421875 0.415625 0.02265625 0.02421875
0 0.0796875 0.50078125 0.02890625 0.02578125
0 0.5390625 0.45546875 0.02421875 0.02734375
0 0.70546875 0.3640625 0.01796875 0.02109375
0 0.40859375 0.44765625 0.021875 0.02265625
0 0.39921875 0.4828125 0.0296875 0.02734375
0 0.01640625 0.6671875 0.02890625 0.03125
0 0.584375 0.6609375 0.0375 0.0421875
0 0.90546875 0.509375 0.02890625 0.03203125
0 0.95859375 0.53046875 0.03984375 0.03984375