0 0.028125 0.91640625 0.04453125 0.0546875
0 0.01328125 0.9046875 0.0265625 0.0390625
0 0.03359375 0.84375 0.025 0.03046875
0 0.18984375 0.9515625 0.04921875 0.03671875
0 0.18125 0.87109375 0.0328125 0.03125
0 0.115625 0.75546875 0.0296875 0.03671875
0 0.08359375 0.75 0.03203125 0.03671875
0 0.16171875 0.803125 0.02578125 0.03828125
0 0.20390625 0.77265625 0.04140625 0.046875
0 0.20390625 0.82109375 0.03125 0.03828125
0 0.190625 0.7078125 0.0375 0.03828125
0 0.12109375 0.690625 0.02734375 0.03125
0 0.15234375 0.62734375 0.02265625 0.03203125
0 0.20703125 0.65390625 0.015625 0.01953125
0 0.26328125 0.78046875 0.02890625 0.0359375
0 0.2890625 0.8171875 0.028125 0.034375
0 0.27265625 0.92734375 0.02578125 0.034375
0 0.39609375 0.965625 0.034375 0.0484375
0 0.3453125 0.98125 0.028125 0.0375
0 0.3609375 0.9375 0.0328125 0.0328125
0 0.34921875 0.8984375 0.0328125 0.04921875
0 0.325 0.86484375 0.025 0.05234375
0 0.35234375 0.825 0.0296875 0.04140625
0 0.27890625 0.73125 0.0359375 0.03984375
0 0.3265625 0.709375 0.0328125 0.0265625
0 0.309375 0.6734375 0.034375 0.03125
0 0.27265625 0.66484375 0.02578125 0.0203125
0 0.2734375 0.63203125 0.02578125 0.03046875
0 0.246875 0.61171875 0.021875 0.03359375
0 0.05390625 0.68984375 0.0328125 0.03046875
0 0.09140625 0.5359375 0.02109375 0.025
0 0.20234375 0.5703125 0.02265625 0.02265625
0 0.23359375 0.5640625 0.025 0.02734375
0 0.2234375 0.5203125 0.0234375 0.025
0 0.26484375 0.52890625 0.01875 0.02109375
0 0.2921875 0.51015625 0.01953125 0.02578125
0 0.2796875 0.4421875 0.01875 0.0203125
0 0.31015625 0.540625 0.02421875 0.01796875
0 0.34765625 0.5671875 0.01796875 0.028125
0 0.3625 0.66171875 0.0296875 0.0265625
0 0.05234375 0.65234375 0.02421875 0.02578125
0 0.38359375 0.7421875 0.03046875 0.0328125
0 0.4140625 0.73359375 0.028125 0.03515625
0 0.40546875 0.69296875 0.01484375 0.01953125
0 0.42734375 0.79453125 0.03828125 0.05390625
0 0.45625 0.928125 0.0296875 0.04140625
0 0.48828125 0.86953125 0.01796875 0.03828125
0 0.46640625 0.78984375 0.03125 0.03359375
0 0.5 0.81171875 0.02734375 0.05
0 0.51875 0.778125 0.02578125 0.0359375
0 0.57421875 0.8890625 0.0375 0.04921875
0 0.6125 0.871875 0.034375 0.046875
0 0.59453125 0.80859375 0.0375 0.05078125
0 0.6609375 0.8375 0.02265625 0.0296875
0 0.65 0.91015625 0.02734375 0.03515625
0 0.684375 0.8734375 0.02890625 0.034375
0 0.7078125 0.921875 0.04296875 0.0625
0 0.72734375 0.97109375 0.03671875 0.04453125
0 0.78046875 0.9453125 0.04453125 0.05
0 0.7671875 0.86328125 0.0328125 0.04140625
0 0.84296875 0.8765625 0.03046875 0.03671875
0 0.95625 0.85 0.03515625 0.0375
0 0.8859375 0.78515625 0.0421875 0.05
0 0.8796875 0.8375 0.025 0.04375
0 0.940625 0.7734375 0.0359375 0.04375
0 0.9765625 0.76875 0.03828125 0.04140625
0 0.83828125 0.71484375 0.03828125 0.03828125
0 0.93828125 0.6921875 0.0296875 0.03671875
0 0.9765625 0.72578125 0.03125 0.03125
0 0.88515625 0.6921875 0.02734375 0.02890625
0 0.87421875 0.63984375 0.0328125 0.0265625
0 0.9515625 0.66796875 0.0390625 0.0296875
0 0.9859375 0.665625 0.02421875 0.02578125
0 0.85546875 0.60234375 0.021875 0.0265625
0 0.95390625 0.56171875 0.03125 0.0203125
0 0.771875 0.7046875 0.0203125 0.0265625
0 0.7859375 0.72421875 0.02890625 0.03125
0 0.86953125 0.43671875 0.021875 0.01953125
0 0.83984375 0.46640625 0.01796875 0.0203125
0 0.84921875 0.490625 0.02421875 0.021875
0 0.76875 0.546875 0.02109375 0.02890625
0 0.74375 0.5546875 0.02109375 0.02265625
0 0.8 0.56015625 0.0234375 0.02265625
0 0.77890625 0.503125 0.025 0.02578125
0 0.803125 0.49765625 0.02265625 0.021875
0 0.7203125 0.703125 0.025 0.025
0 0.68671875 0.75078125 0.03046875 0.04296875
0 0.65 0.740625 0.03359375 0.03515625
0 0.6359375 0.68125 0.03125 0.03828125
0 0.6796875 0.70390625 0.01796875 0.028125
0 0.7 0.65703125 0.02578125 0.03125
0 0.66484375 0.66953125 0.01953125 0.02890625
0 0.65625 0.6125 0.025 0.03359375
0 0.67890625 0.58671875 0.015625 0.015625
0 0.67734375 0.56953125 0.01484375 0.0203125
0 0.66015625 0.57578125 0.01875 0.01953125
0 0.66328125 0.47109375 0.021875 0.01953125
0 0.58671875 0.48359375 0.02265625 0.021875
0 0.57109375 0.56015625 0.0171875 0.03046875
0 0.52265625 0.60546875 0.02578125 0.02890625
0 0.54921875 0.63671875 0.0265625 0.03046875
0 0.5890625 0.70234375 0.02734375 0.0390625
0 0.5578125 0.7265625 0.03046875 0.03203125
0 0.54765625 0.67578125 0.0234375 0.03125
0 0.5125 0.65078125 0.0328125 0.0375
0 0.49375 0.7015625 0.025 0.0296875
0 0.41640625 0.60859375 0.02578125 0.0265625
0 0.47421875 0.59453125 0.02421875 0.02578125
0 0.38203125 0.53203125 0.02265625 0.0234375
0 0.41015625 0.53125 0.0234375 0.0234375
0 0.415625 0.509375 0.02109375 0.025
0 0.43515625 0.42578125 0.0125 0.01953125
0 0.5265625 0.41328125 0.01640625 0.01953125
0 0.54765625 0.4296875 0.02265625 0.021875