0 0.08515625 0.9078125 0.04453125 0.05859375
0 0.07421875 0.97734375 0.0328125 0.0453125
0 0.16640625 0.90859375 0.04140625 0.06875
0 0.22109375 0.8640625 0.02578125 0.0296875
0 0.24375 0.94765625 0.034375 0.0484375
0 0.26953125 0.98046875 0.0421875 0.0390625
0 0.44453125 0.97265625 0.05078125 0.04921875
0 0.4234375 0.90625 0.03125 0.05078125
0 0.36640625 0.79453125 0.04609375 0.07734375
0 0.421875 0.7546875 0.03203125 0.04453125
0 0.4515625 0.8109375 0.025 0.03828125
0 0.4234375 0.79296875 0.02734375 0.034375
0 0.51328125 0.8015625 0.034375 0.04609375
0 0.58046875 0.9546875 0.03359375 0.0453125
0 0.61015625 0.93984375 0.04609375 0.06328125
0 0.6609375 0.940625 0.03125 0.03984375
0 0.65390625 0.91015625 0.0203125 0.02265625
0 0.6984375 0.97734375 0.03046875 0.03984375
0 0.746875 0.96796875 0.0390625 0.053125
0 0.8140625 0.98125 0.0359375 0.03671875
0 0.96796875 0.921875 0.03046875 0.040625
0 0.95859375 0.8671875 0.0390625 0.04140625
0 0.9203125 0.83359375 0.03515625 0.05859375
0 0.7078125 0.715625 0.03671875 0.0453125
0 0.68046875 0.7421875 0.02890625 0.03984375
0 0.61484375 0.84296875 0.03046875 0.0515625
0 0.58515625 0.82578125 0.0375 0.04609375
0 0.73671875 0.80234375 0.03203125 0.0328125
0 0.7765625 0.72109375 0.03046875 0.0375
0 0.73359375 0.759375 0.03671875 0.03359375
0 0.81796875 0.7515625 0.034375 0.0375
0 0.87734375 0.79921875 0.034375 0.046875
0 0.8734375 0.68671875 0.028125 0.0265625
0 0.90390625 0.6828125 0.03515625 0.034375
0 0.946875 0.7390625 0.04140625 0.0453125
0 0.95625 0.6078125 0.03515625 0.03828125
0 0.7609375 0.67265625 0.0296875 0.03828125
0 0.796875 0.65390625 0.03046875 0.03671875
0 0.8859375 0.55 0.02421875 0.0296875
0 0.83515625 0.56171875 0.025 0.0265625
0 0.80703125 0.6078125 0.02578125 0.03125
0 0.75625 0.61875 0.03203125 0.0328125
0 0.70390625 0.58359375 0.025 0.0296875
0 0.72109375 0.61328125 0.021875 0.0265625
0 0.6609375 0.653125 0.0265625 0.03984375
0 0.60859375 0.696875 0.03125 0.04140625
0 0.57421875 0.690625 0.0296875 0.04453125
0 0.603125 0.64375 0.01875 0.02578125
0 0.5765625 0.63515625 0.02890625 0.03359375
0 0.58125 0.77421875 0.03125 0.02890625
0 0.6640625 0.559375 0.03125 0.0359375
0 0.578125 0.57890625 0.03203125 0.03046875
0 0.51328125 0.634375 0.0234375 0.03125
0 0.46171875 0.7 0.028125 0.03125
0 0.47734375 0.67421875 0.02265625 0.0296875
0 0.46796875 0.65078125 0.0265625 0.028125
0 0.42890625 0.63515625 0.02265625 0.034375
0 0.409375 0.63828125 0.0203125 0.03359375
0 0.3671875 0.690625 0.02890625 0.0328125
0 0.27421875 0.8671875 0.03671875 0.04765625
0 0.1390625 0.815625 0.04140625 0.05078125
0 0.046875 0.7 0.0296875 0.03203125
0 0.18359375 0.76171875 0.04296875 0.04296875
0 0.065625 0.790625 0.03515625 0.03984375
0 0.065625 0.74375 0.0234375 0.0359375
0 0.12109375 0.7359375 0.028125 0.03125
0 0.20390625 0.71640625 0.03046875 0.02734375
0 0.22890625 0.69375 0.021875 0.025
0 0.259375 0.690625 0.02265625 0.0265625
0 0.290625 0.66484375 0.03046875 0.03046875
0 0.19140625 0.6609375 0.02265625 0.028125
0 0.178125 0.6421875 0.01953125 0.0234375
0 0.27734375 0.60078125 0.02890625 0.02890625
0 0.25625 0.540625 0.02578125 0.03125
0 0.14453125 0.48828125 0.02265625 0.02734375
0 0.309375 0.61640625 0.02578125 0.02890625
0 0.7890625 0.87421875 0.04140625 0.0359375
0 0.8578125 0.93515625 0.04140625 0.034375
0 0.85703125 0.859375 0.0296875 0.0421875
0 0.98671875 0.7328125 0.0265625 0.040625
0 0.78515625 0.48828125 0.02578125 0.0234375
0 0.778125 0.4671875 0.025 0.0265625
0 0.74609375 0.5265625 0.0203125 0.03046875
0 0.7578125 0.4875 0.0234375 0.02734375
0 0.690625 0.496875 0.025 0.0203125
0 0.62109375 0.51328125 0.02109375 0.02890625
0 0.60703125 0.40234375 0.021875 0.02421875
0 0.55546875 0.459375 0.028125 0.0265625
0 0.35 0.62890625 0.0265625 0.028125
0 0.38828125 0.60625 0.02421875 0.0296875
0 0.33203125 0.5734375 0.021875 0.02734375
0 0.36796875 0.56875 0.02265625 0.028125
0 0.3984375 0.571875 0.02578125 0.02734375
0 0.43671875 0.58515625 0.028125 0.028125
0 0.471875 0.56875 0.0265625 0.0296875
0 0.47265625 0.61171875 0.021875 0.028125
0 0.42890625 0.44609375 0.021875 0.0234375
0 0.52578125 0.4796875 0.01875 0.02109375
0 0.53515625 0.57890625 0.0265625 0.03515625
0 0.6359375 0.484375 0.0203125 0.02578125
0 0.6765625 0.41484375 0.02109375 0.025
0 0.228125 0.453125 0.02109375 0.0203125
0 0.39375 0.51953125 0.0234375 0.02734375
0 0.59609375 0.51875 0.0234375 0.0265625
0 0.58984375 0.47578125 0.025 0.028125
0 0.615625 0.55078125 0.01796875 0.0234375
0 0.63125 0.5515625 0.01796875 0.0234375
0 0.646875 0.603125 0.01640625 0.025
0 0.12421875 0.57109375 0.01953125 0.0203125