0 0.77890625 0.93515625 0.0390625 0.053125
0 0.03515625 0.94296875 0.0484375 0.06640625
0 0.01875 0.61875 0.0375 0.03671875
0 0.47578125 0.6203125 0.02421875 0.03515625
0 0.52109375 0.92578125 0.040625 0.0484375
0 0.30390625 0.62109375 0.03203125 0.0328125
0 0.22734375 0.721875 0.0296875 0.04453125
0 0.2890625 0.52734375 0.02734375 0.0296875
0 0.26484375 0.65234375 0.02890625 0.03046875
0 0.1140625 0.96171875 0.04140625 0.06640625
0 0.10625 0.7703125 0.03828125 0.04140625
0 0.20625 0.84375 0.03828125 0.04921875
0 0.40078125 0.93671875 0.0328125 0.04609375
0 0.62890625 0.64765625 0.02734375 0.03515625
0 0.59453125 0.66015625 0.025 0.0328125
0 0.65 0.69765625 0.028125 0.0328125
0 0.7640625 0.6765625 0.0296875 0.03828125
0 0.353125 0.60234375 0.028125 0.03828125
0 0.153125 0.86328125 0.0375 0.040625
0 0.52734375 0.7 0.0328125 0.040625
0 0.50234375 0.6234375 0.0234375 0.03515625
0 0.28828125 0.84296875 0.03671875 0.05
0 0.81640625 0.68125 0.03359375 0.0421875
0 0.6046875 0.76171875 0.03671875 0.0421875
0 0.83671875 0.90703125 0.0484375 0.06015625
0 0.69921875 0.6921875 0.02578125 0.0359375
0 0.39375 0.52734375 0.0296875 0.0296875
0 0.8640625 0.70234375 0.0359375 0.03515625
0 0.90546875 0.9734375 0.04921875 0.05234375
0 0.21875 0.96796875 0.034375 0.05390625
0 0.15390625 0.56328125 0.0234375 0.03046875
0 0.265625 0.59921875 0.02421875 0.03359375
0 0.43984375 0.85390625 0.03671875 0.03984375
0 0.909375 0.809375 0.04453125 0.05625
0 0.15625 0.91171875 0.03984375 0.04453125
0 0.72734375 0.97890625 0.0375 0.0421875
0 0.2859375 0.7890625 0.03359375 0.04921875
0 0.79921875 0.75703125 0.0375 0.0421875
0 0.5625 0.7 0.025 0.034375
0 0.60703125 0.82734375 0.028125 0.0421875
0 0.34609375 0.9171875 0.0328125 0.04609375
0 0.728125 0.70546875 0.03046875 0.0359375
0 0.6953125 0.76328125 0.0296875 0.0421875
0 0.39375 0.578125 0.02890625 0.0328125
0 0.29375 0.67578125 0.028125 0.034375
0 0.77109375 0.846875 0.03671875 0.0484375
0 0.73046875 0.84140625 0.034375 0.04140625
0 0.31328125 0.91171875 0.03359375 0.05234375
0 0.03671875 0.8640625 0.03046875 0.05078125
0 0.565625 0.56796875 0.02734375 0.028125
0 0.8859375 0.74140625 0.0328125 0.040625
0 0.1 0.8359375 0.0375 0.04375
0 0.94296875 0.7734375 0.03203125 0.0375
0 0.740625 0.5984375 0.02890625 0.0359375
0 0.31640625 0.584375 0.02421875 0.0265625
0 0.54921875 0.8015625 0.02421875 0.0328125
0 0.64921875 0.80078125 0.02421875 0.0359375
0 0.6 0.7078125 0.0265625 0.0265625
0 0.65546875 0.57734375 0.02578125 0.0296875
0 0.2453125 0.77578125 0.034375 0.0421875
0 0.79140625 0.71328125 0.02578125 0.02890625
0 0.44921875 0.959375 0.0265625 0.04375
0 0.2375 0.62734375 0.0265625 0.0328125
0 0.19296875 0.7265625 0.02109375 0.03125
0 0.425 0.74609375 0.025 0.03046875
0 0.18359375 0.784375 0.02890625 0.0359375
0 0.82421875 0.62109375 0.0265625 0.028125
0 0.45234375 0.909375 0.03828125 0.03515625
0 0.05234375 0.6828125 0.028125 0.03671875
0 0.1421875 0.79765625 0.02421875 0.0421875
0 0.67421875 0.9703125 0.0375 0.03828125
0 0.02578125 0.74375 0.0390625 0.034375
0 0.4140625 0.49375 0.0265625 0.02578125
0 0.42265625 0.62109375 0.0296875 0.0375
0 0.803125 0.62890625 0.0203125 0.0296875
0 0.88359375 0.6578125 0.034375 0.03203125
0 0.3703125 0.76015625 0.0296875 0.04453125
0 0.18828125 0.6921875 0.02578125 0.03046875
0 0.065625 0.6078125 0.0296875 0.0296875
0 0.46953125 0.52109375 0.02578125 0.028125
0 0.746875 0.54296875 0.02265625 0.03046875
0 0.89375 0.684375 0.03203125 0.0328125
0 0.83828125 0.796875 0.03203125 0.04453125
0 0.26875 0.55078125 0.02109375 0.02578125
0 0.36640625 0.68359375 0.0203125 0.028125
0 0.09609375 0.54296875 0.02734375 0.02734375
0 0.5640625 0.9453125 0.021875 0.0359375
0 0.43671875 0.5671875 0.0203125 0.03359375
0 0.30390625 0.97890625 0.04453125 0.040625
0 0.34765625 0.52578125 0.02578125 0.02734375
0 0.87109375 0.815625 0.025 0.034375
0 0.5984375 0.53984375 0.01953125 0.02578125
0 0.6203125 0.51640625 0.02421875 0.02890625
0 0.93125 0.60390625 0.034375 0.0375
0 0.7046875 0.49140625 0.025 0.02734375
0 0.77890625 0.47578125 0.028125 0.028125
0 0.703125 0.60234375 0.0234375 0.0296875
0 0.81796875 0.57734375 0.0296875 0.034375
0 0.63046875 0.61796875 0.021875 0.0265625
0 0.72109375 0.80234375 0.025 0.034375
0 0.109375 0.63828125 0.0171875 0.0125
0 0.1296875 0.646875 0.01328125 0.01484375
0 0.1875 0.6625 0.02109375 0.02109375
0 0.04921875 0.796875 0.03203125 0.0328125
0 0.02109375 0.7859375 0.0328125 0.03984375
0 0.0265625 0.71328125 0.034375 0.02734375
0 0.01015625 0.6796875 0.0203125 0.01875
0 0.15 0.81171875 0.01796875 0.0265625
0 0.165625 0.76484375 0.03359375 0.03125
0 0.234375 0.9046875 0.034375 0.04140625
0 0.34921875 0.79453125 0.03203125 0.0359375
0 0.34765625 0.8453125 0.0171875 0.0140625
0 0.4203125 0.8046875 0.028125 0.0296875
0 0.553125 0.8703125 0.01484375 0.0265625
0 0.6109375 0.8984375 0.01484375 0.0203125
0 0.94609375 0.90703125 0.0421875 0.04375
0 0.97421875 0.95390625 0.0515625 0.065625
0 0.9890625 0.815625 0.01953125 0.0234375
0 0.98828125 0.7609375 0.0234375 0.01875
0 0.95234375 0.721875 0.034375 0.0359375
0 0.98984375 0.7046875 0.01953125 0.021875
0 0.9296875 0.6828125 0.01484375 0.01640625
0 0.86875 0.62109375 0.02578125 0.03046875
0 0.9 0.61171875 0.0125 0.0203125
0 0.88125 0.59921875 0.021875 0.01640625
0 0.878125 0.56875 0.01796875 0.0234375
0 0.82109375 0.54921875 0.0203125 0.01640625
0 0.7875 0.53046875 0.01640625 0.00859375
0 0.878125 0.5265625 0.0203125 0.01484375
0 0.89140625 0.509375 0.02265625 0.01484375
0 0.68984375 0.5671875 0.02109375 0.01875
0 0.659375 0.5515625 0.01875 0.0125
0 0.59140625 0.51875 0.0203125 0.0140625
0 0.57265625 0.49609375 0.01953125 0.01171875
0 0.63515625 0.4859375 0.01328125 0.00859375
0 0.66171875 0.49375 0.015625 0.015625
0 0.52734375 0.496875 0.01875 0.0109375
0 0.45859375 0.5921875 0.0171875 0.021875
0 0.45078125 0.54609375 0.0125 0.0203125
0 0.34140625 0.68359375 0.01171875 0.015625
0 0.378125 0.7328125 0.0328125 0.021875
0 0.3890625 0.65859375 0.01484375 0.01640625
0 0.3453125 0.65390625 0.00859375 0.01875
0 0.24140625 0.5796875 0.01484375 0.028125
0 0.31875 0.56171875 0.028125 0.025
0 0.2515625 0.534375 0.015625 0.0234375
0 0.22890625 0.52265625 0.01484375 0.01484375
0 0.22109375 0.50703125 0.01328125 0.01328125
0 0.3328125 0.509375 0.01875 0.015625
0 0.46484375 0.69296875 0.0171875 0.0203125
0 0.78203125 0.628125 0.01484375 0.0125
0 0.75625 0.5828125 0.0125 0.0125
0 0.7234375 0.74375 0.0171875 0.0234375
0 0.746875 0.7484375 0.02421875 0.0265625
0 0.64375 0.65859375 0.015625 0.015625
0 0.44765625 0.496875 0.0109375 0.02109375
0 0.43671875 0.88203125 0.025 0.02421875