0 0.3984375 0.87578125 0.06328125 0.071875
0 0.3390625 0.92578125 0.040625 0.075
0 0.259375 0.90703125 0.0515625 0.07265625
0 0.1421875 0.93671875 0.0390625 0.0671875
0 0.0953125 0.9 0.0421875 0.05625
0 0.01484375 0.88203125 0.0296875 0.0515625
0 0.01015625 0.82578125 0.0203125 0.0421875
0 0.03359375 0.98515625 0.0328125 0.0296875
0 0.48046875 0.86640625 0.03828125 0.04921875
0 0.52265625 0.91875 0.03671875 0.0625
0 0.53984375 0.834375 0.02890625 0.03515625
0 0.52109375 0.73359375 0.04140625 0.05390625
0 0.571875 0.65078125 0.02734375 0.04609375
0 0.56171875 0.70546875 0.028125 0.04453125
0 0.60546875 0.70546875 0.03203125 0.034375
0 0.6453125 0.64609375 0.02421875 0.0421875
0 0.60625 0.6125 0.02265625 0.03984375
0 0.6328125 0.81953125 0.03671875 0.04921875
0 0.74296875 0.9578125 0.04140625 0.0609375
0 0.83125 0.95 0.059375 0.0734375
0 0.85859375 0.84453125 0.05078125 0.07109375
0 0.925 0.915625 0.0609375 0.0890625
0 0.96640625 0.83359375 0.04609375 0.05625
0 0.9546875 0.69453125 0.03671875 0.0515625
0 0.96953125 0.74140625 0.03828125 0.0390625
0 0.9796875 0.78046875 0.01796875 0.02890625
0 0.81171875 0.76796875 0.03125 0.04609375
0 0.7140625 0.71953125 0.02265625 0.05078125
0 0.0859375 0.74765625 0.0453125 0.04453125
0 0.08984375 0.59765625 0.02265625 0.03515625
0 0.12421875 0.615625 0.0296875 0.03046875
0 0.08359375 0.653125 0.02734375 0.028125
0 0.0984375 0.67109375 0.0234375 0.025
0 0.1 0.54296875 0.02109375 0.03203125
0 0.12109375 0.56875 0.01953125 0.0328125
0 0.1671875 0.68984375 0.0390625 0.03671875
0 0.24609375 0.74609375 0.02890625 0.0515625
0 0.29375 0.71640625 0.025 0.03125
0 0.30546875 0.7640625 0.0296875 0.04609375
0 0.38359375 0.6359375 0.034375 0.04140625
0 0.3765625 0.58359375 0.02421875 0.0359375
0 0.33671875 0.6796875 0.03046875 0.0375
0 0.2921875 0.56875 0.01875 0.03671875
0 0.23828125 0.56484375 0.02265625 0.02734375
0 0.19453125 0.57890625 0.02734375 0.040625
0 0.24453125 0.59765625 0.0203125 0.0328125
0 0.2109375 0.546875 0.03125 0.02890625
0 0.2625 0.55703125 0.02421875 0.0265625
0 0.43671875 0.65625 0.02890625 0.04375
0 0.38046875 0.68671875 0.03125 0.040625
0 0.35078125 0.728125 0.02890625 0.03203125
0 0.37890625 0.7359375 0.02265625 0.03984375
0 0.39375 0.7640625 0.0328125 0.025
0 0.47578125 0.57421875 0.02578125 0.03203125
0 0.853125 0.534375 0.0265625 0.02890625
0 0.55546875 0.50859375 0.02265625 0.02890625
0 0.6046875 0.5140625 0.02734375 0.03046875
0 0.65234375 0.565625 0.02734375 0.03359375
0 0.6359375 0.46796875 0.01796875 0.025
0 0.6 0.44609375 0.0265625 0.02578125
0 0.41171875 0.5125 0.0328125 0.028125
0 0.34140625 0.50859375 0.02734375 0.02265625
0 0.0890625 0.49140625 0.03984375 0.02265625
0 0.434375 0.60625 0.03046875 0.03125
0 0.71875 0.55546875 0.0234375 0.03515625
0 0.784375 0.540625 0.03515625 0.0390625
0 0.765625 0.56796875 0.02421875 0.025
0 0.4671875 0.5125 0.02265625 0.03359375
0 0.15234375 0.52734375 0.03515625 0.0296875
0 0.4984375 0.59921875 0.025 0.03359375
0 0.5328125 0.4734375 0.01796875 0.028125
0 0.68671875 0.60078125 0.025 0.04296875
0 0.7875 0.62109375 0.028125 0.03984375
0 0.7671875 0.71171875 0.03125 0.0390625
0 0.7421875 0.73203125 0.0265625 0.040625
0 0.69453125 0.70078125 0.021875 0.03359375
0 0.6703125 0.7171875 0.02890625 0.028125
0 0.89296875 0.65390625 0.0265625 0.03359375
0 0.8890625 0.5984375 0.028125 0.02734375
0 0.890625 0.5765625 0.0171875 0.03046875
0 0.8953125 0.540625 0.03125 0.040625
0 0.80234375 0.84296875 0.0203125 0.02109375