0 0.275 0.875 0.04453125 0.0671875
0 0.32734375 0.66328125 0.0359375 0.05234375
0 0.0765625 0.8234375 0.0625 0.065625
0 0.1953125 0.784375 0.0421875 0.0546875
0 0.4828125 0.940625 0.053125 0.07265625
0 0.44765625 0.73125 0.0453125 0.059375
0 0.84296875 0.853125 0.05078125 0.07578125
0 0.63828125 0.7 0.04140625 0.05625
0 0.5171875 0.571875 0.0578125 0.059375
0 0.15234375 0.928125 0.04140625 0.059375
0 0.44375 0.8203125 0.0515625 0.06484375
0 0.24140625 0.71953125 0.034375 0.04296875
0 0.95 0.69375 0.0453125 0.0453125
0 0.5390625 0.79296875 0.05859375 0.05546875
0 0.72421875 0.74921875 0.053125 0.0640625
0 0.4359375 0.6328125 0.0390625 0.04609375
0 0.7640625 0.9234375 0.03203125 0.0578125
0 0.10546875 0.76015625 0.034375 0.04375
0 0.6 0.9578125 0.046875 0.078125
0 0.7875 0.7515625 0.0375 0.04609375
0 0.24140625 0.665625 0.04296875 0.05234375
0 0.27890625 0.5953125 0.0421875 0.04140625
0 0.6734375 0.5671875 0.03203125 0.03515625
0 0.078125 0.61171875 0.04296875 0.03671875
0 0.59765625 0.65625 0.03671875 0.0390625
0 0.66171875 0.81484375 0.04375 0.065625
0 0.78671875 0.60078125 0.02734375 0.040625
0 0.2421875 0.53515625 0.025 0.03203125
0 0.73828125 0.81015625 0.0296875 0.034375
0 0.31875 0.55390625 0.03828125 0.034375
0 0.7515625 0.58984375 0.03359375 0.03984375
0 0.18046875 0.8359375 0.03984375 0.04296875
0 0.35078125 0.834375 0.04296875 0.05390625
0 0.79765625 0.67421875 0.04375 0.05234375
0 0.38046875 0.49453125 0.025 0.03125
0 0.0703125 0.715625 0.034375 0.04296875
0 0.796875 0.453125 0.03125 0.0328125
0 0.715625 0.484375 0.025 0.03203125
0 0.7359375 0.54765625 0.02890625 0.0296875
0 0.12109375 0.63515625 0.02578125 0.03125
0 0.3734375 0.62890625 0.02421875 0.03125
0 0.646875 0.44296875 0.02421875 0.028125
0 0.325 0.80625 0.03984375 0.04453125
0 0.70859375 0.43984375 0.02890625 0.0296875
0 0.57265625 0.53984375 0.0265625 0.03203125
0 0.4828125 0.39609375 0.02421875 0.025
0 0.75703125 0.4890625 0.02890625 0.028125
0 0.4703125 0.4421875 0.02890625 0.0265625
0 0.91796875 0.77421875 0.03046875 0.040625
0 0.16328125 0.5734375 0.02109375 0.0125
0 0.18046875 0.5296875 0.0171875 0.021875
0 0.9078125 0.56640625 0.034375 0.03046875
0 0.55625 0.44453125 0.025 0.0328125
0 0.7375 0.446875 0.0234375 0.0265625
0 0.35390625 0.38125 0.02109375 0.0265625
0 0.578125 0.56640625 0.02421875 0.0296875
0 0.80859375 0.90078125 0.059375 0.06328125
0 0.93046875 0.50625 0.0359375 0.03359375
0 0.784375 0.38671875 0.02265625 0.028125
0 0.44296875 0.40234375 0.02265625 0.025
0 0.55546875 0.40390625 0.028125 0.0265625
0 0.7 0.84296875 0.01796875 0.034375
0 0.33125 0.515625 0.03046875 0.0265625
0 0.12890625 0.5609375 0.03203125 0.0359375
0 0.90703125 0.46875 0.0375 0.0296875
0 0.50703125 0.42578125 0.021875 0.025
0 0.46640625 0.42109375 0.02578125 0.02421875
0 0.81328125 0.54765625 0.01796875 0.02421875
0 0.83515625 0.5265625 0.03046875 0.03359375
0 0.89921875 0.70234375 0.03828125 0.04609375
0 0.771875 0.68984375 0.02890625 0.0359375
0 0.35 0.496875 0.0234375 0.025
0 0.85078125 0.67265625 0.0296875 0.04453125
0 0.3046875 0.46796875 0.0203125 0.025
0 0.85703125 0.5 0.03984375 0.03671875
0 0.3859375 0.42578125 0.02734375 0.02578125
0 0.4296875 0.43515625 0.02265625 0.02578125
0 0.6125 0.4703125 0.02109375 0.028125
0 0.603125 0.49296875 0.028125 0.02734375
0 0.51328125 0.3984375 0.02421875 0.0234375
0 0.828125 0.4 0.02421875 0.03046875
0 0.04609375 0.6515625 0.0296875 0.03515625
0 0.41640625 0.46875 0.02890625 0.0234375
0 0.165625 0.50703125 0.02109375 0.02578125
0 0.7296875 0.378125 0.0234375 0.021875
0 0.70703125 0.35546875 0.02265625 0.0171875
0 0.728125 0.3484375 0.02109375 0.02421875
0 0.60078125 0.45390625 0.02109375 0.0234375
0 0.98203125 0.53046875 0.034375 0.0359375
0 0.10859375 0.48515625 0.0296875 0.02890625
0 0.53671875 0.4453125 0.01953125 0.0296875
0 0.85 0.42734375 0.02421875 0.02578125
0 0.9265625 0.90859375 0.0421875 0.053125
0 0.00703125 0.65625 0.0140625 0.0328125
0 0.38515625 0.56171875 0.02734375 0.028125
0 0.5015625 0.7328125 0.0328125 0.03359375
0 0.596875 0.428125 0.01953125 0.02265625
0 0.5046875 0.48828125 0.03125 0.02890625
0 0.0953125 0.55703125 0.03125 0.0296875
0 0.1953125 0.57890625 0.03125 0.0265625
0 0.190625 0.5453125 0.01875 0.02265625
0 0.9390625 0.4515625 0.03046875 0.03203125
0 0.775 0.41875 0.01875 0.0203125
0 0.15546875 0.59765625 0.021875 0.03125
0 0.5875 0.39296875 0.02421875 0.0265625
0 0.97734375 0.96796875 0.03203125 0.04375
0 0.1390625 0.50234375 0.025 0.025
0 0.228125 0.3484375 0.021875 0.021875
0 0.2390625 0.48515625 0.0234375 0.02734375
0 0.01875 0.6109375 0.028125 0.02734375
0 0.00703125 0.5890625 0.0140625 0.0359375
0 0.00546875 0.8796875 0.0109375 0.046875
0 0.8703125 0.33359375 0.021875 0.021875
0 0.0578125 0.5390625 0.03203125 0.0296875
0 0.7 0.396875 0.02265625 0.02578125
0 0.4984375 0.3578125 0.02265625 0.021875
0 0.8921875 0.42890625 0.0359375 0.02890625
0 0.3421875 0.59296875 0.0265625 0.01875
0 0.21796875 0.60078125 0.0265625 0.03046875
0 0.3875 0.9734375 0.01796875 0.053125
0 0.6109375 0.58046875 0.0296875 0.034375
0 0.71640625 0.66640625 0.02578125 0.03515625
0 0.978125 0.625 0.0421875 0.034375
0 0.77890625 0.84921875 0.028125 0.04375
0 0.846875 0.56953125 0.0296875 0.03515625
0 0.94140625 0.4203125 0.0296875 0.01953125
0 0.7953125 0.33671875 0.02578125 0.0203125
0 0.65390625 0.40078125 0.03671875 0.01796875
0 0.409375 0.6953125 0.0453125 0.03515625
0 0.3453125 0.7375 0.02265625 0.028125
0 0.02265625 0.921875 0.0375 0.04140625
0 0.0203125 0.52421875 0.03984375 0.0234375
0 0.0484375 0.52578125 0.05 0.0234375
0 0.09296875 0.51875 0.0265625 0.02109375
0 0.06953125 0.42734375 0.03671875 0.02890625
0 0.1171875 0.421875 0.0296875 0.0203125
0 0.0640625 0.48984375 0.03125 0.02421875
0 0.165625 0.41953125 0.0296875 0.01953125
0 0.1875 0.425 0.0203125 0.02265625
0 0.2390625 0.40859375 0.021875 0.01875
0 0.28828125 0.4609375 0.0203125 0.01328125
0 0.30546875 0.36875 0.02421875 0.02109375