0 0.06171875 0.93046875 0.0546875 0.0625
0 0.11328125 0.86953125 0.0390625 0.04609375
0 0.13203125 0.7484375 0.02109375 0.03125
0 0.1171875 0.734375 0.021875 0.028125
0 0.08671875 0.65 0.025 0.028125
0 0.14296875 0.8125 0.02890625 0.03359375
0 0.14375 0.978125 0.025 0.0390625
0 0.20390625 0.971875 0.03671875 0.05
0 0.19765625 0.78671875 0.0203125 0.03046875
0 0.16796875 0.7828125 0.02578125 0.02734375
0 0.23359375 0.75546875 0.0265625 0.028125
0 0.22265625 0.68359375 0.02890625 0.02734375
0 0.20546875 0.70859375 0.01875 0.025
0 0.25546875 0.7046875 0.0171875 0.02890625
0 0.29296875 0.71796875 0.02734375 0.0296875
0 0.31171875 0.784375 0.0234375 0.0328125
0 0.29765625 0.8953125 0.04765625 0.09375
0 0.38203125 0.9140625 0.0234375 0.03515625
0 0.35859375 0.8546875 0.0328125 0.0453125
0 0.35859375 0.89921875 0.02734375 0.046875
0 0.44609375 0.90390625 0.03828125 0.0515625
0 0.51484375 0.8765625 0.0296875 0.0328125
0 0.54375 0.9515625 0.03125 0.06484375
0 0.5125 0.92890625 0.0359375 0.046875
0 0.66953125 0.9078125 0.03359375 0.03515625
0 0.64609375 0.8125 0.03515625 0.046875
0 0.6671875 0.8578125 0.03125 0.03515625
0 0.61484375 0.846875 0.03203125 0.04453125
0 0.59921875 0.74453125 0.03125 0.03515625
0 0.6984375 0.76953125 0.03125 0.03359375
0 0.7109375 0.8203125 0.03125 0.0375
0 0.75 0.85 0.0328125 0.04296875
0 0.78671875 0.96015625 0.03125 0.0421875
0 0.80703125 0.90390625 0.03515625 0.04765625
0 0.8453125 0.93671875 0.0359375 0.05703125
0 0.88046875 0.97109375 0.04140625 0.053125
0 0.81640625 0.865625 0.03125 0.03984375
0 0.81015625 0.7796875 0.028125 0.03046875
0 0.83828125 0.77265625 0.034375 0.0390625
0 0.878125 0.83359375 0.03984375 0.04921875
0 0.91484375 0.82734375 0.02890625 0.04296875
0 0.95625 0.846875 0.04453125 0.05234375
0 0.9609375 0.815625 0.03671875 0.046875
0 0.9796875 0.91171875 0.03671875 0.04296875
0 0.9734375 0.96875 0.03671875 0.0453125
0 0.86796875 0.75234375 0.021875 0.02890625
0 0.89453125 0.68984375 0.034375 0.0375
0 0.903125 0.73828125 0.0296875 0.04296875
0 0.9796875 0.765625 0.040625 0.0375
0 0.8296875 0.63125 0.01953125 0.025
0 0.77890625 0.64375 0.02578125 0.025
0 0.7484375 0.6921875 0.02734375 0.0296875
0 0.73671875 0.74453125 0.0328125 0.0359375
0 0.7 0.70703125 0.034375 0.03828125
0 0.66171875 0.69921875 0.02734375 0.0265625
0 0.64609375 0.66640625 0.02578125 0.03359375
0 0.5921875 0.690625 0.01875 0.02421875
0 0.54921875 0.7890625 0.028125 0.04921875
0 0.5109375 0.7859375 0.03203125 0.03828125
0 0.51796875 0.7265625 0.02421875 0.0390625
0 0.5453125 0.73359375 0.02578125 0.0328125
0 0.521875 0.6609375 0.0265625 0.03515625
0 0.60703125 0.64765625 0.02734375 0.0328125
0 0.5453125 0.60390625 0.02109375 0.02578125
0 0.5703125 0.5890625 0.021875 0.03515625
0 0.5859375 0.56015625 0.021875 0.0265625
0 0.6375 0.575 0.021875 0.021875
0 0.690625 0.60234375 0.02421875 0.0328125
0 0.7328125 0.56328125 0.02265625 0.028125
0 0.72890625 0.54375 0.0234375 0.0265625
0 0.70625 0.56640625 0.02421875 0.0234375
0 0.56171875 0.6328125 0.02109375 0.025
0 0.4984375 0.6 0.0328125 0.0296875
0 0.5421875 0.55234375 0.02734375 0.03125
0 0.50859375 0.53125 0.0265625 0.02890625
0 0.5625 0.4734375 0.025 0.0265625
0 0.57109375 0.45 0.01953125 0.0265625
0 0.571875 0.528125 0.028125 0.0234375
0 0.4015625 0.796875 0.03203125 0.034375
0 0.45703125 0.72578125 0.02578125 0.03671875
0 0.43515625 0.68515625 0.01953125 0.0296875
0 0.48203125 0.6640625 0.03046875 0.03359375
0 0.41796875 0.7 0.02109375 0.025
0 0.415625 0.76875 0.03046875 0.0296875
0 0.40859375 0.74453125 0.0234375 0.0296875
0 0.4171875 0.6546875 0.028125 0.03125
0 0.371875 0.7203125 0.021875 0.03515625
0 0.35 0.71953125 0.021875 0.03046875
0 0.38203125 0.66953125 0.028125 0.03359375
0 0.47734375 0.55859375 0.01796875 0.02265625
0 0.38984375 0.6265625 0.02421875 0.03125
0 0.33203125 0.69140625 0.02578125 0.02734375
0 0.2953125 0.68046875 0.02890625 0.0375
0 0.3140625 0.65 0.021875 0.03203125
0 0.34453125 0.65703125 0.02890625 0.02890625
0 0.34453125 0.5984375 0.02421875 0.028125
0 0.3625 0.546875 0.025 0.0265625
0 0.3828125 0.51796875 0.02265625 0.03125
0 0.203125 0.6203125 0.02578125 0.03203125
0 0.178125 0.884375 0.028125 0.03359375
0 0.2546875 0.64921875 0.01484375 0.025
0 0.27734375 0.66171875 0.025 0.03828125