0 0.0375 0.94375 0.07109375 0.1046875
0 0.09453125 0.96640625 0.04921875 0.06640625
0 0.1453125 0.9625 0.0625 0.075
0 0.125 0.92421875 0.03828125 0.06328125
0 0.16484375 0.8796875 0.0375 0.07421875
0 0.1546875 0.8234375 0.04765625 0.06328125
0 0.16171875 0.77421875 0.05234375 0.06328125
0 0.09765625 0.753125 0.03046875 0.07421875
0 0.0703125 0.7359375 0.03671875 0.06640625
0 0.02109375 0.709375 0.0421875 0.071875
0 0.0546875 0.6015625 0.03671875 0.06796875
0 0.128125 0.6421875 0.03515625 0.05859375
0 0.1625 0.67578125 0.02890625 0.0453125
0 0.22421875 0.7359375 0.046875 0.06015625
0 0.25625 0.76171875 0.04765625 0.0609375
0 0.20703125 0.86796875 0.0578125 0.09140625
0 0.21953125 0.94921875 0.06640625 0.10078125
0 0.27890625 0.96015625 0.0828125 0.0796875
0 0.353125 0.9640625 0.07890625 0.071875
0 0.38671875 0.8984375 0.06640625 0.0890625
0 0.45234375 0.91015625 0.059375 0.06484375
0 0.44765625 0.98046875 0.05078125 0.0390625
0 0.259375 0.69609375 0.03671875 0.0515625
0 0.234375 0.65703125 0.03828125 0.059375
0 0.30234375 0.72421875 0.0375 0.0640625
0 0.290625 0.78984375 0.0421875 0.06328125
0 0.3484375 0.8125 0.028125 0.0359375
0 0.35703125 0.76640625 0.03046875 0.03671875
0 0.37734375 0.81484375 0.04453125 0.04296875
0 0.4078125 0.77578125 0.03046875 0.03984375
0 0.44765625 0.721875 0.04765625 0.0734375
0 0.11796875 0.5390625 0.03125 0.03125
0 0.165625 0.49296875 0.0265625 0.0390625
0 0.18125 0.5546875 0.0234375 0.03125
0 0.24375 0.6015625 0.02578125 0.0296875
0 0.2203125 0.58671875 0.03359375 0.03125
0 0.21171875 0.56640625 0.04140625 0.03125
0 0.2671875 0.62421875 0.05 0.03203125
0 0.29296875 0.5890625 0.03203125 0.04453125
0 0.35625 0.59609375 0.03671875 0.03203125
0 0.34765625 0.56875 0.03828125 0.03515625
0 0.33984375 0.540625 0.040625 0.03515625
0 0.35625 0.5140625 0.0328125 0.03203125
0 0.31171875 0.51328125 0.04375 0.04296875
0 0.30234375 0.48203125 0.03671875 0.034375
0 0.3515625 0.48203125 0.03671875 0.046875
0 0.1375 0.5859375 0.02265625 0.01953125
0 0.31328125 0.64140625 0.05703125 0.0390625
0 0.31953125 0.678125 0.04453125 0.03359375
0 0.365625 0.696875 0.0484375 0.059375
0 0.4140625 0.671875 0.04921875 0.06484375
0 0.40703125 0.5921875 0.05234375 0.05625
0 0.43125 0.553125 0.04921875 0.034375
0 0.44140625 0.51875 0.04140625 0.0484375
0 0.42890625 0.4765625 0.03203125 0.04296875
0 0.45 0.47890625 0.02890625 0.03984375
0 0.47890625 0.55625 0.02265625 0.04921875
0 0.4859375 0.50859375 0.04296875 0.034375
0 0.4765625 0.4765625 0.03515625 0.034375
0 0.5046875 0.58671875 0.04765625 0.053125
0 0.51171875 0.53515625 0.03671875 0.03359375
0 0.48203125 0.6234375 0.021875 0.04453125
0 0.46328125 0.65546875 0.03515625 0.05625
0 0.4953125 0.68203125 0.0328125 0.05
0 0.50859375 0.72421875 0.03359375 0.0609375
0 0.50078125 0.8375 0.04609375 0.06953125
0 0.5484375 0.73671875 0.04453125 0.06015625
0 0.58203125 0.8390625 0.05546875 0.078125
0 0.6125 0.9828125 0.040625 0.034375
0 0.6234375 0.84140625 0.0421875 0.06875
0 0.5484375 0.49765625 0.03046875 0.03203125
0 0.603125 0.51875 0.03671875 0.03125
0 0.6125 0.48359375 0.03671875 0.02890625
0 0.63359375 0.475 0.034375 0.0296875
0 0.6546875 0.44453125 0.0375 0.03515625
0 0.5703125 0.55859375 0.02734375 0.034375
0 0.615625 0.65703125 0.04453125 0.0453125
0 0.65234375 0.78203125 0.0578125 0.053125
0 0.66875 0.8515625 0.05703125 0.046875
0 0.678125 0.934375 0.0828125 0.084375
0 0.7390625 0.97734375 0.04296875 0.0453125
0 0.72890625 0.83984375 0.06484375 0.0796875
0 0.70390625 0.76953125 0.05859375 0.06640625
0 0.70546875 0.72578125 0.040625 0.04609375
0 0.72578125 0.66953125 0.03515625 0.04609375
0 0.734375 0.63203125 0.03203125 0.034375
0 0.65859375 0.615625 0.03203125 0.04296875
0 0.63046875 0.55546875 0.02734375 0.0390625
0 0.65390625 0.58203125 0.0328125 0.0296875
0 0.68671875 0.5859375 0.03671875 0.03359375
0 0.6984375 0.54375 0.03359375 0.02578125
0 0.73046875 0.55625 0.0390625 0.03203125
0 0.79140625 0.70078125 0.03828125 0.04921875
0 0.79375 0.8265625 0.0578125 0.0703125
0 0.79375 0.9375 0.06796875 0.0859375
0 0.83125 0.9890625 0.03203125 0.021875
0 0.83359375 0.9109375 0.03125 0.053125
0 0.86796875 0.92578125 0.03984375 0.0546875
0 0.83046875 0.86171875 0.0625 0.05859375
0 0.88046875 0.8140625 0.06171875 0.05546875
0 0.91953125 0.871875 0.04921875 0.0453125
0 0.9375 0.95078125 0.07890625 0.071875
0 0.94140625 0.83359375 0.059375 0.06484375
0 0.975 0.7984375 0.03984375 0.04375
0 0.946875 0.7265625 0.04375 0.0390625
0 0.91875 0.74375 0.02578125 0.03984375
0 0.8921875 0.7453125 0.03828125 0.040625
0 0.83125 0.7015625 0.04765625 0.0546875
0 0.85390625 0.671875 0.040625 0.0359375
0 0.76640625 0.65078125 0.0453125 0.03515625
0 0.8328125 0.62109375 0.0421875 0.0484375
0 0.93125 0.6734375 0.04921875 0.03984375
0 0.928125 0.63125 0.04453125 0.04453125
0 0.784375 0.55 0.03359375 0.03515625
0 0.61640625 0.60390625 0.03125 0.028125
0 0.86328125 0.53359375 0.04140625 0.03515625
0 0.90078125 0.52890625 0.028125 0.03125
0 0.909375 0.49453125 0.04296875 0.02890625
0 0.55859375 0.47109375 0.03515625 0.03359375
0 0.746875 0.4859375 0.03046875 0.03203125
0 0.7703125 0.52578125 0.025 0.0296875
0 0.746875 0.53671875 0.03125 0.040625
0 0.7125 0.5046875 0.03359375 0.05
0 0.7828125 0.515625 0.0296875 0.034375
0 0.83203125 0.528125 0.02109375 0.04140625
0 0.85390625 0.484375 0.03828125 0.040625
0 0.81953125 0.49140625 0.025 0.03203125
0 0.8203125 0.4609375 0.03125 0.0359375
0 0.9765625 0.54921875 0.04609375 0.03984375
0 0.88203125 0.60859375 0.034375 0.03359375
0 0.71640625 0.43828125 0.01875 0.0484375
0 0.68671875 0.440625 0.02734375 0.03984375
0 0.746875 0.440625 0.03515625 0.03671875
0 0.84921875 0.42890625 0.03046875 0.02890625
0 0.57265625 0.43515625 0.03046875 0.021875
0 0.54765625 0.43359375 0.01953125 0.034375
0 0.45859375 0.43125 0.0234375 0.025
0 0.41484375 0.4296875 0.02265625 0.0390625
0 0.38359375 0.446875 0.02890625 0.034375
0 0.40703125 0.47421875 0.02578125 0.03671875
0 0.3828125 0.4921875 0.03046875 0.034375
0 0.3984375 0.51953125 0.02734375 0.0359375
0 0.26171875 0.50625 0.03515625 0.040625
0 0.265625 0.47265625 0.02421875 0.0359375
0 0.2765625 0.44375 0.02890625 0.02578125
0 0.34921875 0.409375 0.03515625 0.03515625
0 0.325 0.425 0.0265625 0.0296875
0 0.28203125 0.4109375 0.03359375 0.0359375
0 0.4765625 0.39921875 0.03046875 0.034375
0 0.23046875 0.43046875 0.0375 0.0296875
0 0.0859375 0.44453125 0.025 0.03515625
0 0.15859375 0.5671875 0.03046875 0.04140625
0 0.0671875 0.5 0.04296875 0.04609375
0 0.3265625 0.37578125 0.02421875 0.028125
0 0.6 0.41171875 0.03515625 0.03046875
0 0.2328125 0.48046875 0.0328125 0.04609375