0 0.04296875 0.96875 0.04375 0.06015625
0 0.02734375 0.9203125 0.0328125 0.03984375
0 0.07421875 0.878125 0.03984375 0.04921875
0 0.02578125 0.84921875 0.015625 0.03125
0 0.02421875 0.7625 0.04453125 0.05234375
0 0.04375 0.565625 0.04375 0.02890625
0 0.0359375 0.62265625 0.03046875 0.03359375
0 0.059375 0.6453125 0.03515625 0.02890625
0 0.04375 0.6859375 0.02421875 0.02109375
0 0.09453125 0.73203125 0.03671875 0.03125
0 0.08515625 0.69453125 0.04296875 0.0390625
0 0.14765625 0.67578125 0.0265625 0.021875
0 0.1375 0.77890625 0.0390625 0.04296875
0 0.17109375 0.8390625 0.0515625 0.0578125
0 0.21484375 0.9359375 0.02578125 0.04453125
0 0.2203125 0.8375 0.0375 0.0390625
0 0.246875 0.859375 0.0453125 0.05703125
0 0.27890625 0.8234375 0.02421875 0.0375
0 0.309375 0.96640625 0.0421875 0.04375
0 0.35703125 0.865625 0.04453125 0.059375
0 0.36171875 0.95 0.04765625 0.06328125
0 0.425 0.903125 0.03125 0.0390625
0 0.44453125 0.94921875 0.02734375 0.04453125
0 0.0421875 0.5203125 0.03046875 0.02890625
0 0.0875 0.53046875 0.02734375 0.025
0 0.13046875 0.540625 0.02578125 0.0234375
0 0.1609375 0.5765625 0.02421875 0.02734375
0 0.22421875 0.621875 0.02265625 0.0296875
0 0.228125 0.67890625 0.0203125 0.025
0 0.1765625 0.765625 0.025 0.0359375
0 0.27421875 0.73203125 0.03203125 0.03984375
0 0.23203125 0.74140625 0.0203125 0.02890625
0 0.209375 0.53671875 0.02734375 0.028125
0 0.2421875 0.53125 0.02734375 0.0203125
0 0.253125 0.509375 0.0234375 0.02890625
0 0.20625 0.5015625 0.0203125 0.02578125
0 0.1578125 0.45546875 0.0171875 0.02734375
0 0.12890625 0.4375 0.02109375 0.01796875
0 0.28984375 0.6046875 0.028125 0.02421875
0 0.27109375 0.54375 0.0265625 0.0265625
0 0.31015625 0.671875 0.034375 0.040625
0 0.3421875 0.69921875 0.02890625 0.03125
0 0.33828125 0.76171875 0.034375 0.03984375
0 0.38046875 0.7359375 0.0296875 0.0421875
0 0.3546875 0.653125 0.03046875 0.03828125
0 0.3390625 0.61953125 0.02578125 0.03046875
0 0.33828125 0.44140625 0.01484375 0.0234375
0 0.30078125 0.44375 0.01953125 0.021875
0 0.296875 0.42109375 0.0171875 0.01953125
0 0.25859375 0.4234375 0.021875 0.02109375
0 0.4046875 0.565625 0.01796875 0.0296875
0 0.41640625 0.58984375 0.02578125 0.03046875
0 0.4421875 0.48359375 0.0234375 0.02578125
0 0.378125 0.4828125 0.021875 0.01796875
0 0.3734375 0.4625 0.02109375 0.021875
0 0.39921875 0.40546875 0.01875 0.021875
0 0.4109375 0.66484375 0.025 0.0375
0 0.484375 0.63203125 0.03125 0.03515625
0 0.45703125 0.61484375 0.02265625 0.03203125
0 0.48203125 0.69453125 0.0203125 0.03671875
0 0.44296875 0.71015625 0.03828125 0.04296875
0 0.44140625 0.77734375 0.0328125 0.04453125
0 0.47890625 0.7984375 0.0328125 0.04765625
0 0.48515625 0.73984375 0.02578125 0.03671875
0 0.5359375 0.74140625 0.02734375 0.03203125
0 0.52421875 0.6828125 0.025 0.03046875
0 0.5 0.58828125 0.015625 0.0203125
0 0.51953125 0.59921875 0.01328125 0.0140625
0 0.5234375 0.58359375 0.0171875 0.0203125
0 0.475 0.43125 0.01953125 0.02109375
0 0.51484375 0.446875 0.02265625 0.01953125
0 0.53203125 0.4703125 0.021875 0.01953125
0 0.54375 0.93515625 0.03984375 0.0515625
0 0.63203125 0.95234375 0.0328125 0.05
0 0.68203125 0.91328125 0.0359375 0.0515625
0 0.6046875 0.76796875 0.028125 0.040625
0 0.5953125 0.73828125 0.01953125 0.02265625
0 0.67109375 0.75546875 0.0421875 0.04375
0 0.709375 0.8390625 0.03671875 0.05703125
0 0.7671875 0.91796875 0.03203125 0.04921875
0 0.76484375 0.98203125 0.03515625 0.0328125
0 0.80859375 0.9765625 0.0234375 0.03984375
0 0.81328125 0.9296875 0.01953125 0.034375
0 0.77421875 0.8296875 0.034375 0.05234375
0 0.81328125 0.81484375 0.03125 0.046875
0 0.85625 0.9375 0.03828125 0.0515625
0 0.9203125 0.91875 0.059375 0.06484375
0 0.97578125 0.978125 0.0390625 0.03984375
0 0.97890625 0.9234375 0.0421875 0.05625
0 0.92734375 0.8296875 0.0359375 0.040625
0 0.95859375 0.77578125 0.03515625 0.04453125
0 0.95625 0.73671875 0.0328125 0.040625
0 0.97265625 0.69140625 0.03203125 0.03359375
0 0.89140625 0.70078125 0.03671875 0.0515625
0 0.92109375 0.728125 0.01875 0.02109375
0 0.80703125 0.69375 0.0375 0.040625
0 0.7828125 0.71875 0.0296875 0.04453125
0 0.825 0.7640625 0.02421875 0.03203125
0 0.72890625 0.72578125 0.03046875 0.0359375
0 0.75625 0.765625 0.03359375 0.0421875
0 0.73046875 0.66328125 0.03671875 0.03359375
0 0.84375 0.6921875 0.021875 0.02890625
0 0.8953125 0.6328125 0.02421875 0.028125
0 0.940625 0.62421875 0.02421875 0.028125
0 0.97890625 0.5875 0.0203125 0.025
0 0.8953125 0.5875 0.021875 0.02265625
0 0.83359375 0.575 0.03046875 0.02734375
0 0.7859375 0.5703125 0.021875 0.0296875
0 0.74765625 0.58359375 0.02109375 0.02578125
0 0.71875 0.62109375 0.02421875 0.03125
0 0.6328125 0.55859375 0.02265625 0.03203125
0 0.6640625 0.5703125 0.028125 0.02734375
0 0.6015625 0.56484375 0.02578125 0.02421875
0 0.65390625 0.50546875 0.02421875 0.02734375
0 0.6859375 0.50078125 0.02734375 0.0265625
0 0.70546875 0.52734375 0.02734375 0.02265625
0 0.57109375 0.48515625 0.0265625 0.02734375
0 0.603125 0.47265625 0.0265625 0.02578125
0 0.66640625 0.453125 0.01953125 0.0203125
0 0.7328125 0.4921875 0.03046875 0.02578125
0 0.7328125 0.4625 0.02109375 0.0265625
0 0.77109375 0.43515625 0.0234375 0.02109375
0 0.87734375 0.4796875 0.01875 0.01953125