0 0.040625 0.94921875 0.040625 0.065625
0 0.05 0.846875 0.04296875 0.0515625
0 0.09296875 0.765625 0.03203125 0.03671875
0 0.04296875 0.8125 0.0453125 0.05078125
0 0.1296875 0.86640625 0.03515625 0.04453125
0 0.05703125 0.7421875 0.03203125 0.0359375
0 0.0234375 0.7234375 0.03515625 0.04140625
0 0.07578125 0.65703125 0.028125 0.0328125
0 0.0921875 0.69921875 0.02890625 0.0375
0 0.196875 0.97578125 0.01953125 0.03046875
0 0.21796875 0.94609375 0.03671875 0.05234375
0 0.28046875 0.91328125 0.03046875 0.04296875
0 0.290625 0.9734375 0.04140625 0.03828125
0 0.3421875 0.9328125 0.040625 0.05
0 0.32890625 0.85703125 0.034375 0.040625
0 0.3828125 0.8609375 0.03515625 0.05078125
0 0.3734375 0.94140625 0.02734375 0.046875
0 0.3890625 0.97734375 0.034375 0.0421875
0 0.54453125 0.9375 0.03984375 0.07109375
0 0.58671875 0.8921875 0.03515625 0.06171875
0 0.5578125 0.83203125 0.0296875 0.0578125
0 0.59609375 0.81484375 0.03359375 0.05703125
0 0.64140625 0.890625 0.02890625 0.04296875
0 0.8921875 0.98125 0.0328125 0.0359375
0 0.93125 0.96015625 0.04453125 0.04765625
0 0.83359375 0.90546875 0.02890625 0.040625
0 0.74765625 0.89140625 0.021875 0.03515625
0 0.7171875 0.91640625 0.0234375 0.0359375
0 0.7671875 0.92109375 0.03515625 0.05234375
0 0.78125 0.88125 0.01953125 0.02890625
0 0.6875 0.81328125 0.021875 0.03671875
0 0.63984375 0.7640625 0.025 0.04609375
0 0.80234375 0.93984375 0.02734375 0.05390625
0 0.8265625 0.84609375 0.02421875 0.0390625
0 0.73359375 0.74921875 0.028125 0.040625
0 0.69296875 0.6984375 0.03125 0.03671875
0 0.85234375 0.77890625 0.02734375 0.040625
0 0.81328125 0.75234375 0.0234375 0.02890625
0 0.79609375 0.71328125 0.01953125 0.0234375
0 0.775 0.68515625 0.02578125 0.0296875
0 0.9421875 0.79765625 0.02890625 0.03828125
0 0.98125 0.8234375 0.0375 0.0375
0 0.98125 0.7484375 0.034375 0.03125
0 0.9796875 0.7140625 0.0328125 0.034375
0 0.8296875 0.70390625 0.01875 0.03515625
0 0.84609375 0.66328125 0.03515625 0.03125
0 0.92578125 0.653125 0.0328125 0.03671875
0 0.890625 0.68203125 0.021875 0.02890625
0 0.93984375 0.70703125 0.03046875 0.03125
0 0.93125 0.62421875 0.04296875 0.0328125
0 0.78125 0.58203125 0.02734375 0.0265625
0 0.81171875 0.59921875 0.02421875 0.021875
0 0.85390625 0.603125 0.0265625 0.025
0 0.81953125 0.63203125 0.02734375 0.01875
0 0.78125 0.65234375 0.0203125 0.0265625
0 0.746875 0.6484375 0.0171875 0.0203125
0 0.78828125 0.4859375 0.02109375 0.02265625
0 0.88359375 0.81953125 0.0265625 0.034375
0 0.67734375 0.63046875 0.0234375 0.0390625
0 0.68671875 0.603125 0.021875 0.03046875
0 0.63984375 0.6265625 0.02421875 0.03125
0 0.65625 0.59453125 0.01796875 0.025
0 0.63359375 0.54453125 0.02734375 0.02734375
0 0.67265625 0.56953125 0.02578125 0.02890625
0 0.68984375 0.49921875 0.025 0.025
0 0.6703125 0.44921875 0.01875 0.01953125
0 0.62265625 0.4796875 0.02421875 0.01875
0 0.5984375 0.4359375 0.0234375 0.0296875
0 0.57109375 0.4515625 0.02109375 0.02265625
0 0.71796875 0.48359375 0.01953125 0.02734375
0 0.58125 0.7375 0.02265625 0.03515625
0 0.49296875 0.715625 0.028125 0.0328125
0 0.51640625 0.746875 0.03125 0.03828125
0 0.44609375 0.75703125 0.03203125 0.046875
0 0.4421875 0.82421875 0.03515625 0.04453125
0 0.38203125 0.790625 0.03203125 0.04296875
0 0.3203125 0.78125 0.02734375 0.0328125
0 0.30546875 0.76484375 0.0265625 0.02890625
0 0.3765625 0.72421875 0.034375 0.03515625
0 0.35078125 0.68046875 0.025 0.02890625
0 0.28515625 0.7015625 0.02421875 0.03203125
0 0.2515625 0.68046875 0.01953125 0.025
0 0.225 0.6953125 0.0265625 0.0328125
0 0.228125 0.7375 0.03046875 0.03203125
0 0.25625 0.78046875 0.01796875 0.03203125
0 0.1734375 0.709375 0.0328125 0.040625
0 0.19921875 0.66640625 0.02109375 0.03125
0 0.13671875 0.63984375 0.03359375 0.03359375
0 0.21015625 0.5921875 0.01953125 0.028125
0 0.13515625 0.596875 0.02421875 0.03203125
0 0.07109375 0.59453125 0.02890625 0.0390625
0 0.06484375 0.55546875 0.01640625 0.0296875
0 0.16328125 0.571875 0.0265625 0.02734375
0 0.1515625 0.55078125 0.02265625 0.01796875
0 0.16796875 0.51484375 0.0265625 0.025
0 0.13671875 0.521875 0.01484375 0.01953125
0 0.10625 0.54296875 0.02109375 0.0203125
0 0.253125 0.53671875 0.025 0.02734375
0 0.2484375 0.51171875 0.02734375 0.02734375
0 0.19375 0.5421875 0.02578125 0.02421875
0 0.35 0.62421875 0.03515625 0.02421875
0 0.4234375 0.63125 0.0265625 0.025
0 0.42578125 0.665625 0.02265625 0.02421875
0 0.59375 0.5203125 0.01484375 0.02109375
0 0.59765625 0.55703125 0.02109375 0.03125
0 0.5953125 0.596875 0.01328125 0.021875
0 0.58515625 0.62578125 0.025 0.0265625
0 0.515625 0.63515625 0.01640625 0.02890625
0 0.5578125 0.57890625 0.01484375 0.02265625
0 0.48515625 0.6296875 0.0203125 0.03359375
0 0.42109375 0.56171875 0.01875 0.02109375
0 0.3625 0.5359375 0.0265625 0.01796875
0 0.43984375 0.503125 0.0140625 0.0171875
0 0.55078125 0.4453125 0.01875 0.02265625
0 0.50234375 0.42421875 0.01953125 0.01796875
0 0.48046875 0.48203125 0.021875 0.02421875
0 0.4640625 0.609375 0.01796875 0.02578125
0 0.22109375 0.4109375 0.0203125 0.01953125
0 0.253125 0.42109375 0.0171875 0.01953125
0 0.221875 0.43984375 0.0203125 0.0140625
0 0.27109375 0.56640625 0.02578125 0.02890625
0 0.296875 0.56875 0.01953125 0.025
0 0.5671875 0.51953125 0.01953125 0.021875
0 0.3859375 0.41484375 0.0140625 0.02265625