0 0.04140625 0.9625 0.0625 0.075
0 0.1046875 0.9671875 0.046875 0.065625
0 0.1484375 0.91015625 0.04765625 0.06953125
0 0.196875 0.89765625 0.0578125 0.096875
0 0.14375 0.85546875 0.040625 0.06953125
0 0.16015625 0.8 0.06640625 0.0609375
0 0.08359375 0.778125 0.0359375 0.0515625
0 0.05703125 0.75078125 0.05078125 0.06875
0 0.0140625 0.70703125 0.028125 0.0515625
0 0.04375 0.62421875 0.0453125 0.046875
0 0.12109375 0.653125 0.0390625 0.0640625
0 0.153125 0.69140625 0.0390625 0.05
0 0.21796875 0.753125 0.0484375 0.06328125
0 0.24765625 0.78515625 0.05859375 0.05625
0 0.28515625 0.82734375 0.053125 0.06953125
0 0.21796875 0.96796875 0.0640625 0.0640625
0 0.14140625 0.9828125 0.0546875 0.034375
0 0.2859375 0.978125 0.06171875 0.04375
0 0.35703125 0.98671875 0.06171875 0.0265625
0 0.39140625 0.93203125 0.0765625 0.0796875
0 0.4515625 0.946875 0.04296875 0.05390625
0 0.503125 0.8609375 0.04453125 0.05546875
0 0.34765625 0.840625 0.0328125 0.0421875
0 0.3828125 0.8390625 0.0375 0.05390625
0 0.40859375 0.80390625 0.03046875 0.04375
0 0.35234375 0.79609375 0.0328125 0.04453125
0 0.303125 0.75234375 0.04375 0.06796875
0 0.259375 0.71328125 0.03984375 0.05625
0 0.2234375 0.67890625 0.03671875 0.05234375
0 0.26328125 0.63984375 0.03671875 0.040625
0 0.31640625 0.69765625 0.034375 0.040625
0 0.31328125 0.6578125 0.0453125 0.0515625
0 0.28203125 0.60390625 0.0375 0.0375
0 0.24296875 0.61484375 0.03125 0.0421875
0 0.2125 0.60234375 0.03203125 0.0375
0 0.19921875 0.58203125 0.03046875 0.03984375
0 0.17578125 0.56484375 0.025 0.0359375
0 0.33984375 0.58046875 0.0453125 0.0375
0 0.35859375 0.60703125 0.040625 0.0375
0 0.3640625 0.7171875 0.05703125 0.07265625
0 0.4125 0.6875 0.04921875 0.0671875
0 0.44609375 0.74921875 0.05 0.0734375
0 0.109375 0.55703125 0.034375 0.03671875
0 0.12734375 0.59453125 0.0390625 0.034375
0 0.159375 0.5015625 0.034375 0.03671875
0 0.3015625 0.5296875 0.05625 0.04375
0 0.3 0.4921875 0.03828125 0.02890625
0 0.25703125 0.515625 0.025 0.034375
0 0.26328125 0.48046875 0.028125 0.03515625
0 0.22734375 0.48984375 0.02890625 0.0453125
0 0.18125 0.490625 0.025 0.04140625
0 0.4046875 0.6078125 0.05703125 0.07109375
0 0.35 0.52421875 0.04375 0.0296875
0 0.33828125 0.55390625 0.028125 0.025
0 0.34296875 0.4875 0.034375 0.03203125
0 0.37578125 0.46015625 0.028125 0.03046875
0 0.43984375 0.55546875 0.053125 0.05859375
0 0.4421875 0.52109375 0.034375 0.04140625
0 0.4296875 0.48515625 0.01953125 0.03671875
0 0.44921875 0.4828125 0.02578125 0.03515625
0 0.47421875 0.48984375 0.04375 0.0234375
0 0.48828125 0.52265625 0.040625 0.028125
0 0.4953125 0.4953125 0.0328125 0.02578125
0 0.5109375 0.5515625 0.02734375 0.03359375
0 0.47890625 0.57265625 0.0265625 0.0390625
0 0.50546875 0.6 0.04140625 0.04375
0 0.46484375 0.67734375 0.04140625 0.0453125
0 0.475 0.64375 0.028125 0.0421875
0 0.496875 0.70078125 0.04296875 0.06328125
0 0.5125 0.746875 0.04765625 0.06484375
0 0.54921875 0.74765625 0.03828125 0.0625
0 0.58515625 0.87265625 0.0578125 0.08515625
0 0.63671875 0.8765625 0.0453125 0.07265625
0 0.68046875 0.88203125 0.0421875 0.06171875
0 0.6921875 0.96015625 0.07734375 0.0796875
0 0.6734375 0.8078125 0.05234375 0.05859375
0 0.62421875 0.68046875 0.05703125 0.05234375
0 0.62109375 0.62578125 0.0390625 0.04453125
0 0.634375 0.56875 0.03359375 0.0296875
0 0.6046875 0.53046875 0.0359375 0.03359375
0 0.57265625 0.571875 0.03046875 0.0296875
0 0.5515625 0.5078125 0.02421875 0.0265625
0 0.5671875 0.47578125 0.0296875 0.03125
0 0.61875 0.4953125 0.028125 0.03203125
0 0.640625 0.48203125 0.03515625 0.034375
0 0.665625 0.4546875 0.034375 0.040625
0 0.66171875 0.63125 0.03515625 0.04296875
0 0.6578125 0.5984375 0.0328125 0.03984375
0 0.69296875 0.60234375 0.0375 0.0390625
0 0.68515625 0.5734375 0.03671875 0.028125
0 0.70234375 0.553125 0.0296875 0.028125
0 0.7203125 0.515625 0.03203125 0.0375
0 0.73359375 0.56796875 0.0328125 0.04453125
0 0.7390625 0.69375 0.05234375 0.05546875
0 0.740625 0.6484375 0.04375 0.03203125
0 0.7453125 0.73671875 0.0265625 0.03125
0 0.71796875 0.78828125 0.05625 0.06640625
0 0.71171875 0.74765625 0.0421875 0.0515625
0 0.74296875 0.86875 0.0609375 0.08671875
0 0.80703125 0.85078125 0.053125 0.1
0 0.81015625 0.96953125 0.07890625 0.06015625
0 0.88984375 0.959375 0.03984375 0.05546875
0 0.85625 0.9484375 0.03203125 0.06953125
0 0.84921875 0.88359375 0.05625 0.0671875
0 0.89921875 0.846875 0.0640625 0.05703125
0 0.8 0.725 0.040625 0.0484375
0 0.77734375 0.6703125 0.0453125 0.04296875
0 0.846875 0.72421875 0.04296875 0.04453125
0 0.8671875 0.69296875 0.0484375 0.0359375
0 0.84453125 0.63671875 0.02890625 0.040625
0 0.79609375 0.5640625 0.03515625 0.0390625
0 0.86484375 0.61171875 0.0234375 0.03359375
0 0.90078125 0.615625 0.04453125 0.0390625
0 0.94453125 0.64296875 0.053125 0.04453125
0 0.9484375 0.69375 0.04140625 0.05859375
0 0.965625 0.7546875 0.02734375 0.03359375
0 0.9390625 0.76640625 0.021875 0.053125
0 0.90859375 0.7640625 0.0375 0.04140625
0 0.96875 0.84609375 0.05703125 0.0640625
0 0.9421875 0.90703125 0.04765625 0.0515625
0 0.95859375 0.9671875 0.07421875 0.065625
0 0.878125 0.5515625 0.04765625 0.03359375
0 0.91640625 0.54453125 0.02265625 0.03359375
0 0.821875 0.56171875 0.0296875 0.02578125
0 0.8234375 0.54296875 0.0234375 0.02890625
0 0.7765625 0.53984375 0.0328125 0.0328125
0 0.7921875 0.52265625 0.03046875 0.03515625
0 0.81171875 0.51171875 0.03125 0.03203125
0 0.82578125 0.496875 0.034375 0.03515625
0 0.86484375 0.49609375 0.03984375 0.04609375
0 0.759375 0.49296875 0.03203125 0.034375
0 0.725 0.44453125 0.028125 0.0390625
0 0.45625 0.434375 0.02734375 0.03515625
0 0.83125 0.46875 0.03671875 0.02265625
0 0.7796875 0.46015625 0.0296875 0.0375
0 0.80703125 0.4546875 0.02109375 0.03671875
0 0.55859375 0.44140625 0.04609375 0.0328125
0 0.32578125 0.43359375 0.03359375 0.03046875
0 0.41171875 0.4375 0.02578125 0.04453125