0 0.04921875 0.8640625 0.05703125 0.07578125
0 0.1390625 0.7921875 0.05 0.053125
0 0.209375 0.87265625 0.04140625 0.05625
0 0.2875 0.89296875 0.034375 0.0609375
0 0.3359375 0.85 0.0328125 0.05
0 0.378125 0.871875 0.02578125 0.078125
0 0.40703125 0.9765625 0.03671875 0.04609375
0 0.54921875 0.9765625 0.021875 0.04609375
0 0.65234375 0.96015625 0.0703125 0.0796875
0 0.76328125 0.96015625 0.04765625 0.0796875
0 0.74296875 0.8484375 0.02734375 0.059375
0 0.69609375 0.8375 0.0171875 0.04296875
0 0.72109375 0.81796875 0.02109375 0.03828125
0 0.6640625 0.74921875 0.02265625 0.04765625
0 0.625 0.8171875 0.03203125 0.040625
0 0.57734375 0.821875 0.03984375 0.04921875
0 0.528125 0.8578125 0.0390625 0.059375
0 0.584375 0.7546875 0.02421875 0.046875
0 0.54453125 0.76484375 0.02578125 0.0359375
0 0.6203125 0.69921875 0.02890625 0.05546875
0 0.7078125 0.69375 0.02734375 0.04375
0 0.66953125 0.6546875 0.02421875 0.06015625
0 0.7125 0.66640625 0.02578125 0.03125
0 0.62421875 0.58359375 0.01875 0.053125
0 0.5734375 0.5859375 0.025 0.0390625
0 0.509375 0.6921875 0.0390625 0.0328125
0 0.484375 0.6578125 0.025 0.0421875
0 0.4390625 0.69140625 0.03515625 0.0296875
0 0.44140625 0.76328125 0.04375 0.0484375
0 0.38125 0.79453125 0.02578125 0.034375
0 0.32890625 0.78671875 0.03671875 0.03984375
0 0.38125 0.72734375 0.02734375 0.0515625
0 0.3765625 0.66875 0.034375 0.0375
0 0.35390625 0.6328125 0.03125 0.034375
0 0.34296875 0.57890625 0.0296875 0.02734375
0 0.41953125 0.61796875 0.02578125 0.01796875
0 0.415625 0.578125 0.03046875 0.034375
0 0.46328125 0.578125 0.0421875 0.04765625
0 0.2828125 0.6484375 0.02265625 0.03671875
0 0.3109375 0.7140625 0.03671875 0.05546875
0 0.26171875 0.71640625 0.01953125 0.03515625
0 0.234375 0.68671875 0.0296875 0.04296875
0 0.23203125 0.64140625 0.025 0.02890625
0 0.178125 0.65546875 0.03203125 0.04765625
0 0.2 0.621875 0.0265625 0.03046875
0 0.14140625 0.59765625 0.03671875 0.04921875
0 0.103125 0.64765625 0.0359375 0.04140625
0 0.10390625 0.70859375 0.02734375 0.0328125
0 0.0578125 0.7625 0.04296875 0.0484375
0 0.065625 0.68515625 0.02578125 0.04296875
0 0.0296875 0.66484375 0.02734375 0.04453125
0 0.08125 0.61875 0.03671875 0.04765625
0 0.08125 0.55703125 0.03515625 0.02890625
0 0.13828125 0.55546875 0.028125 0.05390625
0 0.16796875 0.54140625 0.0296875 0.028125
0 0.20859375 0.546875 0.025 0.04765625
0 0.24921875 0.4734375 0.0265625 0.0328125
0 0.06875 0.51875 0.02421875 0.0375
0 0.85390625 0.8953125 0.02734375 0.065625
0 0.8828125 0.86328125 0.02578125 0.0484375
0 0.8078125 0.82421875 0.04296875 0.06640625
0 0.77421875 0.85703125 0.03125 0.05546875
0 0.753125 0.80703125 0.02890625 0.03984375
0 0.78828125 0.7046875 0.02578125 0.04765625
0 0.74609375 0.62890625 0.021875 0.0609375
0 0.7734375 0.66015625 0.0125 0.015625
0 0.7984375 0.64609375 0.02265625 0.03984375
0 0.8171875 0.615625 0.01328125 0.03125
0 0.89609375 0.609375 0.02265625 0.04453125
0 0.89609375 0.56953125 0.02578125 0.04296875
0 0.93203125 0.675 0.01328125 0.05078125
0 0.88046875 0.6671875 0.03671875 0.0375
0 0.94453125 0.7625 0.02734375 0.040625
0 0.95859375 0.93125 0.0484375 0.06640625
0 0.61640625 0.5046875 0.025 0.01796875
0 0.671875 0.5625 0.00859375 0.03359375
0 0.759375 0.54296875 0.0265625 0.03125
0 0.54609375 0.54140625 0.02578125 0.0421875
0 0.15234375 0.5125 0.0203125 0.025