0 0.25546875 0.79921875 0.04296875 0.05859375
0 0.540625 0.8640625 0.046875 0.0515625
0 0.66796875 0.9625 0.06484375 0.075
0 0.4640625 0.603125 0.021875 0.02734375
0 0.32421875 0.86484375 0.0453125 0.05859375
0 0.17890625 0.62109375 0.03515625 0.03359375
0 0.71640625 0.81171875 0.0359375 0.05390625
0 0.36796875 0.89453125 0.05078125 0.0703125
0 0.10625 0.53671875 0.03515625 0.03203125
0 0.3078125 0.70703125 0.040625 0.05234375
0 0.4515625 0.81796875 0.03828125 0.04765625
0 0.63046875 0.84296875 0.06171875 0.06875
0 0.3859375 0.48046875 0.0265625 0.0234375
0 0.18515625 0.7109375 0.04921875 0.0484375
0 0.49609375 0.46328125 0.0296875 0.0234375
0 0.44921875 0.52734375 0.02578125 0.02734375
0 0.79921875 0.59921875 0.028125 0.03515625
0 0.821875 0.94609375 0.046875 0.065625
0 0.5421875 0.4875 0.028125 0.03203125
0 0.821875 0.76875 0.046875 0.05859375
0 0.76640625 0.96171875 0.05390625 0.0765625
0 0.146875 0.534375 0.02890625 0.025
0 0.08828125 0.7171875 0.02890625 0.03984375
0 0.3390625 0.76796875 0.05546875 0.06484375
0 0.0625 0.8078125 0.03671875 0.0453125
0 0.73984375 0.49765625 0.03125 0.03125
0 0.10390625 0.91015625 0.03515625 0.0640625
0 0.5328125 0.8203125 0.03984375 0.04296875
0 0.93359375 0.77421875 0.05546875 0.06953125
0 0.04609375 0.96875 0.0546875 0.0625
0 0.83984375 0.87109375 0.03515625 0.046875
0 0.24375 0.6890625 0.04453125 0.046875
0 0.41015625 0.66640625 0.03515625 0.04140625
0 0.19375 0.83359375 0.03515625 0.05078125
0 0.79140625 0.80625 0.04296875 0.0640625
0 0.9421875 0.61875 0.0375 0.04453125
0 0.6484375 0.59375 0.03125 0.0328125
0 0.60859375 0.57578125 0.03203125 0.0390625
0 0.18984375 0.4078125 0.01953125 0.02265625
0 0.8609375 0.603125 0.03515625 0.034375
0 0.6765625 0.503125 0.03046875 0.03359375
0 0.8734375 0.76015625 0.03203125 0.05
0 0.74765625 0.609375 0.02734375 0.0328125
0 0.446875 0.73046875 0.03125 0.0421875
0 0.175 0.55 0.02578125 0.03515625
0 0.39140625 0.74765625 0.028125 0.04375
0 0.7015625 0.5421875 0.0359375 0.03515625
0 0.64140625 0.51328125 0.0296875 0.034375
0 0.7453125 0.8640625 0.0421875 0.0640625
0 0.4328125 0.41953125 0.0234375 0.0234375
0 0.6734375 0.43203125 0.0234375 0.02421875
0 0.43359375 0.609375 0.021875 0.03046875
0 0.2078125 0.48984375 0.021875 0.02890625
0 0.7421875 0.3453125 0.021875 0.0203125
0 0.2328125 0.64375 0.0328125 0.0390625
0 0.2203125 0.7484375 0.0359375 0.0421875
0 0.57578125 0.465625 0.03046875 0.028125
0 0.73984375 0.46171875 0.01875 0.02578125
0 0.5671875 0.58203125 0.0328125 0.0296875
0 0.0953125 0.64375 0.03359375 0.03515625
0 0.125 0.7859375 0.04453125 0.06015625
0 0.71796875 0.71796875 0.04453125 0.04375
0 0.009375 0.7703125 0.01875 0.040625
0 0.8109375 0.47890625 0.02265625 0.02421875
0 0.1640625 0.50546875 0.03046875 0.0328125
0 0.7078125 0.66015625 0.03203125 0.0328125
0 0.78984375 0.43203125 0.02890625 0.0265625
0 0.91953125 0.56875 0.03046875 0.0359375
0 0.1140625 0.49375 0.03125 0.03046875
0 0.32265625 0.57734375 0.02265625 0.0328125
0 0.38359375 0.8140625 0.03125 0.0515625
0 0.3703125 0.5203125 0.0171875 0.0265625
0 0.26875 0.46953125 0.040625 0.0359375
0 0.2765625 0.43203125 0.0203125 0.02421875
0 0.47890625 0.4390625 0.02265625 0.0203125
0 0.93359375 0.51484375 0.02890625 0.028125
0 0.8453125 0.45 0.02109375 0.02265625
0 0.36796875 0.4140625 0.02109375 0.02421875
0 0.8859375 0.41328125 0.025 0.028125
0 0.7484375 0.65 0.03515625 0.03125
0 0.3421875 0.5578125 0.0234375 0.0234375
0 0.6515625 0.46796875 0.025 0.01953125
0 0.35078125 0.39140625 0.0203125 0.0203125
0 0.9828125 0.81953125 0.02890625 0.0375
0 0.07109375 0.48359375 0.025 0.03203125
0 0.065625 0.44375 0.02578125 0.03046875
0 0.0125 0.5421875 0.02421875 0.0265625
0 0.9453125 0.6828125 0.04375 0.0453125
0 0.3140625 0.47890625 0.025 0.025
0 0.4359375 0.4703125 0.01484375 0.02109375
0 0.18671875 0.971875 0.0671875 0.05625
0 0.90390625 0.38359375 0.02578125 0.021875
0 0.83828125 0.475 0.025 0.02421875
0 0.234375 0.40390625 0.0171875 0.0203125
0 0.97890625 0.63046875 0.021875 0.02890625
0 0.9859375 0.9625 0.028125 0.0625
0 0.25625 0.56875 0.02890625 0.03671875
0 0.7828125 0.51875 0.03125 0.0296875
0 0.04296875 0.42265625 0.02578125 0.021875
0 0.92265625 0.4859375 0.028125 0.0265625
0 0.30703125 0.453125 0.01796875 0.0234375
0 0.44296875 0.58203125 0.01796875 0.02265625
0 0.84375 0.5359375 0.03203125 0.03203125
0 0.034375 0.5859375 0.0265625 0.03203125
0 0.01171875 0.503125 0.02265625 0.028125
0 0.80859375 0.70625 0.02734375 0.03515625
0 0.45390625 0.62265625 0.0171875 0.021875
0 0.35234375 0.68828125 0.02734375 0.0421875
0 0.91796875 0.34296875 0.02578125 0.021875
0 0.6109375 0.48359375 0.021875 0.01953125
0 0.865625 0.5546875 0.0234375 0.025
0 0.01875 0.93359375 0.03671875 0.0453125
0 0.23203125 0.43359375 0.0203125 0.02265625
0 0.33359375 0.60234375 0.025 0.0296875
0 0.65859375 0.45078125 0.021875 0.02109375
0 0.71328125 0.346875 0.01953125 0.01953125
0 0.41953125 0.36875 0.028125 0.03046875
0 0.4234375 0.33125 0.0171875 0.01796875
0 0.00703125 0.83828125 0.0140625 0.04765625
0 0.375 0.63671875 0.02421875 0.03984375
0 0.4890625 0.49765625 0.0234375 0.02578125
0 0.69453125 0.41796875 0.01875 0.0203125
0 0.86640625 0.33984375 0.01953125 0.0171875
0 0.34140625 0.3046875 0.021875 0.02578125
0 0.765625 0.41484375 0.02265625 0.02109375
0 0.74609375 0.38828125 0.02265625 0.0203125
0 0.88203125 0.47421875 0.02578125 0.02734375
0 0.96796875 0.55 0.0265625 0.02890625
0 0.5328125 0.4046875 0.0171875 0.03125
0 0.553125 0.38203125 0.02109375 0.025
0 0.06171875 0.915625 0.028125 0.0359375
0 0.03203125 0.73671875 0.021875 0.02890625
0 0.68984375 0.45703125 0.01953125 0.0296875
0 0.1125 0.43828125 0.021875 0.025
0 0.9921875 0.3875 0.01484375 0.02265625
0 0.88671875 0.64453125 0.03203125 0.03203125
0 0.66171875 0.615625 0.02109375 0.0234375
0 0.021875 0.3875 0.02109375 0.01796875
0 0.0046875 0.884375 0.00859375 0.0359375
0 0.753125 0.32421875 0.01796875 0.01875
0 0.28671875 0.3359375 0.015625 0.0203125
0 0.99453125 0.67109375 0.01015625 0.03984375
0 0.08828125 0.4921875 0.01796875 0.02265625
0 0.78671875 0.378125 0.02109375 0.01953125
0 0.99375 0.49609375 0.0109375 0.0296875
0 0.54765625 0.29140625 0.01796875 0.01796875
0 0.4953125 0.37421875 0.015625 0.01875
0 0.865625 0.3796875 0.01875 0.01953125
0 0.96484375 0.4671875 0.02578125 0.021875
0 0.221875 0.58046875 0.01875 0.025
0 0.60703125 0.27890625 0.01484375 0.0171875
0 0.2578125 0.41484375 0.01875 0.01875
0 0.94375 0.42890625 0.03359375 0.03125
0 0.76484375 0.36796875 0.021875 0.01796875
0 0.70234375 0.38515625 0.01953125 0.021875
0 0.690625 0.3296875 0.015625 0.0171875
0 0.909375 0.315625 0.01953125 0.0171875
0 0.8375 0.50390625 0.0234375 0.025
0 0.30703125 0.38359375 0.05078125 0.0296875
0 0.2046875 0.440625 0.02578125 0.02578125
0 0.40234375 0.39453125 0.03125 0.03359375
0 0.3890625 0.5640625 0.02734375 0.03359375
0 0.56953125 0.53203125 0.0453125 0.03671875
0 0.540625 0.4296875 0.0265625 0.03125
0 0.475 0.41328125 0.03203125 0.03515625
0 0.775 0.3484375 0.0234375 0.02578125
0 0.68046875 0.64140625 0.03203125 0.03203125