0 0.1203125 0.97421875 0.0484375 0.0515625
0 0.0734375 0.95078125 0.03046875 0.05546875
0 0.071875 0.77578125 0.04609375 0.06171875
0 0.08671875 0.696875 0.01796875 0.0359375
0 0.0671875 0.67734375 0.0296875 0.0359375
0 0.02421875 0.66328125 0.02890625 0.04609375
0 0.03984375 0.6109375 0.02421875 0.0625
0 0.0765625 0.62265625 0.03125 0.0328125
0 0.1125 0.6328125 0.025 0.03359375
0 0.109375 0.58359375 0.02109375 0.05
0 0.0859375 0.5625 0.0328125 0.04375
0 0.2421875 0.9421875 0.04375 0.08359375
0 0.328125 0.96484375 0.03203125 0.0703125
0 0.39140625 0.9203125 0.05625 0.08671875
0 0.40390625 0.8609375 0.05390625 0.0515625
0 0.32890625 0.87109375 0.03359375 0.05546875
0 0.2921875 0.80234375 0.04609375 0.0625
0 0.22890625 0.7828125 0.03828125 0.0453125
0 0.33671875 0.759375 0.03203125 0.05625
0 0.36953125 0.759375 0.02265625 0.034375
0 0.38671875 0.8046875 0.03046875 0.03984375
0 0.375 0.71875 0.03984375 0.04375
0 0.328125 0.70703125 0.028125 0.0234375
0 0.31328125 0.65625 0.03828125 0.05390625
0 0.28828125 0.59140625 0.03203125 0.0453125
0 0.24375 0.62734375 0.02109375 0.04140625
0 0.234375 0.5796875 0.021875 0.04453125
0 0.1828125 0.60234375 0.0359375 0.05390625
0 0.20234375 0.56015625 0.0171875 0.02734375
0 0.13984375 0.5390625 0.034375 0.0484375
0 0.14375 0.496875 0.0234375 0.040625
0 0.084375 0.503125 0.0359375 0.0359375
0 0.24375 0.425 0.034375 0.03203125
0 0.21328125 0.49296875 0.0328125 0.0640625
0 0.1625 0.43046875 0.03203125 0.0453125
0 0.33359375 0.525 0.0390625 0.0375
0 0.34453125 0.5640625 0.02890625 0.03828125
0 0.37265625 0.653125 0.03203125 0.04296875
0 0.37421875 0.60390625 0.02109375 0.04140625
0 0.43125 0.690625 0.04453125 0.06015625
0 0.5140625 0.7640625 0.02890625 0.0625
0 0.4703125 0.89765625 0.02265625 0.0671875
0 0.52109375 0.96171875 0.040625 0.05625
0 0.53984375 0.865625 0.0328125 0.0390625
0 0.63203125 0.86171875 0.0359375 0.0828125
0 0.56015625 0.740625 0.03984375 0.06796875
0 0.603125 0.72421875 0.034375 0.0453125
0 0.646875 0.6640625 0.021875 0.08359375
0 0.5703125 0.671875 0.01875 0.0421875
0 0.60078125 0.62421875 0.02421875 0.0453125
0 0.5296875 0.68359375 0.03125 0.05390625
0 0.4921875 0.61875 0.01953125 0.04375
0 0.47265625 0.59765625 0.028125 0.04140625
0 0.434375 0.6265625 0.0375 0.05
0 0.41953125 0.565625 0.0328125 0.03359375
0 0.41015625 0.52890625 0.025 0.0453125
0 0.4515625 0.521875 0.02890625 0.0328125
0 0.15390625 0.7171875 0.03984375 0.0453125
0 0.753125 0.91015625 0.0546875 0.1015625
0 0.7453125 0.97890625 0.03828125 0.04140625
0 0.84453125 0.96953125 0.03515625 0.06015625
0 0.94296875 0.96171875 0.03125 0.0671875
0 0.909375 0.97109375 0.03125 0.0578125
0 0.97578125 0.915625 0.03203125 0.07890625
0 0.97421875 0.86796875 0.04140625 0.05859375
0 0.871875 0.88515625 0.0484375 0.0890625
0 0.915625 0.83046875 0.03515625 0.065625
0 0.98671875 0.76484375 0.02109375 0.06953125
0 0.9671875 0.7234375 0.0296875 0.06796875
0 0.9046875 0.6734375 0.02890625 0.0609375
0 0.91640625 0.65546875 0.02578125 0.03515625
0 0.7609375 0.62734375 0.0234375 0.04375
0 0.67734375 0.75390625 0.02265625 0.04453125
0 0.7015625 0.72421875 0.01875 0.0515625
0 0.71796875 0.7375 0.03203125 0.0796875
0 0.74140625 0.76015625 0.0265625 0.05234375
0 0.76953125 0.7328125 0.03203125 0.053125
0 0.81875 0.79765625 0.03203125 0.05703125
0 0.65078125 0.5875 0.0328125 0.04609375
0 0.68828125 0.6203125 0.0140625 0.0375
0 0.74609375 0.58984375 0.01796875 0.03671875
0 0.77265625 0.58515625 0.0234375 0.04921875
0 0.859375 0.54921875 0.02734375 0.0390625
0 0.89765625 0.590625 0.02578125 0.0484375
0 0.765625 0.525 0.02578125 0.02734375
0 0.790625 0.559375 0.02421875 0.05
0 0.725 0.57109375 0.02265625 0.03671875
0 0.6546875 0.5078125 0.02578125 0.02578125
0 0.6078125 0.5234375 0.02421875 0.034375
0 0.60390625 0.46015625 0.02734375 0.046875
0 0.5609375 0.5234375 0.028125 0.02890625
0 0.53515625 0.43671875 0.02578125 0.03125
0 0.5625 0.440625 0.02890625 0.02734375
0 0.7375 0.49296875 0.0296875 0.03515625