0 0.09296875 0.81640625 0.0609375 0.05859375
0 0.18046875 0.9078125 0.05 0.05703125
0 0.21328125 0.984375 0.03125 0.03046875
0 0.30234375 0.8515625 0.046875 0.06953125
0 0.4265625 0.96328125 0.06171875 0.0734375
0 0.5109375 0.89140625 0.05625 0.0671875
0 0.6203125 0.89921875 0.04296875 0.07578125
0 0.66640625 0.765625 0.04140625 0.059375
0 0.85703125 0.95078125 0.0546875 0.06875
0 0.91953125 0.95390625 0.04140625 0.07421875
0 0.83515625 0.79140625 0.04609375 0.06484375
0 0.91484375 0.83515625 0.0390625 0.0453125
0 0.76953125 0.859375 0.02890625 0.06171875
0 0.634375 0.6703125 0.0390625 0.04921875
0 0.7234375 0.7109375 0.04921875 0.05859375
0 0.78203125 0.7015625 0.03359375 0.0375
0 0.784375 0.63515625 0.03984375 0.04609375
0 0.7703125 0.5734375 0.028125 0.0421875
0 0.7359375 0.5625 0.028125 0.03515625
0 0.5953125 0.63203125 0.03359375 0.03671875
0 0.6625 0.546875 0.03125 0.0375
0 0.73359375 0.47265625 0.02890625 0.02578125
0 0.6953125 0.471875 0.028125 0.0296875
0 0.5171875 0.5578125 0.0421875 0.05078125
0 0.4375 0.6171875 0.03515625 0.0390625
0 0.57421875 0.55234375 0.0234375 0.0265625
0 0.6265625 0.43203125 0.02265625 0.03125
0 0.565625 0.52578125 0.0265625 0.034375
0 0.465625 0.4 0.0234375 0.0234375
0 0.459375 0.4421875 0.0265625 0.02421875
0 0.378125 0.4953125 0.021875 0.025
0 0.31328125 0.55390625 0.0296875 0.0375
0 0.25078125 0.6625 0.046875 0.0484375
0 0.2578125 0.7109375 0.04375 0.03828125
0 0.11640625 0.76171875 0.0296875 0.04765625
0 0.20625 0.8203125 0.0390625 0.040625
0 0.2140625 0.7765625 0.05078125 0.0546875
0 0.0734375 0.71875 0.03359375 0.04296875
0 0.07109375 0.621875 0.046875 0.0421875
0 0.08515625 0.56796875 0.025 0.0296875
0 0.0453125 0.5484375 0.02421875 0.0265625
0 0.121875 0.56171875 0.028125 0.03125
0 0.17421875 0.5359375 0.0140625 0.0171875
0 0.2375 0.534375 0.0265625 0.02890625
0 0.33203125 0.65859375 0.0390625 0.06171875
0 0.34375 0.784375 0.03671875 0.03671875
0 0.3703125 0.80390625 0.04375 0.04609375
0 0.4625 0.79296875 0.046875 0.059375
0 0.459375 0.70859375 0.0375 0.05546875
0 0.55234375 0.759375 0.0578125 0.05
0 0.8046875 0.83515625 0.0546875 0.0578125
0 0.92265625 0.646875 0.03671875 0.0390625
0 0.753125 0.38125 0.02109375 0.02734375
0 0.59765625 0.4625 0.02109375 0.028125
0 0.82421875 0.48046875 0.03515625 0.03203125
0 0.428125 0.40703125 0.0265625 0.0234375
0 0.4046875 0.471875 0.0296875 0.021875
0 0.33671875 0.38828125 0.021875 0.025
0 0.296875 0.47421875 0.02109375 0.02734375
0 0.49140625 0.4234375 0.021875 0.028125
0 0.86875 0.45234375 0.03125 0.02734375
0 0.89296875 0.48515625 0.028125 0.02734375
0 0.878125 0.53671875 0.028125 0.02890625
0 0.5421875 0.43984375 0.02421875 0.02265625
0 0.53671875 0.40390625 0.02734375 0.025
0 0.32421875 0.515625 0.03125 0.0265625
0 0.87578125 0.65703125 0.0375 0.0375
0 0.89765625 0.7140625 0.03203125 0.0359375
0 0.83203125 0.6296875 0.03125 0.03515625
0 0.7203125 0.52421875 0.0296875 0.0296875
0 0.09375 0.49765625 0.03046875 0.03046875