0 0.22109375 0.8828125 0.040625 0.05390625
0 0.2515625 0.940625 0.021875 0.0421875
0 0.39453125 0.9625 0.04453125 0.06875
0 0.31640625 0.934375 0.04609375 0.065625
0 0.065625 0.9140625 0.03203125 0.04296875
0 0.0203125 0.8796875 0.03515625 0.05390625
0 0.15625 0.84296875 0.040625 0.05703125
0 0.19140625 0.7828125 0.0265625 0.04609375
0 0.22265625 0.825 0.0265625 0.0515625
0 0.28984375 0.83203125 0.03515625 0.04921875
0 0.2515625 0.80234375 0.0296875 0.040625
0 0.390625 0.86875 0.05078125 0.046875
0 0.46875 0.91640625 0.04609375 0.065625
0 0.44921875 0.7890625 0.034375 0.04453125
0 0.3578125 0.73203125 0.0375 0.03984375
0 0.36015625 0.73046875 0.040625 0.03984375
0 0.36640625 0.81171875 0.03359375 0.0375
0 0.1203125 0.74609375 0.0453125 0.0390625
0 0.171875 0.740625 0.03359375 0.0390625
0 0.053125 0.7734375 0.0375 0.0484375
0 0.05546875 0.6796875 0.0375 0.05078125
0 0.121875 0.6859375 0.03359375 0.0453125
0 0.20546875 0.6890625 0.02578125 0.03984375
0 0.25546875 0.58203125 0.028125 0.03671875
0 0.44765625 0.74375 0.0328125 0.0375
0 0.51484375 0.7453125 0.0234375 0.04765625
0 0.52421875 0.8640625 0.0328125 0.0453125
0 0.5515625 0.9078125 0.046875 0.0515625
0 0.625 0.89140625 0.0296875 0.0484375
0 0.68984375 0.92890625 0.0421875 0.0671875
0 0.75390625 0.84140625 0.0359375 0.05625
0 0.80234375 0.91484375 0.03359375 0.05625
0 0.90546875 0.9296875 0.0328125 0.05859375
0 0.84609375 0.82109375 0.03046875 0.05078125
0 0.87890625 0.8671875 0.025 0.04375
0 0.9203125 0.8546875 0.025 0.05
0 0.940625 0.8 0.0421875 0.05625
0 0.8515625 0.68515625 0.03515625 0.04765625
0 0.89375 0.70703125 0.03671875 0.034375
0 0.73203125 0.66953125 0.03671875 0.03828125
0 0.63046875 0.740625 0.02734375 0.03515625
0 0.59921875 0.68046875 0.021875 0.03125
0 0.6859375 0.63671875 0.03515625 0.03671875
0 0.74453125 0.571875 0.0328125 0.03828125
0 0.690625 0.7453125 0.03671875 0.03984375
0 0.74453125 0.7109375 0.028125 0.040625
0 0.6421875 0.65 0.02890625 0.03359375
0 0.4421875 0.653125 0.03359375 0.0375
0 0.25078125 0.7140625 0.03515625 0.02890625
0 0.146875 0.63125 0.03515625 0.02890625
0 0.15703125 0.6625 0.034375 0.03515625
0 0.1 0.61640625 0.03046875 0.034375
0 0.20234375 0.540625 0.03046875 0.0359375
0 0.26328125 0.46953125 0.0265625 0.03203125
0 0.340625 0.4375 0.02265625 0.02265625
0 0.30546875 0.6546875 0.02578125 0.0328125
0 0.5890625 0.50234375 0.021875 0.0359375
0 0.61328125 0.5140625 0.02734375 0.034375
0 0.85390625 0.55546875 0.028125 0.03828125
0 0.7796875 0.64765625 0.02578125 0.040625
0 0.80703125 0.70703125 0.0234375 0.0375
0 0.815625 0.77109375 0.02265625 0.034375
0 0.4078125 0.465625 0.01875 0.034375
0 0.45 0.51796875 0.0234375 0.0359375
0 0.5109375 0.5546875 0.0328125 0.0359375
0 0.35 0.665625 0.0265625 0.0359375
0 0.23203125 0.49140625 0.02578125 0.0265625
0 0.22890625 0.45859375 0.0234375 0.028125
0 0.05390625 0.6328125 0.025 0.04296875
0 0.640625 0.60234375 0.0296875 0.0359375
0 0.609375 0.59921875 0.028125 0.0328125
0 0.6421875 0.49609375 0.025 0.034375
0 0.66953125 0.54609375 0.03046875 0.03046875
0 0.75 0.98125 0.03203125 0.03671875
0 0.50703125 0.4890625 0.0234375 0.025
0 0.38046875 0.615625 0.03671875 0.028125