0 0.0640625 0.95078125 0.0734375 0.09765625
0 0.01484375 0.90625 0.0296875 0.071875
0 0.07421875 0.85703125 0.0875 0.08671875
0 0.121875 0.90625 0.04140625 0.075
0 0.13046875 0.97109375 0.06953125 0.0578125
0 0.190625 0.9609375 0.08515625 0.078125
0 0.17109375 0.8828125 0.06328125 0.06171875
0 0.1515625 0.85390625 0.03359375 0.0515625
0 0.18125 0.8078125 0.0390625 0.03671875
0 0.22109375 0.80078125 0.0515625 0.065625
0 0.24140625 0.8703125 0.07109375 0.06796875
0 0.28828125 0.890625 0.07578125 0.07265625
0 0.28984375 0.9625 0.07109375 0.075
0 0.02421875 0.7578125 0.04765625 0.05859375
0 0.04453125 0.65703125 0.04921875 0.0484375
0 0.09375 0.69140625 0.04140625 0.0453125
0 0.14765625 0.60625 0.04140625 0.0484375
0 0.078125 0.58203125 0.0375 0.0390625
0 0.01953125 0.62578125 0.03046875 0.05546875
0 0.18515625 0.71953125 0.04609375 0.05625
0 0.175 0.7671875 0.034375 0.053125
0 0.3609375 0.95859375 0.0359375 0.0421875
0 0.35703125 0.8953125 0.05703125 0.07421875
0 0.38984375 0.82734375 0.05234375 0.07421875
0 0.446875 0.83984375 0.05 0.0578125
0 0.4453125 0.9140625 0.0421875 0.05625
0 0.4578125 0.9703125 0.0921875 0.059375
0 0.3828125 0.75390625 0.0359375 0.04296875
0 0.35859375 0.71796875 0.02265625 0.03828125
0 0.303125 0.74609375 0.046875 0.05859375
0 0.26484375 0.71953125 0.04375 0.07109375
0 0.2375 0.684375 0.03359375 0.05859375
0 0.31328125 0.678125 0.0390625 0.0546875
0 0.27109375 0.6515625 0.0359375 0.05546875
0 0.2390625 0.62578125 0.02265625 0.04296875
0 0.2703125 0.5953125 0.0359375 0.0359375
0 0.25703125 0.5703125 0.02578125 0.0328125
0 0.228125 0.56171875 0.03046875 0.03671875
0 0.21953125 0.54140625 0.02578125 0.03515625
0 0.29375 0.5640625 0.0484375 0.03515625
0 0.32421875 0.63515625 0.04375 0.0296875
0 0.32578125 0.603125 0.0390625 0.03984375
0 0.3671875 0.6546875 0.04375 0.04765625
0 0.40859375 0.62421875 0.04609375 0.04765625
0 0.4421875 0.68046875 0.04375 0.0484375
0 0.4046875 0.721875 0.03046875 0.03828125
0 0.4890625 0.7734375 0.03203125 0.04609375
0 0.125 0.51875 0.04140625 0.0296875
0 0.17578125 0.478125 0.0296875 0.03359375
0 0.3078125 0.496875 0.040625 0.0328125
0 0.3046875 0.4625 0.034375 0.03359375
0 0.3625 0.5625 0.021875 0.03203125
0 0.34453125 0.54375 0.034375 0.03828125
0 0.409375 0.56171875 0.0359375 0.053125
0 0.43203125 0.528125 0.0296875 0.03359375
0 0.44140625 0.4875 0.02890625 0.0359375
0 0.4703125 0.53125 0.028125 0.03515625
0 0.4796875 0.4859375 0.03984375 0.02890625
0 0.49375 0.559375 0.0421875 0.03671875
0 0.49765625 0.51015625 0.0296875 0.0265625
0 0.47734375 0.58828125 0.0390625 0.03203125
0 0.4578125 0.6171875 0.034375 0.04296875
0 0.49453125 0.68046875 0.040625 0.05234375
0 0.48671875 0.6421875 0.03046875 0.0359375
0 0.53203125 0.6828125 0.0390625 0.04453125
0 0.56171875 0.78203125 0.05 0.07265625
0 0.58671875 0.903125 0.04140625 0.0515625
0 0.35546875 0.49453125 0.04609375 0.02578125
0 0.35234375 0.46171875 0.0296875 0.0234375
0 0.265625 0.48515625 0.028125 0.03828125
0 0.46875 0.45625 0.028125 0.03828125
0 0.43828125 0.45234375 0.034375 0.03828125
0 0.45 0.41484375 0.02109375 0.0265625
0 0.55546875 0.53203125 0.03515625 0.028125
0 0.59140625 0.49921875 0.03515625 0.03359375
0 0.54296875 0.4765625 0.034375 0.0265625
0 0.603125 0.7796875 0.04375 0.0546875
0 0.6515625 0.859375 0.065625 0.08828125
0 0.6609375 0.94609375 0.05859375 0.07734375
0 0.64296875 0.7890625 0.0484375 0.06171875
0 0.63671875 0.73359375 0.04765625 0.0515625
0 0.6046875 0.62734375 0.0390625 0.0484375
0 0.6015625 0.5765625 0.03671875 0.04609375
0 0.61328125 0.5265625 0.0359375 0.0328125
0 0.6375 0.584375 0.02578125 0.02890625
0 0.63359375 0.55390625 0.02578125 0.03203125
0 0.6640625 0.553125 0.02734375 0.03984375
0 0.67578125 0.51875 0.03671875 0.03515625
0 0.62265625 0.45078125 0.03125 0.0265625
0 0.59921875 0.4609375 0.028125 0.0390625
0 0.54921875 0.44765625 0.0296875 0.0328125
0 0.70390625 0.90703125 0.05078125 0.075
0 0.7609375 0.86328125 0.05 0.09296875
0 0.7109375 0.78203125 0.05703125 0.08828125
0 0.68203125 0.71640625 0.053125 0.05546875
0 0.6828125 0.67578125 0.03515625 0.04140625
0 0.70625 0.63671875 0.0453125 0.04140625
0 0.70859375 0.5984375 0.02734375 0.0328125
0 0.75234375 0.66328125 0.04765625 0.04609375
0 0.7421875 0.6109375 0.04609375 0.02578125
0 0.7578125 0.7671875 0.04765625 0.0640625
0 0.8015625 0.78515625 0.04140625 0.05859375
0 0.80625 0.8578125 0.07734375 0.04921875
0 0.7921875 0.9125 0.0390625 0.06171875
0 0.803125 0.96875 0.06015625 0.06171875
0 0.8640625 0.96796875 0.07421875 0.0640625
0 0.978125 0.95078125 0.04375 0.0671875
0 0.9421875 0.91328125 0.06484375 0.075
0 0.8953125 0.8640625 0.0703125 0.07578125
0 0.875 0.8015625 0.0421875 0.04921875
0 0.8359375 0.75390625 0.0546875 0.06484375
0 0.90234375 0.75625 0.05859375 0.065625
0 0.95390625 0.79453125 0.06640625 0.05234375
0 0.98515625 0.76640625 0.0296875 0.03984375
0 0.97578125 0.7296875 0.04765625 0.04296875
0 0.98359375 0.83984375 0.0328125 0.0515625
0 0.903125 0.6828125 0.040625 0.0515625
0 0.878125 0.6921875 0.02109375 0.0421875
0 0.85078125 0.68828125 0.0375 0.0328125
0 0.959375 0.68828125 0.0515625 0.04296875
0 0.971875 0.6546875 0.05 0.0390625
0 0.89609375 0.6359375 0.04453125 0.0484375
0 0.8015625 0.65859375 0.03828125 0.0421875
0 0.825 0.634375 0.0359375 0.03203125
0 0.79921875 0.58984375 0.0390625 0.04296875
0 0.85390625 0.57109375 0.0390625 0.03671875
0 0.88984375 0.59296875 0.06015625 0.04140625
0 0.9484375 0.57265625 0.05078125 0.0390625
0 0.7609375 0.52421875 0.0296875 0.03984375
0 0.64609375 0.42265625 0.0296875 0.04609375
0 0.72734375 0.4625 0.03046875 0.0359375
0 0.834375 0.5078125 0.03203125 0.0359375
0 0.27890625 0.428125 0.028125 0.02890625