0 0.40625 0.93046875 0.0453125 0.065625
0 0.36328125 0.90390625 0.0390625 0.05078125
0 0.76875 0.9734375 0.046875 0.053125
0 0.82265625 0.96796875 0.040625 0.05546875
0 0.296875 0.83984375 0.03984375 0.05625
0 0.48359375 0.85390625 0.03671875 0.0453125
0 0.725 0.84140625 0.03125 0.04765625
0 0.65078125 0.87890625 0.05234375 0.06015625
0 0.40625 0.52265625 0.02578125 0.02421875
0 0.2265625 0.75546875 0.04453125 0.04609375
0 0.80234375 0.63984375 0.02578125 0.03125
0 0.6890625 0.97734375 0.0546875 0.0453125
0 0.21875 0.66875 0.03359375 0.03515625
0 0.14296875 0.57890625 0.0328125 0.03125
0 0.21484375 0.45078125 0.02109375 0.02421875
0 0.28359375 0.73359375 0.03984375 0.04609375
0 0.375 0.81015625 0.046875 0.0578125
0 0.7421875 0.50390625 0.0171875 0.025
0 0.6203125 0.61796875 0.03046875 0.03671875
0 0.79453125 0.83984375 0.03828125 0.05703125
0 0.56484375 0.896875 0.0375 0.0484375
0 0.12109375 0.84453125 0.03203125 0.03828125
0 0.934375 0.659375 0.0328125 0.03984375
0 0.34296875 0.74765625 0.034375 0.04453125
0 0.64921875 0.55625 0.03046875 0.03515625
0 0.47421875 0.775 0.0296875 0.03828125
0 0.1765625 0.82734375 0.0375 0.0484375
0 0.92890625 0.809375 0.046875 0.06640625
0 0.42578125 0.78984375 0.02578125 0.03984375
0 0.85703125 0.64375 0.034375 0.03359375
0 0.82265625 0.803125 0.04453125 0.053125
0 0.16484375 0.95 0.0328125 0.06015625
0 0.75546875 0.89609375 0.0375 0.05390625
0 0.2640625 0.78828125 0.034375 0.0421875
0 0.75625 0.65234375 0.02421875 0.028125
0 0.13359375 0.7625 0.02734375 0.03984375
0 0.04609375 0.88203125 0.03671875 0.06015625
0 0.68203125 0.54765625 0.02734375 0.0328125
0 0.909375 0.61015625 0.028125 0.03203125
0 0.55390625 0.53203125 0.0265625 0.03125
0 0.13984375 0.68671875 0.03125 0.034375
0 0.78828125 0.46875 0.02890625 0.025
0 0.7421875 0.540625 0.03203125 0.0296875
0 0.24296875 0.8765625 0.0328125 0.05234375
0 0.4375 0.71015625 0.03203125 0.03984375
0 0.87109375 0.796875 0.03046875 0.0453125
0 0.5859375 0.509375 0.0296875 0.02734375
0 0.72890625 0.7578125 0.040625 0.03828125
0 0.55625 0.8546875 0.02890625 0.03671875
0 0.48984375 0.64921875 0.01953125 0.0234375
0 0.29765625 0.47734375 0.0203125 0.02421875
0 0.70859375 0.5796875 0.03515625 0.0328125
0 0.51171875 0.50859375 0.0265625 0.0234375
0 0.45 0.459375 0.02421875 0.025
0 0.209375 0.59609375 0.025 0.03359375
0 0.46796875 0.56953125 0.0234375 0.02734375
0 0.075 0.46171875 0.025 0.025
0 0.4796875 0.6671875 0.01796875 0.02265625
0 0.26875 0.6890625 0.02890625 0.0375
0 0.840625 0.48984375 0.01875 0.02265625
0 0.84140625 0.90234375 0.02734375 0.0421875
0 0.67890625 0.47109375 0.02265625 0.02421875
0 0.71484375 0.703125 0.0296875 0.0328125
0 0.88046875 0.45 0.02421875 0.02734375
0 0.58125 0.62734375 0.028125 0.0296875
0 0.6578125 0.6328125 0.03125 0.034375
0 0.19296875 0.5515625 0.0265625 0.0296875
0 0.45703125 0.6546875 0.02109375 0.0265625
0 0.4234375 0.84765625 0.0265625 0.0421875
0 0.809375 0.51640625 0.02265625 0.02421875
0 0.9765625 0.97734375 0.04375 0.0453125
0 0.97109375 0.84765625 0.02265625 0.028125
0 0.0640625 0.81484375 0.0234375 0.0328125
0 0.96953125 0.6703125 0.01953125 0.02578125
0 0.3703125 0.603125 0.02109375 0.02265625
0 0.371875 0.43515625 0.02109375 0.0203125
0 0.034375 0.7609375 0.0296875 0.0375
0 0.7546875 0.68671875 0.0296875 0.0265625
0 0.178125 0.5765625 0.02734375 0.0234375
0 0.14765625 0.540625 0.02421875 0.02734375
0 0.10234375 0.48828125 0.021875 0.03125
0 0.92578125 0.55546875 0.02734375 0.02578125
0 0.49296875 0.48359375 0.02265625 0.021875
0 0.05390625 0.5828125 0.034375 0.02890625
0 0.34921875 0.62421875 0.01953125 0.02890625
0 0.85859375 0.59609375 0.021875 0.0234375
0 0.9359375 0.71953125 0.034375 0.03984375
0 0.2875 0.61328125 0.025 0.03203125
0 0.259375 0.478125 0.01875 0.021875
0 0.39296875 0.565625 0.01796875 0.02578125
0 0.784375 0.56015625 0.0296875 0.02734375
0 0.74296875 0.384375 0.01953125 0.01953125
0 0.08984375 0.9734375 0.04296875 0.0484375
0 0.715625 0.3875 0.01953125 0.01796875
0 0.065625 0.92890625 0.02890625 0.03359375
0 0.384375 0.73203125 0.02734375 0.04140625
0 0.453125 0.51484375 0.0140625 0.02109375
0 0.05 0.55078125 0.02890625 0.0328125
0 0.953125 0.50703125 0.02578125 0.02421875
0 0.009375 0.89140625 0.01875 0.03984375
0 0.89921875 0.4234375 0.02421875 0.021875
0 0.91796875 0.52265625 0.025 0.0234375
0 0.83984375 0.5734375 0.02890625 0.0296875
0 0.54375 0.44453125 0.01640625 0.028125
0 0.56328125 0.4234375 0.0203125 0.0265625
0 0.07734375 0.63046875 0.0265625 0.03359375
0 0.2578125 0.4484375 0.01875 0.01953125
0 0.9546875 0.58671875 0.02578125 0.02890625
0 0.3359375 0.521875 0.02265625 0.02578125
0 0.84296875 0.51640625 0.0234375 0.01953125
0 0.9875 0.7125 0.02421875 0.04375
0 0.66484375 0.4921875 0.02109375 0.021875
0 0.23515625 0.5359375 0.01875 0.02578125
0 0.61953125 0.52265625 0.02109375 0.01875
0 0.4640625 0.62734375 0.01875 0.02265625
0 0.6578125 0.51640625 0.021875 0.01875
0 0.69375 0.3703125 0.01796875 0.0171875
0 0.14296875 0.48203125 0.0203125 0.02421875
0 0.40234375 0.68671875 0.02265625 0.0390625
0 0.6703125 0.65859375 0.01875 0.02421875
0 0.9078125 0.38125 0.02265625 0.02109375
0 0.809375 0.73984375 0.02578125 0.03671875
0 0.01640625 0.61328125 0.0328125 0.0640625
0 0.009375 0.57265625 0.01796875 0.025
0 0.50859375 0.540625 0.02109375 0.0265625
0 0.33203125 0.49765625 0.01796875 0.021875
0 0.8765625 0.5140625 0.021875 0.025
0 0.83515625 0.5375 0.02421875 0.02265625
0 0.38203125 0.4546875 0.01953125 0.021875
0 0.125 0.98671875 0.0453125 0.0265625
0 0.121875 0.54140625 0.0171875 0.021875
0 0.35390625 0.3453125 0.021875 0.0265625
0 0.36328125 0.65234375 0.02421875 0.0296875
0 0.74765625 0.43203125 0.0234375 0.02265625
0 0.4703125 0.51171875 0.01640625 0.01953125
0 0.05390625 0.43125 0.01953125 0.01875
0 0.9921875 0.86796875 0.015625 0.03828125
0 0.7859375 0.41953125 0.02109375 0.0203125
0 0.55 0.3140625 0.0171875 0.0171875
0 0.6984375 0.45546875 0.01875 0.021875
0 0.109375 0.53125 0.01640625 0.02421875
0 0.70625 0.4265625 0.01796875 0.02109375
0 0.88359375 0.6828125 0.0296875 0.03125
0 0.03515625 0.9765625 0.04453125 0.046875
0 0.12734375 0.94921875 0.02265625 0.0390625
0 0.93125 0.465625 0.03046875 0.028125
0 0.4359375 0.371875 0.015625 0.02109375
0 0.4203125 0.43828125 0.01796875 0.02109375
0 0.62890625 0.33203125 0.015625 0.0171875
0 0.76484375 0.40546875 0.0234375 0.01953125
0 0.553125 0.33203125 0.01640625 0.01796875
0 0.6953125 0.50078125 0.0171875 0.025
0 0.8578125 0.378125 0.01953125 0.01796875
0 0.775 0.3859375 0.01640625 0.0171875
0 0.278125 0.45546875 0.01875 0.01875
0 0.68359375 0.390625 0.01875 0.01796875
0 0.23984375 0.98828125 0.0515625 0.0234375
0 0.7484375 0.359375 0.01875 0.01875
0 0.553125 0.47265625 0.0171875 0.0203125
0 0.5171875 0.390625 0.0171875 0.0171875
0 0.00625 0.71171875 0.01171875 0.03203125
0 0.25703125 0.6265625 0.01953125 0.021875
0 0.9953125 0.90703125 0.0078125 0.03828125
0 0.29921875 0.37734375 0.01640625 0.0203125
0 0.78203125 0.3640625 0.01796875 0.0171875
0 0.60859375 0.35546875 0.01640625 0.0171875
0 0.1078125 0.44296875 0.0234375 0.02265625
0 0.49140625 0.7328125 0.0171875 0.025
0 0.50625 0.41640625 0.01484375 0.01796875
0 0.41484375 0.41640625 0.0171875 0.0203125
0 0.41328125 0.61328125 0.03203125 0.03203125
0 0.32578125 0.421875 0.040625 0.03515625
0 0.22890625 0.4859375 0.01953125 0.028125
0 0.578125 0.57578125 0.04296875 0.03203125