0 0.390625 0.80078125 0.05 0.0546875
0 0.29140625 0.77421875 0.04609375 0.0375
0 0.3671875 0.753125 0.03984375 0.03203125
0 0.44375 0.73203125 0.03359375 0.02734375
0 0.51640625 0.796875 0.03515625 0.0375
0 0.54296875 0.83203125 0.02734375 0.04375
0 0.625 0.91640625 0.040625 0.0625
0 0.3578125 0.6828125 0.0296875 0.025
0 0.1734375 0.784375 0.03828125 0.034375
0 0.2296875 0.815625 0.05390625 0.05078125
0 0.08359375 0.84140625 0.03359375 0.034375
0 0.0265625 0.90546875 0.05234375 0.06796875
0 0.03984375 0.93359375 0.04609375 0.04765625
0 0.11875 0.96328125 0.05234375 0.046875
0 0.07890625 0.76171875 0.0453125 0.0390625
0 0.0203125 0.7921875 0.040625 0.0390625
0 0.13671875 0.69375 0.03671875 0.03671875
0 0.44375 0.690625 0.0328125 0.03203125
0 0.265625 0.5796875 0.02890625 0.03125
0 0.25859375 0.55078125 0.03125 0.025
0 0.165625 0.6171875 0.03125 0.02890625
0 0.1578125 0.5953125 0.02890625 0.02890625
0 0.11328125 0.57734375 0.03359375 0.034375
0 0.0703125 0.64140625 0.03984375 0.03515625
0 0.06796875 0.59765625 0.01953125 0.02109375
0 0.0734375 0.7203125 0.03828125 0.040625
0 0.19453125 0.72890625 0.0421875 0.02265625
0 0.2265625 0.76796875 0.03515625 0.03203125
0 0.2609375 0.7484375 0.028125 0.02109375
0 0.39453125 0.8828125 0.04296875 0.05625
0 0.39296875 0.9625 0.06328125 0.06640625
0 0.334375 0.96015625 0.040625 0.04453125
0 0.4578125 0.9296875 0.04453125 0.0515625
0 0.46484375 0.8421875 0.03828125 0.06875
0 0.43828125 0.61171875 0.02890625 0.03359375
0 0.18359375 0.69140625 0.028125 0.01953125
0 0.1328125 0.64453125 0.03828125 0.03359375
0 0.2125 0.64375 0.02734375 0.02890625
0 0.328125 0.87109375 0.03203125 0.0328125
0 0.31953125 0.8515625 0.04296875 0.02265625
0 0.25546875 0.6671875 0.02734375 0.01796875
0 0.259375 0.865625 0.02578125 0.0328125
0 0.728125 0.915625 0.02734375 0.0625
0 0.62109375 0.9875 0.0109375 0.02421875
0 0.690625 0.9921875 0.01328125 0.015625
0 0.58203125 0.94140625 0.04453125 0.06640625
0 0.671875 0.8546875 0.03046875 0.04765625
0 0.609375 0.82421875 0.02890625 0.03828125
0 0.73125 0.778125 0.0375 0.0375
0 0.81953125 0.7640625 0.03671875 0.03046875
0 0.90234375 0.73984375 0.04296875 0.03671875
0 0.95234375 0.75859375 0.0296875 0.025
0 0.884375 0.784375 0.021875 0.0328125
0 0.84921875 0.79765625 0.025 0.028125
0 0.9078125 0.83828125 0.05 0.04140625
0 0.91640625 0.88046875 0.03515625 0.04453125
0 0.909375 0.6640625 0.03828125 0.0234375
0 0.82578125 0.6375 0.03359375 0.02890625
0 0.7796875 0.840625 0.03671875 0.04609375
0 0.8671875 0.85 0.0265625 0.0359375
0 0.8796875 0.8796875 0.03046875 0.0421875
0 0.88984375 0.9625 0.0296875 0.03828125
0 0.67578125 0.68984375 0.0421875 0.028125
0 0.59375 0.71953125 0.021875 0.0359375
0 0.61484375 0.68359375 0.0328125 0.0265625
0 0.50625 0.69140625 0.02265625 0.0390625
0 0.30703125 0.6140625 0.02265625 0.02578125
0 0.278125 0.64609375 0.03828125 0.0265625
0 0.27734375 0.61796875 0.028125 0.02421875
0 0.66796875 0.59609375 0.034375 0.028125
0 0.71328125 0.62578125 0.03359375 0.0296875
0 0.71484375 0.690625 0.0328125 0.0328125
0 0.72421875 0.6625 0.03046875 0.028125
0 0.68984375 0.6515625 0.034375 0.025
0 0.75625 0.61171875 0.02578125 0.02265625
0 0.62578125 0.609375 0.03125 0.02890625
0 0.5875 0.634375 0.02421875 0.015625
0 0.6234375 0.65390625 0.03125 0.01796875
0 0.5515625 0.62890625 0.034375 0.0171875
0 0.48984375 0.6703125 0.03984375 0.0296875
0 0.53984375 0.703125 0.0171875 0.03671875
0 0.453125 0.659375 0.034375 0.01953125
0 0.50234375 0.521875 0.03671875 0.0203125
0 0.38828125 0.60625 0.028125 0.01875
0 0.38203125 0.58046875 0.034375 0.01640625
0 0.35078125 0.625 0.0265625 0.015625
0 0.93046875 0.9828125 0.03828125 0.034375
0 0.98359375 0.71953125 0.0328125 0.0234375
0 0.98828125 0.6875 0.0234375 0.03125
0 0.959375 0.6390625 0.03359375 0.028125
0 0.86953125 0.6984375 0.03359375 0.01875
0 0.86171875 0.6609375 0.03359375 0.02890625
0 0.83125 0.72421875 0.034375 0.03671875
0 0.75 0.725 0.015625 0.0234375
0 0.78359375 0.79296875 0.02890625 0.0265625
0 0.7265625 0.54296875 0.03203125 0.025
0 0.80625 0.5359375 0.0265625 0.01484375
0 0.98828125 0.81171875 0.0234375 0.0359375
0 0.9625 0.93671875 0.04765625 0.05390625
0 0.91640625 0.815625 0.03203125 0.03046875
0 0.88984375 0.60078125 0.021875 0.01953125
0 0.78671875 0.71328125 0.0171875 0.0234375
0 0.5953125 0.5640625 0.0234375 0.02265625
0 0.6265625 0.56875 0.025 0.02578125
0 0.65234375 0.5171875 0.02890625 0.015625
0 0.628125 0.46953125 0.025 0.02734375
0 0.578125 0.4796875 0.01640625 0.02421875
0 0.5984375 0.48828125 0.028125 0.015625
0 0.540625 0.484375 0.02421875 0.01484375
0 0.1984375 0.58515625 0.03984375 0.0234375
0 0.1765625 0.55078125 0.0296875 0.0234375
0 0.1421875 0.56328125 0.028125 0.0234375
0 0.11171875 0.54296875 0.04296875 0.02109375
0 0.309375 0.54609375 0.02109375 0.01875
0 0.321875 0.528125 0.03046875 0.02265625
0 0.44140625 0.48984375 0.025 0.021875
0 0.265625 0.446875 0.02421875 0.01640625
0 0.23515625 0.46875 0.02421875 0.01484375
0 0.2125 0.45390625 0.02734375 0.01796875
0 0.20625 0.51484375 0.0296875 0.02578125
0 0.015625 0.49609375 0.03125 0.0296875
0 0.01796875 0.45703125 0.0359375 0.01875
0 0.00703125 0.5859375 0.0140625 0.025
0 0.01171875 0.55390625 0.02265625 0.021875
0 0.0359375 0.61640625 0.02890625 0.01953125
0 0.0453125 0.55625 0.0328125 0.0234375
0 0.83125 0.565625 0.02890625 0.02734375
0 0.740625 0.5890625 0.028125 0.0140625
0 0.784375 0.6609375 0.0234375 0.01640625
0 0.696875 0.74375 0.015625 0.01796875
0 0.53828125 0.54296875 0.01953125 0.015625
0 0.7984375 0.990625 0.0125 0.01875
0 0.8765625 0.54765625 0.0296875 0.02578125
0 0.8328125 0.5296875 0.025 0.01953125