0 0.3484375 0.94765625 0.0890625 0.10234375
0 0.43828125 0.96640625 0.06328125 0.06640625
0 0.62578125 0.95859375 0.05625 0.0828125
0 0.70859375 0.95234375 0.071875 0.0953125
0 0.81953125 0.9171875 0.06484375 0.0578125
0 0.70546875 0.87109375 0.05078125 0.0703125
0 0.7546875 0.89921875 0.0609375 0.1
0 0.95390625 0.88515625 0.07578125 0.09453125
0 0.97578125 0.84375 0.04765625 0.07421875
0 0.8296875 0.81640625 0.0484375 0.05625
0 0.61953125 0.8390625 0.04140625 0.05546875
0 0.51328125 0.96640625 0.03671875 0.0671875
0 0.4859375 0.88125 0.046875 0.0703125
0 0.53125 0.8484375 0.0484375 0.06875
0 0.4765625 0.74765625 0.04765625 0.0578125
0 0.42109375 0.83359375 0.05625 0.0640625
0 0.33125 0.8375 0.06171875 0.078125
0 0.25625 0.90859375 0.03515625 0.053125
0 0.20859375 0.82265625 0.06328125 0.06640625
0 0.81328125 0.7265625 0.03046875 0.05
0 0.775 0.73125 0.04140625 0.0515625
0 0.5328125 0.703125 0.04453125 0.05
0 0.61015625 0.7015625 0.0375 0.05703125
0 0.6171875 0.77578125 0.0515625 0.0625
0 0.4921875 0.640625 0.04296875 0.04609375
0 0.55390625 0.62109375 0.0515625 0.053125
0 0.48671875 0.59375 0.03125 0.040625
0 0.378125 0.68671875 0.0375 0.0546875
0 0.4265625 0.65234375 0.0359375 0.04140625
0 0.4 0.64375 0.03359375 0.03203125
0 0.290625 0.72265625 0.0328125 0.05234375
0 0.215625 0.6703125 0.05703125 0.05234375
0 0.153125 0.7171875 0.05078125 0.05625
0 0.07421875 0.85390625 0.05546875 0.05625
0 0.128125 0.81328125 0.053125 0.0703125
0 0.0953125 0.72890625 0.03671875 0.05703125
0 0.1078125 0.64609375 0.04140625 0.0578125
0 0.3 0.67421875 0.0328125 0.03203125
0 0.3 0.6375 0.034375 0.04375
0 0.225 0.63515625 0.0296875 0.03046875
0 0.64296875 0.625 0.0453125 0.0375
0 0.61875 0.559375 0.034375 0.0390625
0 0.9765625 0.6671875 0.04453125 0.03046875
0 0.86328125 0.6671875 0.0359375 0.03203125
0 0.84375 0.69296875 0.028125 0.028125
0 0.8140625 0.6609375 0.03828125 0.03828125
0 0.71875 0.68046875 0.02890625 0.040625
0 0.73046875 0.53671875 0.05078125 0.03828125
0 0.68359375 0.5859375 0.05 0.06015625
0 0.5203125 0.49453125 0.05 0.04765625
0 0.3828125 0.55390625 0.03359375 0.040625
0 0.31875 0.5640625 0.04140625 0.0453125
0 0.32578125 0.60390625 0.0375 0.03359375
0 0.1796875 0.60625 0.02734375 0.0328125
0 0.878125 0.553125 0.046875 0.04140625
0 0.82734375 0.54140625 0.03046875 0.03984375
0 0.6828125 0.46328125 0.025 0.0265625
0 0.35625 0.48515625 0.04453125 0.03828125
0 0.1671875 0.5390625 0.05 0.0265625
0 0.2703125 0.8109375 0.0390625 0.046875
0 0.3234375 0.771875 0.0265625 0.03125
0 0.74140625 0.66484375 0.04765625 0.04921875
0 0.76328125 0.6359375 0.03828125 0.04609375
0 0.890625 0.61015625 0.03984375 0.0515625
0 0.77421875 0.58203125 0.03828125 0.03828125
0 0.6734375 0.53984375 0.025 0.025
0 0.58359375 0.53671875 0.03671875 0.03984375
0 0.56015625 0.46640625 0.03828125 0.02421875
0 0.496875 0.4390625 0.028125 0.03828125
0 0.63359375 0.4828125 0.03203125 0.0375
0 0.3578125 0.46015625 0.02265625 0.021875
0 0.2546875 0.50859375 0.03203125 0.02890625
0 0.196875 0.496875 0.02890625 0.03515625
0 0.7171875 0.49375 0.03359375 0.03671875
0 0.128125 0.48984375 0.03203125 0.028125
0 0.08671875 0.52890625 0.04140625 0.03125
0 0.015625 0.61640625 0.03125 0.03828125
0 0.6671875 0.85546875 0.03828125 0.04921875
0 0.79140625 0.54921875 0.0359375 0.034375
0 0.75859375 0.53515625 0.03046875 0.0375
0 0.46015625 0.53046875 0.03125 0.03125
0 0.33125 0.51640625 0.0375 0.040625
0 0.41015625 0.53203125 0.02265625 0.02890625
0 0.5796875 0.85703125 0.0484375 0.0859375
0 0.525 0.59296875 0.02421875 0.021875
0 0.41171875 0.6015625 0.02734375 0.02109375
0 0.20703125 0.553125 0.0234375 0.0234375
0 0.40234375 0.44140625 0.0171875 0.02578125
0 0.14453125 0.5703125 0.0203125 0.03046875
0 0.94453125 0.6703125 0.04765625 0.04765625
0 0.33046875 0.90390625 0.0328125 0.053125
0 0.69765625 0.61640625 0.02578125 0.03671875
0 0.8046875 0.590625 0.0265625 0.03125
0 0.69375 0.4859375 0.03671875 0.0375
0 0.56484375 0.48359375 0.0171875 0.0265625
0 0.77890625 0.6984375 0.02890625 0.03671875
0 0.28515625 0.471875 0.03203125 0.03046875
0 0.1640625 0.503125 0.03203125 0.028125
0 0.23125 0.52734375 0.0265625 0.03203125
0 0.72578125 0.58359375 0.03046875 0.028125
0 0.69140625 0.42578125 0.02578125 0.02421875
0 0.665625 0.42734375 0.025 0.03046875
0 0.578125 0.4359375 0.03359375 0.0296875
0 0.5390625 0.39921875 0.02421875 0.021875
0 0.52421875 0.40390625 0.0171875 0.021875
0 0.18984375 0.459375 0.0265625 0.02265625
0 0.21171875 0.46171875 0.0203125 0.0265625
0 0.58671875 0.4921875 0.0265625 0.025
0 0.57890625 0.4125 0.03203125 0.025