0 0.95078125 0.97265625 0.065625 0.05390625
0 0.8375 0.9203125 0.07109375 0.08359375
0 0.76171875 0.928125 0.06875 0.078125
0 0.74921875 0.84765625 0.08671875 0.08203125
0 0.81640625 0.83203125 0.0421875 0.05
0 0.909375 0.9046875 0.05859375 0.08203125
0 0.9296875 0.8828125 0.0578125 0.08828125
0 0.9640625 0.85546875 0.0375 0.078125
0 0.9625 0.81171875 0.05390625 0.0625
0 0.8640625 0.81796875 0.06640625 0.09375
0 0.90625 0.78203125 0.0484375 0.05859375
0 0.98125 0.76796875 0.02578125 0.03828125
0 0.97265625 0.72890625 0.04140625 0.0421875
0 0.95703125 0.68203125 0.04296875 0.0515625
0 0.8484375 0.72890625 0.0421875 0.0453125
0 0.81953125 0.75078125 0.0484375 0.04609375
0 0.653125 0.934375 0.03671875 0.04921875
0 0.3953125 0.97578125 0.11796875 0.0484375
0 0.64765625 0.8109375 0.05390625 0.07421875
0 0.67578125 0.70859375 0.046875 0.03828125
0 0.7453125 0.71953125 0.02421875 0.0453125
0 0.77265625 0.70078125 0.02890625 0.03828125
0 0.71640625 0.7109375 0.046875 0.0625
0 0.1578125 0.9671875 0.06875 0.065625
0 0.071875 0.95625 0.05703125 0.0765625
0 0.18828125 0.90546875 0.0625 0.08046875
0 0.1234375 0.878125 0.06796875 0.08203125
0 0.046875 0.86484375 0.06796875 0.0765625
0 0.0359375 0.81484375 0.06953125 0.0765625
0 0.11953125 0.7375 0.05703125 0.0671875
0 0.20546875 0.790625 0.0703125 0.053125
0 0.2875 0.87890625 0.0828125 0.07265625
0 0.37265625 0.81640625 0.053125 0.05546875
0 0.36875 0.903125 0.0546875 0.07265625
0 0.54140625 0.8984375 0.06328125 0.0796875
0 0.55859375 0.8125 0.03828125 0.04921875
0 0.50546875 0.84609375 0.04453125 0.0625
0 0.42109375 0.86015625 0.0703125 0.0859375
0 0.43828125 0.81328125 0.0453125 0.04765625
0 0.33046875 0.75625 0.05 0.05703125
0 0.41328125 0.75703125 0.0515625 0.04375
0 0.53984375 0.72890625 0.05234375 0.053125
0 0.6234375 0.69375 0.0421875 0.03828125
0 0.5734375 0.69765625 0.0546875 0.040625
0 0.54453125 0.65859375 0.04765625 0.03671875
0 0.58125 0.64453125 0.03046875 0.0453125
0 0.653125 0.64140625 0.0390625 0.0453125
0 0.6171875 0.60703125 0.034375 0.04765625
0 0.45546875 0.6484375 0.0421875 0.04921875
0 0.4046875 0.67265625 0.04765625 0.059375
0 0.375 0.71796875 0.03203125 0.05390625
0 0.4015625 0.721875 0.02578125 0.034375
0 0.3171875 0.709375 0.0375 0.03671875
0 0.35703125 0.6671875 0.04609375 0.04609375
0 0.27109375 0.7359375 0.04609375 0.0515625
0 0.19453125 0.67890625 0.05390625 0.04765625
0 0.2140625 0.5796875 0.03984375 0.0421875
0 0.3375 0.6203125 0.04140625 0.0453125
0 0.40078125 0.625 0.046875 0.04609375
0 0.45078125 0.6015625 0.0453125 0.04375
0 0.49296875 0.5734375 0.03828125 0.0328125
0 0.51171875 0.60390625 0.040625 0.0328125
0 0.66015625 0.5640625 0.03984375 0.028125
0 0.69453125 0.59921875 0.03828125 0.034375
0 0.12578125 0.66796875 0.03828125 0.0453125
0 0.11171875 0.64140625 0.0484375 0.03828125
0 0.0875 0.58515625 0.0484375 0.0375
0 0.1484375 0.61171875 0.04375 0.03125
0 0.11796875 0.59609375 0.03203125 0.03046875
0 0.14453125 0.56796875 0.04453125 0.034375
0 0.125 0.5359375 0.03984375 0.0390625
0 0.175 0.52578125 0.04140625 0.0328125
0 0.1140625 0.49140625 0.04375 0.03125
0 0.065625 0.63359375 0.0390625 0.02734375
0 0.26796875 0.59453125 0.0421875 0.0296875
0 0.31328125 0.56640625 0.04296875 0.03359375
0 0.25703125 0.5640625 0.04140625 0.034375
0 0.23125 0.540625 0.03671875 0.02890625
0 0.28359375 0.55 0.03046875 0.034375
0 0.23828125 0.4890625 0.03515625 0.03671875
0 0.36875 0.553125 0.0375 0.0328125
0 0.39296875 0.58046875 0.05234375 0.03984375
0 0.43125 0.54453125 0.034375 0.0234375
0 0.428125 0.5171875 0.0375 0.02578125
0 0.35703125 0.53125 0.025 0.03046875
0 0.36171875 0.51015625 0.03984375 0.02109375
0 0.48203125 0.5140625 0.034375 0.03125
0 0.42109375 0.4671875 0.03046875 0.0328125
0 0.8984375 0.6375 0.05390625 0.0515625
0 0.871875 0.675 0.01875 0.03359375
0 0.79296875 0.61640625 0.03203125 0.03046875
0 0.7609375 0.61015625 0.03203125 0.04296875
0 0.7875 0.5359375 0.0375 0.0375
0 0.77109375 0.56640625 0.02421875 0.03984375
0 0.746875 0.575 0.025 0.03125
0 0.72265625 0.55546875 0.02890625 0.02578125
0 0.5671875 0.51015625 0.02578125 0.02265625
0 0.6125 0.5140625 0.0328125 0.02421875
0 0.6546875 0.5 0.025 0.021875
0 0.64375 0.47265625 0.03359375 0.02265625
0 0.57109375 0.48984375 0.03671875 0.02109375
0 0.6234375 0.4921875 0.0265625 0.02578125
0 0.60625 0.45390625 0.03671875 0.03046875
0 0.575 0.4640625 0.025 0.02734375
0 0.54453125 0.4796875 0.02421875 0.0265625
0 0.85546875 0.5359375 0.0265625 0.0203125
0 0.85 0.5109375 0.03671875 0.03125
0 0.896875 0.54453125 0.04609375 0.0234375
0 0.89140625 0.59609375 0.03984375 0.028125
0 0.89375 0.5765625 0.03828125 0.02109375
0 0.84296875 0.5859375 0.0421875 0.028125
0 0.82578125 0.55390625 0.02734375 0.02734375
0 0.7421875 0.80234375 0.0515625 0.04296875
0 0.7671875 0.66171875 0.0296875 0.0203125
0 0.80390625 0.6875 0.02890625 0.0234375
0 0.70390625 0.52890625 0.02109375 0.02109375
0 0.86015625 0.63046875 0.0328125 0.0421875
0 0.2703125 0.44921875 0.0359375 0.02265625
0 0.2640625 0.42734375 0.03671875 0.03359375
0 0.165625 0.49453125 0.03828125 0.0296875
0 0.19453125 0.478125 0.03203125 0.0265625
0 0.17734375 0.46328125 0.034375 0.02265625
0 0.1375 0.453125 0.0328125 0.03671875
0 0.103125 0.4640625 0.02578125 0.021875
0 0.04375 0.45546875 0.03984375 0.0296875
0 0.07265625 0.47734375 0.03984375 0.03046875
0 0.02421875 0.47734375 0.02890625 0.025
0 0.075 0.4375 0.03359375 0.02421875
0 0.13359375 0.42265625 0.0375 0.03125
0 0.18984375 0.43515625 0.034375 0.0234375
0 0.16015625 0.43984375 0.021875 0.03046875
0 0.309375 0.41171875 0.0421875 0.03203125
0 0.31328125 0.4703125 0.02578125 0.02578125
0 0.28125 0.5046875 0.04609375 0.0328125
0 0.2828125 0.47265625 0.0328125 0.02265625
0 0.7609375 0.4921875 0.03203125 0.02890625
0 0.73125 0.48046875 0.03828125 0.03125
0 0.65078125 0.42109375 0.03828125 0.02890625
0 0.8828125 0.4796875 0.03125 0.0234375
0 0.83515625 0.48125 0.034375 0.03125
0 0.5734375 0.43671875 0.028125 0.028125
0 0.55 0.43125 0.0265625 0.04296875
0 0.57734375 0.371875 0.02890625 0.0296875
0 0.41640625 0.38515625 0.03046875 0.03515625
0 0.5484375 0.38203125 0.03203125 0.0390625
0 0.29296875 0.34765625 0.028125 0.03203125
0 0.371875 0.453125 0.040625 0.03515625
0 0.2890625 0.621875 0.03671875 0.0375
0 0.678125 0.98359375 0.0390625 0.03203125
0 0.015625 0.65546875 0.03046875 0.07734375
0 0.02421875 0.41796875 0.0484375 0.03046875
0 0.23515625 0.37421875 0.02421875 0.03046875
0 0.215625 0.40546875 0.0375 0.034375
0 0.56328125 0.5921875 0.034375 0.03984375