0 0.540625 0.85703125 0.0359375 0.05234375
0 0.3546875 0.7703125 0.03515625 0.0484375
0 0.703125 0.92109375 0.040625 0.05078125
0 0.7625 0.4703125 0.0265625 0.0234375
0 0.78046875 0.690625 0.034375 0.03828125
0 0.821875 0.7578125 0.0375 0.04921875
0 0.92890625 0.63828125 0.02421875 0.0296875
0 0.3078125 0.94140625 0.034375 0.0453125
0 0.696875 0.83984375 0.0328125 0.03984375
0 0.2109375 0.70859375 0.0375 0.03984375
0 0.3765625 0.9046875 0.03203125 0.0421875
0 0.57265625 0.8875 0.0265625 0.03828125
0 0.88515625 0.82265625 0.0328125 0.03671875
0 0.621875 0.72734375 0.03203125 0.04296875
0 0.540625 0.4578125 0.0234375 0.02109375
0 0.5734375 0.659375 0.03203125 0.03515625
0 0.80703125 0.57578125 0.021875 0.02734375
0 0.77265625 0.84765625 0.02890625 0.0375
0 0.49375 0.70390625 0.02890625 0.03515625
0 0.2625 0.6828125 0.028125 0.02578125
0 0.2984375 0.63359375 0.025 0.02734375
0 0.58828125 0.71875 0.0296875 0.0359375
0 0.31484375 0.71953125 0.03125 0.028125
0 0.18984375 0.7609375 0.02890625 0.03515625
0 0.8203125 0.6140625 0.03046875 0.028125
0 0.1328125 0.75234375 0.04453125 0.04375
0 0.91796875 0.7 0.02421875 0.028125
0 0.3578125 0.58828125 0.02734375 0.0265625
0 0.49921875 0.86796875 0.0359375 0.0484375
0 0.878125 0.74765625 0.03515625 0.04296875
0 0.7234375 0.52109375 0.02265625 0.028125
0 0.18046875 0.53984375 0.02734375 0.028125
0 0.29296875 0.54609375 0.01796875 0.028125
0 0.3953125 0.765625 0.03125 0.03515625
0 0.27734375 0.80078125 0.02890625 0.040625
0 0.10078125 0.85078125 0.0359375 0.04296875
0 0.528125 0.67734375 0.025 0.03984375
0 0.52421875 0.78828125 0.03671875 0.04609375
0 0.72578125 0.7015625 0.0234375 0.03046875
0 0.628125 0.9 0.04375 0.0546875
0 0.421875 0.56875 0.02265625 0.0265625
0 0.89375 0.6421875 0.0328125 0.0359375
0 0.0921875 0.60625 0.02421875 0.03203125
0 0.33046875 0.509375 0.02421875 0.0234375
0 0.2453125 0.840625 0.0265625 0.04375
0 0.6125 0.85234375 0.0265625 0.03515625
0 0.45234375 0.6265625 0.03203125 0.03359375
0 0.7140625 0.678125 0.0203125 0.025
0 0.259375 0.965625 0.02734375 0.0421875
0 0.43046875 0.6765625 0.02890625 0.03203125
0 0.66171875 0.6796875 0.025 0.02734375
0 0.4890625 0.61171875 0.02734375 0.03515625
0 0.6015625 0.590625 0.02734375 0.03046875
0 0.4140625 0.84453125 0.0203125 0.0390625
0 0.82890625 0.66640625 0.02421875 0.03203125
0 0.2140625 0.7921875 0.0296875 0.03671875
0 0.69921875 0.53046875 0.0203125 0.0234375
0 0.8109375 0.81875 0.028125 0.04609375
0 0.12421875 0.68515625 0.03671875 0.03828125
0 0.59140625 0.815625 0.02578125 0.0328125
0 0.21171875 0.64375 0.025 0.02265625
0 0.1265625 0.7984375 0.0296875 0.03203125
0 0.1875 0.90546875 0.02265625 0.0359375
0 0.734375 0.4796875 0.02265625 0.02578125
0 0.64765625 0.94765625 0.03515625 0.046875
0 0.42734375 0.7890625 0.0296875 0.0453125
0 0.21484375 0.60859375 0.0234375 0.028125
0 0.6453125 0.63046875 0.0234375 0.0296875
0 0.9484375 0.91953125 0.03984375 0.0484375
0 0.3453125 0.7109375 0.02578125 0.02890625
0 0.9625 0.83671875 0.034375 0.04609375
0 0.26484375 0.87421875 0.034375 0.04765625
0 0.90859375 0.7375 0.02734375 0.0328125
0 0.89140625 0.87578125 0.03046875 0.02890625
0 0.2453125 0.6484375 0.034375 0.03203125
0 0.44921875 0.75546875 0.02265625 0.03203125
0 0.97265625 0.64375 0.03515625 0.03828125
0 0.465625 0.58046875 0.0234375 0.02578125
0 0.146875 0.63203125 0.01953125 0.0203125
0 0.35703125 0.50625 0.02109375 0.02109375
0 0.278125 0.91171875 0.03046875 0.0390625
0 0.390625 0.5140625 0.02109375 0.02734375
0 0.9203125 0.98203125 0.0609375 0.0359375
0 0.08203125 0.7828125 0.028125 0.0390625
0 0.75390625 0.53671875 0.025 0.021875
0 0.36796875 0.48671875 0.0234375 0.02421875
0 0.60703125 0.6453125 0.02109375 0.028125
0 0.80546875 0.46484375 0.02734375 0.02265625
0 0.1484375 0.5484375 0.02109375 0.02265625
0 0.87890625 0.66328125 0.0265625 0.03203125
0 0.4875 0.6515625 0.025 0.028125
0 0.540625 0.61484375 0.02265625 0.03359375
0 0.2546875 0.521875 0.02265625 0.0203125
0 0.0421875 0.734375 0.03203125 0.03515625
0 0.053125 0.66796875 0.03046875 0.03125
0 0.83203125 0.41484375 0.02265625 0.021875
0 0.66015625 0.46015625 0.0234375 0.0265625
0 0.6265625 0.54765625 0.01640625 0.01953125
0 0.2140625 0.50625 0.02265625 0.02109375
0 0.60859375 0.5515625 0.01796875 0.021875
0 0.1859375 0.590625 0.02265625 0.02734375
0 0.6203125 0.446875 0.02265625 0.01875
0 0.01171875 0.72734375 0.0234375 0.03515625
0 0.240625 0.4875 0.0203125 0.02734375
0 0.828125 0.54609375 0.01953125 0.0234375
0 0.51796875 0.5359375 0.01796875 0.025
0 0.7828125 0.496875 0.02578125 0.0234375
0 0.09921875 0.93359375 0.05234375 0.04140625
0 0.79765625 0.44140625 0.0203125 0.0203125
0 0.33828125 0.671875 0.0171875 0.02265625
0 0.390625 0.6921875 0.02109375 0.02578125
0 0.103125 0.5484375 0.02578125 0.025
0 0.928125 0.87265625 0.025 0.03125
0 0.48671875 0.38984375 0.01796875 0.01875
0 0.2328125 0.42265625 0.01875 0.021875
0 0.603125 0.4921875 0.0203125 0.021875
0 0.171875 0.49921875 0.02265625 0.0203125
0 0.37578125 0.63359375 0.01953125 0.021875
0 0.321875 0.4796875 0.01796875 0.02109375
0 0.903125 0.53828125 0.0296875 0.025
0 0.17421875 0.44140625 0.02265625 0.021875
0 0.25703125 0.4 0.0203125 0.01953125
0 0.615625 0.67890625 0.0203125 0.028125
0 0.50859375 0.40859375 0.01875 0.01953125
0 0.19140625 0.865625 0.025 0.0375
0 0.7671875 0.5484375 0.01484375 0.0171875
0 0.3984375 0.4265625 0.015625 0.01796875
0 0.87578125 0.428125 0.01875 0.01875
0 0.57109375 0.57421875 0.02109375 0.03046875
0 0.0421875 0.61328125 0.03515625 0.0296875
0 0.15390625 0.85078125 0.02578125 0.0359375
0 0.59921875 0.42734375 0.01796875 0.01640625
0 0.96171875 0.5484375 0.025 0.025
0 0.9265625 0.8359375 0.01796875 0.0296875
0 0.6203125 0.46796875 0.0203125 0.0203125
0 0.9734375 0.58515625 0.028125 0.02578125
0 0.265625 0.43984375 0.01796875 0.021875
0 0.10625 0.50546875 0.02578125 0.02421875
0 0.46953125 0.43984375 0.0171875 0.02109375
0 0.221875 0.4765625 0.01796875 0.0203125
0 0.42265625 0.75234375 0.0203125 0.02734375
0 0.03359375 0.5203125 0.025 0.021875
0 0.9375 0.5109375 0.025 0.0234375
0 0.85859375 0.69765625 0.02578125 0.03203125
0 0.1328125 0.528125 0.01875 0.01875
0 0.7453125 0.4171875 0.01875 0.0203125
0 0.12890625 0.9890625 0.0390625 0.02109375
0 0.50625 0.45 0.01484375 0.01640625
0 0.3921875 0.40234375 0.015625 0.0171875
0 0.11171875 0.42109375 0.01953125 0.0203125
0 0.3953125 0.46953125 0.01953125 0.0203125
0 0.609375 0.53515625 0.015625 0.01796875
0 0.53515625 0.55234375 0.01953125 0.0234375
0 0.540625 0.49140625 0.01953125 0.021875
0 0.73359375 0.446875 0.01875 0.0171875
0 0.934375 0.45 0.02109375 0.01875
0 0.29921875 0.48125 0.01484375 0.01953125
0 0.153125 0.48203125 0.02109375 0.0234375
0 0.296875 0.434375 0.01953125 0.0203125
0 0.76171875 0.4390625 0.01640625 0.01953125
0 0.06328125 0.5109375 0.02109375 0.01953125
0 0.00546875 0.54921875 0.0109375 0.025
0 0.14140625 0.5828125 0.03046875 0.02265625
0 0.43671875 0.54140625 0.0109375 0.01640625
0 0.86015625 0.5328125 0.02421875 0.021875
0 0.928125 0.56328125 0.0328125 0.0171875
0 0.9859375 0.96484375 0.028125 0.0234375
0 0.01796875 0.7796875 0.03515625 0.03671875
0 0.0234375 0.828125 0.0359375 0.03359375
0 0.23359375 0.53203125 0.021875 0.015625
0 0.35078125 0.41171875 0.01640625 0.0140625