0 0.74765625 0.76953125 0.0265625 0.03671875
0 0.509375 0.59375 0.02265625 0.025
0 0.25859375 0.821875 0.034375 0.0390625
0 0.39140625 0.5890625 0.02265625 0.0234375
0 0.54140625 0.9015625 0.03359375 0.04375
0 0.5609375 0.6734375 0.028125 0.02734375
0 0.36875 0.621875 0.02421875 0.0296875
0 0.35390625 0.7796875 0.03359375 0.0359375
0 0.7875 0.74609375 0.03125 0.03359375
0 0.61015625 0.871875 0.0328125 0.04765625
0 0.43046875 0.73515625 0.025 0.0265625
0 0.77109375 0.884375 0.03515625 0.04609375
0 0.29765625 0.69453125 0.02265625 0.03203125
0 0.36015625 0.72265625 0.01875 0.0203125
0 0.89296875 0.60546875 0.02421875 0.0265625
0 0.946875 0.796875 0.0328125 0.0328125
0 0.85078125 0.821875 0.03046875 0.040625
0 0.390625 0.6765625 0.025 0.03125
0 0.64921875 0.8609375 0.0296875 0.03671875
0 0.4484375 0.80703125 0.034375 0.03984375
0 0.80390625 0.9453125 0.03203125 0.05546875
0 0.2921875 0.828125 0.025 0.034375
0 0.79375 0.6734375 0.0265625 0.0296875
0 0.61640625 0.65703125 0.021875 0.02421875
0 0.81328125 0.80390625 0.03125 0.0390625
0 0.465625 0.7390625 0.034375 0.03359375
0 0.76875 0.9671875 0.0359375 0.04921875
0 0.6625 0.7171875 0.03125 0.034375
0 0.89296875 0.55703125 0.025 0.0265625
0 0.425 0.7 0.02265625 0.03046875
0 0.51640625 0.7265625 0.02421875 0.02578125
0 0.68125 0.94375 0.02421875 0.0375
0 0.33828125 0.63046875 0.02109375 0.025
0 0.5875 0.80546875 0.034375 0.034375
0 0.3828125 0.95 0.03515625 0.0375
0 0.5546875 0.8140625 0.02890625 0.03203125
0 0.16171875 0.95078125 0.0359375 0.04921875
0 0.49140625 0.778125 0.03125 0.03203125
0 0.2609375 0.69921875 0.0265625 0.03359375
0 0.384375 0.85 0.03984375 0.04765625
0 0.69609375 0.846875 0.025 0.03359375
0 0.16875 0.78203125 0.0265625 0.03046875
0 0.3484375 0.5765625 0.02421875 0.02578125
0 0.57265625 0.6 0.0234375 0.0265625
0 0.54921875 0.97578125 0.0359375 0.0484375
0 0.08515625 0.90703125 0.03828125 0.05
0 0.28125 0.76015625 0.0265625 0.034375
0 0.2 0.6875 0.02890625 0.0359375
0 0.21875 0.76015625 0.028125 0.034375
0 0.72109375 0.7921875 0.03046875 0.03515625
0 0.4859375 0.63046875 0.01640625 0.03125
0 0.5203125 0.94296875 0.0265625 0.04453125
0 0.3078125 0.7703125 0.025 0.0328125
0 0.06171875 0.759375 0.03125 0.03125
0 0.875 0.77109375 0.028125 0.02578125
0 0.6953125 0.7 0.02421875 0.034375
0 0.53984375 0.58984375 0.02265625 0.0234375
0 0.4734375 0.89140625 0.03125 0.03984375
0 0.3453125 0.88203125 0.02734375 0.04453125
0 0.4453125 0.8546875 0.02890625 0.0375
0 0.128125 0.69453125 0.02578125 0.02734375
0 0.1421875 0.76015625 0.02421875 0.03046875
0 0.39296875 0.8984375 0.03203125 0.034375
0 0.56640625 0.7640625 0.0171875 0.02578125
0 0.6796875 0.8828125 0.03125 0.04453125
0 0.8453125 0.71875 0.02734375 0.03359375
0 0.390625 0.49609375 0.0203125 0.02265625
0 0.4421875 0.6 0.02265625 0.02265625
0 0.234375 0.91875 0.02265625 0.03125
0 0.16171875 0.7015625 0.03671875 0.03828125
0 0.925 0.615625 0.025 0.021875
0 0.8171875 0.54296875 0.0234375 0.025
0 0.65625 0.76640625 0.02578125 0.03828125
0 0.9203125 0.55078125 0.025 0.0234375
0 0.2203125 0.978125 0.0375 0.04375
0 0.2921875 0.62734375 0.0234375 0.02734375
0 0.73984375 0.70546875 0.02109375 0.034375
0 0.18828125 0.5015625 0.0203125 0.0234375
0 0.48203125 0.63515625 0.0171875 0.03125
0 0.1484375 0.8421875 0.034375 0.03515625
0 0.54140625 0.565625 0.02421875 0.02578125
0 0.84453125 0.9828125 0.02890625 0.03359375
0 0.703125 0.73828125 0.0265625 0.02578125
0 0.86875 0.61171875 0.021875 0.02421875
0 0.07265625 0.71875 0.034375 0.034375
0 0.87578125 0.95 0.03125 0.040625
0 0.18046875 0.6625 0.0203125 0.025
0 0.903125 0.98359375 0.046875 0.0328125
0 0.1609375 0.6015625 0.0265625 0.025
0 0.59296875 0.72421875 0.021875 0.02421875
0 0.3375 0.515625 0.0203125 0.021875
0 0.6296875 0.46328125 0.01796875 0.01875
0 0.07265625 0.94609375 0.03046875 0.0375
0 0.66640625 0.66953125 0.02421875 0.0265625
0 0.3734375 0.62734375 0.025 0.03046875
0 0.96015625 0.54453125 0.02890625 0.021875
0 0.41796875 0.565625 0.0171875 0.0265625
0 0.990625 0.665625 0.0171875 0.025
0 0.28359375 0.5890625 0.02109375 0.02265625
0 0.10390625 0.69140625 0.02265625 0.02578125
0 0.878125 0.76328125 0.0265625 0.0265625
0 0.95390625 0.94375 0.0390625 0.0453125
0 0.11640625 0.765625 0.02734375 0.02734375
0 0.80859375 0.6265625 0.0171875 0.0234375
0 0.22109375 0.596875 0.0203125 0.025
0 0.7046875 0.61953125 0.01953125 0.02421875
0 0.05390625 0.83203125 0.03359375 0.0359375
0 0.98984375 0.78125 0.01953125 0.03125
0 0.20625 0.546875 0.021875 0.02421875
0 0.16640625 0.81171875 0.0265625 0.0265625
0 0.10703125 0.73203125 0.02890625 0.02890625
0 0.40546875 0.471875 0.0203125 0.01953125
0 0.24375 0.9859375 0.0265625 0.0265625
0 0.49375 0.56015625 0.01796875 0.0234375
0 0.0953125 0.965625 0.028125 0.0375
0 0.78828125 0.634375 0.01875 0.02109375
0 0.62109375 0.7828125 0.01796875 0.028125
0 0.2109375 0.721875 0.0234375 0.025
0 0.0625 0.69765625 0.02734375 0.028125
0 0.18671875 0.7328125 0.02109375 0.03125
0 0.17734375 0.5734375 0.0234375 0.02421875
0 0.659375 0.99140625 0.034375 0.0171875
0 0.34453125 0.6640625 0.0203125 0.025
0 0.4296875 0.5140625 0.01875 0.025
0 0.45546875 0.5078125 0.0203125 0.021875
0 0.0203125 0.7484375 0.0296875 0.040625
0 0.56328125 0.55078125 0.028125 0.03046875
0 0.3890625 0.553125 0.02265625 0.02578125
0 0.396875 0.52890625 0.01953125 0.0234375
0 0.471875 0.56015625 0.01875 0.02578125
0 0.45546875 0.5515625 0.01640625 0.03046875
0 0.64765625 0.61171875 0.0203125 0.021875
0 0.06953125 0.62421875 0.0328125 0.0265625
0 0.14140625 0.634375 0.02421875 0.0234375
0 0.08671875 0.5890625 0.02734375 0.03125
0 0.28359375 0.87265625 0.0296875 0.0359375
0 0.47109375 0.97265625 0.0359375 0.0546875
0 0.4328125 0.94609375 0.0328125 0.0453125