0 0.09453125 0.9359375 0.03046875 0.04375
0 0.015625 0.875 0.03125 0.0375
0 0.040625 0.821875 0.034375 0.03125
0 0.05546875 0.76953125 0.046875 0.04609375
0 0.13515625 0.81171875 0.0328125 0.03828125
0 0.22109375 0.9703125 0.03984375 0.04453125
0 0.190625 0.93984375 0.02890625 0.03125
0 0.18203125 0.8984375 0.0390625 0.0640625
0 0.1640625 0.86015625 0.03203125 0.02890625
0 0.20078125 0.82421875 0.0328125 0.05
0 0.11640625 0.77734375 0.0296875 0.03984375
0 0.14296875 0.721875 0.04296875 0.0453125
0 0.05078125 0.703125 0.03984375 0.04609375
0 0.0265625 0.61875 0.025 0.0328125
0 0.08125 0.646875 0.01796875 0.021875
0 0.1265625 0.55 0.0296875 0.0265625
0 0.0875 0.59140625 0.0234375 0.025
0 0.090625 0.5578125 0.0203125 0.02578125
0 0.04765625 0.55546875 0.03125 0.02734375
0 0.12890625 0.6015625 0.025 0.0328125
0 0.146875 0.65625 0.02421875 0.025
0 0.1546875 0.621875 0.02421875 0.0265625
0 0.18515625 0.66328125 0.0375 0.03125
0 0.196875 0.69921875 0.03203125 0.0265625
0 0.165625 0.515625 0.025 0.021875
0 0.12265625 0.5078125 0.02578125 0.02578125
0 0.1296875 0.45078125 0.025 0.021875
0 0.19375 0.49765625 0.02265625 0.02578125
0 0.20625 0.5265625 0.02421875 0.0203125
0 0.28125 0.51953125 0.02421875 0.025
0 0.22265625 0.44921875 0.01796875 0.02421875
0 0.19296875 0.43046875 0.01796875 0.02109375
0 0.27421875 0.4890625 0.01796875 0.025
0 0.2390625 0.4796875 0.01484375 0.0234375
0 0.240625 0.5578125 0.01796875 0.03359375
0 0.303125 0.6 0.028125 0.02734375
0 0.3109375 0.51640625 0.021875 0.01875
0 0.31875 0.4953125 0.02734375 0.028125
0 0.36640625 0.5828125 0.0234375 0.02734375
0 0.315625 0.6484375 0.0203125 0.021875
0 0.36953125 0.69140625 0.0375 0.0375
0 0.39375 0.6421875 0.03203125 0.03828125
0 0.43359375 0.62265625 0.034375 0.04140625
0 0.41328125 0.59296875 0.025 0.0265625
0 0.34140625 0.525 0.0265625 0.02890625
0 0.35 0.48125 0.01875 0.02109375
0 0.23984375 0.6484375 0.025 0.02421875
0 0.24375 0.73671875 0.03046875 0.028125
0 0.2765625 0.725 0.03125 0.0296875
0 0.3578125 0.434375 0.01640625 0.01953125
0 0.3515625 0.4109375 0.01171875 0.015625
0 0.45390625 0.81171875 0.04453125 0.0578125
0 0.3796875 0.77421875 0.0234375 0.03203125
0 0.353125 0.8109375 0.03515625 0.0515625
0 0.32421875 0.78203125 0.034375 0.03203125
0 0.353125 0.76484375 0.025 0.03125
0 0.28203125 0.7890625 0.03671875 0.0484375
0 0.334375 0.87109375 0.0234375 0.0421875
0 0.44921875 0.39765625 0.01796875 0.02265625
0 0.49375 0.49921875 0.0203125 0.0203125
0 0.496875 0.46796875 0.02265625 0.0203125
0 0.471875 0.54609375 0.01640625 0.0265625
0 0.43046875 0.4484375 0.0171875 0.02421875
0 0.415625 0.53671875 0.01875 0.028125
0 0.42890625 0.66484375 0.02890625 0.0265625
0 0.4296875 0.71875 0.03046875 0.0375
0 0.4671875 0.69453125 0.0296875 0.04453125
0 0.29296875 0.93125 0.03359375 0.0453125
0 0.421875 0.88984375 0.0375 0.05
0 0.46640625 0.8875 0.0421875 0.06015625
0 0.4984375 0.91875 0.02890625 0.0375
0 0.55703125 0.93046875 0.04140625 0.06015625
0 0.5421875 0.88125 0.02734375 0.0375
0 0.52109375 0.8390625 0.03125 0.03671875
0 0.57109375 0.98203125 0.040625 0.03515625
0 0.63125 0.95625 0.04296875 0.05390625
0 0.63203125 0.86484375 0.03515625 0.0421875
0 0.4859375 0.63203125 0.021875 0.03828125
0 0.5203125 0.67421875 0.03515625 0.040625
0 0.5265625 0.73671875 0.0296875 0.0359375
0 0.5640625 0.7515625 0.03671875 0.04609375
0 0.6078125 0.69765625 0.0265625 0.0265625
0 0.55390625 0.66015625 0.02109375 0.028125
0 0.59140625 0.6484375 0.02734375 0.0328125
0 0.553125 0.6 0.025 0.03125
0 0.56171875 0.5640625 0.01796875 0.02421875
0 0.58203125 0.559375 0.01796875 0.0171875
0 0.6546875 0.5390625 0.021875 0.0296875
0 0.68203125 0.53671875 0.02578125 0.0234375
0 0.621875 0.471875 0.025 0.02421875
0 0.5828125 0.45390625 0.0234375 0.02109375
0 0.6625 0.6953125 0.0203125 0.02890625
0 0.6734375 0.72109375 0.0265625 0.0328125
0 0.73203125 0.70625 0.0359375 0.03828125
0 0.7703125 0.7796875 0.04140625 0.053125
0 0.753125 0.83984375 0.0328125 0.04921875
0 0.7109375 0.87578125 0.034375 0.04296875
0 0.725 0.48125 0.0265625 0.021875
0 0.7703125 0.4765625 0.028125 0.01953125
0 0.696875 0.4890625 0.025 0.02578125
0 0.76796875 0.45234375 0.0171875 0.0234375
0 0.7640625 0.58828125 0.01875 0.034375
0 0.78046875 0.628125 0.0296875 0.02734375
0 0.7140625 0.54609375 0.0296875 0.025
0 0.78359375 0.68203125 0.0265625 0.034375
0 0.81015625 0.71875 0.03203125 0.0328125
0 0.82734375 0.7703125 0.0359375 0.046875
0 0.8296875 0.846875 0.034375 0.04140625
0 0.9140625 0.86171875 0.0375 0.0515625
0 0.86953125 0.8984375 0.025 0.03125
0 0.83125 0.90390625 0.0328125 0.0328125
0 0.890625 0.946875 0.03671875 0.05
0 0.978125 0.9171875 0.04140625 0.06328125
0 0.97109375 0.8453125 0.05703125 0.05859375
0 0.97109375 0.76953125 0.03828125 0.040625
0 0.8640625 0.75859375 0.028125 0.03984375
0 0.8703125 0.7125 0.02578125 0.034375
0 0.83359375 0.68125 0.02578125 0.0390625
0 0.8484375 0.65703125 0.03671875 0.0421875
0 0.92734375 0.6578125 0.03671875 0.040625
0 0.88359375 0.653125 0.0234375 0.03046875
0 0.7484375 0.50859375 0.0328125 0.02890625
0 0.70390625 0.43984375 0.01796875 0.015625