0 0.49140625 0.7921875 0.034375 0.04765625
0 0.8125 0.69453125 0.03515625 0.04140625
0 0.7171875 0.83203125 0.0375 0.0578125
0 0.89140625 0.696875 0.034375 0.04765625
0 0.6765625 0.74609375 0.0390625 0.0421875
0 0.77265625 0.909375 0.0359375 0.0453125
0 0.39140625 0.73046875 0.02734375 0.0453125
0 0.36875 0.86328125 0.04375 0.05625
0 0.54453125 0.7375 0.02890625 0.0328125
0 0.32109375 0.66953125 0.03671875 0.03828125
0 0.453125 0.77734375 0.0328125 0.04375
0 0.64296875 0.94296875 0.02890625 0.05
0 0.2328125 0.62109375 0.02890625 0.028125
0 0.609375 0.5640625 0.0234375 0.02578125
0 0.77890625 0.82109375 0.0359375 0.05078125
0 0.03984375 0.75703125 0.0421875 0.04921875
0 0.7328125 0.721875 0.02734375 0.0359375
0 0.6609375 0.5078125 0.025 0.02734375
0 0.6046875 0.734375 0.021875 0.028125
0 0.3265625 0.95546875 0.0390625 0.05
0 0.2203125 0.5375 0.02734375 0.0265625
0 0.1875 0.834375 0.04375 0.05625
0 0.92421875 0.90390625 0.05703125 0.06328125
0 0.29921875 0.60546875 0.02890625 0.02890625
0 0.828125 0.76171875 0.025 0.03203125
0 0.234375 0.82734375 0.03515625 0.03515625
0 0.61328125 0.7640625 0.028125 0.03671875
0 0.35078125 0.759375 0.02890625 0.040625
0 0.815625 0.80859375 0.0296875 0.0390625
0 0.44921875 0.48515625 0.025 0.021875
0 0.7890625 0.71953125 0.0265625 0.0375
0 0.8359375 0.571875 0.02890625 0.02890625
0 0.73359375 0.66171875 0.0359375 0.0328125
0 0.86015625 0.9265625 0.03359375 0.053125
0 0.959375 0.7734375 0.04140625 0.04140625
0 0.55546875 0.92890625 0.0359375 0.0515625
0 0.69296875 0.5 0.02578125 0.02578125
0 0.690625 0.90390625 0.0359375 0.05625
0 0.5765625 0.48828125 0.02421875 0.028125
0 0.53359375 0.67890625 0.0265625 0.03515625
0 0.45234375 0.70703125 0.0359375 0.04296875
0 0.7734375 0.9765625 0.0375 0.04375
0 0.9296875 0.978125 0.04375 0.04375
0 0.3765625 0.93984375 0.0484375 0.053125
0 0.05625 0.56484375 0.0390625 0.03203125
0 0.16015625 0.675 0.02578125 0.02890625
0 0.7234375 0.61953125 0.0234375 0.03046875
0 0.15546875 0.77265625 0.03515625 0.04140625
0 0.1734375 0.5734375 0.01953125 0.0296875
0 0.2875 0.7265625 0.03359375 0.040625
0 0.090625 0.87109375 0.0359375 0.04609375
0 0.265625 0.85625 0.03671875 0.05859375
0 0.64140625 0.55703125 0.02421875 0.03203125
0 0.7375 0.49609375 0.0296875 0.02421875
0 0.2328125 0.92578125 0.0234375 0.04296875
0 0.6703125 0.56875 0.02734375 0.02734375
0 0.490625 0.69609375 0.0203125 0.03203125
0 0.68203125 0.440625 0.02109375 0.02109375
0 0.3671875 0.65390625 0.03125 0.0375
0 0.06171875 0.96171875 0.04609375 0.06328125
0 0.18828125 0.76328125 0.02890625 0.03828125
0 0.49453125 0.628125 0.03125 0.03359375
0 0.4578125 0.940625 0.028125 0.04375
0 0.8125 0.9703125 0.0265625 0.0375
0 0.346875 0.61796875 0.02734375 0.0296875
0 0.25078125 0.534375 0.02265625 0.0234375
0 0.93203125 0.825 0.03671875 0.04140625
0 0.81796875 0.92265625 0.0203125 0.03125
0 0.4953125 0.73359375 0.021875 0.03359375
0 0.76171875 0.7625 0.03203125 0.03984375
0 0.78828125 0.5703125 0.02109375 0.02578125
0 0.42265625 0.6625 0.025 0.0375
0 0.2390625 0.67578125 0.021875 0.0265625
0 0.26484375 0.509375 0.0265625 0.0296875
0 0.28203125 0.54609375 0.02265625 0.0265625
0 0.10625 0.72890625 0.03046875 0.02890625
0 0.43828125 0.89296875 0.03125 0.04140625
0 0.40546875 0.98046875 0.03203125 0.0390625
0 0.53203125 0.57890625 0.01796875 0.02109375
0 0.71171875 0.53046875 0.02890625 0.02734375
0 0.35390625 0.69765625 0.0265625 0.03125
0 0.7546875 0.58125 0.0203125 0.0265625
0 0.140625 0.4390625 0.021875 0.02265625
0 0.975 0.6890625 0.0359375 0.03828125
0 0.98046875 0.96796875 0.0359375 0.05546875
0 0.296875 0.81484375 0.0234375 0.0390625
0 0.8984375 0.6296875 0.02734375 0.03203125
0 0.8984375 0.58671875 0.02421875 0.02734375
0 0.0984375 0.53125 0.025 0.0234375
0 0.425 0.428125 0.01953125 0.02109375
0 0.73515625 0.46484375 0.0203125 0.02421875
0 0.14453125 0.5421875 0.03046875 0.0234375
0 0.409375 0.41171875 0.0203125 0.01875
0 0.01796875 0.86328125 0.03203125 0.04765625
0 0.98125 0.590625 0.02734375 0.03125
0 0.046875 0.915625 0.0359375 0.04765625
0 0.18125 0.984375 0.040625 0.03046875
0 0.53984375 0.46953125 0.02421875 0.021875
0 0.60625 0.46953125 0.028125 0.02421875
0 0.846875 0.690625 0.02265625 0.0296875
0 0.50625 0.58671875 0.01796875 0.02265625
0 0.10234375 0.6890625 0.04296875 0.034375
0 0.30703125 0.44609375 0.01796875 0.01953125
0 0.96015625 0.73515625 0.04296875 0.03515625
0 0.2171875 0.503125 0.021875 0.02265625
0 0.88046875 0.48125 0.02265625 0.02109375
0 0.87578125 0.5484375 0.0234375 0.02578125
0 0.01015625 0.82109375 0.0203125 0.04296875
0 0.46171875 0.9828125 0.0453125 0.03359375
0 0.16640625 0.4578125 0.02109375 0.02578125
0 0.26796875 0.42734375 0.0203125 0.021875
0 0.0125 0.571875 0.0234375 0.025
0 0.77421875 0.43828125 0.02421875 0.02109375
0 0.1953125 0.7140625 0.01875 0.02578125
0 0.07265625 0.64609375 0.02890625 0.02734375
0 0.24375 0.73828125 0.0234375 0.028125
0 0.8140625 0.49140625 0.025 0.028125
0 0.8203125 0.45234375 0.0171875 0.01875
0 0.05546875 0.51953125 0.02890625 0.02578125
0 0.41484375 0.56796875 0.01875 0.02578125
0 0.5390625 0.49765625 0.02265625 0.02265625
0 0.73203125 0.3671875 0.0203125 0.01875
0 0.2953125 0.49609375 0.0203125 0.02265625
0 0.940625 0.62109375 0.02734375 0.034375
0 0.34609375 0.44296875 0.0171875 0.021875
0 0.98515625 0.91796875 0.02890625 0.05625
0 0.66796875 0.45625 0.01875 0.01875
0 0.51796875 0.4484375 0.02265625 0.01953125
0 0.4625 0.609375 0.02421875 0.03125
0 0.12890625 0.5125 0.0203125 0.02734375
0 0.7921875 0.47734375 0.01875 0.0203125
0 0.88984375 0.50546875 0.02578125 0.02265625
0 0.6640625 0.471875 0.01875 0.0171875
0 0.51015625 0.52109375 0.02265625 0.02265625
0 0.42734375 0.55 0.0171875 0.01953125
0 0.38046875 0.4625 0.01796875 0.02109375
0 0.753125 0.6125 0.021875 0.021875
0 0.8203125 0.5203125 0.0296875 0.05234375
0 0.81875 0.46953125 0.01953125 0.01875
0 0.48203125 0.4328125 0.01953125 0.0203125
0 0.91328125 0.53046875 0.0234375 0.0234375
0 0.30390625 0.4234375 0.01484375 0.0171875
0 0.48125 0.45078125 0.01796875 0.01875
0 0.06953125 0.459375 0.0234375 0.02109375
0 0.05 0.6203125 0.0296875 0.03046875
0 0.6984375 0.42890625 0.015625 0.01796875
0 0.42734375 0.5890625 0.021875 0.025
0 0.48984375 0.47890625 0.0140625 0.01875
0 0.52890625 0.59765625 0.01640625 0.01875
0 0.92421875 0.59375 0.0171875 0.02109375
0 0.203125 0.45078125 0.01875 0.0234375
0 0.046875 0.84140625 0.01875 0.03203125
0 0.44453125 0.52109375 0.0203125 0.0234375
0 0.7703125 0.3921875 0.02109375 0.01875
0 0.18515625 0.4890625 0.015625 0.0234375
0 0.38359375 0.425 0.015625 0.01953125
0 0.925 0.7234375 0.01640625 0.01953125
0 0.3671875 0.40234375 0.02109375 0.0203125
0 0.5125 0.56875 0.01640625 0.01953125
0 0.99140625 0.67265625 0.01640625 0.02734375
0 0.775 0.5109375 0.0265625 0.0234375
0 0.3875 0.4859375 0.01953125 0.0203125
0 0.8484375 0.42421875 0.01875 0.02265625
0 0.91015625 0.46484375 0.0203125 0.0171875
0 0.0203125 0.61015625 0.02109375 0.0234375
0 0.753125 0.3859375 0.01875 0.01640625
0 0.0578125 0.68203125 0.0265625 0.021875
0 0.5625 0.31953125 0.01875 0.01875
0 0.1140625 0.4109375 0.01875 0.01796875
0 0.16171875 0.42109375 0.02265625 0.0203125
0 0.7078125 0.365625 0.01640625 0.01875
0 0.68359375 0.58828125 0.0171875 0.01953125
0 0.69296875 0.465625 0.01796875 0.0203125
0 0.87578125 0.359375 0.02109375 0.02109375
0 0.5125 0.425 0.0171875 0.01953125
0 0.00703125 0.55234375 0.0140625 0.021875
0 0.11171875 0.496875 0.0296875 0.03046875
0 0.19609375 0.50390625 0.02109375 0.0390625
0 0.32421875 0.42890625 0.02109375 0.0265625
0 0.35703125 0.5578125 0.028125 0.0375
0 0.32734375 0.56875 0.02734375 0.0390625
0 0.465625 0.38984375 0.03671875 0.03125
0 0.2671875 0.803125 0.03515625 0.05
0 0.2125 0.7921875 0.0296875 0.03125
0 0.6328125 0.48046875 0.0265625 0.0265625
0 0.56875 0.44296875 0.03046875 0.03203125
0 0.5921875 0.4484375 0.03046875 0.0234375
0 0.83515625 0.53984375 0.02109375 0.02890625
0 0.7953125 0.646875 0.02421875 0.04140625
0 0.85859375 0.60625 0.0328125 0.04375