0 0.2328125 0.815625 0.0453125 0.05625
0 0.35390625 0.66015625 0.034375 0.03671875
0 0.7015625 0.73125 0.03671875 0.0421875
0 0.571875 0.721875 0.02578125 0.02734375
0 0.4875 0.76328125 0.03203125 0.04140625
0 0.7984375 0.8796875 0.03046875 0.04140625
0 0.4078125 0.83984375 0.03984375 0.05546875
0 0.7375 0.80859375 0.03828125 0.05625
0 0.428125 0.71875 0.02890625 0.0421875
0 0.521875 0.775 0.03203125 0.046875
0 0.67578125 0.503125 0.02421875 0.0265625
0 0.71796875 0.87578125 0.03203125 0.053125
0 0.3734375 0.92890625 0.0390625 0.04921875
0 0.09375 0.740625 0.04296875 0.046875
0 0.2828125 0.89921875 0.0234375 0.0421875
0 0.6734375 0.91171875 0.02890625 0.04609375
0 0.8828125 0.8984375 0.0328125 0.05
0 0.74921875 0.4921875 0.03046875 0.02421875
0 0.51015625 0.96796875 0.04921875 0.0625
0 0.9421875 0.88125 0.05546875 0.0609375
0 0.7546875 0.65 0.034375 0.03203125
0 0.8 0.79765625 0.03515625 0.046875
0 0.559375 0.66796875 0.028125 0.03359375
0 0.26875 0.6140625 0.02734375 0.02890625
0 0.5203125 0.6203125 0.0296875 0.03203125
0 0.903125 0.67890625 0.03515625 0.04453125
0 0.659375 0.55078125 0.02421875 0.03046875
0 0.6421875 0.746875 0.02578125 0.0328125
0 0.33203125 0.59921875 0.0265625 0.0265625
0 0.2796875 0.8109375 0.03515625 0.0375
0 0.48359375 0.6953125 0.034375 0.0421875
0 0.75703125 0.709375 0.02578125 0.03359375
0 0.70625 0.496875 0.025 0.02578125
0 0.49765625 0.9109375 0.02734375 0.03984375
0 0.2328125 0.9640625 0.03671875 0.04921875
0 0.45 0.95078125 0.03046875 0.04140625
0 0.84453125 0.73984375 0.025 0.0296875
0 0.828125 0.6765625 0.03359375 0.0375
0 0.1984375 0.7578125 0.03359375 0.0359375
0 0.79765625 0.93984375 0.03203125 0.03515625
0 0.421875 0.91171875 0.04140625 0.05703125
0 0.69140625 0.5625 0.02734375 0.02578125
0 0.38828125 0.74140625 0.03046875 0.03828125
0 0.62734375 0.55859375 0.02265625 0.025
0 0.975 0.75625 0.0390625 0.040625
0 0.51796875 0.67890625 0.01953125 0.03125
0 0.30546875 0.83671875 0.0375 0.05625
0 0.83671875 0.9359375 0.02578125 0.03359375
0 0.83828125 0.7875 0.02890625 0.03828125
0 0.6296875 0.7203125 0.021875 0.0265625
0 0.5890625 0.89921875 0.03359375 0.04375
0 0.14765625 0.84765625 0.034375 0.04375
0 0.85859375 0.98125 0.0421875 0.03671875
0 0.9828125 0.675 0.034375 0.03671875
0 0.15078125 0.71875 0.03046875 0.0296875
0 0.32734375 0.71484375 0.03125 0.0359375
0 0.396875 0.64453125 0.03125 0.0359375
0 0.4515625 0.65078125 0.025 0.0359375
0 0.58515625 0.9828125 0.04296875 0.034375
0 0.95078125 0.9578125 0.04765625 0.071875
0 0.20859375 0.56875 0.01953125 0.0296875
0 0.78515625 0.43515625 0.02578125 0.02265625
0 0.11328125 0.63515625 0.028125 0.03046875
0 0.8109375 0.7046875 0.0296875 0.0390625
0 0.76875 0.5734375 0.021875 0.02578125
0 0.2484375 0.53515625 0.0265625 0.02578125
0 0.12265625 0.93125 0.0453125 0.0625
0 0.37890625 0.6109375 0.02421875 0.02890625
0 0.725 0.5265625 0.0296875 0.02578125
0 0.86171875 0.675 0.0203125 0.0296875
0 0.59765625 0.48515625 0.02265625 0.0265625
0 0.31015625 0.5421875 0.025 0.028125
0 0.12578125 0.97734375 0.03671875 0.04453125
0 0.19609375 0.66484375 0.02578125 0.028125
0 0.06015625 0.803125 0.03125 0.0421875
0 0.07421875 0.83984375 0.0375 0.046875
0 0.33671875 0.8 0.02421875 0.0359375
0 0.4765625 0.87109375 0.0296875 0.0390625
0 0.09296875 0.56015625 0.03515625 0.03046875
0 0.23125 0.7453125 0.02734375 0.03515625
0 0.8484375 0.565625 0.0296875 0.028125
0 0.28984375 0.50625 0.0265625 0.02890625
0 0.94609375 0.7984375 0.03671875 0.040625
0 0.2796875 0.53203125 0.02265625 0.0234375
0 0.38984375 0.6875 0.0265625 0.03046875
0 0.52734375 0.7203125 0.0203125 0.0296875
0 0.1296875 0.5296875 0.0265625 0.0234375
0 0.90859375 0.57578125 0.02734375 0.02890625
0 0.7390625 0.60859375 0.021875 0.03125
0 0.47109375 0.4828125 0.0265625 0.021875
0 0.14453125 0.67890625 0.040625 0.0359375
0 0.44140625 0.5609375 0.01875 0.0265625
0 0.17265625 0.540625 0.028125 0.021875
0 0.10546875 0.89453125 0.0359375 0.05390625
0 0.16484375 0.43984375 0.021875 0.021875
0 0.553125 0.57265625 0.0171875 0.01875
0 0.97265625 0.7203125 0.04140625 0.0328125
0 0.2890625 0.4265625 0.01875 0.021875
0 0.5578125 0.4671875 0.0234375 0.02109375
0 0.6984375 0.4390625 0.01875 0.021875
0 0.24375 0.50078125 0.021875 0.02421875
0 0.75 0.46328125 0.01953125 0.021875
0 0.9125 0.61953125 0.025 0.03125
0 0.03046875 0.66484375 0.02265625 0.0234375
0 0.8046875 0.5625 0.021875 0.0265625
0 0.78046875 0.74765625 0.02890625 0.03671875
0 0.42734375 0.4078125 0.01796875 0.01875
0 0.32265625 0.49375 0.021875 0.02265625
0 0.2765625 0.665625 0.02265625 0.02421875
0 0.5390625 0.446875 0.02109375 0.01796875
0 0.08984375 0.6140625 0.0265625 0.03203125
0 0.00859375 0.71953125 0.01640625 0.04609375
0 0.83984375 0.89453125 0.01796875 0.02890625
0 0.16171875 0.50625 0.021875 0.02890625
0 0.534375 0.57890625 0.01796875 0.02421875
0 0.9875 0.58046875 0.02421875 0.03046875
0 0.55703125 0.49140625 0.02265625 0.0234375
0 0.990625 0.9375 0.0171875 0.0421875
0 0.28515625 0.72578125 0.02109375 0.025
0 0.8859375 0.54140625 0.02421875 0.025
0 0.08515625 0.5171875 0.028125 0.02578125
0 0.49921875 0.43125 0.01953125 0.01875