0 0.17578125 0.94609375 0.028125 0.06796875
0 0.1015625 0.96875 0.0421875 0.0515625
0 0.0421875 0.97578125 0.040625 0.0484375
0 0.07890625 0.92578125 0.0234375 0.02578125
0 0.05703125 0.8828125 0.0328125 0.05625
0 0.01640625 0.89453125 0.0328125 0.03671875
0 0.0765625 0.815625 0.021875 0.03359375
0 0.04765625 0.76171875 0.02890625 0.0359375
0 0.14609375 0.76328125 0.0265625 0.0328125
0 0.1453125 0.69375 0.02890625 0.034375
0 0.23828125 0.76015625 0.0390625 0.0421875
0 0.1875 0.834375 0.03984375 0.053125
0 0.13203125 0.85078125 0.03359375 0.0375
0 0.25390625 0.87890625 0.034375 0.05234375
0 0.30625 0.8421875 0.03671875 0.0578125
0 0.26953125 0.79453125 0.03203125 0.040625
0 0.290625 0.7390625 0.0375 0.04921875
0 0.27578125 0.69375 0.02890625 0.04140625
0 0.2234375 0.671875 0.03203125 0.03203125
0 0.2140625 0.60078125 0.02421875 0.03828125
0 0.1828125 0.58515625 0.02734375 0.0296875
0 0.15 0.58359375 0.0296875 0.02890625
0 0.1515625 0.54453125 0.025 0.034375
0 0.20078125 0.55703125 0.02890625 0.03828125
0 0.3734375 0.60859375 0.021875 0.02421875
0 0.35078125 0.7546875 0.02734375 0.046875
0 0.38046875 0.8109375 0.05078125 0.05703125
0 0.37421875 0.90703125 0.03984375 0.05703125
0 0.41328125 0.934375 0.04609375 0.0609375
0 0.42734375 0.85390625 0.02734375 0.04296875
0 0.42890625 0.79453125 0.02734375 0.03828125
0 0.48046875 0.78046875 0.03203125 0.04296875
0 0.4875 0.86015625 0.0359375 0.0484375
0 0.4421875 0.71328125 0.0328125 0.0453125
0 0.40859375 0.690625 0.02265625 0.04921875
0 0.3953125 0.73984375 0.0296875 0.0359375
0 0.36875 0.6578125 0.02265625 0.03203125
0 0.3578125 0.63046875 0.0234375 0.02890625
0 0.4625 0.659375 0.02578125 0.03203125
0 0.48359375 0.67265625 0.0171875 0.0203125
0 0.49296875 0.65234375 0.02109375 0.02421875
0 0.47421875 0.578125 0.0234375 0.02890625
0 0.39609375 0.575 0.0203125 0.0296875
0 0.2984375 0.61640625 0.02109375 0.0296875
0 0.56328125 0.8546875 0.0265625 0.03828125
0 0.56953125 0.90078125 0.03671875 0.053125
0 0.65390625 0.88046875 0.04921875 0.0546875
0 0.5859375 0.63359375 0.03125 0.02890625
0 0.6234375 0.62890625 0.02578125 0.03671875
0 0.65859375 0.640625 0.03125 0.03828125
0 0.71484375 0.7046875 0.02578125 0.0375
0 0.67265625 0.6609375 0.01796875 0.0234375
0 0.65078125 0.5625 0.03359375 0.04296875
0 0.728125 0.84765625 0.02890625 0.053125
0 0.690625 0.97890625 0.04140625 0.0421875
0 0.753125 0.9015625 0.0359375 0.0546875
0 0.77109375 0.97421875 0.04140625 0.05078125
0 0.81953125 0.97109375 0.03984375 0.053125
0 0.8421875 0.90234375 0.03046875 0.0375
0 0.79453125 0.83984375 0.03828125 0.06015625
0 0.72734375 0.7609375 0.040625 0.040625
0 0.82265625 0.80859375 0.03984375 0.053125
0 0.86796875 0.80546875 0.03046875 0.0484375
0 0.9265625 0.81640625 0.04765625 0.0671875
0 0.9671875 0.85390625 0.02421875 0.02890625
0 0.9328125 0.66484375 0.03125 0.040625
0 0.9640625 0.6765625 0.0203125 0.02421875
0 0.98671875 0.71484375 0.0265625 0.04140625
0 0.93203125 0.72421875 0.03203125 0.0359375
0 0.85703125 0.6515625 0.03515625 0.03671875
0 0.90859375 0.6125 0.02578125 0.03046875
0 0.91328125 0.52734375 0.02265625 0.025
0 0.92421875 0.5625 0.0296875 0.03046875
0 0.8421875 0.58046875 0.0296875 0.03515625
0 0.79921875 0.64453125 0.0296875 0.03515625
0 0.75625 0.65546875 0.025 0.0328125
0 0.71015625 0.5875 0.0328125 0.03671875
0 0.7453125 0.546875 0.03203125 0.02734375
0 0.7875 0.47734375 0.03125 0.02265625
0 0.74375 0.51171875 0.01640625 0.0171875
0 0.80625 0.525 0.025 0.03046875
0 0.83984375 0.51796875 0.0234375 0.0234375
0 0.88046875 0.45703125 0.021875 0.02890625
0 0.90078125 0.4296875 0.02265625 0.0296875
0 0.7859375 0.42578125 0.01875 0.01953125
0 0.6984375 0.459375 0.01640625 0.0265625
0 0.70234375 0.43125 0.015625 0.0234375
0 0.6796875 0.47890625 0.025 0.0234375
0 0.65703125 0.5203125 0.02265625 0.01796875
0 0.66640625 0.4984375 0.021875 0.025
0 0.6859375 0.55234375 0.028125 0.03203125
0 0.590625 0.51640625 0.0265625 0.03203125
0 0.55625 0.53671875 0.03046875 0.0328125
0 0.509375 0.5453125 0.0234375 0.02578125
0 0.51484375 0.5140625 0.0265625 0.0265625
0 0.56484375 0.4265625 0.02109375 0.02421875
0 0.55703125 0.33515625 0.01875 0.01796875
0 0.49375 0.4890625 0.02578125 0.0203125
0 0.41015625 0.53046875 0.02734375 0.02265625
0 0.45703125 0.521875 0.0140625 0.01953125
0 0.45234375 0.465625 0.02109375 0.0234375
0 0.3734375 0.4390625 0.02265625 0.021875
0 0.30390625 0.478125 0.021875 0.028125
0 0.33828125 0.53046875 0.02578125 0.01875
0 0.3375 0.503125 0.0171875 0.01953125
0 0.24140625 0.5390625 0.01875 0.02421875
0 0.2625 0.4828125 0.01875 0.01875
0 0.3046875 0.378125 0.0140625 0.0234375
0 0.21875 0.45625 0.01953125 0.02734375
0 0.14765625 0.48515625 0.01953125 0.02265625
0 0.10703125 0.49140625 0.02265625 0.03359375
0 0.115625 0.534375 0.015625 0.025
0 0.0875 0.6328125 0.0234375 0.034375
0 0.0609375 0.58671875 0.0359375 0.034375
0 0.015625 0.57734375 0.02578125 0.02265625
0 0.05703125 0.55625 0.0234375 0.03046875
0 0.08046875 0.46953125 0.025 0.0234375
0 0.06015625 0.434375 0.01953125 0.01953125
0 0.3890625 0.459375 0.02109375 0.02421875
0 0.509375 0.41875 0.0125 0.0140625