0 0.140625 0.953125 0.0421875 0.0703125
0 0.0546875 0.94921875 0.0546875 0.07109375
0 0.1140625 0.853125 0.04453125 0.0484375
0 0.09921875 0.76953125 0.0296875 0.03671875
0 0.1609375 0.7984375 0.03828125 0.04375
0 0.19375 0.89765625 0.02265625 0.0328125
0 0.24921875 0.9078125 0.040625 0.05625
0 0.34140625 0.8328125 0.05078125 0.096875
0 0.39765625 0.9453125 0.04296875 0.059375
0 0.15859375 0.67265625 0.0234375 0.0234375
0 0.171875 0.68359375 0.02421875 0.02578125
0 0.18359375 0.74609375 0.02734375 0.034375
0 0.2078125 0.721875 0.02265625 0.02421875
0 0.23828125 0.72421875 0.0171875 0.02890625
0 0.39921875 0.78984375 0.03359375 0.0359375
0 0.39921875 0.82578125 0.0234375 0.0375
0 0.428125 0.846875 0.02421875 0.03515625
0 0.48984375 0.8359375 0.0375 0.05234375
0 0.5796875 0.96875 0.0375 0.0625
0 0.63359375 0.978125 0.03125 0.04375
0 0.628125 0.94921875 0.01796875 0.0234375
0 0.5890625 0.88203125 0.02890625 0.06171875
0 0.55859375 0.86484375 0.03359375 0.0484375
0 0.55703125 0.809375 0.028125 0.028125
0 0.5515625 0.72109375 0.0296875 0.03984375
0 0.58671875 0.72734375 0.02734375 0.03984375
0 0.65859375 0.77890625 0.03125 0.0515625
0 0.6875 0.75234375 0.0359375 0.040625
0 0.709375 0.7953125 0.03515625 0.03046875
0 0.7125 0.8390625 0.03359375 0.03671875
0 0.76640625 0.9171875 0.034375 0.04375
0 0.79375 0.78515625 0.03671875 0.04140625
0 0.75234375 0.75546875 0.0296875 0.0421875
0 0.74296875 0.7109375 0.02890625 0.03046875
0 0.890625 0.86796875 0.040625 0.05546875
0 0.92890625 0.90546875 0.040625 0.05078125
0 0.93515625 0.96171875 0.0375 0.04375
0 0.8515625 0.8359375 0.03125 0.046875
0 0.8609375 0.79765625 0.03125 0.040625
0 0.921875 0.7703125 0.040625 0.0578125
0 0.9328125 0.6375 0.03671875 0.0390625
0 0.88125 0.71328125 0.034375 0.03984375
0 0.8484375 0.7171875 0.03046875 0.03203125
0 0.78671875 0.63671875 0.02734375 0.02734375
0 0.740625 0.64765625 0.03203125 0.03828125
0 0.815625 0.590625 0.02578125 0.025
0 0.8640625 0.5796875 0.02265625 0.021875
0 0.6390625 0.6859375 0.02578125 0.0390625
0 0.628125 0.63359375 0.0203125 0.021875
0 0.55625 0.665625 0.02578125 0.03515625
0 0.559375 0.6046875 0.0328125 0.0359375
0 0.51640625 0.609375 0.03046875 0.0328125
0 0.49296875 0.66796875 0.0234375 0.03203125
0 0.440625 0.734375 0.0296875 0.03359375
0 0.4546875 0.70546875 0.021875 0.03203125
0 0.44765625 0.68515625 0.0203125 0.0265625
0 0.40859375 0.66484375 0.0234375 0.0359375
0 0.3890625 0.6671875 0.02109375 0.03671875
0 0.36796875 0.63828125 0.025 0.03046875
0 0.33046875 0.65859375 0.028125 0.03046875
0 0.2921875 0.646875 0.025 0.02890625
0 0.2578125 0.62890625 0.0296875 0.03046875
0 0.27109375 0.69375 0.02578125 0.02421875
0 0.33203125 0.62734375 0.03046875 0.03125
0 0.35078125 0.59609375 0.028125 0.03359375
0 0.30625 0.56171875 0.02265625 0.02265625
0 0.3125 0.60234375 0.0234375 0.02421875
0 0.2375 0.565625 0.0265625 0.034375
0 0.378125 0.603125 0.025 0.0296875
0 0.41796875 0.61328125 0.02734375 0.0328125
0 0.4140625 0.4703125 0.02421875 0.0296875
0 0.45234375 0.59921875 0.025 0.03359375
0 0.64453125 0.59140625 0.0265625 0.03828125
0 0.60546875 0.5390625 0.02890625 0.03515625
0 0.528125 0.54296875 0.03046875 0.03359375
0 0.684375 0.61328125 0.0265625 0.03515625
0 0.7 0.64140625 0.0265625 0.0359375
0 0.67109375 0.5234375 0.02421875 0.0265625
0 0.765625 0.515625 0.02421875 0.025
0 0.7609375 0.49453125 0.028125 0.02734375
0 0.9640625 0.62109375 0.03203125 0.0390625
0 0.9625 0.7703125 0.0359375 0.05546875
0 0.59140625 0.428125 0.021875 0.02421875
0 0.60078125 0.4078125 0.02578125 0.0203125
0 0.73828125 0.51484375 0.02265625 0.02734375
0 0.72578125 0.55078125 0.021875 0.03125
0 0.61953125 0.5109375 0.02109375 0.025
0 0.57265625 0.49921875 0.02578125 0.034375
0 0.53984375 0.48203125 0.0234375 0.0296875
0 0.39375 0.49375 0.0265625 0.0265625
0 0.346875 0.72265625 0.02890625 0.028125
0 0.3828125 0.42890625 0.021875 0.0265625
0 0.6609375 0.440625 0.0203125 0.0265625
0 0.7765625 0.68828125 0.03046875 0.03359375
0 0.82734375 0.975 0.04453125 0.046875
0 0.765625 0.8375 0.02734375 0.0375
0 0.57578125 0.54921875 0.02421875 0.0265625
0 0.44375 0.51640625 0.0203125 0.0296875
0 0.5828125 0.67265625 0.0265625 0.04140625
0 0.921875 0.590625 0.02890625 0.03515625