0 0.02578125 0.915625 0.04296875 0.05703125
0 0.1328125 0.86875 0.053125 0.06796875
0 0.17578125 0.97265625 0.028125 0.0546875
0 0.0984375 0.80546875 0.03359375 0.05078125
0 0.05234375 0.75703125 0.0390625 0.03671875
0 0.2140625 0.89140625 0.04375 0.07265625
0 0.184375 0.8625 0.03828125 0.03828125
0 0.2484375 0.85234375 0.0296875 0.040625
0 0.32265625 0.89921875 0.04765625 0.06640625
0 0.3296875 0.97734375 0.046875 0.04453125
0 0.2 0.76640625 0.025 0.0296875
0 0.24453125 0.75390625 0.02890625 0.03828125
0 0.284375 0.69453125 0.03203125 0.0359375
0 0.31171875 0.7875 0.0265625 0.046875
0 0.39375 0.9390625 0.03125 0.05
0 0.4125 0.98046875 0.02109375 0.03828125
0 0.521875 0.9765625 0.03671875 0.04609375
0 0.459375 0.8234375 0.03828125 0.05625
0 0.41875 0.809375 0.03515625 0.05078125
0 0.5171875 0.76640625 0.03125 0.03828125
0 0.61328125 0.98515625 0.02734375 0.0296875
0 0.58125 0.76328125 0.02421875 0.03203125
0 0.58984375 0.796875 0.03203125 0.0390625
0 0.66328125 0.77734375 0.04296875 0.04921875
0 0.69765625 0.871875 0.04375 0.0625
0 0.66953125 0.94921875 0.03671875 0.0609375
0 0.76015625 0.96015625 0.0390625 0.05234375
0 0.85625 0.975 0.0390625 0.05
0 0.925 0.96015625 0.0625 0.06875
0 0.93671875 0.86171875 0.04765625 0.046875
0 0.96640625 0.80625 0.0375 0.04765625
0 0.89140625 0.7140625 0.03828125 0.05078125
0 0.8453125 0.7109375 0.02265625 0.03515625
0 0.80625 0.71484375 0.03359375 0.0484375
0 0.78359375 0.74375 0.0296875 0.04765625
0 0.82578125 0.79453125 0.0265625 0.02890625
0 0.80859375 0.846875 0.03671875 0.0484375
0 0.76640625 0.86171875 0.04140625 0.06640625
0 0.75078125 0.79140625 0.0328125 0.04453125
0 0.72265625 0.74921875 0.02734375 0.0375
0 0.725 0.6828125 0.0390625 0.0390625
0 0.9 0.596875 0.025 0.0296875
0 0.98046875 0.7109375 0.0390625 0.034375
0 0.96328125 0.7609375 0.04375 0.0375
0 0.94765625 0.63828125 0.0265625 0.03828125
0 0.9890625 0.59765625 0.021875 0.034375
0 0.92890625 0.60546875 0.01875 0.01875
0 0.903125 0.6453125 0.0296875 0.0375
0 0.83515625 0.584375 0.02734375 0.03046875
0 0.88125 0.5546875 0.0234375 0.025
0 0.7140625 0.6359375 0.02734375 0.0375
0 0.7875 0.58046875 0.02265625 0.028125
0 0.7453125 0.59375 0.02265625 0.03125
0 0.7453125 0.625 0.02578125 0.025
0 0.7328125 0.4984375 0.02734375 0.025
0 0.73359375 0.46875 0.01640625 0.02421875
0 0.70390625 0.5359375 0.0296875 0.0296875
0 0.6265625 0.5671875 0.02578125 0.03359375
0 0.6609375 0.57890625 0.03203125 0.03125
0 0.67421875 0.6015625 0.01953125 0.0234375
0 0.5921875 0.57578125 0.02421875 0.0265625
0 0.64921875 0.5140625 0.02265625 0.0296875
0 0.68125 0.5078125 0.025 0.02734375
0 0.8921875 0.50859375 0.02265625 0.02265625
0 0.8828125 0.4828125 0.025 0.02421875
0 0.8546875 0.41875 0.01796875 0.02421875
0 0.87109375 0.3921875 0.02109375 0.0171875
0 0.82109375 0.45546875 0.01640625 0.0171875
0 0.7734375 0.4375 0.02265625 0.01875
0 0.7703125 0.51796875 0.02890625 0.02265625
0 0.65546875 0.47421875 0.02265625 0.01171875
0 0.66171875 0.45625 0.015625 0.01796875
0 0.675 0.44140625 0.02578125 0.021875
0 0.565625 0.4921875 0.028125 0.025
0 0.59375 0.47578125 0.0296875 0.02421875
0 0.52265625 0.475 0.02421875 0.01875
0 0.49140625 0.53125 0.0203125 0.0234375
0 0.48515625 0.60078125 0.01875 0.02578125
0 0.5046875 0.6140625 0.01484375 0.0234375
0 0.509375 0.59296875 0.01953125 0.01875
0 0.48984375 0.57734375 0.01875 0.01875
0 0.4671875 0.64609375 0.03671875 0.0359375
0 0.50859375 0.6984375 0.028125 0.03671875
0 0.7921875 0.47890625 0.01953125 0.021875
0 0.46484375 0.43203125 0.02265625 0.021875
0 0.4296875 0.48828125 0.02421875 0.01875
0 0.47265625 0.4796875 0.01171875 0.0171875
0 0.4375 0.6265625 0.0203125 0.03671875
0 0.46171875 0.71328125 0.025 0.03203125
0 0.46484375 0.76640625 0.0234375 0.05
0 0.41953125 0.73046875 0.0421875 0.0484375
0 0.35625 0.75625 0.03203125 0.0546875
0 0.31953125 0.71875 0.0265625 0.0375
0 0.38984375 0.6828125 0.025 0.0375
0 0.3328125 0.671875 0.0296875 0.040625
0 0.31875 0.6375 0.025 0.02734375
0 0.3875 0.5765625 0.0171875 0.02734375
0 0.39921875 0.55859375 0.02109375 0.01484375
0 0.26875 0.6203125 0.028125 0.03359375
0 0.19765625 0.63671875 0.02734375 0.028125
0 0.20234375 0.69375 0.02109375 0.02734375
0 0.11640625 0.69609375 0.02421875 0.0328125
0 0.13984375 0.58515625 0.0171875 0.0265625
0 0.10078125 0.51796875 0.0234375 0.0328125
0 0.0625 0.5390625 0.025 0.025
0 0.18828125 0.5453125 0.0296875 0.02421875
0 0.234375 0.51796875 0.0234375 0.025
0 0.22265625 0.540625 0.02109375 0.02578125
0 0.140625 0.46015625 0.015625 0.02734375
0 0.1875 0.5109375 0.02109375 0.02578125
0 0.24375 0.42734375 0.0171875 0.01953125
0 0.28359375 0.42265625 0.015625 0.01484375
0 0.359375 0.46640625 0.0171875 0.01875
0 0.4453125 0.35 0.0140625 0.015625
0 0.3890625 0.4078125 0.01953125 0.02109375
0 0.25078125 0.5546875 0.025 0.03828125
0 0.10703125 0.55 0.03046875 0.02109375
0 0.1515625 0.49765625 0.015625 0.01953125
0 0.028125 0.66328125 0.03125 0.03359375
0 0.0203125 0.5734375 0.040625 0.034375
0 0.0171875 0.5265625 0.03046875 0.03046875
0 0.046875 0.7109375 0.0359375 0.03671875
0 0.1375 0.79296875 0.02734375 0.0421875
0 0.16484375 0.828125 0.0171875 0.01875