0 0.26875 0.69921875 0.03671875 0.03828125
0 0.8046875 0.9578125 0.04921875 0.071875
0 0.53671875 0.69453125 0.04140625 0.0453125
0 0.29140625 0.59375 0.04296875 0.0390625
0 0.2203125 0.85234375 0.04453125 0.0515625
0 0.82421875 0.81484375 0.04296875 0.04765625
0 0.6859375 0.5375 0.0296875 0.03203125
0 0.36171875 0.8546875 0.04296875 0.05703125
0 0.28203125 0.896875 0.05 0.05390625
0 0.28515625 0.5484375 0.0296875 0.03125
0 0.596875 0.91015625 0.03828125 0.05859375
0 0.41953125 0.70546875 0.04140625 0.04453125
0 0.4453125 0.64765625 0.0375 0.0359375
0 0.46484375 0.90859375 0.04609375 0.05390625
0 0.18515625 0.80703125 0.03671875 0.04453125
0 0.94765625 0.740625 0.04921875 0.053125
0 0.21328125 0.965625 0.05234375 0.05390625
0 0.42265625 0.815625 0.05 0.04609375
0 0.5078125 0.58203125 0.03828125 0.03359375
0 0.17265625 0.9140625 0.0390625 0.0578125
0 0.7546875 0.68671875 0.034375 0.0390625
0 0.29921875 0.8265625 0.0359375 0.03984375
0 0.48671875 0.79375 0.0265625 0.04296875
0 0.46796875 0.48046875 0.0203125 0.025
0 0.29765625 0.778125 0.0375 0.046875
0 0.76328125 0.62421875 0.03203125 0.03359375
0 0.7109375 0.49921875 0.03046875 0.03359375
0 0.05390625 0.62578125 0.03359375 0.03046875
0 0.34609375 0.59765625 0.0359375 0.03203125
0 0.33984375 0.54140625 0.028125 0.028125
0 0.6609375 0.5515625 0.02890625 0.0359375
0 0.16953125 0.66484375 0.0296875 0.03203125
0 0.7140625 0.6890625 0.028125 0.03671875
0 0.05625 0.76953125 0.03671875 0.05078125
0 0.37578125 0.50546875 0.0265625 0.028125
0 0.2109375 0.71640625 0.03125 0.0375
0 0.7265625 0.72890625 0.03125 0.03984375
0 0.65078125 0.59453125 0.034375 0.03984375
0 0.68359375 0.64609375 0.02890625 0.0375
0 0.68125 0.796875 0.04453125 0.0390625
0 0.803125 0.6453125 0.03125 0.04296875
0 0.871875 0.64609375 0.0328125 0.03359375
0 0.82265625 0.54765625 0.03359375 0.028125
0 0.3515625 0.7015625 0.03203125 0.03828125
0 0.5515625 0.90703125 0.04140625 0.05546875
0 0.75 0.98515625 0.04375 0.0296875
0 0.79921875 0.9 0.03828125 0.04765625
0 0.82265625 0.76171875 0.040625 0.04140625
0 0.5265625 0.840625 0.03046875 0.04296875
0 0.234375 0.746875 0.03671875 0.03828125
0 0.9734375 0.61484375 0.0484375 0.040625
0 0.6 0.4875 0.0203125 0.025
0 0.43828125 0.4375 0.02578125 0.02578125
0 0.8734375 0.78671875 0.0375 0.0390625
0 0.5375 0.62109375 0.025 0.03046875
0 0.4203125 0.98203125 0.0328125 0.0359375
0 0.5734375 0.4875 0.021875 0.0265625
0 0.59921875 0.53046875 0.02578125 0.02890625
0 0.08828125 0.98125 0.05703125 0.0375
0 0.45390625 0.5875 0.03515625 0.03671875
0 0.46015625 0.540625 0.02265625 0.0265625
0 0.8515625 0.60546875 0.0296875 0.03125
0 0.26328125 0.45390625 0.02421875 0.025
0 0.9015625 0.55234375 0.03203125 0.03125
0 0.53984375 0.56640625 0.025 0.03203125
0 0.975 0.8578125 0.05 0.0578125
0 0.3328125 0.67265625 0.03125 0.034375
0 0.1484375 0.546875 0.0265625 0.02890625
0 0.11953125 0.56171875 0.0296875 0.02734375
0 0.234375 0.575 0.02265625 0.02734375
0 0.240625 0.53984375 0.02421875 0.0265625
0 0.82265625 0.61875 0.0359375 0.0421875
0 0.18125 0.69453125 0.03046875 0.0296875
0 0.61171875 0.65390625 0.03125 0.03125
0 0.43828125 0.54921875 0.0234375 0.0328125
0 0.9046875 0.61171875 0.0359375 0.03203125
0 0.20625 0.54609375 0.02109375 0.0265625
0 0.6734375 0.71796875 0.02578125 0.03359375
0 0.51171875 0.5546875 0.021875 0.03046875
0 0.7546875 0.63125 0.03203125 0.03359375
0 0.40546875 0.54453125 0.02265625 0.02734375
0 0.39375 0.59765625 0.02421875 0.02890625
0 0.20078125 0.47421875 0.0296875 0.02578125
0 0.49375 0.546875 0.02109375 0.02265625
0 0.7734375 0.4890625 0.02265625 0.02578125
0 0.10234375 0.66796875 0.025 0.034375
0 0.13359375 0.65 0.02421875 0.0265625
0 0.86796875 0.5890625 0.0265625 0.0265625
0 0.87890625 0.56796875 0.0296875 0.0359375
0 0.5 0.65234375 0.02890625 0.0453125
0 0.50546875 0.7578125 0.03984375 0.0546875
0 0.46171875 0.7078125 0.025 0.03671875
0 0.0984375 0.82109375 0.03046875 0.0421875
0 0.034375 0.721875 0.03203125 0.02421875
0 0.0765625 0.6875 0.034375 0.040625
0 0.90703125 0.8625 0.0671875 0.06328125
0 0.83359375 0.8953125 0.02890625 0.046875