0 0.08515625 0.93984375 0.06171875 0.0765625
0 0.1265625 0.88984375 0.025 0.0328125
0 0.0984375 0.85 0.0375 0.065625
0 0.05625 0.8625 0.0421875 0.04609375
0 0.0140625 0.80546875 0.028125 0.040625
0 0.084375 0.73828125 0.02734375 0.0359375
0 0.11484375 0.79140625 0.0203125 0.034375
0 0.04140625 0.56328125 0.028125 0.02890625
0 0.08984375 0.578125 0.03515625 0.02890625
0 0.0828125 0.5421875 0.0265625 0.03828125
0 0.10078125 0.4609375 0.02421875 0.02578125
0 0.115625 0.62109375 0.02109375 0.034375
0 0.17265625 0.57734375 0.02890625 0.03046875
0 0.171875 0.53515625 0.0203125 0.0265625
0 0.13515625 0.525 0.01875 0.02265625
0 0.128125 0.48359375 0.0203125 0.03046875
0 0.22109375 0.54453125 0.0265625 0.03046875
0 0.20625 0.57265625 0.0265625 0.021875
0 0.23515625 0.5875 0.025 0.03515625
0 0.17421875 0.67421875 0.02734375 0.03125
0 0.175 0.73984375 0.028125 0.0328125
0 0.16796875 0.8171875 0.02890625 0.034375
0 0.21640625 0.80390625 0.0328125 0.03984375
0 0.21328125 0.9140625 0.02578125 0.05625
0 0.1796875 0.90703125 0.0296875 0.0390625
0 0.1421875 0.93203125 0.04140625 0.0359375
0 0.17265625 0.965625 0.05 0.06640625
0 0.290625 0.9671875 0.04453125 0.0640625
0 0.284375 0.8453125 0.02890625 0.05234375
0 0.2953125 0.76796875 0.0265625 0.03359375
0 0.26015625 0.7359375 0.03984375 0.04453125
0 0.33125 0.81328125 0.0296875 0.05546875
0 0.31328125 0.71640625 0.03359375 0.03984375
0 0.2984375 0.675 0.0296875 0.04453125
0 0.24765625 0.65703125 0.03359375 0.0328125
0 0.371875 0.61640625 0.02421875 0.03125
0 0.234375 0.45078125 0.01796875 0.02109375
0 0.278125 0.47578125 0.01875 0.0296875
0 0.275 0.44609375 0.015625 0.01953125
0 0.38515625 0.4328125 0.01953125 0.01640625
0 0.4234375 0.51953125 0.021875 0.02421875
0 0.41171875 0.5578125 0.01796875 0.025
0 0.38828125 0.5953125 0.0203125 0.01953125
0 0.3140625 0.60625 0.0234375 0.0359375
0 0.35390625 0.52265625 0.02265625 0.02578125
0 0.35078125 0.49609375 0.0171875 0.0234375
0 0.371875 0.73125 0.02890625 0.04609375
0 0.4015625 0.7859375 0.04375 0.05234375
0 0.39609375 0.87109375 0.040625 0.053125
0 0.43671875 0.89375 0.0453125 0.0671875
0 0.5046875 0.82578125 0.034375 0.04296875
0 0.49921875 0.75390625 0.025 0.04453125
0 0.44765625 0.76796875 0.025 0.0359375
0 0.45625 0.69296875 0.0328125 0.04140625
0 0.42421875 0.671875 0.028125 0.04609375
0 0.47734375 0.64375 0.01953125 0.0296875
0 0.48125 0.61953125 0.015625 0.021875
0 0.496875 0.65546875 0.015625 0.021875
0 0.50234375 0.6359375 0.0203125 0.0203125
0 0.5828125 0.86484375 0.034375 0.04609375
0 0.57421875 0.82578125 0.02734375 0.0390625
0 0.659375 0.84921875 0.0484375 0.06484375
0 0.696875 0.9515625 0.05234375 0.0796875
0 0.77265625 0.94296875 0.04453125 0.06484375
0 0.82109375 0.93203125 0.03984375 0.0578125
0 0.75703125 0.86484375 0.034375 0.05625
0 0.72890625 0.81484375 0.03359375 0.04296875
0 0.72890625 0.740625 0.04140625 0.03828125
0 0.81796875 0.778125 0.0421875 0.04765625
0 0.79453125 0.81484375 0.03671875 0.0546875
0 0.8375 0.865625 0.025 0.03984375
0 0.8625 0.775 0.0296875 0.04296875
0 0.9171875 0.7828125 0.0421875 0.059375
0 0.9546875 0.82109375 0.02734375 0.02890625
0 0.9609375 0.946875 0.046875 0.06796875
0 0.98359375 0.83359375 0.03125 0.0328125
0 0.9234375 0.64921875 0.0296875 0.03515625
0 0.9265625 0.70234375 0.025 0.03828125
0 0.95546875 0.65703125 0.02265625 0.028125
0 0.853125 0.63125 0.03671875 0.0328125
0 0.90078125 0.6 0.025 0.03046875
0 0.90546875 0.51875 0.02109375 0.0296875
0 0.8375 0.4859375 0.01953125 0.01953125
0 0.853125 0.5875 0.01796875 0.02109375
0 0.7453125 0.5359375 0.0296875 0.02734375
0 0.79921875 0.62890625 0.0265625 0.0296875
0 0.75546875 0.6375 0.02265625 0.02890625
0 0.75625 0.67890625 0.025 0.01875
0 0.7203125 0.68671875 0.0296875 0.0390625
0 0.5921875 0.61875 0.028125 0.03203125
0 0.62734375 0.6109375 0.02578125 0.0328125
0 0.66328125 0.62265625 0.02734375 0.03046875
0 0.67578125 0.6453125 0.0171875 0.0203125
0 0.65234375 0.55 0.0265625 0.0328125
0 0.68984375 0.54609375 0.0265625 0.03359375
0 0.70859375 0.5765625 0.03046875 0.03359375
0 0.74375 0.5 0.01796875 0.025
0 0.78515625 0.46796875 0.02265625 0.02421875
0 0.6703125 0.4921875 0.01953125 0.021875
0 0.59453125 0.5046875 0.02734375 0.0296875
0 0.565625 0.52578125 0.02578125 0.03359375
0 0.6828125 0.47109375 0.01953125 0.02578125
0 0.74453125 0.3875 0.01875 0.02265625
0 0.69296875 0.371875 0.01328125 0.01484375
0 0.521875 0.50546875 0.02578125 0.02578125
0 0.51953125 0.53359375 0.02109375 0.0234375
0 0.48359375 0.565625 0.02578125 0.02890625
0 0.5046875 0.48046875 0.02109375 0.02109375
0 0.515625 0.4109375 0.01484375 0.02265625
0 0.315625 0.4703125 0.01875 0.02265625
0 0.02421875 0.48515625 0.02734375 0.0265625
0 0.259375 0.5296875 0.01484375 0.028125
0 0.46875 0.5109375 0.01171875 0.01953125
0 0.4609375 0.45859375 0.0203125 0.025
0 0.7828125 0.5546875 0.02734375 0.02734375
0 0.87421875 0.44921875 0.0203125 0.0265625
0 0.89296875 0.421875 0.0234375 0.0203125
0 0.940625 0.57734375 0.02109375 0.0265625
0 0.94296875 0.50546875 0.02265625 0.02265625