0 0.38046875 0.7484375 0.03671875 0.04375
0 0.540625 0.95390625 0.05546875 0.06484375
0 0.890625 0.95546875 0.0546875 0.0765625
0 0.11484375 0.7546875 0.040625 0.04609375
0 0.6171875 0.83046875 0.04921875 0.05546875
0 0.46796875 0.759375 0.0375 0.04375
0 0.190625 0.63046875 0.03984375 0.03671875
0 0.315625 0.84453125 0.05625 0.05625
0 0.81640625 0.8515625 0.05546875 0.06171875
0 0.390625 0.8578125 0.04921875 0.0484375
0 0.07421875 0.78203125 0.04140625 0.04609375
0 0.8171875 0.7671875 0.04375 0.05625
0 0.7171875 0.6578125 0.02578125 0.0375
0 0.30390625 0.76171875 0.04453125 0.05
0 0.23359375 0.815625 0.028125 0.03984375
0 0.4421875 0.59765625 0.034375 0.034375
0 0.5140625 0.7671875 0.0359375 0.0546875
0 0.27109375 0.6015625 0.0296875 0.0328125
0 0.846875 0.7375 0.04140625 0.04765625
0 0.28125 0.53984375 0.03125 0.0296875
0 0.86484375 0.6765625 0.04375 0.05625
0 0.36640625 0.9171875 0.0390625 0.05078125
0 0.8984375 0.659375 0.0328125 0.04296875
0 0.61171875 0.5484375 0.0328125 0.034375
0 0.0796875 0.95234375 0.04765625 0.0609375
0 0.78359375 0.95859375 0.04921875 0.053125
0 0.47421875 0.65 0.03671875 0.03984375
0 0.54609375 0.6421875 0.03125 0.04140625
0 0.4984375 0.57734375 0.0359375 0.0359375
0 0.13828125 0.6703125 0.0359375 0.03359375
0 0.6625 0.9 0.0375 0.05625
0 0.61015625 0.95625 0.04453125 0.06015625
0 0.18984375 0.75546875 0.034375 0.04375
0 0.546875 0.7546875 0.03359375 0.0390625
0 0.43359375 0.55546875 0.02734375 0.03203125
0 0.72421875 0.72890625 0.03125 0.0421875
0 0.33828125 0.63359375 0.03046875 0.0359375
0 0.13984375 0.5203125 0.040625 0.02421875
0 0.71171875 0.7984375 0.04296875 0.0453125
0 0.46796875 0.4671875 0.03125 0.03359375
0 0.4265625 0.68828125 0.0375 0.04140625
0 0.5734375 0.57734375 0.02734375 0.0328125
0 0.6546875 0.50546875 0.03125 0.03125
0 0.546875 0.703125 0.02890625 0.03984375
0 0.65703125 0.79921875 0.0390625 0.0546875
0 0.43359375 0.78125 0.0328125 0.04375
0 0.634375 0.6203125 0.02109375 0.03359375
0 0.590625 0.76015625 0.03203125 0.0375
0 0.34375 0.53359375 0.02578125 0.03203125
0 0.73984375 0.50625 0.02734375 0.02890625
0 0.13359375 0.975 0.04609375 0.05
0 0.29140625 0.56640625 0.0296875 0.02890625
0 0.68671875 0.66015625 0.028125 0.034375
0 0.4546875 0.85859375 0.028125 0.0390625
0 0.6171875 0.77734375 0.03203125 0.046875
0 0.678125 0.5875 0.028125 0.0328125
0 0.9515625 0.6578125 0.03359375 0.03671875
0 0.77734375 0.51328125 0.03046875 0.0296875
0 0.76796875 0.609375 0.02578125 0.0359375
0 0.5453125 0.84296875 0.04140625 0.04609375
0 0.5703125 0.45703125 0.025 0.028125
0 0.721875 0.6046875 0.03203125 0.03046875
0 0.91328125 0.81328125 0.03671875 0.04296875
0 0.55546875 0.5296875 0.02109375 0.03046875
0 0.2421875 0.74140625 0.02890625 0.03828125
0 0.58203125 0.58671875 0.0265625 0.0328125
0 0.28984375 0.70859375 0.02109375 0.0234375
0 0.31875 0.4671875 0.03125 0.02578125
0 0.1625 0.5765625 0.025 0.028125
0 0.26640625 0.67109375 0.02734375 0.03203125
0 0.9875 0.82109375 0.025 0.0484375
0 0.83359375 0.546875 0.03046875 0.0359375
0 0.0828125 0.68359375 0.02890625 0.0375
0 0.19765625 0.59921875 0.02734375 0.0296875
0 0.5046875 0.446875 0.02109375 0.02421875
0 0.6609375 0.60703125 0.02890625 0.03125
0 0.98671875 0.91328125 0.02578125 0.04921875
0 0.853125 0.60234375 0.02890625 0.025
0 0.646875 0.4671875 0.021875 0.02734375
0 0.29375 0.7046875 0.02109375 0.0234375
0 0.984375 0.95703125 0.03046875 0.04609375
0 0.62265625 0.4625 0.0234375 0.0265625
0 0.38203125 0.98515625 0.04140625 0.02890625
0 0.29453125 0.49609375 0.02734375 0.02734375