0 0.028125 0.93203125 0.05546875 0.06484375
0 0.01640625 0.8875 0.0328125 0.040625
0 0.08984375 0.82578125 0.0859375 0.08359375
0 0.11640625 0.75625 0.04765625 0.059375
0 0.06796875 0.7265625 0.0453125 0.05859375
0 0.0359375 0.66484375 0.04765625 0.05703125
0 0.0140625 0.61953125 0.02734375 0.05390625
0 0.0703125 0.621875 0.0640625 0.0421875
0 0.11796875 0.64609375 0.03828125 0.0359375
0 0.15625 0.61015625 0.0328125 0.03046875
0 0.20859375 0.98359375 0.05859375 0.03203125
0 0.171875 0.915625 0.0703125 0.08046875
0 0.20390625 0.828125 0.06015625 0.05859375
0 0.209375 0.77421875 0.071875 0.059375
0 0.25234375 0.715625 0.06171875 0.053125
0 0.24609375 0.66015625 0.06953125 0.0609375
0 0.296875 0.853125 0.06484375 0.10078125
0 0.33671875 0.78359375 0.06015625 0.06484375
0 0.371875 0.809375 0.0515625 0.06640625
0 0.4203125 0.95546875 0.0859375 0.08828125
0 0.51640625 0.89453125 0.0890625 0.10546875
0 0.4609375 0.790625 0.06796875 0.0859375
0 0.55390625 0.76640625 0.08125 0.08046875
0 0.6203125 0.9046875 0.065625 0.09765625
0 0.509375 0.7140625 0.034375 0.05
0 0.4609375 0.71015625 0.0546875 0.0765625
0 0.41953125 0.6875 0.03828125 0.053125
0 0.43828125 0.62890625 0.05546875 0.05390625
0 0.35625 0.721875 0.0390625 0.03984375
0 0.33046875 0.6578125 0.053125 0.0859375
0 0.3765625 0.6203125 0.040625 0.05
0 0.3375 0.58828125 0.0421875 0.02890625
0 0.3796875 0.559375 0.03828125 0.0421875
0 0.2765625 0.60078125 0.0546875 0.053125
0 0.21796875 0.603125 0.03359375 0.03984375
0 0.12421875 0.56875 0.0390625 0.04765625
0 0.08125 0.571875 0.0421875 0.06484375
0 0.04140625 0.55625 0.04296875 0.04609375
0 0.31484375 0.55859375 0.06875 0.0421875
0 0.596875 0.634375 0.0640625 0.05390625
0 0.51796875 0.56640625 0.07265625 0.08203125
0 0.48984375 0.490625 0.046875 0.05
0 0.375 0.49765625 0.0390625 0.053125
0 0.321875 0.5203125 0.046875 0.03828125
0 0.23984375 0.534375 0.04296875 0.05546875
0 0.29921875 0.48046875 0.03125 0.03203125
0 0.40234375 0.47578125 0.03984375 0.04609375
0 0.12109375 0.51328125 0.0421875 0.0453125
0 0.1515625 0.51953125 0.0328125 0.04609375
0 0.16953125 0.53671875 0.02578125 0.03046875
0 0.225 0.48984375 0.04921875 0.04375
0 0.36796875 0.440625 0.05234375 0.04765625
0 0.4609375 0.45 0.034375 0.03984375
0 0.66953125 0.7703125 0.0671875 0.1046875
0 0.6359375 0.67421875 0.0546875 0.07421875
0 0.725 0.715625 0.065625 0.0796875
0 0.7453125 0.76640625 0.040625 0.0515625
0 0.7671875 0.86875 0.0390625 0.078125
0 0.71015625 0.63984375 0.03203125 0.0625
0 0.6640625 0.5515625 0.05234375 0.05859375
0 0.60390625 0.57265625 0.03671875 0.0453125
0 0.57578125 0.55625 0.03359375 0.040625
0 0.5671875 0.52421875 0.04375 0.04921875
0 0.15625 0.5796875 0.025 0.02578125
0 0.13671875 0.58671875 0.02578125 0.0359375
0 0.19296875 0.5796875 0.03203125 0.03671875
0 0.1828125 0.5515625 0.0265625 0.03359375
0 0.59375 0.48984375 0.05703125 0.0296875
0 0.7359375 0.56796875 0.05625 0.040625
0 0.721875 0.53203125 0.04453125 0.03515625
0 0.7734375 0.578125 0.04609375 0.05390625
0 0.7640625 0.66328125 0.0421875 0.03515625
0 0.78359375 0.70390625 0.04921875 0.053125
0 0.78046875 0.796875 0.03203125 0.0453125
0 0.60078125 0.4640625 0.03203125 0.03984375
0 0.6984375 0.47890625 0.04375 0.0390625
0 0.7359375 0.47578125 0.03671875 0.03359375
0 0.546875 0.44140625 0.03515625 0.03125
0 0.62734375 0.43359375 0.03671875 0.0359375
0 0.68671875 0.440625 0.03125 0.03984375
0 0.80625 0.84453125 0.06484375 0.06875
0 0.8375 0.79609375 0.07109375 0.078125
0 0.91796875 0.84375 0.07265625 0.07109375
0 0.8703125 0.94765625 0.07265625 0.1046875
0 0.8453125 0.915625 0.03828125 0.040625
0 0.9265625 0.959375 0.05703125 0.08046875
0 0.96484375 0.90078125 0.04921875 0.059375
0 0.9875 0.8671875 0.025 0.0359375
0 0.98046875 0.6703125 0.03828125 0.071875
0 0.925 0.64296875 0.05703125 0.05625
0 0.915625 0.69609375 0.04296875 0.0359375
0 0.90078125 0.73046875 0.04453125 0.04921875
0 0.79140625 0.63203125 0.05625 0.0609375
0 0.840625 0.6421875 0.04765625 0.04921875
0 0.8796875 0.6609375 0.04453125 0.04140625
0 0.8328125 0.484375 0.03984375 0.04921875
0 0.81484375 0.51015625 0.0359375 0.040625
0 0.82265625 0.5515625 0.02578125 0.03203125
0 0.87734375 0.54375 0.04375 0.03828125
0 0.9453125 0.5078125 0.06015625 0.0453125
0 0.98125 0.46015625 0.0375 0.0390625
0 0.7515625 0.4125 0.028125 0.0234375
0 0.75546875 0.38125 0.03671875 0.03828125
0 0.68125 0.39453125 0.02578125 0.03515625
0 0.5421875 0.40625 0.04609375 0.03515625
0 0.90234375 0.44296875 0.05625 0.03046875
0 0.890625 0.4890625 0.04765625 0.0359375
0 0.5 0.4 0.03671875 0.03125
0 0.590625 0.41796875 0.03984375 0.05078125
0 0.45390625 0.421875 0.04296875 0.03046875
0 0.465625 0.39765625 0.03359375 0.0265625
0 0.43046875 0.40546875 0.025 0.03046875
0 0.3390625 0.3875 0.03828125 0.03828125
0 0.3125 0.43203125 0.03515625 0.0265625
0 0.77421875 0.44453125 0.0421875 0.03203125
0 0.715625 0.43828125 0.034375 0.0359375
0 0.7984375 0.39453125 0.0375 0.02890625
0 0.81875 0.415625 0.03671875 0.0390625
0 0.08046875 0.528125 0.04140625 0.03046875
0 0.08984375 0.496875 0.03828125 0.0296875
0 0.0234375 0.53359375 0.046875 0.0453125
0 0.06171875 0.96484375 0.0484375 0.04375
0 0.1703125 0.434375 0.03046875 0.03515625
0 0.278125 0.46953125 0.0265625 0.02890625
0 0.040625 0.49921875 0.0421875 0.04375
0 0.09375 0.4328125 0.03671875 0.03984375
0 0.1578125 0.403125 0.0359375 0.02890625
0 0.41171875 0.43828125 0.03828125 0.03125
0 0.48828125 0.4265625 0.03671875 0.03046875
0 0.51953125 0.446875 0.04140625 0.04375
0 0.6328125 0.40390625 0.04765625 0.03671875
0 0.7140625 0.38203125 0.04140625 0.0390625
0 0.85 0.41875 0.04140625 0.04140625
0 0.978125 0.55390625 0.0390625 0.046875