0 0.1546875 0.94140625 0.04140625 0.0453125
0 0.109375 0.97890625 0.03515625 0.0421875
0 0.03046875 0.96796875 0.034375 0.0609375
0 0.02890625 0.88828125 0.03359375 0.0453125
0 0.09296875 0.85625 0.03984375 0.04765625
0 0.146875 0.88671875 0.03671875 0.04140625
0 0.09921875 0.78828125 0.0390625 0.04296875
0 0.13828125 0.81953125 0.02578125 0.04453125
0 0.20546875 0.8671875 0.03359375 0.04453125
0 0.28671875 0.81328125 0.0359375 0.04765625
0 0.28984375 0.86953125 0.0390625 0.046875
0 0.31484375 0.93984375 0.03359375 0.04921875
0 0.3484375 0.9484375 0.03359375 0.04296875
0 0.4046875 0.9640625 0.03203125 0.04765625
0 0.4578125 0.93984375 0.040625 0.03828125
0 0.5296875 0.953125 0.03828125 0.05
0 0.4265625 0.8265625 0.02421875 0.03203125
0 0.37265625 0.77734375 0.0296875 0.04765625
0 0.19375 0.7421875 0.0203125 0.0359375
0 0.22578125 0.73515625 0.02890625 0.046875
0 0.18046875 0.809375 0.03046875 0.03828125
0 0.165625 0.7828125 0.0296875 0.03671875
0 0.2640625 0.665625 0.03125 0.0375
0 0.29609375 0.68828125 0.03359375 0.03203125
0 0.35703125 0.61171875 0.028125 0.034375
0 0.31484375 0.596875 0.028125 0.02734375
0 0.3046875 0.63515625 0.03203125 0.0390625
0 0.265625 0.61015625 0.02265625 0.0296875
0 0.24140625 0.584375 0.021875 0.02421875
0 0.44453125 0.8828125 0.03828125 0.0421875
0 0.615625 0.84765625 0.03046875 0.046875
0 0.55625 0.82109375 0.02734375 0.03203125
0 0.53515625 0.71484375 0.03515625 0.04140625
0 0.47421875 0.709375 0.021875 0.028125
0 0.4296875 0.76328125 0.0265625 0.03359375
0 0.36796875 0.69609375 0.02265625 0.02421875
0 0.39375 0.67265625 0.02109375 0.03046875
0 0.61484375 0.77890625 0.03828125 0.03984375
0 0.6609375 0.82265625 0.0234375 0.0390625
0 0.74296875 0.8703125 0.0359375 0.0453125
0 0.8015625 0.96640625 0.04296875 0.0625
0 0.859375 0.940625 0.05703125 0.06328125
0 0.7890625 0.87265625 0.03984375 0.05703125
0 0.93515625 0.83984375 0.046875 0.0625
0 0.890625 0.84296875 0.02890625 0.03828125
0 0.81875 0.77890625 0.04140625 0.04296875
0 0.90546875 0.7609375 0.04296875 0.040625
0 0.96953125 0.79296875 0.03515625 0.0421875
0 0.8328125 0.696875 0.03203125 0.04375
0 0.77890625 0.69375 0.0328125 0.04453125
0 0.7421875 0.721875 0.0328125 0.04140625
0 0.71015625 0.70546875 0.028125 0.03671875
0 0.66015625 0.7125 0.0296875 0.0359375
0 0.60390625 0.671875 0.02421875 0.03203125
0 0.5734375 0.7140625 0.028125 0.0328125
0 0.6109375 0.721875 0.03515625 0.0296875
0 0.64140625 0.659375 0.025 0.0328125
0 0.6671875 0.59375 0.02890625 0.0296875
0 0.64375 0.62890625 0.0203125 0.028125
0 0.75625 0.60625 0.028125 0.03671875
0 0.81796875 0.6421875 0.01875 0.0265625
0 0.83828125 0.634375 0.0265625 0.0234375
0 0.8859375 0.71796875 0.04375 0.03828125
0 0.91328125 0.70234375 0.0328125 0.03046875
0 0.9046875 0.6703125 0.03125 0.0328125
0 0.8921875 0.63046875 0.03125 0.04140625
0 0.95078125 0.6125 0.02734375 0.0328125
0 0.98046875 0.74140625 0.03359375 0.04921875
0 0.85546875 0.81796875 0.04140625 0.0484375
0 0.7390625 0.8234375 0.03125 0.02578125
0 0.70625 0.78203125 0.03359375 0.04296875
0 0.74140625 0.7609375 0.02109375 0.0375
0 0.478125 0.63359375 0.02734375 0.03359375
0 0.5078125 0.63515625 0.02734375 0.0359375
0 0.5734375 0.57890625 0.03046875 0.02734375
0 0.396875 0.58828125 0.03125 0.02890625
0 0.2359375 0.6390625 0.03046875 0.02890625
0 0.1828125 0.70859375 0.02890625 0.03203125
0 0.18671875 0.67265625 0.034375 0.021875
0 0.15078125 0.57265625 0.02265625 0.02890625
0 0.26875 0.55703125 0.0265625 0.02890625
0 0.31484375 0.5734375 0.025 0.02890625
0 0.29296875 0.53203125 0.02109375 0.02890625
0 0.0453125 0.69765625 0.02578125 0.03359375
0 0.015625 0.62734375 0.03125 0.03359375
0 0.06015625 0.6171875 0.03046875 0.0265625
0 0.02109375 0.76328125 0.04140625 0.03984375
0 0.01796875 0.80234375 0.0359375 0.034375
0 0.39609375 0.53125 0.0328125 0.02890625
0 0.303125 0.475 0.02890625 0.028125
0 0.42734375 0.63359375 0.0296875 0.0359375
0 0.41484375 0.49609375 0.03203125 0.025
0 0.46640625 0.60234375 0.0234375 0.0265625
0 0.58515625 0.49921875 0.0203125 0.02734375
0 0.60546875 0.5453125 0.02109375 0.025
0 0.7171875 0.5015625 0.02890625 0.02890625
0 0.75703125 0.55 0.025 0.0296875
0 0.4609375 0.46171875 0.02734375 0.0234375
0 0.48046875 0.4859375 0.0203125 0.02421875