0 0.07578125 0.93984375 0.03828125 0.046875
0 0.1375 0.965625 0.03671875 0.04765625
0 0.1625 0.975 0.02890625 0.04921875
0 0.15234375 0.90703125 0.021875 0.028125
0 0.07109375 0.75 0.0328125 0.03515625
0 0.18671875 0.81015625 0.03359375 0.03828125
0 0.22109375 0.81484375 0.0265625 0.03515625
0 0.2671875 0.86640625 0.02578125 0.046875
0 0.2984375 0.9375 0.0375 0.03828125
0 0.09609375 0.8 0.028125 0.0234375
0 0.10078125 0.771875 0.025 0.02734375
0 0.040625 0.68046875 0.0296875 0.02890625
0 0.06796875 0.684375 0.025 0.025
0 0.21640625 0.74765625 0.025 0.03359375
0 0.2390625 0.684375 0.0234375 0.0375
0 0.28671875 0.76875 0.0328125 0.0328125
0 0.10390625 0.69140625 0.02578125 0.0265625
0 0.16953125 0.5875 0.01796875 0.02734375
0 0.31015625 0.61484375 0.0328125 0.02734375
0 0.309375 0.8375 0.0390625 0.04296875
0 0.3703125 0.8453125 0.025 0.03671875
0 0.3734375 0.79140625 0.03515625 0.0421875
0 0.3609375 0.68984375 0.02421875 0.02890625
0 0.4203125 0.76796875 0.0265625 0.0328125
0 0.46328125 0.890625 0.028125 0.03984375
0 0.39765625 0.87890625 0.02421875 0.03828125
0 0.4671875 0.9625 0.0328125 0.05859375
0 0.43828125 0.93203125 0.0265625 0.053125
0 0.48203125 0.80859375 0.02890625 0.02421875
0 0.515625 0.79609375 0.03046875 0.0296875
0 0.534375 0.8546875 0.0328125 0.0546875
0 0.6 0.93515625 0.0234375 0.040625
0 0.61953125 0.84140625 0.0234375 0.03828125
0 0.60390625 0.87265625 0.0359375 0.04296875
0 0.5734375 0.85 0.03125 0.0359375
0 0.6859375 0.9515625 0.0421875 0.0515625
0 0.69609375 0.8734375 0.034375 0.04609375
0 0.7234375 0.9375 0.0296875 0.06171875
0 0.7625 0.975 0.02578125 0.040625
0 0.79296875 0.940625 0.0328125 0.03984375
0 0.821875 0.978125 0.03984375 0.04375
0 0.87421875 0.93203125 0.0390625 0.046875
0 0.95703125 0.95078125 0.03359375 0.0375
0 0.98359375 0.8515625 0.0328125 0.05
0 0.9328125 0.7734375 0.04296875 0.040625
0 0.8765625 0.78515625 0.0328125 0.0359375
0 0.809375 0.76328125 0.02734375 0.02421875
0 0.78125 0.81171875 0.02578125 0.0390625
0 0.74296875 0.7984375 0.03515625 0.04140625
0 0.72421875 0.74140625 0.03203125 0.03671875
0 0.784375 0.7125 0.03046875 0.0359375
0 0.68203125 0.7625 0.025 0.04296875
0 0.653125 0.7859375 0.03203125 0.03671875
0 0.60078125 0.71015625 0.03046875 0.03203125
0 0.63828125 0.73125 0.02421875 0.02421875
0 0.58984375 0.75859375 0.0234375 0.0359375
0 0.6078125 0.6640625 0.02109375 0.0265625
0 0.63125 0.69296875 0.0265625 0.03984375
0 0.68125 0.696875 0.0171875 0.03515625
0 0.7359375 0.66875 0.02890625 0.028125
0 0.815625 0.6078125 0.02109375 0.025
0 0.84140625 0.5984375 0.028125 0.03125
0 0.871875 0.6109375 0.025 0.0234375
0 0.93515625 0.659375 0.0234375 0.0234375
0 0.959375 0.69921875 0.03828125 0.02421875
0 0.97734375 0.7578125 0.0328125 0.03203125
0 0.91171875 0.53828125 0.0296875 0.0234375
0 0.8703125 0.54765625 0.0265625 0.0234375
0 0.83828125 0.50546875 0.01875 0.02109375
0 0.7703125 0.53671875 0.02421875 0.0296875
0 0.7375 0.6296875 0.01640625 0.02265625
0 0.75390625 0.6265625 0.0203125 0.02109375
0 0.65390625 0.5328125 0.02578125 0.01875
0 0.7296875 0.52109375 0.0234375 0.01953125
0 0.6484375 0.6125 0.021875 0.028125
0 0.5578125 0.65078125 0.0234375 0.0265625
0 0.4859375 0.58359375 0.02109375 0.02109375
0 0.48671875 0.5578125 0.025 0.0359375
0 0.51484375 0.54375 0.0203125 0.02578125
0 0.5203125 0.59140625 0.021875 0.021875
0 0.1515625 0.746875 0.025 0.03671875
0 0.12265625 0.7234375 0.0203125 0.02109375
0 0.14140625 0.68203125 0.021875 0.0328125
0 0.12421875 0.65390625 0.01875 0.02109375
0 0.08828125 0.62265625 0.021875 0.02109375
0 0.3296875 0.66953125 0.0234375 0.0296875
0 0.2984375 0.71484375 0.01640625 0.0234375
0 0.28046875 0.62421875 0.02578125 0.0265625
0 0.29765625 0.5734375 0.0328125 0.021875
0 0.340625 0.58203125 0.021875 0.0234375
0 0.36875 0.61015625 0.02109375 0.0234375
0 0.3890625 0.5921875 0.02109375 0.01796875
0 0.365625 0.56328125 0.01875 0.02421875
0 0.3453125 0.4890625 0.021875 0.01953125
0 0.36328125 0.47109375 0.0234375 0.01640625
0 0.15703125 0.53984375 0.02265625 0.02265625
0 0.23828125 0.621875 0.02265625 0.0296875
0 0.3984375 0.73125 0.0375 0.0328125
0 0.3640625 0.72578125 0.02578125 0.0234375
0 0.42265625 0.553125 0.0140625 0.01875
0 0.40546875 0.5421875 0.0171875 0.0203125
0 0.5109375 0.49765625 0.0140625 0.01796875
0 0.46328125 0.4796875 0.01484375 0.01875
0 0.58828125 0.46015625 0.015625 0.02109375
0 0.72109375 0.56953125 0.01875 0.01953125
0 0.84609375 0.553125 0.025 0.028125
0 0.5578125 0.5265625 0.01640625 0.01875
0 0.5 0.7546875 0.015625 0.01953125
0 0.26796875 0.6 0.01875 0.0234375
0 0.07265625 0.8234375 0.03046875 0.0359375
0 0.19609375 0.68828125 0.02734375 0.0296875
0 0.28828125 0.65546875 0.02265625 0.028125
0 0.19453125 0.58359375 0.01953125 0.021875
0 0.22265625 0.4859375 0.0140625 0.02578125
0 0.290625 0.509375 0.0171875 0.021875
0 0.29296875 0.478125 0.01796875 0.01953125
0 0.50546875 0.665625 0.0203125 0.02265625
0 0.575 0.98671875 0.02890625 0.0265625