0 0.1234375 0.959375 0.04375 0.0421875
0 0.0453125 0.9234375 0.03203125 0.06328125
0 0.03203125 0.89609375 0.0359375 0.0703125
0 0.0875 0.8359375 0.02578125 0.05234375
0 0.05625 0.79921875 0.04140625 0.04765625
0 0.0171875 0.78046875 0.034375 0.06640625
0 0.08984375 0.75546875 0.03203125 0.06640625
0 0.078125 0.71328125 0.0296875 0.03828125
0 0.140625 0.69296875 0.034375 0.05703125
0 0.178125 0.77109375 0.04140625 0.05625
0 0.2328125 0.81015625 0.03203125 0.05859375
0 0.23828125 0.759375 0.028125 0.04609375
0 0.2078125 0.73046875 0.02421875 0.05703125
0 0.1875 0.69609375 0.02890625 0.05625
0 0.13515625 0.64375 0.025 0.03515625
0 0.1734375 0.6203125 0.02265625 0.05078125
0 0.159375 0.59609375 0.028125 0.03203125
0 0.153125 0.56328125 0.02421875 0.034375
0 0.11484375 0.578125 0.0375 0.03828125
0 0.11796875 0.54140625 0.034375 0.028125
0 0.07890625 0.64296875 0.0515625 0.0265625
0 0.0734375 0.596875 0.034375 0.0390625
0 0.0515625 0.553125 0.0390625 0.04140625
0 0.01328125 0.584375 0.0265625 0.04375
0 0.0125 0.54609375 0.025 0.0328125
0 0.0390625 0.61015625 0.0328125 0.03515625
0 0.21796875 0.64453125 0.03125 0.03515625
0 0.26171875 0.66171875 0.01640625 0.034375
0 0.2625 0.74453125 0.02890625 0.040625
0 0.26328125 0.85390625 0.03046875 0.034375
0 0.3234375 0.84609375 0.0390625 0.05390625
0 0.334375 0.9390625 0.03671875 0.0734375
0 0.39140625 0.94921875 0.0578125 0.07734375
0 0.46953125 0.9203125 0.03515625 0.06171875
0 0.39765625 0.87421875 0.0453125 0.0515625
0 0.46640625 0.8328125 0.0421875 0.07109375
0 0.39765625 0.79765625 0.03125 0.040625
0 0.3703125 0.746875 0.0359375 0.05390625
0 0.3625 0.6765625 0.0359375 0.05234375
0 0.29921875 0.75390625 0.02421875 0.0640625
0 0.2671875 0.578125 0.0359375 0.0359375
0 0.26015625 0.5359375 0.02578125 0.02578125
0 0.30625 0.615625 0.03671875 0.0390625
0 0.34921875 0.61875 0.0296875 0.034375
0 0.446875 0.71875 0.03515625 0.03984375
0 0.43984375 0.6828125 0.034375 0.02734375
0 0.5171875 0.784375 0.0328125 0.04765625
0 0.5390625 0.8203125 0.03984375 0.0578125
0 0.58359375 0.925 0.03515625 0.06640625
0 0.628125 0.90078125 0.0328125 0.04609375
0 0.6140625 0.98828125 0.03828125 0.0234375
0 0.678125 0.98359375 0.034375 0.0328125
0 0.6734375 0.84140625 0.03359375 0.07421875
0 0.61328125 0.81640625 0.03359375 0.04765625
0 0.54453125 0.68984375 0.015625 0.04765625
0 0.4859375 0.67734375 0.03515625 0.06796875
0 0.50859375 0.68515625 0.021875 0.05390625
0 0.44296875 0.61640625 0.02109375 0.053125
0 0.21328125 0.509375 0.021875 0.01953125
0 0.23203125 0.47265625 0.0234375 0.03515625
0 0.26484375 0.4484375 0.01796875 0.02421875
0 0.1828125 0.53984375 0.03515625 0.04375
0 0.503125 0.521875 0.01953125 0.025
0 0.590625 0.634375 0.03125 0.0453125
0 0.615625 0.684375 0.0171875 0.03828125
0 0.67578125 0.69140625 0.03125 0.04921875
0 0.72578125 0.90234375 0.0328125 0.06953125
0 0.77578125 0.8375 0.02265625 0.06484375
0 0.78359375 0.7796875 0.02890625 0.0546875
0 0.725 0.7734375 0.0296875 0.04453125
0 0.71015625 0.690625 0.0296875 0.03828125
0 0.7265625 0.6625 0.02421875 0.03359375
0 0.690625 0.64921875 0.02890625 0.028125
0 0.709375 0.6125 0.04140625 0.0421875
0 0.66171875 0.5828125 0.02421875 0.0390625
0 0.62421875 0.64609375 0.01875 0.025
0 0.62578125 0.60546875 0.03046875 0.0265625
0 0.59921875 0.5625 0.015625 0.0328125
0 0.6234375 0.565625 0.01796875 0.04140625
0 0.65078125 0.5125 0.03203125 0.02734375
0 0.728125 0.53984375 0.034375 0.0296875
0 0.82265625 0.63046875 0.0265625 0.04375
0 0.5796875 0.47421875 0.02578125 0.02890625
0 0.88203125 0.94921875 0.0265625 0.04375
0 0.9328125 0.97421875 0.0546875 0.0515625
0 0.9125 0.86796875 0.0296875 0.0453125
0 0.87578125 0.8703125 0.0234375 0.05
0 0.8640625 0.83515625 0.0265625 0.04921875
0 0.84765625 0.79375 0.0171875 0.040625
0 0.821875 0.76015625 0.0203125 0.040625
0 0.8984375 0.73046875 0.0328125 0.05703125
0 0.87734375 0.77421875 0.0234375 0.03984375
0 0.9046875 0.79765625 0.0296875 0.04375
0 0.9859375 0.80625 0.0265625 0.03984375
0 0.98515625 0.715625 0.0296875 0.04921875
0 0.759375 0.6078125 0.02734375 0.0421875
0 0.83359375 0.5609375 0.021875 0.04140625
0 0.83203125 0.5265625 0.0234375 0.0421875
0 0.8640625 0.690625 0.03125 0.03671875
0 0.8578125 0.653125 0.025 0.04296875
0 0.784375 0.715625 0.01875 0.0328125
0 0.825 0.71953125 0.02890625 0.04375
0 0.3796875 0.57734375 0.02109375 0.03125
0 0.44765625 0.48515625 0.01875 0.03046875
0 0.31015625 0.5453125 0.0265625 0.0390625
0 0.32890625 0.51484375 0.03125 0.03203125
0 0.23515625 0.54375 0.02578125 0.03125
0 0.2 0.578125 0.01875 0.02421875
0 0.53203125 0.53515625 0.0203125 0.021875
0 0.55234375 0.6234375 0.02578125 0.03828125
0 0.6265625 0.46640625 0.0234375 0.03671875
0 0.70078125 0.4734375 0.01171875 0.01640625
0 0.403125 0.44375 0.02265625 0.02265625
0 0.33828125 0.41640625 0.02109375 0.025
0 0.3375 0.38359375 0.021875 0.0125
0 0.26171875 0.3578125 0.02265625 0.02109375
0 0.23359375 0.43515625 0.02578125 0.02890625
0 0.95234375 0.6296875 0.02734375 0.034375
0 0.83125 0.98515625 0.0375 0.0296875
0 0.88984375 0.60078125 0.01875 0.04375