0 0.21640625 0.91640625 0.0359375 0.05
0 0.2984375 0.9609375 0.05625 0.07109375
0 0.1828125 0.86796875 0.03671875 0.04453125
0 0.25234375 0.84140625 0.04140625 0.05546875
0 0.0953125 0.7765625 0.0296875 0.0375
0 0.13828125 0.8 0.03359375 0.03359375
0 0.11328125 0.63671875 0.03125 0.03359375
0 0.184375 0.63515625 0.02265625 0.03671875
0 0.28671875 0.70078125 0.0484375 0.0515625
0 0.4390625 0.853125 0.0578125 0.05390625
0 0.525 0.978125 0.02890625 0.04375
0 0.58046875 0.840625 0.0515625 0.05859375
0 0.665625 0.78046875 0.03671875 0.0328125
0 0.7484375 0.775 0.04765625 0.05625
0 0.78828125 0.83203125 0.03828125 0.04296875
0 0.809375 0.89296875 0.04296875 0.059375
0 0.76328125 0.97734375 0.05078125 0.0453125
0 0.46953125 0.77578125 0.04296875 0.04296875
0 0.35078125 0.70859375 0.04609375 0.0359375
0 0.33203125 0.809375 0.03828125 0.04765625
0 0.36015625 0.85078125 0.04609375 0.0640625
0 0.278125 0.640625 0.03984375 0.03671875
0 0.22890625 0.6265625 0.025 0.0328125
0 0.18359375 0.54609375 0.0296875 0.03125
0 0.13828125 0.57578125 0.0328125 0.02109375
0 0.0859375 0.6578125 0.034375 0.03203125
0 0.34296875 0.63203125 0.03125 0.034375
0 0.3828125 0.584375 0.03203125 0.03203125
0 0.43125 0.55625 0.03125 0.02578125
0 0.48828125 0.5515625 0.02578125 0.0265625
0 0.4578125 0.64453125 0.02578125 0.04140625
0 0.421875 0.63671875 0.0328125 0.0328125
0 0.3859375 0.6546875 0.0296875 0.0390625
0 0.53984375 0.6890625 0.040625 0.04765625
0 0.69921875 0.70546875 0.04140625 0.05
0 0.6375 0.61640625 0.02734375 0.0328125
0 0.71015625 0.64375 0.03671875 0.04296875
0 0.7390625 0.62421875 0.04140625 0.03359375
0 0.7625 0.5765625 0.03203125 0.04296875
0 0.63671875 0.5625 0.02421875 0.03125
0 0.55078125 0.47421875 0.028125 0.0265625
0 0.40078125 0.5171875 0.02890625 0.02734375
0 0.31015625 0.54609375 0.0296875 0.03125
0 0.2609375 0.47109375 0.02734375 0.02578125
0 0.3203125 0.465625 0.02109375 0.028125
0 0.834375 0.83046875 0.0390625 0.0515625
0 0.8359375 0.74375 0.040625 0.05
0 0.89140625 0.76953125 0.0375 0.0578125
0 0.9765625 0.771875 0.04375 0.0515625
0 0.94140625 0.71640625 0.03515625 0.03984375
0 0.9078125 0.734375 0.05078125 0.06015625
0 0.8453125 0.6796875 0.0375 0.040625
0 0.89453125 0.63671875 0.03984375 0.03125
0 0.97265625 0.66953125 0.0390625 0.0453125
0 0.83046875 0.56171875 0.0265625 0.02578125
0 0.8828125 0.5546875 0.0296875 0.0265625
0 0.51953125 0.63671875 0.02734375 0.02890625
0 0.62109375 0.66875 0.0296875 0.034375
0 0.25234375 0.52265625 0.02734375 0.02890625
0 0.56875 0.53359375 0.01875 0.02734375
0 0.5171875 0.4984375 0.021875 0.0296875
0 0.93671875 0.9359375 0.0640625 0.06796875
0 0.74609375 0.86875 0.03671875 0.04765625
0 0.5484375 0.646875 0.0125 0.01484375
0 0.57578125 0.66640625 0.0328125 0.03515625
0 0.39296875 0.48046875 0.03359375 0.028125
0 0.45078125 0.50234375 0.0328125 0.028125
0 0.5046875 0.46171875 0.021875 0.0234375
0 0.27109375 0.49765625 0.021875 0.02421875
0 0.43125 0.4125 0.02734375 0.025
0 0.59453125 0.44375 0.02109375 0.021875
0 0.79140625 0.565625 0.02890625 0.028125
0 0.88984375 0.6109375 0.028125 0.02890625
0 0.78203125 0.67890625 0.02578125 0.0234375
0 0.57578125 0.74375 0.0390625 0.0453125
0 0.484375 0.6328125 0.02578125 0.0375
0 0.4046875 0.70859375 0.03046875 0.0375
0 0.60703125 0.56171875 0.025 0.028125
0 0.91484375 0.5875 0.034375 0.03125