0 0.66796875 0.96015625 0.06484375 0.0765625
0 0.71640625 0.80703125 0.0359375 0.0515625
0 0.4484375 0.81640625 0.03984375 0.04765625
0 0.3359375 0.76796875 0.05703125 0.065625
0 0.6296875 0.8421875 0.0625 0.06875
0 0.38359375 0.478125 0.02734375 0.025
0 0.53828125 0.8640625 0.04609375 0.0515625
0 0.765625 0.95859375 0.0546875 0.078125
0 0.17734375 0.709375 0.05 0.0484375
0 0.82265625 0.76640625 0.046875 0.0546875
0 0.821875 0.94765625 0.04765625 0.06484375
0 0.18828125 0.83359375 0.0359375 0.05390625
0 0.3203125 0.86484375 0.04609375 0.0578125
0 0.4625 0.60078125 0.021875 0.0265625
0 0.49609375 0.46171875 0.02734375 0.0234375
0 0.79921875 0.59765625 0.0296875 0.0375
0 0.1015625 0.5359375 0.03359375 0.03125
0 0.05546875 0.80703125 0.0390625 0.04609375
0 0.79140625 0.80625 0.0421875 0.06171875
0 0.40546875 0.6640625 0.0359375 0.040625
0 0.83984375 0.87109375 0.034375 0.04765625
0 0.8734375 0.7625 0.0328125 0.05078125
0 0.63671875 0.5109375 0.0296875 0.034375
0 0.11953125 0.7859375 0.04375 0.06171875
0 0.7171875 0.7171875 0.04765625 0.04453125
0 0.53984375 0.48515625 0.02890625 0.03046875
0 0.675 0.50234375 0.0296875 0.03515625
0 0.7390625 0.496875 0.03125 0.0296875
0 0.09609375 0.9109375 0.03515625 0.06640625
0 0.446875 0.73046875 0.0328125 0.040625
0 0.2671875 0.46328125 0.02890625 0.03984375
0 0.27421875 0.43046875 0.021875 0.025
0 0.17421875 0.6203125 0.0359375 0.03515625
0 0.25078125 0.79921875 0.04453125 0.0609375
0 0.7484375 0.60859375 0.028125 0.0328125
0 0.3609375 0.89453125 0.05078125 0.07109375
0 0.7015625 0.5390625 0.03671875 0.03359375
0 0.93125 0.771875 0.0546875 0.06796875
0 0.43203125 0.6078125 0.02265625 0.0296875
0 0.60703125 0.57421875 0.03125 0.0390625
0 0.94296875 0.61796875 0.03828125 0.04453125
0 0.17109375 0.5484375 0.0265625 0.03515625
0 0.44765625 0.52265625 0.02734375 0.0265625
0 0.86171875 0.60078125 0.03515625 0.03671875
0 0.565625 0.58125 0.03125 0.03046875
0 0.8109375 0.4765625 0.0234375 0.02578125
0 0.56953125 0.52734375 0.0453125 0.0515625
0 0.575 0.46328125 0.0296875 0.028125
0 0.3875 0.74921875 0.02890625 0.04453125
0 0.21328125 0.74453125 0.0328125 0.040625
0 0.2390625 0.6890625 0.04140625 0.0484375
0 0.109375 0.49296875 0.03125 0.03203125
0 0.228125 0.64296875 0.03203125 0.0390625
0 0.03984375 0.9671875 0.05078125 0.065625
0 0.53125 0.82109375 0.0390625 0.04375
0 0.6734375 0.4296875 0.02421875 0.0234375
0 0.38125 0.8140625 0.03203125 0.053125
0 0.20546875 0.48671875 0.02265625 0.0296875
0 0.9203125 0.56640625 0.03125 0.03515625
0 0.30234375 0.7046875 0.0390625 0.05
0 0.14296875 0.53203125 0.0296875 0.02421875
0 0.74609375 0.8609375 0.04140625 0.065625
0 0.6484375 0.59296875 0.0328125 0.0328125
0 0.16015625 0.50390625 0.03125 0.0328125
0 0.70703125 0.659375 0.03203125 0.03203125
0 0.73984375 0.4609375 0.01875 0.02578125
0 0.7421875 0.3421875 0.02265625 0.01953125
0 0.25703125 0.56484375 0.02890625 0.0359375
0 0.07734375 0.71640625 0.03125 0.0421875
0 0.65 0.46640625 0.02421875 0.01953125
0 0.08828125 0.64296875 0.03359375 0.0359375
0 0.5390625 0.4296875 0.03515625 0.034375
0 0.5296875 0.3984375 0.0234375 0.03046875
0 0.553125 0.378125 0.02109375 0.028125
0 0.31953125 0.57578125 0.0234375 0.03359375
0 0.7890625 0.4296875 0.03046875 0.02578125
0 0.8828125 0.47578125 0.03828125 0.0515625
0 0.88828125 0.409375 0.02890625 0.02890625
0 0.74921875 0.64921875 0.0359375 0.0296875
0 0.45234375 0.6203125 0.01796875 0.02265625
0 0.90546875 0.38125 0.02578125 0.021875
0 0.3375 0.55546875 0.02265625 0.0234375
0 0.015625 0.92578125 0.03125 0.0453125
0 0.78359375 0.51640625 0.03203125 0.03046875
0 0.1796875 0.97109375 0.06640625 0.05703125
0 0.94921875 0.68203125 0.04453125 0.04609375
0 0.840625 0.49765625 0.0328125 0.03203125
0 0.8453125 0.44765625 0.0203125 0.02109375
0 0.934375 0.5125 0.02890625 0.02890625
0 0.2296875 0.43125 0.021875 0.0234375
0 0.809375 0.70546875 0.028125 0.03515625
0 0.47734375 0.4375 0.02421875 0.01953125
0 0.984375 0.81875 0.02890625 0.03671875
0 0.44140625 0.58046875 0.01953125 0.02265625
0 0.83984375 0.46953125 0.02421875 0.02421875
0 0.9234375 0.48359375 0.028125 0.028125
0 0.98125 0.62890625 0.0203125 0.02890625
0 0.34921875 0.38984375 0.02109375 0.01953125
0 0.35 0.690625 0.02734375 0.04140625
0 0.3046875 0.4515625 0.01875 0.02265625
0 0.57421875 0.590625 0.03203125 0.03046875
0 0.06171875 0.4421875 0.02421875 0.03203125
0 0.18671875 0.40703125 0.021875 0.0234375
0 0.43203125 0.41875 0.0234375 0.021875
0 0.30703125 0.475 0.021875 0.02421875
0 0.98671875 0.96328125 0.0265625 0.0703125
0 0.36796875 0.64140625 0.02578125 0.040625
0 0.31328125 0.584375 0.0234375 0.03125
0 0.23125 0.403125 0.01875 0.01953125
0 0.434375 0.46640625 0.01484375 0.021875
0 0.365625 0.4078125 0.02109375 0.02421875
0 0.36953125 0.51796875 0.01796875 0.0265625
0 0.6578125 0.44921875 0.02109375 0.02109375
0 0.02890625 0.58125 0.028125 0.03359375
0 0.009375 0.50078125 0.01875 0.03203125
0 0.84296875 0.5359375 0.0328125 0.03203125
0 0.03515625 0.421875 0.028125 0.0234375
0 0.0109375 0.53984375 0.02109375 0.028125
0 0.91875 0.340625 0.02421875 0.02265625
0 0.5859375 0.46484375 0.03046875 0.02890625
0 0.97578125 0.63515625 0.021875 0.03046875
0 0.8640625 0.55390625 0.02265625 0.02421875
0 0.1078125 0.43671875 0.02265625 0.02578125
0 0.3765625 0.64375 0.0234375 0.03984375
0 0.71328125 0.34453125 0.01953125 0.01953125
0 0.03125 0.5921875 0.02734375 0.0328125
0 0.48671875 0.4953125 0.021875 0.025
0 0.0046875 0.77265625 0.009375 0.040625
0 0.05625 0.90859375 0.04765625 0.06640625
0 0.00703125 0.83203125 0.0140625 0.03203125
0 0.690625 0.459375 0.03515625 0.0359375
0 0.47109375 0.4078125 0.03359375 0.0328125
0 0.69375 0.4109375 0.02109375 0.025
0 0.7828125 0.38046875 0.03125 0.03046875
0 0.94296875 0.42734375 0.0375 0.034375
0 0.96484375 0.465625 0.03984375 0.0265625
0 0.68125 0.640625 0.03359375 0.04375
0 0.66015625 0.6140625 0.03125 0.0453125
0 0.890625 0.6484375 0.053125 0.0625