0 0.0453125 0.734375 0.03671875 0.03671875
0 0.0796875 0.7375 0.03125 0.03515625
0 0.11953125 0.78828125 0.03125 0.03515625
0 0.14140625 0.8578125 0.0359375 0.03828125
0 0.17109375 0.753125 0.053125 0.0421875
0 0.1640625 0.80546875 0.03515625 0.0453125
0 0.08515625 0.67265625 0.0328125 0.03671875
0 0.0171875 0.67578125 0.034375 0.034375
0 0.1546875 0.69296875 0.0421875 0.0328125
0 0.1203125 0.61171875 0.02421875 0.034375
0 0.07734375 0.61640625 0.02890625 0.0359375
0 0.1734375 0.55390625 0.0265625 0.02421875
0 0.21484375 0.59375 0.021875 0.028125
0 0.1765625 0.63828125 0.01640625 0.01953125
0 0.2265625 0.765625 0.03046875 0.03984375
0 0.234375 0.90859375 0.01796875 0.03046875
0 0.24765625 0.8 0.02734375 0.03515625
0 0.30546875 0.8796875 0.040625 0.04921875
0 0.284375 0.8421875 0.0234375 0.03984375
0 0.35 0.94765625 0.04140625 0.0390625
0 0.3 0.96640625 0.0296875 0.04375
0 0.31484375 0.91875 0.03046875 0.04140625
0 0.4125 0.909375 0.0265625 0.04296875
0 0.3140625 0.80859375 0.0296875 0.0375
0 0.24296875 0.71328125 0.03984375 0.03671875
0 0.23984375 0.64765625 0.025 0.0203125
0 0.29296875 0.6890625 0.03046875 0.025
0 0.346875 0.725 0.03046875 0.028125
0 0.3796875 0.7140625 0.0265625 0.0296875
0 0.3890625 0.775 0.0390625 0.046875
0 0.43046875 0.76953125 0.0328125 0.0328125
0 0.44765625 0.8515625 0.02109375 0.0359375
0 0.46171875 0.79453125 0.0328125 0.04921875
0 0.4828125 0.7609375 0.0234375 0.0265625
0 0.53515625 0.8703125 0.03671875 0.04765625
0 0.575 0.8609375 0.03828125 0.05234375
0 0.55546875 0.79375 0.03671875 0.05
0 0.6671875 0.8984375 0.040625 0.05234375
0 0.6078125 0.8921875 0.0296875 0.03671875
0 0.646875 0.85859375 0.0265625 0.0421875
0 0.68203125 0.95390625 0.0359375 0.0453125
0 0.7328125 0.9265625 0.04296875 0.06015625
0 0.72890625 0.84609375 0.0328125 0.03984375
0 0.80546875 0.8546875 0.028125 0.03359375
0 0.91484375 0.8296875 0.03125 0.040625
0 0.9828125 0.92734375 0.034375 0.0453125
0 0.85078125 0.76796875 0.0390625 0.0515625
0 0.84296875 0.82109375 0.02734375 0.04453125
0 0.903125 0.75390625 0.028125 0.0421875
0 0.93984375 0.7484375 0.02734375 0.03515625
0 0.9171875 0.65 0.0390625 0.03671875
0 0.94375 0.7109375 0.0296875 0.0328125
0 0.8546875 0.67734375 0.02734375 0.03515625
0 0.8109375 0.6953125 0.0375 0.0328125
0 0.75234375 0.71015625 0.0296875 0.03046875
0 0.740625 0.6875 0.01796875 0.0234375
0 0.8453125 0.621875 0.0296875 0.03125
0 0.953125 0.64765625 0.021875 0.03046875
0 0.74296875 0.53125 0.02265625 0.02890625
0 0.71953125 0.53671875 0.021875 0.02421875
0 0.77421875 0.54296875 0.02578125 0.025
0 0.8265625 0.58203125 0.01953125 0.02734375
0 0.78125 0.48203125 0.0234375 0.0234375
0 0.75625 0.48828125 0.02265625 0.02421875
0 0.825 0.47421875 0.02734375 0.021875
0 0.81796875 0.45 0.01796875 0.0171875
0 0.67109375 0.640625 0.02578125 0.02578125
0 0.68984375 0.6890625 0.025 0.028125
0 0.65 0.734375 0.0265625 0.05
0 0.61640625 0.7234375 0.0328125 0.034375
0 0.60234375 0.66484375 0.03359375 0.03515625
0 0.6328125 0.65234375 0.02109375 0.0296875
0 0.55625 0.6859375 0.02734375 0.0375
0 0.52421875 0.709375 0.028125 0.034375
0 0.46328125 0.684375 0.028125 0.034375
0 0.4796875 0.63359375 0.03203125 0.03046875
0 0.515625 0.65625 0.0234375 0.0296875
0 0.515625 0.61875 0.02734375 0.034375
0 0.49296875 0.5890625 0.02421875 0.0265625
0 0.62734375 0.59375 0.02578125 0.0296875
0 0.56796875 0.62578125 0.01875 0.03359375
0 0.5625 0.4671875 0.02421875 0.0171875
0 0.65234375 0.55390625 0.0171875 0.01875
0 0.446875 0.57890625 0.02109375 0.02421875
0 0.42421875 0.69765625 0.01875 0.0265625
0 0.24453125 0.61640625 0.02421875 0.0265625
0 0.20703125 0.54609375 0.02109375 0.0265625
0 0.2375 0.5125 0.0234375 0.01953125
0 0.28359375 0.525 0.02265625 0.01953125
0 0.38359375 0.515625 0.0203125 0.02109375
0 0.3890625 0.4921875 0.02265625 0.021875
0 0.06328125 0.521875 0.021875 0.01953125
0 0.3859375 0.59453125 0.025 0.03203125
0 0.33125 0.6421875 0.02578125 0.025
0 0.265625 0.49453125 0.02109375 0.03359375
0 0.25859375 0.42734375 0.021875 0.021875
0 0.3453125 0.48671875 0.0171875 0.0203125
0 0.54453125 0.54453125 0.015625 0.0234375
0 0.4046875 0.64296875 0.0234375 0.01953125
0 0.63203125 0.55859375 0.0140625 0.021875
0 0.68046875 0.47109375 0.02421875 0.02421875