0 0.3328125 0.6671875 0.0375 0.05078125
0 0.5390625 0.79296875 0.05625 0.05625
0 0.09296875 0.82421875 0.05703125 0.0625
0 0.6359375 0.70234375 0.04296875 0.0578125
0 0.24921875 0.66875 0.04140625 0.0515625
0 0.5265625 0.57421875 0.04609375 0.06171875
0 0.44921875 0.734375 0.04296875 0.05703125
0 0.83828125 0.86171875 0.046875 0.07109375
0 0.95625 0.69765625 0.046875 0.04765625
0 0.7234375 0.75234375 0.05234375 0.0640625
0 0.28203125 0.8765625 0.04140625 0.06953125
0 0.209375 0.78515625 0.0421875 0.0546875
0 0.4453125 0.821875 0.05078125 0.06484375
0 0.0953125 0.61484375 0.04140625 0.0359375
0 0.440625 0.63359375 0.0375 0.04609375
0 0.48359375 0.940625 0.05546875 0.06953125
0 0.19140625 0.8375 0.0375 0.0421875
0 0.659375 0.81953125 0.04453125 0.0640625
0 0.7859375 0.75234375 0.0390625 0.0484375
0 0.11875 0.7640625 0.034375 0.04140625
0 0.2546875 0.53671875 0.02734375 0.03203125
0 0.59375 0.96328125 0.04921875 0.0734375
0 0.67734375 0.56796875 0.0328125 0.0375
0 0.25234375 0.72265625 0.03359375 0.04375
0 0.8015625 0.678125 0.0453125 0.053125
0 0.5765625 0.540625 0.02734375 0.0328125
0 0.925 0.9109375 0.05234375 0.071875
0 0.7890625 0.60078125 0.02890625 0.04375
0 0.7375 0.8125 0.028125 0.0359375
0 0.56171875 0.4015625 0.02734375 0.02890625
0 0.76171875 0.48671875 0.03046875 0.0296875
0 0.6 0.65859375 0.0375 0.0421875
0 0.2875 0.596875 0.040625 0.04140625
0 0.33125 0.81015625 0.040625 0.04375
0 0.08828125 0.71640625 0.03125 0.03984375
0 0.3875 0.49453125 0.02421875 0.03125
0 0.3265625 0.55546875 0.03515625 0.03515625
0 0.1625 0.928125 0.03984375 0.0578125
0 0.13203125 0.64140625 0.025 0.0296875
0 0.7515625 0.58984375 0.0359375 0.0421875
0 0.71484375 0.43828125 0.025 0.0296875
0 0.3171875 0.4703125 0.02109375 0.0265625
0 0.721875 0.484375 0.025 0.03046875
0 0.76015625 0.9296875 0.03046875 0.05859375
0 0.58125 0.56796875 0.025 0.02890625
0 0.80234375 0.4515625 0.03046875 0.03125
0 0.4796875 0.4421875 0.028125 0.0265625
0 0.69921875 0.8484375 0.01875 0.03359375
0 0.8671875 0.49765625 0.03984375 0.03828125
0 0.45 0.403125 0.02421875 0.0265625
0 0.91796875 0.77734375 0.03046875 0.04296875
0 0.8 0.9015625 0.05390625 0.06171875
0 0.3578125 0.83515625 0.04375 0.0546875
0 0.378125 0.63125 0.02265625 0.03125
0 0.3625 0.38125 0.02421875 0.0265625
0 0.91328125 0.46640625 0.03828125 0.03203125
0 0.91484375 0.56640625 0.03359375 0.028125
0 0.90078125 0.703125 0.0390625 0.04765625
0 0.65234375 0.440625 0.02421875 0.02890625
0 0.490625 0.3953125 0.02578125 0.02421875
0 0.5203125 0.39765625 0.02578125 0.02421875
0 0.73984375 0.5484375 0.0296875 0.028125
0 0.93515625 0.50859375 0.03515625 0.0328125
0 0.74296875 0.44609375 0.025 0.0265625
0 0.5125 0.4265625 0.0234375 0.0265625
0 0.7734375 0.69140625 0.0296875 0.0375
0 0.16796875 0.60625 0.02109375 0.02421875
0 0.17265625 0.5765625 0.01875 0.02109375
0 0.19140625 0.53125 0.01640625 0.02109375
0 0.14453125 0.5640625 0.02734375 0.0359375
0 0.021875 0.6578125 0.02734375 0.03046875
0 0.33984375 0.51640625 0.03125 0.0265625
0 0.7921875 0.38125 0.02265625 0.02578125
0 0.56328125 0.44453125 0.02578125 0.028125
0 0.0140625 0.89140625 0.02734375 0.05546875
0 0.83984375 0.52421875 0.0296875 0.0359375
0 0.73671875 0.3453125 0.021875 0.025
0 0.4359375 0.4359375 0.025 0.0265625
0 0.0171875 0.5921875 0.0328125 0.03515625
0 0.7828125 0.4171875 0.01953125 0.02109375
0 0.47421875 0.41953125 0.02578125 0.02421875
0 0.8515625 0.6734375 0.0296875 0.04375
0 0.6171875 0.4703125 0.021875 0.0265625
0 0.42421875 0.4703125 0.03046875 0.02421875
0 0.85625 0.4234375 0.0265625 0.02578125
0 0.2015625 0.546875 0.0171875 0.02109375
0 0.60703125 0.49296875 0.0296875 0.02890625
0 0.54375 0.44453125 0.01953125 0.02734375
0 0.1109375 0.521875 0.02890625 0.02421875
0 0.1234375 0.48671875 0.02578125 0.0265625
0 0.95078125 0.45 0.0328125 0.03046875
0 0.8359375 0.39453125 0.025 0.0296875
0 0.01640625 0.53203125 0.0328125 0.0328125
0 0.97578125 0.97734375 0.03671875 0.0453125
0 0.17734375 0.509375 0.0203125 0.025
0 0.51015625 0.35546875 0.021875 0.0234375
0 0.39375 0.4265625 0.02578125 0.0265625
0 0.70234375 0.3921875 0.0234375 0.0265625
0 0.3578125 0.49296875 0.025 0.0265625
0 0.89765625 0.4265625 0.0390625 0.03203125
0 0.59453125 0.38984375 0.02421875 0.028125
0 0.96796875 0.5625 0.025 0.028125
0 0.9875 0.52578125 0.025 0.0390625
0 0.60625 0.45390625 0.0234375 0.02421875
0 0.01640625 0.8375 0.0328125 0.0484375
0 0.0078125 0.75390625 0.01484375 0.04140625
0 0.0859375 0.4859375 0.025 0.0265625
0 0.5625 0.3765625 0.02265625 0.02421875
0 0.1515625 0.50625 0.02421875 0.028125
0 0.059375 0.65234375 0.02578125 0.0328125
0 0.5109375 0.48828125 0.03203125 0.0296875
0 0.3234375 0.31640625 0.02109375 0.0234375
0 0.11015625 0.55859375 0.028125 0.02890625
0 0.07734375 0.54296875 0.03125 0.03046875
0 0.209375 0.575 0.02265625 0.0296875
0 0.71640625 0.6671875 0.03203125 0.03984375
0 0.4140625 0.69609375 0.0390625 0.03828125
0 0.503125 0.73515625 0.034375 0.02890625
0 0.35390625 0.740625 0.02109375 0.0234375
0 0.06328125 0.5296875 0.04765625 0.03125
0 0.03671875 0.61484375 0.0296875 0.0234375
0 0.225 0.60234375 0.03046875 0.02265625
0 0.38984375 0.5609375 0.0234375 0.02578125
0 0.34921875 0.59140625 0.025 0.0171875
0 0.3890625 0.97890625 0.015625 0.0421875
0 0.86171875 0.75546875 0.046875 0.05546875
0 0.9375 0.7421875 0.02890625 0.04765625
0 0.94921875 0.41484375 0.021875 0.02265625
0 0.296875 0.4640625 0.01875 0.01484375
0 0.3109375 0.4125 0.015625 0.02109375
0 0.19921875 0.42421875 0.01953125 0.021875
0 0.6125 0.58046875 0.02578125 0.028125
0 0.6625 0.3984375 0.028125 0.0234375
0 0.61875 0.41328125 0.0296875 0.0265625
0 0.63671875 0.3234375 0.0296875 0.01796875
0 0.5140625 0.31640625 0.0265625 0.0203125
0 0.80546875 0.33125 0.02265625 0.01875
0 0.8765625 0.325 0.0265625 0.01640625
0 0.8671875 0.35546875 0.02734375 0.01171875
0 0.8953125 0.53359375 0.04765625 0.028125
0 0.97421875 0.6109375 0.0375 0.05078125
0 0.7765625 0.8453125 0.02734375 0.0265625
0 0.86171875 0.98203125 0.028125 0.0359375