0 0.06484375 0.8296875 0.06328125 0.06640625
0 0.321875 0.6671875 0.03671875 0.05078125
0 0.48203125 0.94375 0.053125 0.0703125
0 0.14296875 0.934375 0.040625 0.05859375
0 0.53671875 0.79375 0.06015625 0.05546875
0 0.4421875 0.82421875 0.05234375 0.06875
0 0.63125 0.7046875 0.040625 0.053125
0 0.4421875 0.734375 0.0453125 0.05546875
0 0.2703125 0.88046875 0.0453125 0.06953125
0 0.76484375 0.9265625 0.03046875 0.06015625
0 0.23515625 0.66953125 0.0453125 0.053125
0 0.43125 0.634375 0.03671875 0.046875
0 0.60078125 0.96015625 0.046875 0.07421875
0 0.9484375 0.69453125 0.046875 0.04609375
0 0.6703125 0.56953125 0.03203125 0.03828125
0 0.51796875 0.57109375 0.0453125 0.06015625
0 0.7859375 0.753125 0.040625 0.046875
0 0.19140625 0.78671875 0.0421875 0.053125
0 0.7234375 0.75234375 0.053125 0.06953125
0 0.5515625 0.44765625 0.025 0.028125
0 0.78359375 0.603125 0.02734375 0.0421875
0 0.06875 0.61484375 0.046875 0.0390625
0 0.65859375 0.81875 0.0453125 0.0640625
0 0.23515625 0.5375 0.02578125 0.03203125
0 0.31015625 0.55703125 0.03828125 0.034375
0 0.0984375 0.76484375 0.0375 0.04453125
0 0.79765625 0.67421875 0.04453125 0.05078125
0 0.1734375 0.84609375 0.03984375 0.0421875
0 0.23515625 0.72421875 0.03671875 0.04375
0 0.7125 0.4875 0.02421875 0.03046875
0 0.70546875 0.44375 0.02421875 0.028125
0 0.77890625 0.390625 0.021875 0.028125
0 0.84140625 0.859375 0.0515625 0.0703125
0 0.346875 0.84140625 0.04140625 0.05234375
0 0.7484375 0.59296875 0.03203125 0.03828125
0 0.73828125 0.8125 0.0296875 0.03359375
0 0.75234375 0.490625 0.02890625 0.0296875
0 0.5671875 0.5421875 0.028125 0.034375
0 0.29921875 0.471875 0.02265625 0.0265625
0 0.91796875 0.7734375 0.03203125 0.04296875
0 0.46484375 0.44609375 0.028125 0.02578125
0 0.37890625 0.5 0.02578125 0.0296875
0 0.11171875 0.640625 0.02578125 0.03125
0 0.06015625 0.72109375 0.03515625 0.04375
0 0.9 0.471875 0.0359375 0.0296875
0 0.321875 0.81171875 0.0421875 0.04296875
0 0.64140625 0.44609375 0.0234375 0.02890625
0 0.590625 0.66015625 0.0375 0.040625
0 0.47734375 0.39921875 0.0234375 0.025
0 0.5734375 0.5703125 0.025 0.0296875
0 0.2734375 0.5984375 0.04296875 0.0421875
0 0.89609375 0.703125 0.0375 0.046875
0 0.73359375 0.55 0.03125 0.0296875
0 0.903125 0.56953125 0.03046875 0.0296875
0 0.92578125 0.509375 0.03359375 0.0328125
0 0.80859375 0.90234375 0.05703125 0.065625
0 0.425 0.43828125 0.025 0.025
0 0.76953125 0.69453125 0.0296875 0.03671875
0 0.5515625 0.40625 0.02734375 0.02578125
0 0.79296875 0.4578125 0.02734375 0.028125
0 0.853125 0.50390625 0.0390625 0.03671875
0 0.80703125 0.55234375 0.01953125 0.028125
0 0.8328125 0.53046875 0.03125 0.034375
0 0.36796875 0.63203125 0.025 0.03125
0 0.32421875 0.5171875 0.03046875 0.0265625
0 0.50234375 0.428125 0.0234375 0.025
0 0.95703125 0.5671875 0.02890625 0.02578125
0 0.9765625 0.5296875 0.03359375 0.03671875
0 0.43828125 0.40625 0.0234375 0.02421875
0 0.3484375 0.3859375 0.0203125 0.02578125
0 0.84765625 0.6734375 0.03046875 0.0421875
0 0.5328125 0.45 0.0203125 0.02890625
0 0.3453125 0.4984375 0.0234375 0.02578125
0 0.17421875 0.53203125 0.01640625 0.021875
0 0.121875 0.5640625 0.0296875 0.0328125
0 0.603125 0.49921875 0.03359375 0.02890625
0 0.7328125 0.4515625 0.0234375 0.02578125
0 0.60859375 0.4765625 0.02265625 0.02734375
0 0.7234375 0.35390625 0.01953125 0.0234375
0 0.69921875 0.8484375 0.0171875 0.0328125
0 0.9375 0.45625 0.0296875 0.02890625
0 0.509375 0.40078125 0.02421875 0.0234375
0 0.2328125 0.4875 0.02421875 0.0296875
0 0.37109375 0.4453125 0.0171875 0.015625
0 0.37890625 0.43046875 0.0265625 0.025
0 0.65390625 0.403125 0.0265625 0.02421875
0 0.459375 0.42421875 0.025 0.02265625
0 0.40625 0.47578125 0.0296875 0.0234375
0 0.1875 0.58203125 0.0265625 0.03125
0 0.1796875 0.54765625 0.01640625 0.0203125
0 0.821875 0.403125 0.02578125 0.028125
0 0.8484375 0.43046875 0.025 0.0265625
0 0.7703125 0.42421875 0.0171875 0.0203125
0 0.59375 0.459375 0.021875 0.0234375
0 0.69609375 0.40078125 0.02109375 0.025
0 0.88515625 0.434375 0.03671875 0.03125
0 0.48984375 0.36171875 0.02109375 0.021875
0 0.0875 0.51875 0.02890625 0.02265625
0 0.1 0.4875 0.02734375 0.0265625
0 0.159375 0.509375 0.025 0.02421875
0 0.4953125 0.74140625 0.03125 0.03515625
0 0.128125 0.509375 0.02421875 0.025
0 0.046875 0.5421875 0.03515625 0.0296875
0 0.37578125 0.565625 0.028125 0.028125
0 0.703125 0.35859375 0.0203125 0.02109375
0 0.5828125 0.39765625 0.02265625 0.025
0 0.14453125 0.6109375 0.0234375 0.02421875
0 0.15625 0.5765625 0.0203125 0.025
0 0.29140625 0.990625 0.0421875 0.01796875
0 0.08671875 0.559375 0.03203125 0.0296875
0 0.28046875 0.46328125 0.0203125 0.0234375
0 0.00703125 0.93125 0.0140625 0.034375
0 0.49375 0.49296875 0.0359375 0.028125
0 0.40625 0.69921875 0.0421875 0.0375
0 0.34375 0.740625 0.02109375 0.021875
0 0.21171875 0.60703125 0.02734375 0.02578125
0 0.03515625 0.6578125 0.02890625 0.0234375
0 0.01171875 0.6125 0.0234375 0.021875
0 0.71484375 0.6671875 0.0234375 0.028125
0 0.88671875 0.5390625 0.04140625 0.03125
0 0.8421875 0.571875 0.021875 0.0234375
0 0.33515625 0.590625 0.02265625 0.02109375
0 0.3828125 0.9796875 0.015625 0.040625
0 0.86171875 0.74296875 0.0515625 0.0484375
0 0.9296875 0.74296875 0.040625 0.04140625
0 0.92265625 0.90859375 0.0578125 0.05625
0 0.98046875 0.6265625 0.0390625 0.0296875
0 0.6046875 0.5828125 0.03125 0.025
0 0.17734375 0.4296875 0.0265625 0.01953125
0 0.1078125 0.42109375 0.025 0.02265625
0 0.05625 0.43046875 0.03515625 0.021875
0 0.0375 0.52734375 0.04765625 0.02890625
0 0.05078125 0.48984375 0.02890625 0.02421875
0 0.40546875 0.3609375 0.02890625 0.01796875
0 0.23203125 0.40859375 0.02734375 0.02109375
0 0.31640625 0.42890625 0.0171875 0.01640625
0 0.30078125 0.371875 0.025 0.01484375
0 0.3453125 0.3484375 0.0171875 0.01953125
0 0.778125 0.84765625 0.028125 0.03515625
0 0.5546875 0.7453125 0.0203125 0.0203125