0 0.01875 0.91640625 0.0375 0.0609375
0 0.03828125 0.96953125 0.0453125 0.06015625
0 0.02578125 0.86328125 0.05078125 0.06796875
0 0.015625 0.78046875 0.03125 0.0609375
0 0.025 0.6796875 0.03046875 0.0515625
0 0.0671875 0.6828125 0.03515625 0.05625
0 0.046875 0.6421875 0.03359375 0.034375
0 0.02265625 0.625 0.040625 0.05
0 0.09453125 0.871875 0.08359375 0.08671875
0 0.121875 0.80234375 0.0484375 0.05
0 0.08125 0.753125 0.05390625 0.06953125
0 0.159375 0.95078125 0.053125 0.0984375
0 0.1921875 0.871875 0.0515625 0.06640625
0 0.20234375 0.8203125 0.07109375 0.08359375
0 0.24765625 0.75703125 0.0421875 0.06796875
0 0.278125 0.9203125 0.05078125 0.1015625
0 0.32578125 0.84921875 0.053125 0.06484375
0 0.353125 0.87421875 0.05625 0.08203125
0 0.2515625 0.70390625 0.05234375 0.06640625
0 0.44140625 0.86328125 0.0796875 0.09375
0 0.48203125 0.953125 0.06875 0.09375
0 0.4453125 0.7703125 0.06171875 0.078125
0 0.41328125 0.73046875 0.0484375 0.0515625
0 0.3515625 0.77265625 0.03359375 0.04375
0 0.328125 0.703125 0.0578125 0.0796875
0 0.37734375 0.66953125 0.03984375 0.053125
0 0.4375 0.64296875 0.0546875 0.06796875
0 0.4984375 0.778125 0.04296875 0.0484375
0 0.53359375 0.84609375 0.08046875 0.08203125
0 0.596875 0.9625 0.07421875 0.075
0 0.1390625 0.66640625 0.03984375 0.04375
0 0.09609375 0.63984375 0.0546875 0.0484375
0 0.165625 0.63984375 0.040625 0.0390625
0 0.17890625 0.61328125 0.02109375 0.028125
0 0.1578125 0.61640625 0.02890625 0.0390625
0 0.140625 0.5984375 0.03984375 0.046875
0 0.11015625 0.5890625 0.03125 0.04921875
0 0.08125 0.575 0.03671875 0.04609375
0 0.06796875 0.5515625 0.05078125 0.04375
0 0.115625 0.546875 0.04296875 0.03203125
0 0.12578125 0.509375 0.03671875 0.03671875
0 0.08203125 0.51015625 0.03515625 0.034375
0 0.0203125 0.54140625 0.040625 0.0703125
0 0.15390625 0.53203125 0.03046875 0.040625
0 0.18125 0.53828125 0.0328125 0.0359375
0 0.2078125 0.609375 0.03515625 0.04140625
0 0.20546875 0.57890625 0.02265625 0.0296875
0 0.19921875 0.56328125 0.02109375 0.0234375
0 0.2375 0.63828125 0.02734375 0.0453125
0 0.2859375 0.634375 0.05546875 0.06171875
0 0.25546875 0.565625 0.03515625 0.0484375
0 0.25390625 0.515625 0.02421875 0.03515625
0 0.20703125 0.45703125 0.025 0.0359375
0 0.184375 0.44375 0.02578125 0.0296875
0 0.09765625 0.45234375 0.03828125 0.02890625
0 0.3 0.48984375 0.02734375 0.025
0 0.31953125 0.49921875 0.03203125 0.03046875
0 0.325 0.58359375 0.05078125 0.0453125
0 0.3515625 0.6265625 0.0359375 0.02890625
0 0.3890625 0.59375 0.03828125 0.03984375
0 0.39375 0.52890625 0.0328125 0.03828125
0 0.3609375 0.5234375 0.02890625 0.03671875
0 0.340625 0.5453125 0.04765625 0.028125
0 0.13984375 0.44375 0.046875 0.03671875
0 0.334375 0.44765625 0.03046875 0.03203125
0 0.36875 0.95390625 0.02890625 0.04375
0 0.38359375 0.4671875 0.021875 0.025
0 0.39453125 0.4453125 0.03828125 0.028125
0 0.41953125 0.49921875 0.0375 0.03046875
0 0.43515625 0.46875 0.03203125 0.03984375
0 0.45234375 0.4296875 0.02421875 0.02890625
0 0.47890625 0.4703125 0.03359375 0.03828125
0 0.47421875 0.4484375 0.04296875 0.0296875
0 0.4890625 0.42578125 0.03515625 0.025
0 0.51328125 0.453125 0.03046875 0.034375
0 0.51953125 0.4265625 0.03984375 0.028125
0 0.5078125 0.51953125 0.04296875 0.0515625
0 0.42578125 0.42578125 0.01875 0.02578125
0 0.36484375 0.40234375 0.03359375 0.03515625
0 0.5640625 0.4734375 0.03828125 0.04375
0 0.56171875 0.4296875 0.03359375 0.03125
0 0.56328125 0.40078125 0.02890625 0.03125
0 0.53046875 0.403125 0.01796875 0.02421875
0 0.5953125 0.42109375 0.03515625 0.040625
0 0.6203125 0.43984375 0.03515625 0.0390625
0 0.6015625 0.48203125 0.02890625 0.03046875
0 0.603125 0.45625 0.01953125 0.025
0 0.5421875 0.475 0.028125 0.04140625
0 0.521875 0.5984375 0.07734375 0.1015625
0 0.5734375 0.565625 0.034375 0.0546875
0 0.57890625 0.60234375 0.03359375 0.04296875
0 0.61328125 0.6125 0.05 0.0484375
0 0.5953125 0.6953125 0.06640625 0.06171875
0 0.6296875 0.746875 0.0734375 0.0984375
0 0.553125 0.78359375 0.0234375 0.0265625
0 0.6109375 0.52265625 0.0546875 0.0390625
0 0.61640625 0.496875 0.03515625 0.03359375
0 0.64921875 0.46640625 0.04140625 0.0390625
0 0.7484375 0.96171875 0.03828125 0.07578125
0 0.82734375 0.91015625 0.06171875 0.08671875
0 0.915625 0.953125 0.0640625 0.09375
0 0.784375 0.94609375 0.053125 0.07109375
0 0.7671875 0.89296875 0.03828125 0.0484375
0 0.6859375 0.89765625 0.0265625 0.0390625
0 0.72734375 0.85234375 0.0421875 0.0640625
0 0.6484375 0.8609375 0.07421875 0.090625
0 0.71796875 0.79453125 0.078125 0.0953125
0 0.78203125 0.7953125 0.0515625 0.0640625
0 0.71328125 0.71171875 0.03046875 0.053125
0 0.67578125 0.5984375 0.05078125 0.0546875
0 0.76953125 0.725 0.03984375 0.04609375
0 0.803125 0.7234375 0.06640625 0.08203125
0 0.84453125 0.70859375 0.05234375 0.0640625
0 0.89765625 0.74453125 0.05390625 0.03828125
0 0.85625 0.80078125 0.07421875 0.05703125
0 0.9125 0.825 0.0625 0.0484375
0 0.928125 0.78828125 0.04609375 0.05078125
0 0.953125 0.7375 0.06640625 0.05390625
0 0.975 0.65703125 0.05 0.06015625
0 0.75078125 0.62421875 0.06640625 0.05078125
0 0.7390625 0.57734375 0.05859375 0.04140625
0 0.78671875 0.634375 0.04765625 0.0546875
0 0.81328125 0.58671875 0.04375 0.034375
0 0.7625 0.51640625 0.0453125 0.03984375
0 0.7140625 0.51171875 0.0390625 0.04609375
0 0.71484375 0.47109375 0.04140625 0.03203125
0 0.74375 0.47734375 0.03671875 0.03828125
0 0.7078125 0.42265625 0.03671875 0.03515625
0 0.665625 0.4234375 0.03984375 0.03984375
0 0.778125 0.4421875 0.0359375 0.03125
0 0.7953125 0.4046875 0.0453125 0.03984375
0 0.8390625 0.42265625 0.03828125 0.03828125
0 0.80546875 0.4859375 0.04609375 0.03984375
0 0.840625 0.55546875 0.05703125 0.040625
0 0.84609375 0.609375 0.03671875 0.040625
0 0.86484375 0.53125 0.0578125 0.0484375
0 0.89609375 0.5671875 0.0625 0.034375
0 0.909375 0.60234375 0.06171875 0.040625
0 0.971875 0.6015625 0.05625 0.04296875
0 0.98203125 0.5640625 0.0359375 0.0640625
0 0.94140625 0.534375 0.0625 0.03984375
0 0.9203125 0.4984375 0.05234375 0.046875
0 0.9515625 0.4828125 0.04765625 0.0359375
0 0.95703125 0.44375 0.04296875 0.034375
0 0.89921875 0.44921875 0.046875 0.0484375
0 0.85625 0.45078125 0.03828125 0.0296875
0 0.74921875 0.39453125 0.04453125 0.0390625
0 0.9765625 0.984375 0.0453125 0.03046875