0 0.17421875 0.90078125 0.0453125 0.084375
0 0.0203125 0.828125 0.03203125 0.040625
0 0.05 0.79453125 0.03203125 0.03203125
0 0.0171875 0.75703125 0.02734375 0.034375
0 0.1234375 0.75859375 0.02734375 0.0296875
0 0.084375 0.790625 0.0203125 0.02890625
0 0.23125 0.90078125 0.021875 0.0453125
0 0.23671875 0.86328125 0.0390625 0.0484375
0 0.31796875 0.9109375 0.0375 0.05078125
0 0.2546875 0.91796875 0.0296875 0.03671875
0 0.4078125 0.95546875 0.0328125 0.06484375
0 0.38046875 0.940625 0.0359375 0.046875
0 0.3859375 0.8796875 0.02578125 0.034375
0 0.43046875 0.79609375 0.0234375 0.03359375
0 0.39375 0.78828125 0.034375 0.040625
0 0.346875 0.725 0.02421875 0.04140625
0 0.30078125 0.77109375 0.03046875 0.0265625
0 0.2984375 0.74609375 0.02578125 0.025
0 0.28828125 0.80390625 0.03125 0.03515625
0 0.265625 0.7234375 0.0234375 0.0296875
0 0.1875 0.7234375 0.02890625 0.03046875
0 0.15234375 0.709375 0.021875 0.0296875
0 0.12109375 0.69140625 0.0296875 0.03046875
0 0.11171875 0.625 0.02890625 0.0328125
0 0.1796875 0.66484375 0.02109375 0.0265625
0 0.19375 0.68359375 0.03359375 0.03359375
0 0.228125 0.69609375 0.0265625 0.02890625
0 0.24609375 0.73125 0.02734375 0.028125
0 0.24609375 0.6609375 0.02890625 0.02890625
0 0.21953125 0.6546875 0.02578125 0.03046875
0 0.27890625 0.66875 0.025 0.02578125
0 0.31015625 0.7015625 0.01640625 0.021875
0 0.33203125 0.6890625 0.01953125 0.03125
0 0.31640625 0.6578125 0.0234375 0.0359375
0 0.40859375 0.7265625 0.0265625 0.0375
0 0.43671875 0.7359375 0.02265625 0.02890625
0 0.4890625 0.74765625 0.03359375 0.03359375
0 0.49453125 0.84453125 0.0328125 0.05078125
0 0.52734375 0.81484375 0.04296875 0.046875
0 0.540625 0.91171875 0.0390625 0.03828125
0 0.54296875 0.8609375 0.0375 0.034375
0 0.59140625 0.82109375 0.028125 0.04296875
0 0.58671875 0.77265625 0.0359375 0.0421875
0 0.7125 0.9375 0.03359375 0.0703125
0 0.7390625 0.971875 0.034375 0.0453125
0 0.67734375 0.90234375 0.02890625 0.05
0 0.6921875 0.8640625 0.02734375 0.0390625
0 0.69296875 0.7796875 0.03046875 0.03046875
0 0.725 0.77109375 0.0328125 0.03671875
0 0.75703125 0.83203125 0.0359375 0.05
0 0.8265625 0.965625 0.03046875 0.03984375
0 0.83828125 0.90703125 0.03125 0.03671875
0 0.82734375 0.8484375 0.0375 0.04921875
0 0.83515625 0.81015625 0.034375 0.040625
0 0.7921875 0.8203125 0.02578125 0.04609375
0 0.9328125 0.93515625 0.0390625 0.0484375
0 0.9671875 0.90859375 0.03359375 0.071875
0 0.9203125 0.8515625 0.04140625 0.05234375
0 0.91640625 0.71640625 0.02890625 0.034375
0 0.95390625 0.7796875 0.034375 0.040625
0 0.8609375 0.7625 0.03203125 0.0359375
0 0.784375 0.684375 0.0328125 0.0390625
0 0.81484375 0.66875 0.0234375 0.0328125
0 0.828125 0.709375 0.02734375 0.025
0 0.5921875 0.71015625 0.03359375 0.03828125
0 0.546875 0.66640625 0.025 0.03984375
0 0.509375 0.646875 0.02421875 0.0359375
0 0.5484375 0.571875 0.021875 0.02265625
0 0.478125 0.59296875 0.0265625 0.028125
0 0.45 0.6015625 0.0203125 0.02578125
0 0.41875 0.6609375 0.0234375 0.03203125
0 0.48515625 0.69296875 0.02265625 0.021875
0 0.29453125 0.63203125 0.021875 0.02578125
0 0.62578125 0.85234375 0.03125 0.040625
0 0.625 0.7453125 0.0328125 0.03671875
0 0.64296875 0.6953125 0.02890625 0.0265625
0 0.78125 0.640625 0.03125 0.028125
0 0.87890625 0.73828125 0.02890625 0.03515625
0 0.67890625 0.64609375 0.03046875 0.03046875
0 0.64140625 0.540625 0.02890625 0.0234375
0 0.646875 0.5625 0.01875 0.0234375
0 0.615625 0.5640625 0.0296875 0.02421875
0 0.49609375 0.56015625 0.021875 0.0265625
0 0.5203125 0.5375 0.0203125 0.02421875
0 0.4609375 0.6328125 0.02421875 0.02734375
0 0.321875 0.565625 0.02109375 0.0296875
0 0.4015625 0.6 0.02734375 0.03203125
0 0.37265625 0.5484375 0.01796875 0.02265625
0 0.3890625 0.559375 0.01953125 0.0234375
0 0.19453125 0.79375 0.02421875 0.03203125
0 0.48125 0.46875 0.02421875 0.02578125
0 0.521875 0.48828125 0.01953125 0.0265625
0 0.73203125 0.62734375 0.02109375 0.0234375
0 0.915625 0.64921875 0.025 0.03203125
0 0.8625 0.68125 0.0265625 0.0328125
0 0.8734375 0.55234375 0.01875 0.01875
0 0.91796875 0.60546875 0.01953125 0.02265625
0 0.978125 0.69765625 0.02890625 0.034375
0 0.81171875 0.59453125 0.01796875 0.021875
0 0.8 0.515625 0.0234375 0.021875
0 0.8109375 0.54609375 0.02265625 0.02265625
0 0.64921875 0.478125 0.015625 0.01953125
0 0.42109375 0.52890625 0.02109375 0.028125
0 0.453125 0.55 0.02421875 0.02890625
0 0.55703125 0.70234375 0.025 0.02578125
0 0.29765625 0.51953125 0.021875 0.0296875
0 0.2484375 0.6 0.02109375 0.02421875
0 0.0703125 0.60234375 0.021875 0.0234375
0 0.26171875 0.5734375 0.02265625 0.02578125
0 0.378125 0.66875 0.02421875 0.0328125
0 0.275 0.47421875 0.021875 0.02578125