0 0.0453125 0.80625 0.059375 0.05
0 0.05625 0.86015625 0.046875 0.04140625
0 0.13828125 0.8625 0.0375 0.046875
0 0.0828125 0.9484375 0.0390625 0.03125
0 0.1640625 0.9671875 0.04375 0.0421875
0 0.184375 0.9015625 0.040625 0.04921875
0 0.29453125 0.87265625 0.05703125 0.059375
0 0.128125 0.72890625 0.04375 0.04375
0 0.19453125 0.67265625 0.03359375 0.0390625
0 0.11796875 0.6359375 0.0359375 0.03125
0 0.21796875 0.575 0.0359375 0.034375
0 0.265625 0.5890625 0.03046875 0.02421875
0 0.26015625 0.56328125 0.03125 0.02421875
0 0.27421875 0.72734375 0.02890625 0.0390625
0 0.0703125 0.628125 0.028125 0.02890625
0 0.0859375 0.5828125 0.03125 0.028125
0 0.1234375 0.58984375 0.02890625 0.02578125
0 0.41484375 0.9796875 0.0703125 0.040625
0 0.371875 0.88984375 0.0328125 0.06953125
0 0.42578125 0.84140625 0.06015625 0.071875
0 0.36953125 0.8046875 0.02265625 0.04296875
0 0.4375 0.80390625 0.04453125 0.03046875
0 0.5046875 0.83359375 0.03515625 0.03828125
0 0.54140625 0.88046875 0.0375 0.06328125
0 0.5578125 0.8078125 0.0203125 0.02109375
0 0.5390625 0.7125 0.03984375 0.05234375
0 0.5390625 0.71328125 0.03359375 0.059375
0 0.6484375 0.7921875 0.03359375 0.0625
0 0.575 0.6859375 0.040625 0.04140625
0 0.421875 0.74375 0.0359375 0.03671875
0 0.40703125 0.671875 0.034375 0.03515625
0 0.4546875 0.64609375 0.0359375 0.034375
0 0.40234375 0.62265625 0.0375 0.03046875
0 0.34375 0.61640625 0.0359375 0.03046875
0 0.35859375 0.66796875 0.0328125 0.0265625
0 0.33515625 0.740625 0.03203125 0.04296875
0 0.25625 0.7453125 0.0234375 0.02109375
0 0.3109375 0.56171875 0.0234375 0.0296875
0 0.39375 0.5765625 0.028125 0.028125
0 0.45546875 0.60234375 0.02734375 0.02421875
0 0.4890625 0.57109375 0.03046875 0.02265625
0 0.50859375 0.59296875 0.025 0.02421875
0 0.5828125 0.63828125 0.02734375 0.0421875
0 0.6203125 0.68828125 0.0296875 0.02734375
0 0.65234375 0.634375 0.025 0.040625
0 0.6140625 0.60234375 0.0203125 0.03515625
0 0.6140625 0.5125 0.0296875 0.025
0 0.56640625 0.50859375 0.0203125 0.021875
0 0.5640625 0.5875 0.0234375 0.01875
0 0.4328125 0.5375 0.03125 0.0171875
0 0.42890625 0.5125 0.0234375 0.0296875
0 0.4796875 0.51171875 0.0296875 0.02109375
0 0.3609375 0.5078125 0.02578125 0.01796875
0 0.37265625 0.55 0.02578125 0.0171875
0 0.2640625 0.43125 0.02578125 0.0203125
0 0.31015625 0.471875 0.02109375 0.0203125
0 0.23671875 0.49765625 0.02109375 0.0296875
0 0.178125 0.52578125 0.0296875 0.02421875
0 0.1171875 0.49140625 0.02890625 0.025
0 0.7609375 0.909375 0.0484375 0.04921875
0 0.83671875 0.90390625 0.0625 0.0703125
0 0.94375 0.96015625 0.05 0.0609375
0 0.72421875 0.7953125 0.02109375 0.02578125
0 0.7484375 0.790625 0.02734375 0.04609375
0 0.74609375 0.84609375 0.03046875 0.0421875
0 0.8171875 0.74140625 0.0296875 0.034375
0 0.8609375 0.81015625 0.05703125 0.075
0 0.91171875 0.88984375 0.05234375 0.07265625
0 0.92109375 0.8671875 0.05703125 0.084375
0 0.96015625 0.8 0.04140625 0.04921875
0 0.965625 0.72421875 0.03984375 0.02890625
0 0.94765625 0.67578125 0.0328125 0.0359375
0 0.88828125 0.640625 0.0421875 0.04140625
0 0.8546875 0.621875 0.0234375 0.02109375
0 0.8078125 0.81796875 0.02578125 0.02578125
0 0.68203125 0.98203125 0.02578125 0.0359375
0 0.67890625 0.696875 0.03046875 0.021875
0 0.77109375 0.690625 0.02734375 0.03046875
0 0.6921875 0.59296875 0.02421875 0.0296875
0 0.65625 0.559375 0.03125 0.02421875
0 0.76953125 0.559375 0.02734375 0.0328125
0 0.8484375 0.50625 0.02734375 0.02734375
0 0.728125 0.478125 0.02265625 0.01796875
0 0.75859375 0.4890625 0.02265625 0.02109375
0 0.64296875 0.47265625 0.0171875 0.01875
0 0.6515625 0.42109375 0.03125 0.021875
0 0.7015625 0.6828125 0.02265625 0.02578125
0 0.74765625 0.71484375 0.0234375 0.0296875
0 0.721875 0.70625 0.04375 0.05625
0 0.73046875 0.67890625 0.02421875 0.0296875
0 0.6046875 0.45546875 0.03046875 0.02890625
0 0.54921875 0.43671875 0.02265625 0.0203125
0 0.5953125 0.409375 0.0234375 0.02734375
0 0.421875 0.465625 0.025 0.02421875
0 0.784375 0.534375 0.03125 0.03203125
0 0.8921875 0.53984375 0.03515625 0.025
0 0.84453125 0.57890625 0.02890625 0.021875
0 0.821875 0.5484375 0.02109375 0.025
0 0.8859375 0.58984375 0.02578125 0.01953125
0 0.8859375 0.571875 0.02265625 0.01953125
0 0.84609375 0.72578125 0.04375 0.03984375
0 0.9046875 0.77421875 0.03984375 0.0390625
0 0.72265625 0.553125 0.02734375 0.0203125
0 0.6453125 0.5140625 0.0171875 0.02109375
0 0.3203125 0.70390625 0.03125 0.02421875
0 0.3734375 0.70859375 0.03046875 0.03203125
0 0.4015625 0.7203125 0.0171875 0.0328125
0 0.29296875 0.6203125 0.028125 0.02265625
0 0.1296875 0.54140625 0.0234375 0.01953125
0 0.14453125 0.56171875 0.02421875 0.03203125
0 0.153125 0.60859375 0.0265625 0.0203125
0 0.1265625 0.659375 0.02734375 0.03046875
0 0.05078125 0.45703125 0.03828125 0.01328125
0 0.08203125 0.43828125 0.025 0.0171875
0 0.04140625 0.43984375 0.03046875 0.01484375
0 0.0171875 0.4390625 0.034375 0.0125
0 0.015625 0.41640625 0.0234375 0.0125
0 0.02890625 0.47578125 0.021875 0.01484375
0 0.078125 0.47734375 0.03125 0.01484375
0 0.103125 0.46328125 0.02265625 0.01875
0 0.13984375 0.45390625 0.02109375 0.01953125
0 0.1375 0.42890625 0.02421875 0.0140625
0 0.2171875 0.4078125 0.02109375 0.0171875
0 0.16875 0.4953125 0.02421875 0.02421875
0 0.1828125 0.4609375 0.0265625 0.0203125
0 0.1921875 0.4765625 0.03046875 0.021875
0 0.31015625 0.41328125 0.02421875 0.0171875
0 0.2328125 0.5421875 0.02265625 0.015625
0 0.21640625 0.52109375 0.0265625 0.0203125
0 0.28828125 0.49453125 0.03125 0.0171875
0 0.17109375 0.74140625 0.02421875 0.01953125
0 0.2109375 0.78828125 0.04921875 0.034375
0 0.7890625 0.6078125 0.0296875 0.025
0 0.796875 0.66953125 0.03125 0.0265625
0 0.53984375 0.478125 0.01796875 0.01640625
0 0.575 0.46328125 0.02109375 0.0265625
0 0.575 0.3734375 0.01953125 0.02109375
0 0.6796875 0.4640625 0.0234375 0.0234375
0 0.54921875 0.646875 0.03671875 0.04140625
0 0.74453125 0.57109375 0.01640625 0.02109375
0 0.73359375 0.52890625 0.01796875 0.01875
0 0.78984375 0.578125 0.02265625 0.0203125