0 0.2015625 0.9171875 0.03671875 0.05234375
0 0.1625 0.9765625 0.03125 0.046875
0 0.07109375 0.9578125 0.04140625 0.046875
0 0.065625 0.77421875 0.03515625 0.03671875
0 0.1015625 0.81171875 0.0296875 0.03125
0 0.1203125 0.7203125 0.0296875 0.040625
0 0.08828125 0.71328125 0.0296875 0.028125
0 0.03125 0.81953125 0.02265625 0.0390625
0 0.2078125 0.8546875 0.04375 0.05546875
0 0.28359375 0.86328125 0.040625 0.05625
0 0.3921875 0.95703125 0.04609375 0.0671875
0 0.440625 0.95625 0.03046875 0.0375
0 0.39140625 0.83046875 0.03359375 0.05
0 0.25234375 0.77421875 0.03671875 0.05078125
0 0.29375 0.7296875 0.04140625 0.034375
0 0.48046875 0.765625 0.04296875 0.0921875
0 0.546875 0.87265625 0.03828125 0.059375
0 0.57578125 0.9375 0.04609375 0.05546875
0 0.53828125 0.76953125 0.025 0.03828125
0 0.5359375 0.73515625 0.02734375 0.034375
0 0.6328125 0.7765625 0.0328125 0.0390625
0 0.7140625 0.93359375 0.03046875 0.05078125
0 0.74453125 0.9140625 0.0421875 0.059375
0 0.796875 0.9171875 0.03046875 0.0484375
0 0.84296875 0.9578125 0.03515625 0.05546875
0 0.896875 0.95234375 0.0453125 0.05078125
0 0.96796875 0.978125 0.04921875 0.04375
0 0.9015625 0.7171875 0.03359375 0.0390625
0 0.8671875 0.79140625 0.03359375 0.0359375
0 0.94921875 0.746875 0.0390625 0.034375
0 0.88125 0.671875 0.034375 0.034375
0 0.91875 0.65234375 0.034375 0.03203125
0 0.9234375 0.6078125 0.03203125 0.03203125
0 0.87109375 0.61640625 0.03828125 0.03515625
0 0.83046875 0.70546875 0.0375 0.040625
0 0.79765625 0.73046875 0.028125 0.03671875
0 0.77421875 0.765625 0.025 0.03203125
0 0.72265625 0.6796875 0.03515625 0.0421875
0 0.76875 0.64140625 0.03046875 0.0375
0 0.6828125 0.67421875 0.03046875 0.04296875
0 0.6984375 0.7546875 0.0296875 0.02890625
0 0.70625 0.803125 0.0328125 0.04375
0 0.73984375 0.81875 0.03046875 0.05078125
0 0.68125 0.621875 0.028125 0.0328125
0 0.61796875 0.62265625 0.02578125 0.034375
0 0.5734375 0.684375 0.028125 0.034375
0 0.5828125 0.653125 0.02265625 0.02890625
0 0.53125 0.61796875 0.02734375 0.0328125
0 0.57265625 0.6359375 0.021875 0.02578125
0 0.45 0.61171875 0.028125 0.03046875
0 0.4859375 0.58984375 0.02578125 0.02890625
0 0.30625 0.6875 0.02578125 0.02578125
0 0.29140625 0.62734375 0.025 0.02734375
0 0.3296875 0.6625 0.02734375 0.025
0 0.359375 0.66484375 0.0234375 0.0359375
0 0.39375 0.6421875 0.03515625 0.02890625
0 0.428125 0.559375 0.02109375 0.0234375
0 0.45078125 0.58125 0.0296875 0.03046875
0 0.46328125 0.55546875 0.0203125 0.028125
0 0.4953125 0.55859375 0.02890625 0.025
0 0.534375 0.56953125 0.028125 0.0265625
0 0.5703125 0.55859375 0.0296875 0.03203125
0 0.37265625 0.578125 0.02890625 0.0296875
0 0.34921875 0.5234375 0.0171875 0.025
0 0.41171875 0.596875 0.02109375 0.025
0 0.13125 0.653125 0.02421875 0.02734375
0 0.15625 0.6640625 0.025 0.0265625
0 0.16796875 0.68515625 0.01328125 0.02109375
0 0.18203125 0.73984375 0.02578125 0.03828125
0 0.14140625 0.771875 0.02578125 0.03046875
0 0.575 0.59765625 0.015625 0.025
0 0.71796875 0.51015625 0.02421875 0.02265625
0 0.765625 0.5578125 0.0265625 0.03046875
0 0.8078125 0.5796875 0.0234375 0.02890625
0 0.67890625 0.56875 0.021875 0.0265625
0 0.878125 0.475 0.028125 0.0234375
0 0.859375 0.4953125 0.02265625 0.01875
0 0.78515625 0.49765625 0.02578125 0.02265625
0 0.6953125 0.40546875 0.021875 0.02421875
0 0.51640625 0.44375 0.021875 0.0234375
0 0.225 0.70078125 0.028125 0.034375
0 0.3109375 0.778125 0.02265625 0.0203125
0 0.36484375 0.90390625 0.0390625 0.0390625
0 0.51171875 0.6171875 0.0234375 0.03515625