0 0.63203125 0.77578125 0.0296875 0.03671875
0 0.66328125 0.753125 0.02734375 0.0390625
0 0.27265625 0.9265625 0.034375 0.03671875
0 0.5484375 0.8375 0.0296875 0.03515625
0 0.44140625 0.575 0.02109375 0.0234375
0 0.90703125 0.7640625 0.03671875 0.040625
0 0.49375 0.784375 0.0296875 0.0296875
0 0.22109375 0.67265625 0.02421875 0.03515625
0 0.4390625 0.88046875 0.02890625 0.04296875
0 0.19609375 0.80546875 0.02578125 0.03515625
0 0.54140625 0.64140625 0.0234375 0.02578125
0 0.72265625 0.7890625 0.03203125 0.03671875
0 0.46015625 0.7921875 0.02734375 0.02734375
0 0.4078125 0.6125 0.01953125 0.03203125
0 0.16484375 0.796875 0.03046875 0.0375
0 0.76171875 0.803125 0.03203125 0.0421875
0 0.78828125 0.753125 0.02578125 0.02578125
0 0.73671875 0.965625 0.02734375 0.0390625
0 0.6140625 0.684375 0.0265625 0.0359375
0 0.853125 0.53984375 0.02421875 0.02421875
0 0.7015625 0.9234375 0.03359375 0.05625
0 0.57421875 0.92421875 0.02421875 0.03984375
0 0.509375 0.84453125 0.03359375 0.04921875
0 0.67421875 0.8671875 0.03515625 0.04609375
0 0.71875 0.66015625 0.028125 0.03046875
0 0.2890625 0.87421875 0.0328125 0.0359375
0 0.66171875 0.94296875 0.0375 0.05078125
0 0.484375 0.65625 0.0265625 0.02578125
0 0.26640625 0.7578125 0.0328125 0.03671875
0 0.40234375 0.75859375 0.025 0.02890625
0 0.34609375 0.8328125 0.028125 0.0375
0 0.9671875 0.84296875 0.04453125 0.05234375
0 0.796875 0.9734375 0.04140625 0.05234375
0 0.578125 0.86015625 0.03125 0.0453125
0 0.85625 0.77578125 0.03125 0.034375
0 0.82421875 0.5921875 0.0234375 0.028125
0 0.578125 0.70078125 0.03125 0.034375
0 0.43515625 0.70859375 0.02421875 0.02734375
0 0.24296875 0.85390625 0.02578125 0.04296875
0 0.76640625 0.7046875 0.0265625 0.0328125
0 0.70546875 0.7296875 0.03046875 0.0359375
0 0.29375 0.60546875 0.02578125 0.028125
0 0.44140625 0.95390625 0.03515625 0.05625
0 0.28125 0.5609375 0.02578125 0.025
0 0.04609375 0.92890625 0.0390625 0.05
0 0.54921875 0.98203125 0.0328125 0.0359375
0 0.5984375 0.82890625 0.0234375 0.0328125
0 0.50234375 0.58125 0.021875 0.02578125
0 0.28515625 0.82421875 0.03828125 0.04296875
0 0.1296875 0.73515625 0.0296875 0.034375
0 0.41328125 0.91953125 0.0265625 0.04609375
0 0.47109375 0.5515625 0.0234375 0.0234375
0 0.640625 0.52421875 0.02421875 0.02109375
0 0.77109375 0.9265625 0.02890625 0.04140625
0 0.37578125 0.86875 0.028125 0.0375
0 0.13046875 0.96875 0.03203125 0.0578125
0 0.92890625 0.93359375 0.0390625 0.04453125
0 0.56640625 0.746875 0.0265625 0.03515625
0 0.26640625 0.61328125 0.02109375 0.02265625
0 0.08125 0.68046875 0.0296875 0.028125
0 0.8546875 0.60390625 0.02578125 0.021875
0 0.83046875 0.54453125 0.0234375 0.02578125
0 0.8515625 0.915625 0.0390625 0.04609375
0 0.66328125 0.68984375 0.01953125 0.034375
0 0.15390625 0.5765625 0.02265625 0.02578125
0 0.9546875 0.74296875 0.0296875 0.03125
0 0.89609375 0.53359375 0.028125 0.0234375
0 0.1953125 0.73515625 0.02265625 0.0296875
0 0.93828125 0.68359375 0.02890625 0.028125
0 0.58671875 0.653125 0.0265625 0.028125
0 0.12890625 0.89296875 0.025 0.03125
0 0.803125 0.5984375 0.01953125 0.02421875
0 0.36875 0.9828125 0.021875 0.034375
0 0.10625 0.95234375 0.03671875 0.04296875
0 0.3234375 0.571875 0.021875 0.021875
0 0.10546875 0.64453125 0.0234375 0.02578125
0 0.6171875 0.721875 0.0234375 0.0265625
0 0.22265625 0.61015625 0.02578125 0.028125
0 0.0484375 0.671875 0.02578125 0.02734375
0 0.27734375 0.70390625 0.0171875 0.0203125
0 0.178125 0.67734375 0.028125 0.0328125
0 0.0703125 0.78671875 0.028125 0.0265625
0 0.3640625 0.94296875 0.02734375 0.03515625
0 0.45546875 0.9875 0.0296875 0.025
0 0.865625 0.98671875 0.03984375 0.0265625
0 0.50703125 0.7078125 0.021875 0.0234375
0 0.73515625 0.6140625 0.01640625 0.021875
0 0.05078125 0.81640625 0.03515625 0.03515625
0 0.46640625 0.571875 0.021875 0.0203125
0 0.49609375 0.4890625 0.01796875 0.01796875
0 0.21640625 0.74765625 0.021875 0.03203125
0 0.71484375 0.5109375 0.025 0.0203125
0 0.4265625 0.5453125 0.01640625 0.02109375
0 0.1203125 0.6703125 0.025 0.028125
0 0.5734375 0.45234375 0.0171875 0.01875
0 0.91796875 0.65 0.0203125 0.0234375
0 0.6296875 0.60390625 0.0171875 0.02734375
0 0.8875 0.50625 0.0203125 0.0203125
0 0.2703125 0.64609375 0.02265625 0.02578125
0 0.58046875 0.5234375 0.02109375 0.0203125
0 0.70703125 0.56015625 0.02109375 0.02265625
0 0.50078125 0.53671875 0.02109375 0.0234375
0 0.37578125 0.97734375 0.0234375 0.03359375
0 0.39453125 0.49609375 0.01796875 0.0203125
0 0.125 0.7015625 0.0234375 0.02578125
0 0.48671875 0.4625 0.01640625 0.0171875
0 0.8390625 0.74921875 0.0203125 0.02578125
0 0.73125 0.71484375 0.01953125 0.02734375
0 0.9671875 0.90078125 0.03046875 0.05
0 0.71953125 0.6203125 0.01796875 0.021875
0 0.34765625 0.4609375 0.0203125 0.01796875
0 0.0515625 0.73828125 0.028125 0.0328125
0 0.48046875 0.74375 0.015625 0.02109375
0 0.07421875 0.76171875 0.0296875 0.02890625
0 0.10234375 0.7125 0.01796875 0.02578125
0 0.33125 0.48359375 0.01875 0.02109375
0 0.74765625 0.753125 0.0203125 0.0265625