0 0.72578125 0.82265625 0.0375 0.05546875
0 0.06640625 0.7484375 0.03984375 0.04609375
0 0.24765625 0.61875 0.028125 0.02890625
0 0.3875 0.85390625 0.0421875 0.053125
0 0.65703125 0.93125 0.03046875 0.04765625
0 0.2078125 0.825 0.04140625 0.05625
0 0.6671875 0.5078125 0.02421875 0.02734375
0 0.50546875 0.78359375 0.03359375 0.04765625
0 0.78203125 0.8921875 0.034375 0.04375
0 0.1875 0.571875 0.02109375 0.02890625
0 0.56953125 0.9140625 0.03359375 0.046875
0 0.37109375 0.74921875 0.0296875 0.0390625
0 0.690625 0.73984375 0.03671875 0.040625
0 0.61640625 0.56171875 0.02265625 0.02421875
0 0.23359375 0.53671875 0.0265625 0.02578125
0 0.62421875 0.7578125 0.0296875 0.03515625
0 0.33828125 0.66640625 0.034375 0.0375
0 0.54609375 0.67421875 0.0265625 0.03359375
0 0.77890625 0.43828125 0.02421875 0.0234375
0 0.93125 0.89375 0.05703125 0.065625
0 0.346875 0.94296875 0.03828125 0.0484375
0 0.4875 0.97578125 0.05078125 0.04765625
0 0.81875 0.6890625 0.0328125 0.03984375
0 0.834375 0.75390625 0.025 0.03046875
0 0.3125 0.603125 0.02734375 0.028125
0 0.25390625 0.91171875 0.0234375 0.0421875
0 0.459375 0.484375 0.02421875 0.02109375
0 0.61484375 0.728125 0.021875 0.02734375
0 0.259375 0.67109375 0.02265625 0.025
0 0.46796875 0.77109375 0.03203125 0.0421875
0 0.74140625 0.71640625 0.02578125 0.0328125
0 0.2078125 0.97734375 0.03828125 0.0453125
0 0.43515625 0.659375 0.02578125 0.0359375
0 0.55703125 0.734375 0.028125 0.0296875
0 0.46484375 0.7046875 0.034375 0.040625
0 0.3046875 0.721875 0.03359375 0.03671875
0 0.5421875 0.578125 0.0171875 0.02109375
0 0.503125 0.690625 0.0203125 0.03125
0 0.89609375 0.68828125 0.034375 0.0453125
0 0.284375 0.84375 0.03671875 0.05546875
0 0.41171875 0.72890625 0.028125 0.04375
0 0.78515625 0.8125 0.0375 0.05
0 0.79609375 0.71484375 0.02890625 0.03984375
0 0.39375 0.93046875 0.04453125 0.0578125
0 0.93671875 0.96953125 0.04453125 0.05625
0 0.58515625 0.4875 0.0234375 0.02578125
0 0.125 0.725 0.03203125 0.02890625
0 0.17421875 0.7671875 0.03359375 0.0375
0 0.4546875 0.88515625 0.03046875 0.040625
0 0.74609375 0.6578125 0.03203125 0.0296875
0 0.07109375 0.5640625 0.0328125 0.0296875
0 0.17734375 0.67109375 0.02734375 0.03046875
0 0.11875 0.8578125 0.034375 0.0453125
0 0.38046875 0.65 0.03046875 0.0375
0 0.21171875 0.75703125 0.02890625 0.0359375
0 0.96640625 0.76875 0.03671875 0.0421875
0 0.253125 0.81953125 0.03515625 0.03828125
0 0.47734375 0.93046875 0.0265625 0.04140625
0 0.64921875 0.55546875 0.0234375 0.03125
0 0.7296875 0.61640625 0.02265625 0.0296875
0 0.37265625 0.690625 0.02734375 0.0296875
0 0.5046875 0.625 0.028125 0.03046875
0 0.87109375 0.9140625 0.03515625 0.0515625
0 0.27578125 0.5078125 0.025 0.0265625
0 0.0453125 0.85 0.04140625 0.05078125
0 0.82421875 0.8015625 0.028125 0.03671875
0 0.09140625 0.94765625 0.046875 0.06015625
0 0.97734375 0.68203125 0.03515625 0.0375
0 0.1203125 0.6875 0.04140625 0.03828125
0 0.42890625 0.96875 0.0328125 0.0421875
0 0.79375 0.56796875 0.02109375 0.02578125
0 0.3640625 0.615625 0.02578125 0.03125
0 0.15234375 0.4390625 0.021875 0.02265625
0 0.9 0.5828125 0.025 0.028125
0 0.09453125 0.64140625 0.0296875 0.03125
0 0.76015625 0.5765625 0.02109375 0.025
0 0.02734375 0.81328125 0.03359375 0.04140625
0 0.11171875 0.53125 0.02265625 0.02265625
0 0.1578125 0.54296875 0.02734375 0.02265625
0 0.678125 0.56796875 0.02734375 0.02578125
0 0.85234375 0.6828125 0.021875 0.03046875
0 0.7828125 0.95859375 0.03359375 0.04296875
0 0.93203125 0.8109375 0.0375 0.040625
0 0.84140625 0.5703125 0.028125 0.028125
0 0.50859375 0.728125 0.02109375 0.03359375
0 0.2921875 0.5453125 0.02265625 0.02734375
0 0.5171875 0.584375 0.01875 0.02421875
0 0.74140625 0.49453125 0.028125 0.0234375
0 0.6984375 0.5 0.0265625 0.0265625
0 0.23046875 0.5015625 0.02109375 0.0234375
0 0.265625 0.53359375 0.021875 0.02109375
0 0.7703125 0.75703125 0.03125 0.03828125
0 0.90234375 0.62578125 0.025 0.0296875
0 0.0703125 0.51953125 0.0265625 0.0265625
0 0.70234375 0.89296875 0.034375 0.05234375
0 0.825 0.95078125 0.025 0.0390625
0 0.7171875 0.5296875 0.0296875 0.0265625
0 0.73984375 0.465625 0.01796875 0.02265625
0 0.828125 0.91171875 0.01875 0.03125
0 0.4265625 0.5640625 0.01953125 0.028125
0 0.07109375 0.90625 0.03515625 0.0484375
0 0.31484375 0.81015625 0.02265625 0.03671875
0 0.984375 0.953125 0.02890625 0.05078125
0 0.028125 0.571875 0.0234375 0.0234375
0 0.82421875 0.45234375 0.01796875 0.01953125
0 0.4171875 0.409375 0.01875 0.01875
0 0.32109375 0.44609375 0.01953125 0.01953125
0 0.88359375 0.48046875 0.021875 0.0203125
0 0.09453125 0.98671875 0.0421875 0.0265625
0 0.6125 0.46953125 0.02578125 0.025
0 0.96484375 0.7328125 0.0390625 0.034375
0 0.4328125 0.42890625 0.0203125 0.01953125
0 0.928125 0.71640625 0.0171875 0.0203125
0 0.27734375 0.42734375 0.01796875 0.02109375
0 0.0640625 0.621875 0.0265625 0.03125
0 0.68984375 0.44140625 0.01953125 0.0203125
0 0.53046875 0.44921875 0.0203125 0.01796875
0 0.14765625 0.509375 0.021875 0.0296875
0 0.984375 0.58828125 0.02734375 0.02890625
0 0.85234375 0.425 0.02109375 0.021875
0 0.00859375 0.66953125 0.01640625 0.02265625
0 0.69375 0.5828125 0.0171875 0.01953125
0 0.1796875 0.45859375 0.01953125 0.02578125
0 0.26328125 0.7328125 0.021875 0.0265625
0 0.94140625 0.61484375 0.0265625 0.03203125
0 0.5484375 0.46953125 0.02109375 0.0203125
0 0.546875 0.49609375 0.0203125 0.02265625