0 0.03828125 0.8859375 0.05078125 0.0578125
0 0.04453125 0.803125 0.02890625 0.046875
0 0.109375 0.97734375 0.05625 0.0453125
0 0.1703125 0.9765625 0.03828125 0.04609375
0 0.215625 0.8953125 0.0296875 0.05234375
0 0.2671875 0.93828125 0.0390625 0.03203125
0 0.3890625 0.9734375 0.03984375 0.053125
0 0.41953125 0.96484375 0.0203125 0.03828125
0 0.5 0.984375 0.0375 0.03125
0 0.55625 0.9625 0.034375 0.059375
0 0.51484375 0.93515625 0.02421875 0.04140625
0 0.49609375 0.85546875 0.03984375 0.04140625
0 0.3859375 0.8671875 0.02734375 0.03828125
0 0.43671875 0.84296875 0.0359375 0.03125
0 0.421875 0.7953125 0.03203125 0.034375
0 0.684375 0.9 0.025 0.03828125
0 0.7375 0.9359375 0.0296875 0.0328125
0 0.72578125 0.98359375 0.0328125 0.03203125
0 0.58515625 0.98359375 0.02734375 0.03203125
0 0.8234375 0.93203125 0.04140625 0.0515625
0 0.87109375 0.96171875 0.04140625 0.0578125
0 0.96328125 0.9671875 0.03046875 0.03828125
0 0.85078125 0.8921875 0.04140625 0.05234375
0 0.915625 0.875 0.03984375 0.03984375
0 0.9609375 0.7421875 0.03125 0.03046875
0 0.8828125 0.8328125 0.04296875 0.03359375
0 0.78515625 0.8359375 0.0421875 0.04609375
0 0.734375 0.85859375 0.03203125 0.0375
0 0.72890625 0.78671875 0.02421875 0.0328125
0 0.6921875 0.78359375 0.028125 0.034375
0 0.85625 0.74609375 0.0359375 0.0390625
0 0.8921875 0.71640625 0.02890625 0.0296875
0 0.7609375 0.70859375 0.0375 0.0359375
0 0.6609375 0.71015625 0.03125 0.03359375
0 0.5765625 0.7140625 0.0421875 0.034375
0 0.5765625 0.76796875 0.03125 0.0359375
0 0.61875 0.75078125 0.0234375 0.03984375
0 0.50390625 0.66015625 0.02890625 0.0421875
0 0.5234375 0.74609375 0.02265625 0.03046875
0 0.334375 0.85234375 0.0296875 0.04140625
0 0.2984375 0.90625 0.040625 0.04609375
0 0.30234375 0.84765625 0.0328125 0.0390625
0 0.121875 0.89140625 0.03203125 0.065625
0 0.278125 0.74375 0.03359375 0.0421875
0 0.28359375 0.78984375 0.0296875 0.04921875
0 0.1515625 0.80703125 0.0375 0.0390625
0 0.16015625 0.84921875 0.0375 0.03125
0 0.1015625 0.78671875 0.0296875 0.0328125
0 0.10859375 0.72421875 0.03515625 0.03671875
0 0.13984375 0.753125 0.01640625 0.03828125
0 0.190625 0.68515625 0.0171875 0.0234375
0 0.20390625 0.7921875 0.03203125 0.03671875
0 0.22109375 0.6828125 0.028125 0.03828125
0 0.25703125 0.6171875 0.025 0.02734375
0 0.25625 0.57109375 0.01953125 0.02734375
0 0.2921875 0.5890625 0.02578125 0.02890625
0 0.28515625 0.63984375 0.0296875 0.03125
0 0.4078125 0.70390625 0.02265625 0.02578125
0 0.35546875 0.71015625 0.028125 0.0390625
0 0.3796875 0.55 0.02890625 0.0296875
0 0.453125 0.58828125 0.0265625 0.03046875
0 0.81953125 0.7578125 0.02578125 0.034375
0 0.83828125 0.690625 0.02578125 0.03828125
0 0.81953125 0.6546875 0.03671875 0.0328125
0 0.9015625 0.6671875 0.02890625 0.03671875
0 0.775 0.63984375 0.03203125 0.04296875
0 0.6953125 0.659375 0.0296875 0.03515625
0 0.621875 0.6546875 0.028125 0.03203125
0 0.56953125 0.621875 0.021875 0.03125
0 0.6671875 0.64609375 0.02734375 0.034375
0 0.728125 0.63515625 0.02734375 0.034375
0 0.76484375 0.59140625 0.0203125 0.02265625
0 0.84921875 0.64140625 0.02578125 0.0328125
0 0.48046875 0.59140625 0.0234375 0.03203125
0 0.30390625 0.5375 0.02109375 0.03125
0 0.278125 0.50234375 0.0296875 0.03203125
0 0.40625 0.74921875 0.02421875 0.02421875
0 0.37890625 0.49921875 0.02265625 0.0296875
0 0.1453125 0.54140625 0.01953125 0.02734375
0 0.1796875 0.65703125 0.02578125 0.02578125
0 0.18671875 0.63046875 0.025 0.02890625
0 0.60234375 0.6078125 0.02421875 0.03125
0 0.60390625 0.58203125 0.02578125 0.028125
0 0.63984375 0.884375 0.0421875 0.0484375
0 0.01875 0.5921875 0.034375 0.0421875
0 0.02734375 0.7328125 0.053125 0.0296875
0 0.0515625 0.7515625 0.0203125 0.0375
0 0.05234375 0.65390625 0.02890625 0.034375