0 0.33671875 0.8390625 0.0390625 0.05703125
0 0.82109375 0.93984375 0.04453125 0.05703125
0 0.33359375 0.9640625 0.04375 0.06484375
0 0.5125 0.94453125 0.04609375 0.06015625
0 0.67890625 0.9078125 0.0421875 0.06328125
0 0.484375 0.61171875 0.021875 0.02890625
0 0.2421875 0.73671875 0.0375 0.04140625
0 0.42890625 0.7703125 0.04140625 0.08046875
0 0.23046875 0.87734375 0.0375 0.05625
0 0.62890625 0.559375 0.02421875 0.02890625
0 0.15546875 0.87421875 0.04453125 0.05859375
0 0.48828125 0.87734375 0.03671875 0.04921875
0 0.14765625 0.93828125 0.0359375 0.046875
0 0.93828125 0.6671875 0.03125 0.0328125
0 0.42109375 0.55234375 0.0234375 0.02578125
0 0.7125 0.5484375 0.0265625 0.03203125
0 0.575 0.77578125 0.034375 0.04453125
0 0.28125 0.83203125 0.025 0.0359375
0 0.64296875 0.7515625 0.0296875 0.03203125
0 0.303125 0.525 0.0234375 0.02890625
0 0.678125 0.81953125 0.03125 0.05234375
0 0.19765625 0.78515625 0.04375 0.05078125
0 0.80625 0.77890625 0.03359375 0.034375
0 0.8859375 0.9703125 0.05078125 0.05859375
0 0.66953125 0.67421875 0.02890625 0.0375
0 0.7703125 0.69609375 0.03671875 0.040625
0 0.71640625 0.63203125 0.03125 0.03671875
0 0.821875 0.65625 0.034375 0.0375
0 0.62890625 0.66796875 0.02734375 0.0375
0 0.4015625 0.609375 0.028125 0.0296875
0 0.63203125 0.615625 0.025 0.0296875
0 0.1765625 0.7109375 0.02890625 0.034375
0 0.5671875 0.61328125 0.02421875 0.0328125
0 0.64765625 0.803125 0.03515625 0.04453125
0 0.975 0.6625 0.03984375 0.03984375
0 0.42734375 0.6703125 0.028125 0.0296875
0 0.365625 0.5984375 0.025 0.02890625
0 0.859375 0.63671875 0.0328125 0.03125
0 0.31484375 0.6703125 0.02265625 0.0328125
0 0.26171875 0.69375 0.03125 0.03125
0 0.34375 0.64453125 0.02734375 0.0265625
0 0.4609375 0.61640625 0.0234375 0.03125
0 0.7296875 0.9109375 0.03203125 0.04453125
0 0.4390625 0.58984375 0.0234375 0.028125
0 0.6609375 0.621875 0.0234375 0.02890625
0 0.81484375 0.6015625 0.0359375 0.03359375
0 0.740625 0.721875 0.0296875 0.04453125
0 0.384375 0.96875 0.0328125 0.0453125
0 0.32734375 0.5796875 0.02890625 0.02890625
0 0.6703125 0.4984375 0.02421875 0.028125
0 0.7734375 0.9484375 0.03203125 0.05
0 0.83828125 0.70390625 0.0296875 0.03828125
0 0.64921875 0.9296875 0.0296875 0.046875
0 0.24296875 0.6328125 0.02421875 0.0296875
0 0.4875 0.5640625 0.02734375 0.02734375
0 0.75859375 0.56484375 0.0265625 0.03125
0 0.40078125 0.5765625 0.028125 0.02890625
0 0.04453125 0.83125 0.02734375 0.0328125
0 0.5859375 0.56171875 0.02734375 0.03046875
0 0.44765625 0.55546875 0.025 0.0265625
0 0.775 0.59765625 0.02578125 0.02890625
0 0.48515625 0.76875 0.025 0.0375
0 0.525 0.55390625 0.02421875 0.02890625
0 0.4859375 0.73125 0.02734375 0.03984375
0 0.19140625 0.47734375 0.02265625 0.02421875
0 0.47265625 0.434375 0.02109375 0.0234375
0 0.95234375 0.778125 0.0375 0.04921875
0 0.7375 0.48125 0.025 0.02421875
0 0.8640625 0.590625 0.028125 0.02890625
0 0.6390625 0.4609375 0.0234375 0.02578125
0 0.26171875 0.78359375 0.0265625 0.02890625
0 0.5234375 0.68046875 0.03203125 0.03359375
0 0.49296875 0.53203125 0.025 0.028125
0 0.30078125 0.75625 0.02578125 0.02890625
0 0.1203125 0.7 0.01796875 0.0234375
0 0.28203125 0.66796875 0.02109375 0.028125
0 0.9390625 0.9125 0.04609375 0.04375
0 0.01328125 0.796875 0.02578125 0.0359375
0 0.96015625 0.74453125 0.0390625 0.0421875
0 0.83046875 0.45703125 0.0265625 0.025
0 0.44296875 0.50390625 0.0234375 0.025
0 0.125 0.71875 0.0203125 0.02265625
0 0.53203125 0.6546875 0.02421875 0.028125
0 0.065625 0.7375 0.03125 0.03671875
0 0.98984375 0.815625 0.0203125 0.05390625
0 0.7046875 0.584375 0.01796875 0.02109375
0 0.89140625 0.54765625 0.0265625 0.02578125
0 0.5203125 0.63125 0.02265625 0.02734375
0 0.51171875 0.784375 0.0265625 0.03359375
0 0.6375 0.61953125 0.0234375 0.028125
0 0.528125 0.59453125 0.01875 0.02265625
0 0.38046875 0.55703125 0.0203125 0.02578125
0 0.79296875 0.73359375 0.0375 0.0359375
0 0.10703125 0.6734375 0.0203125 0.02578125
0 0.584375 0.98203125 0.046875 0.03515625