0 0.61953125 0.86953125 0.03828125 0.0625
0 0.43671875 0.93515625 0.05078125 0.0734375
0 0.97734375 0.83046875 0.0453125 0.05859375
0 0.71640625 0.6921875 0.0484375 0.053125
0 0.515625 0.8671875 0.046875 0.0609375
0 0.46015625 0.69453125 0.0359375 0.0484375
0 0.3171875 0.83125 0.04140625 0.0625
0 0.11484375 0.80390625 0.0609375 0.05703125
0 0.515625 0.5515625 0.04140625 0.05
0 0.4671875 0.765625 0.0484375 0.05546875
0 0.7765625 0.62265625 0.03828125 0.04375
0 0.89140625 0.80703125 0.04453125 0.04921875
0 0.66171875 0.7484375 0.0453125 0.053125
0 0.2296875 0.75859375 0.04140625 0.04921875
0 0.20390625 0.88671875 0.0390625 0.05546875
0 0.43984375 0.60859375 0.0359375 0.040625
0 0.3203125 0.54765625 0.03828125 0.0328125
0 0.9015625 0.9203125 0.03515625 0.06328125
0 0.90234375 0.62890625 0.03828125 0.04453125
0 0.55078125 0.73828125 0.05234375 0.046875
0 0.63125 0.65546875 0.0375 0.04765625
0 0.77109375 0.6828125 0.0328125 0.03515625
0 0.72578125 0.5515625 0.02890625 0.034375
0 0.65625 0.53984375 0.03046875 0.034375
0 0.26640625 0.7015625 0.03671875 0.03984375
0 0.0921875 0.7109375 0.0359375 0.04140625
0 0.7609375 0.82890625 0.02890625 0.04765625
0 0.26015625 0.65234375 0.04375 0.046875
0 0.82265625 0.76875 0.04375 0.053125
0 0.6203125 0.975 0.04375 0.04921875
0 0.3265625 0.509375 0.028125 0.0265625
0 0.59375 0.61875 0.03515625 0.0390625
0 0.08359375 0.61328125 0.04453125 0.03359375
0 0.45546875 0.4375 0.025 0.0234375
0 0.76015625 0.5609375 0.02578125 0.03671875
0 0.3390625 0.6421875 0.03515625 0.04765625
0 0.03125 0.8734375 0.053125 0.0609375
0 0.22109375 0.80390625 0.03515625 0.03828125
0 0.72265625 0.46328125 0.02421875 0.02734375
0 0.1328125 0.74375 0.03515625 0.04140625
0 0.796875 0.809375 0.04765625 0.04375
0 0.68671875 0.46328125 0.025 0.028125
0 0.56171875 0.515625 0.02734375 0.03125
0 0.23203125 0.9640625 0.03515625 0.04296875
0 0.38203125 0.7875 0.03671875 0.0484375
0 0.2421875 0.5328125 0.02578125 0.03046875
0 0.1296875 0.63515625 0.025 0.03046875
0 0.73125 0.7375 0.02734375 0.0296875
0 0.61875 0.4296875 0.02421875 0.02890625
0 0.8421875 0.915625 0.04296875 0.05390625
0 0.35078125 0.76953125 0.0359375 0.03671875
0 0.29765625 0.46796875 0.02109375 0.02421875
0 0.3375 0.3859375 0.0203125 0.02578125
0 0.3796875 0.4890625 0.02265625 0.02578125
0 0.13046875 0.56015625 0.028125 0.03359375
0 0.490625 0.41875 0.0203125 0.0234375
0 0.4609375 0.3953125 0.0234375 0.021875
0 0.38046875 0.609375 0.0234375 0.03046875
0 0.85234375 0.44453125 0.0296875 0.0265625
0 0.74140625 0.37734375 0.0203125 0.0265625
0 0.9671875 0.64609375 0.04765625 0.046875
0 0.75859375 0.4359375 0.02578125 0.0265625
0 0.5390625 0.4359375 0.02265625 0.02421875
0 0.70625 0.4296875 0.0234375 0.02578125
0 0.71171875 0.51640625 0.02890625 0.028125
0 0.56875 0.54296875 0.02109375 0.025
0 0.98671875 0.7375 0.0265625 0.046875
0 0.428125 0.40234375 0.02265625 0.02265625
0 0.6765625 0.42578125 0.02421875 0.0265625
0 0.87734375 0.4765625 0.03203125 0.02890625
0 0.28515625 0.5859375 0.04140625 0.0390625
0 0.8140625 0.47109375 0.03203125 0.0296875
0 0.53515625 0.39921875 0.0234375 0.025
0 0.8625 0.52734375 0.02578125 0.0265625
0 0.09375 0.56015625 0.034375 0.03125
0 0.09765625 0.49375 0.03203125 0.02734375
0 0.88203125 0.69765625 0.0296875 0.0359375
0 0.45 0.41796875 0.021875 0.0234375
0 0.0109375 0.659375 0.02109375 0.03203125
0 0.9375 0.853125 0.0328125 0.04375
0 0.16484375 0.6015625 0.02734375 0.03046875
0 0.16640625 0.5703125 0.021875 0.021875
0 0.17890625 0.53125 0.01875 0.021875
0 0.98515625 0.44296875 0.028125 0.025
0 0.05078125 0.5484375 0.03125 0.028125
0 0.509375 0.69296875 0.034375 0.0296875
0 0.22578125 0.5921875 0.0359375 0.034375
0 0.20078125 0.5671875 0.0234375 0.03046875
0 0.83515625 0.6734375 0.03671875 0.0625
0 0.8609375 0.63515625 0.0375 0.0390625
0 0.8203125 0.6171875 0.0359375 0.040625
0 0.9265625 0.48828125 0.04140625 0.0328125
0 0.984375 0.49609375 0.03046875 0.0296875
0 0.9265625 0.5703125 0.04375 0.034375
0 0.7015625 0.61953125 0.03359375 0.03046875