0 0.52109375 0.8828125 0.046875 0.05546875
0 0.43046875 0.83203125 0.04140625 0.05
0 0.6203125 0.86015625 0.06171875 0.0671875
0 0.709375 0.82109375 0.03828125 0.05625
0 0.21953125 0.8171875 0.0484375 0.0625
0 0.3671875 0.47734375 0.028125 0.0265625
0 0.35546875 0.828125 0.03671875 0.0578125
0 0.84296875 0.8828125 0.03984375 0.0546875
0 0.7421875 0.878125 0.04375 0.06640625
0 0.59609375 0.57265625 0.03046875 0.03828125
0 0.878125 0.76796875 0.0328125 0.05078125
0 0.51328125 0.834375 0.04296875 0.05
0 0.7890625 0.8125 0.0453125 0.06484375
0 0.9453125 0.615625 0.040625 0.046875
0 0.203125 0.65078125 0.03359375 0.04296875
0 0.3359375 0.91875 0.046875 0.06875
0 0.44921875 0.603125 0.0234375 0.02734375
0 0.38515625 0.6703125 0.03671875 0.04453125
0 0.18046875 0.48984375 0.02265625 0.03046875
0 0.30546875 0.78046875 0.0609375 0.06796875
0 0.66953125 0.496875 0.03046875 0.034375
0 0.146875 0.72109375 0.05234375 0.05234375
0 0.62734375 0.50703125 0.03046875 0.03515625
0 0.15546875 0.85390625 0.0390625 0.0546875
0 0.14921875 0.62421875 0.0390625 0.03984375
0 0.2140625 0.7 0.04453125 0.04921875
0 0.071875 0.53984375 0.03671875 0.03515625
0 0.36640625 0.76015625 0.02890625 0.0453125
0 0.484375 0.45859375 0.02734375 0.02421875
0 0.63984375 0.59140625 0.03515625 0.03515625
0 0.7875 0.42265625 0.02890625 0.0265625
0 0.2796875 0.7125 0.04140625 0.04921875
0 0.709375 0.7265625 0.04765625 0.0453125
0 0.55546875 0.58125 0.0328125 0.0328125
0 0.7359375 0.49140625 0.0328125 0.03203125
0 0.7625 0.97109375 0.053125 0.0578125
0 0.4265625 0.73828125 0.03515625 0.04375
0 0.940625 0.7765625 0.0609375 0.0734375
0 0.73671875 0.33515625 0.0234375 0.0203125
0 0.7984375 0.59609375 0.0296875 0.034375
0 0.0765625 0.803125 0.04765625 0.06171875
0 0.825 0.965625 0.05078125 0.0625
0 0.84375 0.43984375 0.02109375 0.0234375
0 0.28984375 0.88515625 0.0453125 0.06171875
0 0.8640625 0.59765625 0.0359375 0.0390625
0 0.25625 0.42890625 0.02421875 0.0265625
0 0.18359375 0.76015625 0.03984375 0.0453125
0 0.6984375 0.5359375 0.03671875 0.034375
0 0.8234375 0.77421875 0.05 0.0578125
0 0.05390625 0.65234375 0.03515625 0.0390625
0 0.52578125 0.48203125 0.03125 0.034375
0 0.66328125 0.9734375 0.06015625 0.05234375
0 0.80859375 0.465625 0.02578125 0.025
0 0.4328125 0.52109375 0.0265625 0.02734375
0 0.565625 0.45859375 0.03046875 0.0296875
0 0.95625 0.68203125 0.04609375 0.05078125
0 0.04765625 0.94453125 0.04140625 0.06328125
0 0.74453125 0.64921875 0.03671875 0.03125
0 0.70234375 0.6609375 0.034375 0.03359375
0 0.93671875 0.50625 0.03125 0.02734375
0 0.8875 0.39921875 0.02734375 0.028125
0 0.4203125 0.4640625 0.01875 0.025
0 0.23046875 0.5671875 0.0296875 0.03828125
0 0.41484375 0.61015625 0.0234375 0.0296875
0 0.90546875 0.37265625 0.02578125 0.0234375
0 0.0390625 0.72890625 0.03359375 0.046875
0 0.14765625 0.55078125 0.0265625 0.0359375
0 0.29609375 0.578125 0.025 0.03203125
0 0.5453125 0.3734375 0.02109375 0.0265625
0 0.9234375 0.56171875 0.0328125 0.03671875
0 0.98671875 0.628125 0.0234375 0.03046875
0 0.1140625 0.534375 0.03203125 0.02578125
0 0.01484375 0.825 0.0296875 0.046875
0 0.33515625 0.38671875 0.021875 0.0203125
0 0.4703125 0.49296875 0.0234375 0.02578125
0 0.134375 0.50546875 0.03203125 0.03515625
0 0.31875 0.55625 0.0234375 0.025
0 0.74453125 0.60703125 0.0296875 0.03359375
0 0.7359375 0.4546875 0.01953125 0.02421875
0 0.08046875 0.49609375 0.03515625 0.03046875
0 0.66796875 0.4234375 0.021875 0.025
0 0.4375 0.6234375 0.02109375 0.0234375
0 0.7796875 0.5140625 0.04296875 0.03046875
0 0.64296875 0.46171875 0.025 0.02109375
0 0.925 0.471875 0.0265625 0.0265625
0 0.65234375 0.4421875 0.021875 0.021875
0 0.4171875 0.41015625 0.02265625 0.02421875
0 0.83984375 0.46328125 0.0265625 0.02265625
0 0.9890625 0.82265625 0.02109375 0.034375
0 0.28984375 0.4734375 0.02578125 0.025
0 0.2125 0.4 0.0203125 0.01953125
0 0.68046875 0.3203125 0.01796875 0.01796875
0 0.21015625 0.43046875 0.0203125 0.0234375
0 0.165625 0.40546875 0.0234375 0.02578125
0 0.34765625 0.51796875 0.02109375 0.0296875
0 0.32890625 0.6984375 0.02734375 0.04296875
0 0.6859375 0.403125 0.0203125 0.02421875
0 0.6015625 0.4765625 0.0234375 0.0203125
0 0.4265625 0.58203125 0.01875 0.02265625
0 0.70078125 0.378125 0.02265625 0.02265625
0 0.3484375 0.40546875 0.021875 0.02421875
0 0.865625 0.54765625 0.02421875 0.025
0 0.34765625 0.6421875 0.028125 0.0421875
0 0.709375 0.3359375 0.01875 0.0203125
0 0.2875 0.45078125 0.02109375 0.0234375
0 0.4625 0.4328125 0.02578125 0.021875
0 0.80859375 0.70625 0.0265625 0.0375
0 0.97265625 0.5390625 0.0265625 0.0296875
0 0.86484375 0.32734375 0.0234375 0.01953125
0 0.72421875 0.7078125 0.02578125 0.0234375
0 0.3265625 0.29921875 0.0234375 0.0234375
0 0.6171875 0.28359375 0.01796875 0.01953125
0 0.5390625 0.28359375 0.01875 0.01953125
0 0.84375 0.53046875 0.03203125 0.02890625
0 0.94296875 0.41328125 0.0421875 0.02890625
0 0.96953125 0.45625 0.03828125 0.01171875
0 0.88125 0.465625 0.040625 0.03046875
0 0.8375 0.5046875 0.021875 0.02265625
0 0.2859375 0.378125 0.0453125 0.0265625
0 0.2375 0.4078125 0.0265625 0.0234375
0 0.0453125 0.49375 0.04140625 0.028125