0 0.1203125 0.85078125 0.040625 0.04609375
0 0.10078125 0.78046875 0.03203125 0.04140625
0 0.0609375 0.73515625 0.02890625 0.03984375
0 0.025 0.7296875 0.0359375 0.03828125
0 0.12265625 0.93203125 0.0453125 0.0359375
0 0.1515625 0.7515625 0.046875 0.04921875
0 0.14140625 0.8 0.03125 0.0375
0 0.103125 0.60625 0.02109375 0.03515625
0 0.06875 0.66953125 0.034375 0.03359375
0 0.1390625 0.6890625 0.03203125 0.03515625
0 0.209375 0.76015625 0.02890625 0.034375
0 0.228125 0.70859375 0.0375 0.040625
0 0.2296875 0.79609375 0.0296875 0.03515625
0 0.209375 0.9078125 0.02265625 0.0421875
0 0.27890625 0.9625 0.028125 0.0421875
0 0.33125 0.94453125 0.034375 0.046875
0 0.29609375 0.91484375 0.0328125 0.0390625
0 0.28828125 0.88046875 0.03828125 0.0546875
0 0.265625 0.84296875 0.025 0.0453125
0 0.29453125 0.80234375 0.03046875 0.03671875
0 0.39375 0.90625 0.0328125 0.0421875
0 0.3734375 0.7703125 0.03359375 0.05625
0 0.33203125 0.71953125 0.0328125 0.03515625
0 0.4421875 0.79140625 0.0328125 0.053125
0 0.4125 0.765625 0.03203125 0.03203125
0 0.46484375 0.75703125 0.02265625 0.034375
0 0.4296875 0.8484375 0.021875 0.0421875
0 0.515625 0.86796875 0.034375 0.05
0 0.5578125 0.859375 0.03203125 0.0515625
0 0.540625 0.79375 0.03671875 0.0453125
0 0.5921875 0.88984375 0.02421875 0.0359375
0 0.60703125 0.81796875 0.02421875 0.034375
0 0.6296875 0.8546875 0.02421875 0.03125
0 0.64765625 0.90078125 0.0421875 0.053125
0 0.665625 0.95078125 0.034375 0.04453125
0 0.71640625 0.92578125 0.03984375 0.05390625
0 0.71171875 0.8390625 0.03359375 0.0359375
0 0.7875 0.8515625 0.028125 0.03515625
0 0.9671875 0.92265625 0.04375 0.05078125
0 0.8984375 0.821875 0.03203125 0.0421875
0 0.834375 0.7640625 0.0421875 0.05
0 0.8265625 0.81875 0.02734375 0.04765625
0 0.79453125 0.690625 0.03515625 0.03828125
0 0.890625 0.753125 0.0296875 0.04453125
0 0.925 0.73984375 0.0328125 0.03984375
0 0.840625 0.6703125 0.02890625 0.03125
0 0.90703125 0.64375 0.0359375 0.0359375
0 0.896875 0.67109375 0.0296875 0.0296875
0 0.93046875 0.70234375 0.028125 0.025
0 0.83203125 0.615625 0.02890625 0.03046875
0 0.815625 0.5796875 0.0203125 0.0234375
0 0.73359375 0.525 0.025 0.028125
0 0.7078125 0.53203125 0.021875 0.0296875
0 0.7453125 0.48125 0.02109375 0.025
0 0.771875 0.47421875 0.0265625 0.02109375
0 0.81328125 0.46875 0.02734375 0.02109375
0 0.72578125 0.6796875 0.0203125 0.02578125
0 0.7390625 0.70390625 0.02890625 0.0359375
0 0.6765625 0.6828125 0.021875 0.02578125
0 0.65703125 0.63359375 0.0265625 0.0390625
0 0.6359375 0.73203125 0.03125 0.040625
0 0.60078125 0.71796875 0.03125 0.0390625
0 0.590625 0.65859375 0.03046875 0.03671875
0 0.6203125 0.64609375 0.0234375 0.0296875
0 0.6140625 0.59140625 0.02578125 0.0234375
0 0.63984375 0.54921875 0.015625 0.015625
0 0.6203125 0.55390625 0.015625 0.0171875
0 0.540625 0.6796875 0.0296875 0.04296875
0 0.5078125 0.70625 0.02734375 0.03125
0 0.76328125 0.53828125 0.02421875 0.02265625
0 0.446875 0.6796875 0.034375 0.03359375
0 0.3890625 0.63828125 0.021875 0.0203125
0 0.3703125 0.5890625 0.0234375 0.0265625
0 0.46640625 0.6296875 0.02890625 0.02578125
0 0.5015625 0.65234375 0.0265625 0.02890625
0 0.3640625 0.709375 0.02421875 0.02734375
0 0.27578125 0.68671875 0.02890625 0.02734375
0 0.22421875 0.64296875 0.0234375 0.0265625
0 0.16015625 0.6328125 0.0171875 0.0203125
0 0.15703125 0.5484375 0.0203125 0.0234375
0 0.1921875 0.540625 0.02734375 0.025
0 0.228125 0.61328125 0.02265625 0.025
0 0.2 0.590625 0.02109375 0.028125
0 0.225 0.50859375 0.0203125 0.02265625
0 0.18515625 0.50078125 0.02265625 0.0203125
0 0.2453125 0.421875 0.01875 0.01953125
0 0.31484375 0.6390625 0.02578125 0.02890625
0 0.34296875 0.5109375 0.0234375 0.025
0 0.33046875 0.4828125 0.0125 0.01796875
0 0.371875 0.509375 0.021875 0.02109375
0 0.37890625 0.4890625 0.0265625 0.02421875
0 0.40390625 0.51796875 0.0203125 0.02578125
0 0.40234375 0.40546875 0.01328125 0.0171875
0 0.48046875 0.5875 0.021875 0.02734375
0 0.43359375 0.57109375 0.021875 0.02890625
0 0.50234375 0.61484375 0.0265625 0.03359375
0 0.55 0.4609375 0.02265625 0.021875
0 0.553125 0.62109375 0.01875 0.03984375
0 0.584375 0.6109375 0.02578125 0.02421875
0 0.584375 0.5765625 0.01796875 0.02578125
0 0.53125 0.53671875 0.01640625 0.028125
0 0.4953125 0.39375 0.01640625 0.0203125
0 0.51328125 0.4078125 0.0234375 0.0265625
0 0.98203125 0.64296875 0.03203125 0.03671875
0 0.940625 0.63984375 0.02265625 0.028125
0 0.26484375 0.65 0.03671875 0.03828125
0 0.3046875 0.5484375 0.015625 0.034375
0 0.27109375 0.51953125 0.0234375 0.01953125
0 0.25390625 0.4890625 0.02109375 0.03046875
0 0.115625 0.54609375 0.0234375 0.02578125
0 0.0484375 0.51796875 0.02265625 0.02265625
0 0.3640625 0.41015625 0.0140625 0.01796875