0 0.0390625 0.91328125 0.059375 0.07578125
0 0.13203125 0.82734375 0.0484375 0.0390625
0 0.0484375 0.81484375 0.040625 0.0421875
0 0.2140625 0.9125 0.03203125 0.046875
0 0.2890625 0.93671875 0.0421875 0.053125
0 0.27578125 0.8734375 0.040625 0.04375
0 0.0859375 0.73671875 0.034375 0.03359375
0 0.02265625 0.7 0.040625 0.04375
0 0.05625 0.70859375 0.0265625 0.0234375
0 0.171875 0.6875 0.0328125 0.0296875
0 0.22734375 0.71484375 0.03515625 0.03671875
0 0.2796875 0.6765625 0.03125 0.0375
0 0.3765625 0.825 0.04375 0.06328125
0 0.32265625 0.821875 0.0359375 0.0375
0 0.33828125 0.8890625 0.03515625 0.0453125
0 0.13359375 0.61796875 0.0359375 0.03046875
0 0.08359375 0.671875 0.03671875 0.0328125
0 0.075 0.6359375 0.03125 0.03359375
0 0.07109375 0.57421875 0.03359375 0.03046875
0 0.5359375 0.8953125 0.03671875 0.071875
0 0.575 0.85703125 0.04140625 0.05390625
0 0.62734375 0.8515625 0.03515625 0.04453125
0 0.58515625 0.7890625 0.03671875 0.0515625
0 0.62734375 0.734375 0.02578125 0.04765625
0 0.67109375 0.78203125 0.0234375 0.04140625
0 0.4375 0.725 0.0359375 0.05546875
0 0.37265625 0.7 0.03984375 0.03359375
0 0.37890625 0.759375 0.04140625 0.04140625
0 0.43359375 0.79609375 0.0390625 0.04140625
0 0.4828125 0.68984375 0.02890625 0.03203125
0 0.50546875 0.71796875 0.0234375 0.03984375
0 0.340625 0.60390625 0.0296875 0.02578125
0 0.221875 0.675 0.034375 0.03046875
0 0.15859375 0.5546875 0.02734375 0.02578125
0 0.2484375 0.5203125 0.03515625 0.02109375
0 0.24375 0.49609375 0.03359375 0.02421875
0 0.4171875 0.6390625 0.0234375 0.0234375
0 0.41796875 0.60625 0.03046875 0.02265625
0 0.54609375 0.79921875 0.03125 0.0578125
0 0.87265625 0.94453125 0.053125 0.04765625
0 0.70625 0.8734375 0.04375 0.03359375
0 0.75234375 0.8796875 0.040625 0.05625
0 0.81484375 0.86484375 0.03671875 0.0375
0 0.77890625 0.68515625 0.0203125 0.0265625
0 0.8046875 0.74921875 0.0296875 0.03203125
0 0.79296875 0.7203125 0.02109375 0.034375
0 0.8109375 0.6734375 0.0171875 0.0359375
0 0.71953125 0.71875 0.03359375 0.0390625
0 0.678125 0.66953125 0.03046875 0.03359375
0 0.75546875 0.6609375 0.03046875 0.02734375
0 0.625 0.6046875 0.03359375 0.0234375
0 0.3859375 0.93046875 0.04453125 0.03515625
0 0.3671875 0.9 0.025 0.0359375
0 0.1953125 0.64609375 0.028125 0.02734375
0 0.203125 0.5734375 0.0234375 0.03046875
0 0.128125 0.5765625 0.03671875 0.03203125
0 0.96171875 0.79140625 0.05234375 0.04921875
0 0.9140625 0.7625 0.0328125 0.0328125
0 0.834375 0.75 0.03046875 0.03359375
0 0.909375 0.925 0.046875 0.0640625
0 0.98359375 0.98671875 0.0328125 0.0265625
0 0.8515625 0.834375 0.0265625 0.025
0 0.8265625 0.6375 0.03515625 0.03203125
0 0.62265625 0.525 0.02578125 0.02734375
0 0.67265625 0.5796875 0.0296875 0.0203125
0 0.64296875 0.57109375 0.0234375 0.01953125
0 0.66484375 0.55234375 0.03359375 0.028125
0 0.47578125 0.60625 0.02578125 0.0296875
0 0.3140625 0.75 0.028125 0.025
0 0.30546875 0.73671875 0.03359375 0.028125
0 0.575 0.60234375 0.0265625 0.0234375
0 0.56796875 0.7109375 0.02421875 0.02578125
0 0.7296875 0.85 0.01953125 0.034375
0 0.76171875 0.84921875 0.0265625 0.02421875
0 0.78046875 0.8953125 0.0296875 0.0515625
0 0.90546875 0.62890625 0.028125 0.02578125
0 0.86796875 0.65546875 0.02421875 0.02109375
0 0.953125 0.7109375 0.03515625 0.03828125
0 0.95 0.6875 0.028125 0.0296875
0 0.95390625 0.6421875 0.03828125 0.02421875
0 0.8328125 0.715625 0.03359375 0.028125
0 0.66640625 0.6046875 0.02421875 0.0234375
0 0.69453125 0.63046875 0.01328125 0.021875
0 0.6796875 0.4828125 0.03125 0.02265625
0 0.3515625 0.65859375 0.03203125 0.02421875
0 0.28984375 0.5484375 0.01875 0.0171875
0 0.26484375 0.578125 0.03828125 0.0171875
0 0.24609375 0.59296875 0.02578125 0.01875
0 0.4125 0.54296875 0.02265625 0.025
0 0.253125 0.74921875 0.0203125 0.02734375
0 0.24765625 0.6578125 0.0265625 0.01484375
0 0.14765625 0.534375 0.02578125 0.02265625
0 0.1421875 0.98515625 0.04375 0.02890625
0 0.19609375 0.934375 0.025 0.03203125
0 0.76640625 0.98828125 0.0171875 0.0234375
0 0.9 0.696875 0.025 0.02734375
0 0.91484375 0.6796875 0.0265625 0.028125
0 0.90859375 0.60078125 0.0421875 0.0296875
0 0.765625 0.56171875 0.0296875 0.02734375
0 0.80078125 0.6078125 0.03203125 0.01796875
0 0.58515625 0.5390625 0.02421875 0.02265625
0 0.5484375 0.559375 0.0203125 0.015625
0 0.51796875 0.55546875 0.0296875 0.01640625
0 0.5578125 0.503125 0.01875 0.01640625
0 0.58203125 0.503125 0.0125 0.01640625
0 0.590625 0.42265625 0.02734375 0.02109375
0 0.56171875 0.43828125 0.02109375 0.01484375
0 0.06171875 0.53828125 0.02109375 0.01953125
0 0.10546875 0.52421875 0.03203125 0.02109375
0 0.13984375 0.5078125 0.02734375 0.01796875
0 0.10234375 0.490625 0.03671875 0.021875
0 0.93828125 0.55546875 0.028125 0.01875
0 0.80625 0.80859375 0.02421875 0.0265625
0 0.79609375 0.57734375 0.02421875 0.02265625
0 0.83984375 0.58359375 0.03203125 0.01640625
0 0.7046875 0.5390625 0.021875 0.02265625
0 0.72734375 0.68671875 0.01953125 0.034375
0 0.17578125 0.61328125 0.0296875 0.015625
0 0.040625 0.7765625 0.04765625 0.03984375
0 0.453125 0.5890625 0.01640625 0.0296875
0 0.42109375 0.5796875 0.02109375 0.02109375
0 0.50546875 0.61328125 0.0140625 0.02578125
0 0.5546875 0.63046875 0.01953125 0.034375
0 0.5859375 0.575 0.01796875 0.0171875
0 0.9390625 0.82734375 0.01953125 0.0203125
0 0.76796875 0.63046875 0.025 0.021875
0 0.72734375 0.5796875 0.01796875 0.015625
0 0.88125 0.559375 0.0265625 0.0203125
0 0.8953125 0.515625 0.028125 0.02265625