0 0.19921875 0.9703125 0.04921875 0.059375
0 0.115625 0.9234375 0.034375 0.0640625
0 0.0328125 0.94140625 0.03984375 0.05
0 0.06015625 0.96796875 0.0578125 0.0640625
0 0.01171875 0.89296875 0.0234375 0.03203125
0 0.0734375 0.809375 0.03984375 0.040625
0 0.01640625 0.7765625 0.02890625 0.0375
0 0.0953125 0.72109375 0.03203125 0.0453125
0 0.13671875 0.79296875 0.0421875 0.06796875
0 0.09921875 0.64765625 0.0375 0.034375
0 0.1140625 0.54296875 0.03671875 0.03515625
0 0.01796875 0.54921875 0.03359375 0.0328125
0 0.1921875 0.7140625 0.05 0.05
0 0.2265625 0.753125 0.03515625 0.040625
0 0.26328125 0.80546875 0.03984375 0.06328125
0 0.20546875 0.84140625 0.034375 0.05546875
0 0.2515625 0.696875 0.03828125 0.0453125
0 0.2375 0.65078125 0.0328125 0.03984375
0 0.18515625 0.6296875 0.0390625 0.0359375
0 0.18046875 0.55625 0.02578125 0.03671875
0 0.165625 0.51328125 0.02734375 0.03359375
0 0.15078125 0.5421875 0.02890625 0.02890625
0 0.1171875 0.50234375 0.02421875 0.03046875
0 0.07265625 0.45 0.02265625 0.03359375
0 0.34609375 0.56640625 0.02578125 0.021875
0 0.328125 0.5890625 0.0203125 0.0265625
0 0.3390625 0.6125 0.0265625 0.03046875
0 0.26171875 0.575 0.03125 0.0359375
0 0.3765625 0.89609375 0.04765625 0.075
0 0.33046875 0.86953125 0.0421875 0.065625
0 0.34296875 0.77265625 0.05703125 0.0640625
0 0.3921875 0.815625 0.03359375 0.05
0 0.39765625 0.75546875 0.0265625 0.0421875
0 0.45078125 0.7390625 0.0328125 0.04140625
0 0.45703125 0.825 0.03984375 0.05
0 0.54375 0.86953125 0.04140625 0.05859375
0 0.53671875 0.825 0.0390625 0.04375
0 0.63671875 0.8515625 0.06015625 0.07421875
0 0.671875 0.96328125 0.05625 0.07265625
0 0.76484375 0.96328125 0.04609375 0.0671875
0 0.746875 0.8640625 0.03671875 0.05546875
0 0.71484375 0.8125 0.034375 0.0453125
0 0.81875 0.9453125 0.03984375 0.0625
0 0.83984375 0.875 0.0296875 0.0421875
0 0.7890625 0.809375 0.0421875 0.06328125
0 0.81875 0.775 0.05 0.0609375
0 0.98125 0.96484375 0.03671875 0.06171875
0 0.97578125 0.8203125 0.02578125 0.03125
0 0.9296875 0.7765625 0.05390625 0.06484375
0 0.86953125 0.76875 0.03515625 0.04765625
0 0.803125 0.7109375 0.03046875 0.0359375
0 0.715625 0.72109375 0.04921875 0.04375
0 0.7296875 0.70625 0.01484375 0.02421875
0 0.74765625 0.61796875 0.028125 0.03046875
0 0.70625 0.66875 0.03515625 0.0328125
0 0.940625 0.6875 0.04140625 0.0375
0 0.9390625 0.62734375 0.03828125 0.04296875
0 0.9734375 0.6390625 0.0234375 0.03046875
0 0.91484375 0.57734375 0.0296875 0.03125
0 0.8609375 0.60703125 0.02734375 0.03515625
0 0.7984375 0.60234375 0.02734375 0.0265625
0 0.93125 0.51953125 0.0265625 0.028125
0 0.92109375 0.4921875 0.02734375 0.021875
0 0.88359375 0.41875 0.021875 0.028125
0 0.96171875 0.4734375 0.02734375 0.021875
0 0.8375 0.4765625 0.02421875 0.021875
0 0.84296875 0.45546875 0.0203125 0.021875
0 0.7890625 0.4375 0.03125 0.0234375
0 0.86015625 0.5609375 0.02265625 0.0203125
0 0.8421875 0.54453125 0.03515625 0.0328125
0 0.80859375 0.4828125 0.0265625 0.0234375
0 0.73984375 0.50625 0.0328125 0.03046875
0 0.740625 0.4703125 0.01640625 0.02265625
0 0.7421875 0.3484375 0.0203125 0.01875
0 0.71328125 0.35390625 0.02265625 0.01953125
0 0.675 0.43671875 0.025 0.021875
0 0.6484375 0.475 0.02421875 0.02109375
0 0.67890625 0.51015625 0.03125 0.0359375
0 0.7046875 0.5484375 0.0328125 0.028125
0 0.6390625 0.5203125 0.034375 0.03203125
0 0.64765625 0.59921875 0.03671875 0.03125
0 0.60859375 0.58203125 0.03125 0.0359375
0 0.5703125 0.590625 0.0296875 0.03125
0 0.90546875 0.38984375 0.0265625 0.02109375
0 0.54375 0.49296875 0.02734375 0.02890625
0 0.58046875 0.47578125 0.03359375 0.03203125
0 0.453125 0.53046875 0.025 0.03046875
0 0.3890625 0.48671875 0.028125 0.0296875
0 0.37421875 0.528125 0.0203125 0.02578125
0 0.4140625 0.67265625 0.03046875 0.04765625
0 0.38046875 0.64921875 0.028125 0.0453125
0 0.31328125 0.71015625 0.04453125 0.04765625
0 0.45859375 0.62890625 0.01640625 0.02265625
0 0.4703125 0.6109375 0.01875 0.028125
0 0.4359375 0.6140625 0.02421875 0.028125
0 0.4453125 0.590625 0.0234375 0.01953125
0 0.49140625 0.50234375 0.02421875 0.028125
0 0.49765625 0.47265625 0.028125 0.0234375
0 0.43671875 0.4796875 0.01484375 0.01875
0 0.4359375 0.4234375 0.0265625 0.02421875
0 0.47890625 0.446875 0.02109375 0.021875
0 0.2125 0.4953125 0.02421875 0.02578125
0 0.1953125 0.4140625 0.021875 0.02421875
0 0.31484375 0.459375 0.0171875 0.02265625
0 0.278125 0.43828125 0.02109375 0.0265625
0 0.3546875 0.3984375 0.0203125 0.01953125
0 0.36875 0.41796875 0.015625 0.01875
0 0.68671875 0.3359375 0.0171875 0.0171875
0 0.7515625 0.65703125 0.03203125 0.02421875
0 0.7828125 0.52734375 0.028125 0.025
0 0.959375 0.55234375 0.02421875 0.028125
0 0.7640625 0.371875 0.02421875 0.015625
0 0.69296875 0.41953125 0.021875 0.0171875
0 0.65859375 0.45546875 0.025 0.0203125
0 0.49609375 0.37734375 0.01484375 0.01640625