0 0.1859375 0.93203125 0.03359375 0.046875
0 0.05390625 0.971875 0.03671875 0.05625
0 0.0265625 0.91875 0.03203125 0.04765625
0 0.05234375 0.790625 0.04296875 0.04140625
0 0.08671875 0.821875 0.0234375 0.0390625
0 0.10078125 0.73671875 0.0296875 0.03046875
0 0.234375 0.78671875 0.046875 0.0484375
0 0.271875 0.87109375 0.03515625 0.05
0 0.37734375 0.9609375 0.04375 0.06640625
0 0.4265625 0.9671875 0.028125 0.04375
0 0.37890625 0.84140625 0.0328125 0.05390625
0 0.27734375 0.740625 0.03203125 0.040625
0 0.21171875 0.709375 0.0296875 0.03828125
0 0.15703125 0.69453125 0.0203125 0.0234375
0 0.14296875 0.671875 0.02109375 0.01640625
0 0.46484375 0.771875 0.0453125 0.08046875
0 0.52890625 0.88359375 0.03359375 0.05625
0 0.55625 0.94921875 0.04921875 0.06875
0 0.278125 0.6375 0.01875 0.0265625
0 0.29609375 0.69296875 0.03125 0.02734375
0 0.346875 0.67265625 0.0265625 0.028125
0 0.3359375 0.53046875 0.0203125 0.02734375
0 0.359375 0.590625 0.028125 0.0296875
0 0.37890625 0.6453125 0.02578125 0.0265625
0 0.3390625 0.75625 0.025 0.02734375
0 0.3203125 0.8328125 0.02265625 0.034375
0 0.521875 0.77109375 0.02578125 0.0296875
0 0.5234375 0.73984375 0.02421875 0.0390625
0 0.55234375 0.79375 0.02734375 0.03984375
0 0.46171875 0.67421875 0.03359375 0.028125
0 0.43671875 0.61796875 0.028125 0.03359375
0 0.49765625 0.62421875 0.021875 0.025
0 0.51875 0.621875 0.01796875 0.028125
0 0.47421875 0.59609375 0.02578125 0.028125
0 0.3171875 0.671875 0.02109375 0.0234375
0 0.3984375 0.60390625 0.0203125 0.02578125
0 0.41484375 0.565625 0.0203125 0.0265625
0 0.4375 0.5890625 0.0296875 0.0265625
0 0.45234375 0.56171875 0.02734375 0.0234375
0 0.4828125 0.56640625 0.025 0.02421875
0 0.52109375 0.575 0.025 0.034375
0 0.5578125 0.565625 0.02109375 0.02890625
0 0.6046875 0.625 0.0234375 0.03125
0 0.559375 0.64296875 0.021875 0.025
0 0.55859375 0.6890625 0.0265625 0.03671875
0 0.61796875 0.784375 0.0328125 0.04609375
0 0.696875 0.9375 0.028125 0.040625
0 0.7265625 0.92421875 0.046875 0.07109375
0 0.7234375 0.83125 0.02734375 0.0578125
0 0.68984375 0.8140625 0.03359375 0.0515625
0 0.6828125 0.76171875 0.0296875 0.028125
0 0.77734375 0.928125 0.03046875 0.03984375
0 0.821875 0.9625 0.03828125 0.05390625
0 0.87421875 0.95546875 0.04140625 0.05625
0 0.80859375 0.70859375 0.03828125 0.0421875
0 0.85 0.79609375 0.03359375 0.03515625
0 0.78515625 0.73515625 0.02890625 0.0421875
0 0.7078125 0.6875 0.028125 0.0390625
0 0.66875 0.6796875 0.025 0.03671875
0 0.66875 0.62734375 0.025 0.02578125
0 0.696875 0.63671875 0.021875 0.028125
0 0.7546875 0.64765625 0.0265625 0.0296875
0 0.6234375 0.57265625 0.02890625 0.025
0 0.66484375 0.57421875 0.02109375 0.0265625
0 0.7390625 0.60234375 0.01796875 0.02265625
0 0.86171875 0.671875 0.03046875 0.03828125
0 0.8828125 0.72109375 0.03046875 0.040625
0 0.90703125 0.61015625 0.02578125 0.0296875
0 0.79453125 0.58125 0.02578125 0.034375
0 0.753125 0.56015625 0.025 0.025
0 0.9859375 0.68828125 0.028125 0.03125
0 0.85390625 0.615625 0.034375 0.034375
0 0.8640625 0.47421875 0.02578125 0.025
0 0.84453125 0.49609375 0.0234375 0.02109375
0 0.70234375 0.51015625 0.028125 0.03125
0 0.6703125 0.4765625 0.02421875 0.03046875
0 0.68359375 0.409375 0.01953125 0.0234375
0 0.634375 0.45859375 0.0234375 0.0234375
0 0.47578125 0.51484375 0.01875 0.02421875
0 0.48515625 0.46875 0.021875 0.02421875