0 0.0765625 0.9078125 0.046875 0.065625
0 0.03046875 0.834375 0.0609375 0.10625
0 0.0171875 0.78671875 0.034375 0.06640625
0 0.02890625 0.68125 0.05390625 0.05859375
0 0.08203125 0.71875 0.03203125 0.04375
0 0.0546875 0.74296875 0.0296875 0.0546875
0 0.1203125 0.69609375 0.034375 0.0484375
0 0.08515625 0.76875 0.03828125 0.04609375
0 0.1640625 0.75625 0.0453125 0.053125
0 0.15703125 0.71328125 0.04296875 0.0546875
0 0.20390625 0.7703125 0.04453125 0.06328125
0 0.22890625 0.8109375 0.05546875 0.06640625
0 0.17109375 0.8796875 0.06484375 0.0890625
0 0.2109375 0.93359375 0.06015625 0.0796875
0 0.16328125 0.9796875 0.0609375 0.040625
0 0.10078125 0.59609375 0.03515625 0.040625
0 0.05234375 0.63203125 0.04921875 0.04140625
0 0.23203125 0.62109375 0.028125 0.03671875
0 0.19765625 0.5765625 0.03984375 0.0484375
0 0.1390625 0.57890625 0.04140625 0.05
0 0.2421875 0.571875 0.05078125 0.0453125
0 0.28828125 0.63671875 0.06796875 0.06171875
0 0.2828125 0.58359375 0.0453125 0.046875
0 0.2671875 0.746875 0.06640625 0.0640625
0 0.196875 0.4984375 0.03515625 0.03359375
0 0.15625 0.52578125 0.0359375 0.04453125
0 0.11015625 0.5375 0.0265625 0.034375
0 0.25078125 0.5265625 0.02890625 0.03359375
0 0.3125 0.49921875 0.03203125 0.03359375
0 0.340625 0.57421875 0.0328125 0.046875
0 0.346875 0.63125 0.04765625 0.04453125
0 0.334375 0.721875 0.05234375 0.06015625
0 0.33125 0.6765625 0.0375 0.0484375
0 0.36015625 0.75390625 0.053125 0.05390625
0 0.2953125 0.83828125 0.07265625 0.09296875
0 0.29921875 0.90625 0.04921875 0.0609375
0 0.26796875 0.92421875 0.03203125 0.05390625
0 0.27265625 0.975 0.0484375 0.05
0 0.3625 0.93828125 0.05859375 0.09921875
0 0.43046875 0.89375 0.07734375 0.09296875
0 0.48125 0.96875 0.04921875 0.06171875
0 0.49765625 0.8671875 0.05078125 0.06796875
0 0.42578125 0.7671875 0.06796875 0.07109375
0 0.4515625 0.69375 0.05859375 0.06328125
0 0.396875 0.64375 0.0359375 0.03984375
0 0.465625 0.634375 0.04609375 0.05078125
0 0.47734375 0.76171875 0.03359375 0.04375
0 0.521875 0.81796875 0.04296875 0.06171875
0 0.546875 0.92109375 0.05078125 0.084375
0 0.55078125 0.7515625 0.059375 0.06171875
0 0.56171875 0.81328125 0.02890625 0.0390625
0 0.57265625 0.975 0.0578125 0.05
0 0.6296875 0.975 0.05625 0.05
0 0.3828125 0.59609375 0.03984375 0.03671875
0 0.41640625 0.5765625 0.0375 0.04609375
0 0.44765625 0.584375 0.0375 0.05390625
0 0.46953125 0.57421875 0.03984375 0.04296875
0 0.471875 0.54296875 0.03203125 0.03125
0 0.50390625 0.578125 0.03203125 0.04296875
0 0.5171875 0.63046875 0.05234375 0.04453125
0 0.52890625 0.58984375 0.025 0.03359375
0 0.55859375 0.6078125 0.03984375 0.0453125
0 0.55234375 0.66875 0.0421875 0.04609375
0 0.51171875 0.7015625 0.03828125 0.05390625
0 0.3796875 0.5296875 0.0296875 0.04609375
0 0.42421875 0.51015625 0.034375 0.040625
0 0.471875 0.50703125 0.03671875 0.03984375
0 0.50234375 0.46015625 0.03125 0.03671875
0 0.4421875 0.459375 0.0359375 0.046875
0 0.39453125 0.4734375 0.03984375 0.04609375
0 0.25703125 0.48359375 0.0375 0.0359375
0 0.2 0.47578125 0.028125 0.0296875
0 0.31796875 0.4265625 0.028125 0.0390625
0 0.38671875 0.43671875 0.04453125 0.040625
0 0.49609375 0.421875 0.03515625 0.034375
0 0.53671875 0.4390625 0.03671875 0.04140625
0 0.6328125 0.69921875 0.04296875 0.05546875
0 0.59375 0.60546875 0.04453125 0.046875
0 0.615625 0.55859375 0.03046875 0.04140625
0 0.61796875 0.509375 0.0328125 0.05625
0 0.58984375 0.5109375 0.03046875 0.0453125
0 0.5515625 0.49296875 0.028125 0.046875
0 0.59453125 0.46875 0.02578125 0.04296875
0 0.56484375 0.43671875 0.021875 0.034375
0 0.578125 0.40625 0.03828125 0.03515625
0 0.65703125 0.48203125 0.03359375 0.04140625
0 0.72890625 0.5265625 0.04765625 0.04921875
0 0.7328125 0.47890625 0.0359375 0.03359375
0 0.7078125 0.5671875 0.04296875 0.05625
0 0.6828125 0.58359375 0.0515625 0.06484375
0 0.67421875 0.63671875 0.04453125 0.06171875
0 0.715625 0.6890625 0.05703125 0.06640625
0 0.7046875 0.77421875 0.04296875 0.05625
0 0.7109375 0.859375 0.07109375 0.06484375
0 0.7546875 0.790625 0.04140625 0.0640625
0 0.74609375 0.73671875 0.04296875 0.0640625
0 0.7984375 0.740625 0.06171875 0.05625
0 0.78359375 0.6984375 0.05546875 0.03984375
0 0.79375 0.6703125 0.04921875 0.040625
0 0.809375 0.61640625 0.0359375 0.04921875
0 0.74453125 0.61171875 0.028125 0.05625
0 0.784375 0.55078125 0.02734375 0.0265625
0 0.76015625 0.51796875 0.03203125 0.0484375
0 0.80078125 0.5125 0.0203125 0.02890625
0 0.84453125 0.97421875 0.05234375 0.05078125
0 0.81171875 0.828125 0.05390625 0.05546875
0 0.87109375 0.89375 0.06328125 0.06328125
0 0.86875 0.82578125 0.07265625 0.06796875
0 0.93046875 0.86015625 0.05625 0.0609375
0 0.96875 0.953125 0.06015625 0.08984375
0 0.9109375 0.9 0.0421875 0.06484375
0 0.8921875 0.971875 0.03203125 0.05625
0 0.91328125 0.6921875 0.0390625 0.065625
0 0.9484375 0.759375 0.0375 0.05
0 0.83828125 0.69609375 0.04140625 0.05703125
0 0.859375 0.66796875 0.05703125 0.06796875
0 0.89140625 0.64609375 0.03515625 0.04375
0 0.90703125 0.6265625 0.02890625 0.03203125
0 0.9234375 0.60703125 0.04140625 0.040625
0 0.94140625 0.58671875 0.03515625 0.0359375
0 0.9578125 0.70859375 0.0453125 0.04140625
0 0.95703125 0.68359375 0.05234375 0.0390625
0 0.9453125 0.659375 0.0421875 0.03515625
0 0.97109375 0.64140625 0.040625 0.04453125
0 0.8515625 0.58359375 0.0296875 0.03515625
0 0.8515625 0.553125 0.04140625 0.034375
0 0.87265625 0.53046875 0.04453125 0.03984375
0 0.84453125 0.51015625 0.03828125 0.03359375
0 0.85546875 0.48828125 0.03515625 0.03125
0 0.89765625 0.52265625 0.03203125 0.0359375
0 0.93203125 0.5453125 0.05 0.0296875
0 0.93671875 0.509375 0.0375 0.0359375
0 0.98203125 0.58125 0.0359375 0.05
0 0.9703125 0.4953125 0.05078125 0.03359375
0 0.68515625 0.4453125 0.03203125 0.03359375
0 0.70625 0.4765625 0.03359375 0.0453125
0 0.8953125 0.45390625 0.0421875 0.03515625
0 0.5390625 0.40625 0.03359375 0.02421875
0 0.68359375 0.41328125 0.03359375 0.034375
0 0.42734375 0.37890625 0.0359375 0.0296875
0 0.37734375 0.409375 0.02890625 0.028125
0 0.33984375 0.4734375 0.05546875 0.03515625
0 0.2765625 0.45390625 0.03828125 0.0296875
0 0.26953125 0.43125 0.03359375 0.03125