0 0.40234375 0.90546875 0.05703125 0.0640625
0 0.5234375 0.92734375 0.053125 0.0734375
0 0.46484375 0.81328125 0.0515625 0.05703125
0 0.30390625 0.9203125 0.06171875 0.0734375
0 0.61796875 0.76171875 0.03984375 0.0546875
0 0.17890625 0.71328125 0.053125 0.04921875
0 0.86953125 0.903125 0.046875 0.0640625
0 0.06640625 0.8921875 0.0578125 0.0671875
0 0.5359375 0.7578125 0.04453125 0.05
0 0.1125 0.76640625 0.04765625 0.05078125
0 0.1640625 0.89609375 0.053125 0.06484375
0 0.35546875 0.7328125 0.0390625 0.05546875
0 0.74765625 0.56796875 0.0375 0.04296875
0 0.6453125 0.49765625 0.02734375 0.0328125
0 0.55703125 0.6625 0.04765625 0.046875
0 0.92421875 0.65703125 0.03828125 0.046875
0 0.84453125 0.79140625 0.0359375 0.05625
0 0.62109375 0.84453125 0.04765625 0.065625
0 0.69765625 0.61875 0.04375 0.053125
0 0.36640625 0.5828125 0.0359375 0.046875
0 0.4796875 0.6234375 0.03359375 0.04453125
0 0.5203125 0.509375 0.03984375 0.0421875
0 0.29375 0.59140625 0.03984375 0.04296875
0 0.48828125 0.6828125 0.04296875 0.04921875
0 0.134375 0.559375 0.04609375 0.03125
0 0.303125 0.62890625 0.0359375 0.03515625
0 0.653125 0.66328125 0.03984375 0.0484375
0 0.72890625 0.9625 0.0515625 0.075
0 0.26171875 0.77578125 0.03515625 0.04609375
0 0.62734375 0.92734375 0.0421875 0.06171875
0 0.62578125 0.59296875 0.03203125 0.04609375
0 0.2765625 0.675 0.03515625 0.04453125
0 0.34296875 0.50390625 0.0390625 0.03046875
0 0.45390625 0.5546875 0.0328125 0.03671875
0 0.7859375 0.6828125 0.03984375 0.046875
0 0.909375 0.72578125 0.04375 0.05390625
0 0.27265625 0.490625 0.02578125 0.02890625
0 0.85546875 0.571875 0.03359375 0.034375
0 0.90625 0.58359375 0.03828125 0.0359375
0 0.6859375 0.9421875 0.03984375 0.06015625
0 0.73359375 0.72890625 0.02734375 0.046875
0 0.16953125 0.51171875 0.025 0.02890625
0 0.803125 0.79453125 0.0390625 0.0453125
0 0.58203125 0.9484375 0.05 0.09296875
0 0.4734375 0.96484375 0.0484375 0.0703125
0 0.05078125 0.5484375 0.0359375 0.02890625
0 0.15234375 0.6390625 0.03125 0.0359375
0 0.84375 0.71015625 0.04375 0.04296875
0 0.703125 0.5125 0.02890625 0.0328125
0 0.29375 0.83515625 0.02890625 0.0375
0 0.190625 0.66796875 0.03359375 0.03515625
0 0.734375 0.515625 0.0234375 0.0328125
0 0.1765625 0.57421875 0.0234375 0.02578125
0 0.58671875 0.5640625 0.0328125 0.03515625
0 0.4125 0.6984375 0.03359375 0.04296875
0 0.23125 0.88203125 0.03828125 0.05234375
0 0.0625 0.6796875 0.04609375 0.0484375
0 0.21171875 0.9859375 0.040625 0.028125
0 0.7421875 0.615625 0.03203125 0.03203125
0 0.56875 0.50078125 0.02109375 0.025
0 0.56171875 0.4796875 0.02265625 0.02578125
0 0.27421875 0.7140625 0.0328125 0.03359375
0 0.1328125 0.51484375 0.028125 0.02421875
0 0.765625 0.71171875 0.04375 0.04296875
0 0.3859375 0.68671875 0.03515625 0.03359375
0 0.4625 0.409375 0.02578125 0.021875
0 0.98515625 0.63515625 0.0296875 0.04453125
0 0.06953125 0.59921875 0.0265625 0.02578125
0 0.6703125 0.43515625 0.02265625 0.025
0 0.39375 0.453125 0.02265625 0.0234375
0 0.1828125 0.5828125 0.0234375 0.028125
0 0.13046875 0.45625 0.0265625 0.025
0 0.7140625 0.6609375 0.02421875 0.02578125
0 0.6109375 0.40390625 0.02265625 0.02421875
0 0.31484375 0.5359375 0.03828125 0.03125
0 0.32109375 0.43828125 0.01953125 0.02109375
0 0.34609375 0.46953125 0.02734375 0.02421875
0 0.82421875 0.48984375 0.021875 0.025
0 0.0359375 0.78359375 0.0390625 0.05859375
0 0.01640625 0.9296875 0.0328125 0.0453125
0 0.4265625 0.40234375 0.021875 0.02265625
0 0.21328125 0.48984375 0.0171875 0.02109375
0 0.5859375 0.446875 0.0296875 0.0296875
0 0.521875 0.62421875 0.01953125 0.0234375
0 0.9828125 0.72109375 0.03359375 0.03046875
0 0.9671875 0.49296875 0.03984375 0.028125
0 0.9359375 0.55546875 0.03203125 0.02265625
0 0.8140625 0.75703125 0.0203125 0.0546875
0 0.2984375 0.9828125 0.028125 0.034375
0 0.10625 0.59296875 0.0171875 0.02265625
0 0.1625 0.46953125 0.0234375 0.0171875
0 0.19140625 0.47578125 0.025 0.01640625
0 0.021875 0.5 0.04375 0.0328125
0 0.09140625 0.5046875 0.02578125 0.01953125
0 0.0875 0.4890625 0.03203125 0.02421875
0 0.234375 0.525 0.0296875 0.03203125
0 0.20546875 0.54921875 0.0140625 0.0171875
0 0.26328125 0.54140625 0.03125 0.0234375
0 0.4 0.55703125 0.01640625 0.01953125
0 0.4015625 0.50703125 0.01875 0.015625
0 0.49296875 0.44921875 0.02734375 0.02109375
0 0.41484375 0.43671875 0.02578125 0.01796875
0 0.38125 0.4 0.0234375 0.02734375
0 0.44375 0.60234375 0.0328125 0.03203125
0 0.8171875 0.57890625 0.03125 0.025
0 0.78515625 0.56875 0.028125 0.040625
0 0.8375 0.62890625 0.0203125 0.025
0 0.6953125 0.47890625 0.02421875 0.02421875
0 0.703125 0.43671875 0.02421875 0.021875
0 0.87421875 0.74453125 0.0296875 0.0265625
0 0.078125 0.5625 0.0171875 0.01484375
0 0.39453125 0.6359375 0.021875 0.015625
0 0.46484375 0.3734375 0.02265625 0.0140625
0 0.490625 0.39296875 0.0234375 0.015625
0 0.49375 0.375 0.028125 0.01328125
0 0.5765625 0.41796875 0.02109375 0.01796875
0 0.53671875 0.40859375 0.0203125 0.0171875
0 0.515625 0.4125 0.02265625 0.01640625
0 0.53046875 0.37734375 0.0234375 0.01484375
0 0.43203125 0.3796875 0.01953125 0.01484375
0 0.3625 0.4578125 0.0203125 0.0140625