0 0.3890625 0.91484375 0.04453125 0.0640625
0 0.359375 0.78828125 0.0515625 0.06171875
0 0.20703125 0.73359375 0.04609375 0.04765625
0 0.6421875 0.859375 0.05625 0.0640625
0 0.34609375 0.88515625 0.04296875 0.0546875
0 0.821875 0.784375 0.04453125 0.05390625
0 0.47890625 0.625 0.02109375 0.02578125
0 0.675 0.96953125 0.0578125 0.0609375
0 0.15703125 0.8109375 0.03984375 0.05546875
0 0.821875 0.95703125 0.04453125 0.0625
0 0.71953125 0.82734375 0.03359375 0.0515625
0 0.553125 0.88125 0.04140625 0.05
0 0.27890625 0.82265625 0.0390625 0.05859375
0 0.09765625 0.82890625 0.0328125 0.04140625
0 0.22421875 0.8546875 0.03203125 0.0515625
0 0.396875 0.5015625 0.02578125 0.02421875
0 0.0203125 0.86015625 0.040625 0.0609375
0 0.20234375 0.6484375 0.0359375 0.0359375
0 0.46640625 0.83828125 0.03828125 0.04609375
0 0.678125 0.52734375 0.0296875 0.03515625
0 0.125 0.56015625 0.03203125 0.03046875
0 0.5484375 0.5078125 0.02734375 0.03125
0 0.40390625 0.83203125 0.02734375 0.046875
0 0.32890625 0.72734375 0.0359375 0.046875
0 0.1390625 0.93359375 0.03046875 0.0546875
0 0.7953125 0.8234375 0.0421875 0.0625
0 0.81015625 0.4984375 0.02265625 0.025
0 0.01328125 0.7375 0.02578125 0.034375
0 0.87109375 0.77890625 0.03046875 0.04765625
0 0.61328125 0.59921875 0.03046875 0.0375
0 0.11796875 0.66796875 0.0328125 0.03359375
0 0.9796875 0.971875 0.040625 0.05625
0 0.7046875 0.5609375 0.03515625 0.03515625
0 0.6453125 0.5375 0.028125 0.034375
0 0.425 0.68671875 0.0328125 0.04140625
0 0.11484375 0.73984375 0.028125 0.040625
0 0.8578125 0.62109375 0.034375 0.03515625
0 0.91484375 0.5859375 0.02890625 0.03359375
0 0.7875 0.44921875 0.028125 0.02578125
0 0.5453125 0.83828125 0.034375 0.04296875
0 0.25390625 0.66796875 0.03125 0.0390625
0 0.26640625 0.71484375 0.03828125 0.04609375
0 0.92890625 0.5359375 0.028125 0.028125
0 0.58125 0.48984375 0.03046875 0.028125
0 0.575 0.6078125 0.03046875 0.03125
0 0.46171875 0.75625 0.0296875 0.0390625
0 0.93046875 0.7890625 0.05078125 0.06796875
0 0.240625 0.7703125 0.0328125 0.03984375
0 0.8015625 0.61796875 0.02734375 0.0328125
0 0.36015625 0.41171875 0.01953125 0.02109375
0 0.41171875 0.7734375 0.02734375 0.040625
0 0.91875 0.5015625 0.02578125 0.02421875
0 0.44140625 0.440625 0.02265625 0.02421875
0 0.76953125 0.96640625 0.0515625 0.0671875
0 0.93671875 0.64140625 0.034375 0.03984375
0 0.18984375 0.5734375 0.0265625 0.03671875
0 0.44609375 0.63203125 0.02109375 0.02890625
0 0.503125 0.48828125 0.02578125 0.02421875
0 0.46015625 0.5515625 0.02421875 0.028125
0 0.7078125 0.68125 0.03046875 0.03203125
0 0.8390625 0.8859375 0.02890625 0.04375
0 0.675 0.45078125 0.0234375 0.025
0 0.73984375 0.51796875 0.03203125 0.02890625
0 0.20546875 0.4328125 0.01875 0.021875
0 0.75078125 0.88203125 0.03984375 0.05625
0 0.653125 0.61484375 0.03515625 0.03671875
0 0.753125 0.63046875 0.0265625 0.03125
0 0.88203125 0.43125 0.025 0.028125
0 0.3828125 0.5453125 0.01796875 0.02890625
0 0.71796875 0.74296875 0.046875 0.040625
0 0.03203125 0.56484375 0.034375 0.02734375
0 0.2875 0.45390625 0.021875 0.02578125
0 0.73984375 0.4859375 0.01875 0.0265625
0 0.16484375 0.5578125 0.0296875 0.0234375
0 0.0609375 0.61015625 0.02578125 0.03125
0 0.1296875 0.5234375 0.02578125 0.0296875
0 0.74140625 0.36640625 0.02265625 0.0203125
0 0.04140625 0.7953125 0.025 0.03203125
0 0.06015625 0.44453125 0.0265625 0.025
0 0.08671875 0.97734375 0.05625 0.04375
0 0.3375 0.6046875 0.021875 0.03125
0 0.7515625 0.6703125 0.0328125 0.028125
0 0.1828125 0.53203125 0.0296875 0.0328125
0 0.4984375 0.5171875 0.0234375 0.0265625
0 0.46640625 0.6484375 0.01796875 0.021875
0 0.83828125 0.49296875 0.025 0.02265625
0 0.0859375 0.465625 0.0234375 0.034375
0 0.4859375 0.4625 0.02109375 0.0203125
0 0.04921875 0.959375 0.04765625 0.05625
0 0.975 0.8328125 0.02890625 0.03515625
0 0.24453125 0.43046875 0.0171875 0.01875
0 0.8421875 0.46640625 0.01953125 0.021875
0 0.27578125 0.59375 0.02578125 0.0328125
0 0.3546875 0.57890625 0.02109375 0.0234375
0 0.90078125 0.40078125 0.02421875 0.02109375
0 0.24453125 0.45546875 0.01953125 0.02265625
0 0.9734375 0.65234375 0.0203125 0.0265625
0 0.1234375 0.51640625 0.02421875 0.028125
0 0.37734375 0.43515625 0.0203125 0.02421875
0 0.55859375 0.4 0.0203125 0.02890625
0 0.66171875 0.46875 0.021875 0.021875
0 0.3890625 0.6640625 0.025 0.04140625
0 0.22265625 0.51171875 0.02265625 0.02734375
0 0.715625 0.36796875 0.01953125 0.01875
0 0.74453125 0.4828125 0.0203125 0.0265625
0 0.0296875 0.53046875 0.02890625 0.03125
0 0.95703125 0.56484375 0.02578125 0.028125
0 0.453125 0.6078125 0.0171875 0.021875
0 0.37109375 0.7125 0.025 0.04140625
0 0.8421875 0.55546875 0.03203125 0.03125
0 0.69609375 0.43515625 0.01796875 0.02265625
0 0.4453125 0.4953125 0.01484375 0.021875
0 0.12578125 0.46015625 0.0203125 0.025
0 0.94140625 0.70390625 0.0375 0.04453125
0 0.9671875 0.83828125 0.0265625 0.034375
0 0.65390625 0.49140625 0.021875 0.0203125
0 0.61484375 0.5015625 0.0203125 0.01875
0 0.32265625 0.4796875 0.01875 0.021875
0 0.746875 0.36328125 0.02265625 0.02109375
0 0.91015625 0.3578125 0.02421875 0.0234375
0 0.85625 0.5734375 0.02109375 0.021875
0 0.03671875 0.9109375 0.03046875 0.0359375
0 0.87734375 0.49375 0.0234375 0.0265625
0 0.03359375 0.5734375 0.03359375 0.0265625
0 0.9890625 0.6875 0.02109375 0.0421875
0 0.95625 0.48828125 0.02578125 0.02109375
0 0.8078125 0.7234375 0.0265625 0.03671875
0 0.34921875 0.628125 0.0234375 0.02890625
0 0.78125 0.5421875 0.0296875 0.02890625
0 0.11953125 0.56953125 0.03125 0.02890625
0 0.7046875 0.4046875 0.0203125 0.021875