0 0.16953125 0.9046875 0.053125 0.07578125
0 0.01640625 0.8265625 0.0296875 0.03203125
0 0.03828125 0.9015625 0.03125 0.03125
0 0.07578125 0.7921875 0.0265625 0.03671875
0 0.04296875 0.796875 0.03203125 0.0296875
0 0.0125 0.75859375 0.025 0.0328125
0 0.11796875 0.75859375 0.02734375 0.03203125
0 0.115625 0.6890625 0.03359375 0.02890625
0 0.146875 0.7078125 0.0203125 0.03203125
0 0.18359375 0.721875 0.0265625 0.03046875
0 0.18828125 0.79140625 0.0296875 0.0359375
0 0.23125 0.85859375 0.03515625 0.04453125
0 0.22421875 0.89921875 0.025 0.03828125
0 0.25078125 0.9203125 0.02890625 0.0328125
0 0.3125 0.91015625 0.0359375 0.046875
0 0.28125 0.8 0.0265625 0.03515625
0 0.26171875 0.721875 0.01953125 0.03125
0 0.2390625 0.72734375 0.025 0.03125
0 0.10859375 0.621875 0.0265625 0.03046875
0 0.1734375 0.65859375 0.0265625 0.03046875
0 0.21171875 0.65234375 0.025 0.0296875
0 0.240625 0.66015625 0.0234375 0.02734375
0 0.22265625 0.6984375 0.02265625 0.03203125
0 0.19140625 0.68359375 0.03203125 0.03515625
0 0.34375 0.725 0.02578125 0.04140625
0 0.29609375 0.77421875 0.02734375 0.0296875
0 0.2953125 0.7453125 0.02109375 0.028125
0 0.32734375 0.68671875 0.02109375 0.02890625
0 0.3046875 0.703125 0.01875 0.0234375
0 0.27578125 0.66796875 0.02890625 0.03203125
0 0.2484375 0.59765625 0.0234375 0.02578125
0 0.28984375 0.628125 0.02265625 0.02890625
0 0.3734375 0.93359375 0.03671875 0.04609375
0 0.403125 0.9515625 0.028125 0.05859375
0 0.3796875 0.87578125 0.025 0.028125
0 0.3890625 0.78515625 0.03203125 0.0390625
0 0.428125 0.79453125 0.028125 0.0421875
0 0.40546875 0.72578125 0.025 0.03671875
0 0.43046875 0.73828125 0.02421875 0.0296875
0 0.4828125 0.74609375 0.03515625 0.03984375
0 0.5203125 0.81328125 0.03828125 0.04921875
0 0.4875 0.8484375 0.0296875 0.05234375
0 0.5328125 0.91328125 0.03671875 0.0359375
0 0.64296875 0.96796875 0.025 0.03671875
0 0.77265625 0.9890625 0.0375 0.02109375
0 0.73203125 0.96796875 0.03125 0.05078125
0 0.70703125 0.93671875 0.028125 0.06015625
0 0.83125 0.9046875 0.028125 0.0359375
0 0.68671875 0.8609375 0.02734375 0.0359375
0 0.67265625 0.90234375 0.0328125 0.04765625
0 0.6203125 0.85546875 0.03125 0.0453125
0 0.58671875 0.81953125 0.02890625 0.04140625
0 0.58046875 0.77265625 0.03515625 0.03984375
0 0.6890625 0.77890625 0.03125 0.03359375
0 0.61953125 0.74453125 0.0359375 0.03046875
0 0.5890625 0.70625 0.03203125 0.03828125
0 0.640625 0.69453125 0.02734375 0.028125
0 0.7203125 0.76875 0.034375 0.0375
0 0.7515625 0.83125 0.034375 0.05234375
0 0.7859375 0.81953125 0.02578125 0.0453125
0 0.82109375 0.84296875 0.0375 0.040625
0 0.83125 0.81171875 0.02578125 0.0359375
0 0.81875 0.96171875 0.0359375 0.04140625
0 0.925 0.9359375 0.04921875 0.05234375
0 0.9625 0.90703125 0.04453125 0.08046875
0 0.9125 0.8515625 0.04140625 0.059375
0 0.94609375 0.775 0.03671875 0.04296875
0 0.9125 0.71796875 0.03515625 0.03984375
0 0.9703125 0.69296875 0.0359375 0.03671875
0 0.8765625 0.7375 0.034375 0.0390625
0 0.853125 0.759375 0.0359375 0.0375
0 0.78203125 0.68671875 0.03203125 0.03515625
0 0.7828125 0.734375 0.0234375 0.03203125
0 0.825 0.70625 0.02578125 0.02734375
0 0.91171875 0.6515625 0.0328125 0.03515625
0 0.8109375 0.671875 0.025 0.0390625
0 0.77890625 0.6390625 0.03046875 0.03203125
0 0.72734375 0.62578125 0.02421875 0.02421875
0 0.71171875 0.690625 0.02109375 0.025
0 0.69296875 0.72890625 0.01953125 0.02421875
0 0.6765625 0.64140625 0.02734375 0.02890625
0 0.55078125 0.7015625 0.02421875 0.02734375
0 0.48125 0.690625 0.01796875 0.02109375
0 0.41328125 0.66015625 0.025 0.03046875
0 0.371875 0.66484375 0.0296875 0.0328125
0 0.5421875 0.66875 0.02421875 0.03359375
0 0.54609375 0.56953125 0.02109375 0.02578125
0 0.5921875 0.60234375 0.0203125 0.03359375
0 0.61328125 0.56484375 0.02109375 0.02734375
0 0.63828125 0.5390625 0.02578125 0.02890625
0 0.5140625 0.5375 0.02109375 0.034375
0 0.47109375 0.5921875 0.0234375 0.0328125
0 0.41796875 0.5265625 0.02109375 0.02890625
0 0.44921875 0.546875 0.02109375 0.03046875
0 0.29453125 0.5171875 0.0203125 0.025
0 0.4921875 0.5578125 0.021875 0.025
0 0.47890625 0.46796875 0.02109375 0.025
0 0.49296875 0.446875 0.02109375 0.01796875
0 0.484375 0.5234375 0.0203125 0.01875
0 0.50546875 0.64765625 0.02421875 0.03359375
0 0.45625 0.63203125 0.02265625 0.02890625
0 0.42265625 0.5765625 0.01875 0.0265625
0 0.44609375 0.60078125 0.0203125 0.0203125
0 0.31953125 0.5640625 0.01875 0.03359375
0 0.36953125 0.54609375 0.0203125 0.01953125
0 0.3125 0.65625 0.02734375 0.03671875
0 0.1765625 0.61953125 0.02265625 0.02265625
0 0.1859375 0.55546875 0.01875 0.0234375
0 0.271875 0.47421875 0.01875 0.02109375
0 0.31875 0.4578125 0.02109375 0.02265625
0 0.5921875 0.53203125 0.0171875 0.0234375
0 0.42578125 0.48984375 0.02109375 0.02109375
0 0.47578125 0.6359375 0.01640625 0.021875
0 0.678125 0.56796875 0.02421875 0.02890625