0 0.17890625 0.97109375 0.06640625 0.0578125
0 0.09609375 0.9078125 0.0375 0.0703125
0 0.0453125 0.96796875 0.04921875 0.06328125
0 0.01640625 0.928125 0.0328125 0.03671875
0 0.05859375 0.80390625 0.040625 0.0421875
0 0.1171875 0.7828125 0.03125 0.05390625
0 0.0796875 0.7140625 0.03125 0.04296875
0 0.08671875 0.63984375 0.03359375 0.03359375
0 0.17734375 0.709375 0.04765625 0.04453125
0 0.21484375 0.74609375 0.040625 0.0421875
0 0.25 0.7921875 0.04140625 0.05234375
0 0.190625 0.83359375 0.0328125 0.05234375
0 0.31953125 0.8625 0.046875 0.0609375
0 0.36328125 0.8984375 0.04921875 0.07890625
0 0.33359375 0.7671875 0.059375 0.06875
0 0.38203125 0.8109375 0.034375 0.05390625
0 0.3875 0.75078125 0.03125 0.04296875
0 0.30234375 0.7046875 0.04296875 0.053125
0 0.40546875 0.6625 0.03515625 0.03984375
0 0.44453125 0.73125 0.0359375 0.04375
0 0.44921875 0.815625 0.040625 0.0453125
0 0.63046875 0.840625 0.059375 0.0703125
0 0.5296875 0.81875 0.0390625 0.04609375
0 0.5375 0.8625 0.046875 0.04296875
0 0.66953125 0.96171875 0.06015625 0.0765625
0 0.8203125 0.94296875 0.046875 0.0625
0 0.76484375 0.95234375 0.05546875 0.06953125
0 0.71328125 0.80625 0.034375 0.05625
0 0.746875 0.86328125 0.03828125 0.059375
0 0.81875 0.7625 0.05078125 0.059375
0 0.87109375 0.76015625 0.03515625 0.04375
0 0.93671875 0.7734375 0.05546875 0.071875
0 0.98359375 0.81484375 0.0296875 0.03515625
0 0.790625 0.80625 0.04453125 0.06796875
0 0.84140625 0.865625 0.0359375 0.04765625
0 0.7171875 0.71796875 0.0453125 0.04140625
0 0.72890625 0.696875 0.0171875 0.0296875
0 0.7484375 0.64765625 0.03203125 0.02890625
0 0.75078125 0.6109375 0.02265625 0.0296875
0 0.7046875 0.6578125 0.0296875 0.034375
0 0.64453125 0.59375 0.0328125 0.03203125
0 0.8640625 0.5984375 0.034375 0.034375
0 0.9421875 0.61875 0.04140625 0.04453125
0 0.97734375 0.6296875 0.02109375 0.02578125
0 0.91796875 0.56953125 0.028125 0.03203125
0 0.92109375 0.48203125 0.02734375 0.0234375
0 0.86328125 0.553125 0.02578125 0.02265625
0 0.73984375 0.496875 0.0359375 0.0296875
0 0.69765625 0.5390625 0.03828125 0.03203125
0 0.78984375 0.4296875 0.03046875 0.028125
0 0.83828125 0.47109375 0.0234375 0.021875
0 0.8453125 0.446875 0.01953125 0.0171875
0 0.88515625 0.41015625 0.01875 0.02578125
0 0.9078125 0.38046875 0.02734375 0.015625
0 0.63828125 0.51015625 0.02578125 0.03125
0 0.67578125 0.50234375 0.028125 0.034375
0 0.7828125 0.51953125 0.03125 0.03515625
0 0.80859375 0.4765625 0.02734375 0.02734375
0 0.84375 0.53125 0.0359375 0.0296875
0 0.9328125 0.51328125 0.03046875 0.0296875
0 0.74140625 0.46171875 0.0203125 0.02421875
0 0.64921875 0.46796875 0.0234375 0.021875
0 0.6578125 0.44765625 0.02265625 0.025
0 0.60625 0.57734375 0.0328125 0.0375
0 0.56484375 0.58203125 0.03515625 0.03203125
0 0.53984375 0.4859375 0.0296875 0.0296875
0 0.5765625 0.46484375 0.03359375 0.03203125
0 0.79921875 0.5953125 0.02734375 0.02890625
0 0.95078125 0.68359375 0.0484375 0.046875
0 0.67265625 0.43046875 0.021875 0.02734375
0 0.69375 0.4140625 0.02265625 0.0203125
0 0.7140625 0.34375 0.025 0.02578125
0 0.74453125 0.34296875 0.02265625 0.01953125
0 0.4484375 0.51953125 0.02734375 0.03046875
0 0.43125 0.60859375 0.0234375 0.03359375
0 0.440625 0.5796875 0.01953125 0.0234375
0 0.453125 0.621875 0.01796875 0.01953125
0 0.46484375 0.60078125 0.021875 0.0265625
0 0.4765625 0.43671875 0.02421875 0.02109375
0 0.49453125 0.46171875 0.03359375 0.02265625
0 0.43125 0.41484375 0.02421875 0.02734375
0 0.38515625 0.47578125 0.02421875 0.02578125
0 0.43359375 0.46796875 0.015625 0.025
0 0.35 0.6890625 0.02109375 0.03984375
0 0.375 0.6359375 0.0234375 0.0421875
0 0.340625 0.55390625 0.025 0.01875
0 0.3703125 0.51640625 0.02109375 0.02421875
0 0.31953125 0.57734375 0.0265625 0.03125
0 0.3296875 0.6046875 0.0234375 0.0296875
0 0.1765625 0.6203125 0.0375 0.03828125
0 0.25546875 0.5671875 0.02578125 0.0375
0 0.228125 0.64296875 0.0296875 0.0421875
0 0.2421875 0.68671875 0.0421875 0.05078125
0 0.03125 0.58359375 0.02890625 0.034375
0 0.0390625 0.41875 0.03125 0.02421875
0 0.10234375 0.53359375 0.03125 0.034375
0 0.159375 0.50546875 0.03203125 0.03203125
0 0.14375 0.53046875 0.02890625 0.02109375
0 0.1734375 0.54765625 0.0203125 0.0296875
0 0.20546875 0.48671875 0.0234375 0.02734375
0 0.27265625 0.43046875 0.0234375 0.02421875
0 0.30625 0.4515625 0.0171875 0.02109375
0 0.1875 0.40859375 0.02265625 0.0203125
0 0.11015625 0.49609375 0.034375 0.034375
0 0.06484375 0.44140625 0.02265625 0.0328125
0 0.23046875 0.43125 0.0203125 0.02421875
0 0.546875 0.29140625 0.01953125 0.0171875
0 0.35078125 0.3890625 0.02109375 0.0234375
0 0.3640625 0.409375 0.0203125 0.025
0 0.41953125 0.3296875 0.015625 0.0171875
0 0.28125 0.33359375 0.015625 0.021875
0 0.23046875 0.403125 0.015625 0.02109375