0 0.2203125 0.75234375 0.034375 0.0484375
0 0.2546875 0.70703125 0.0296875 0.0328125
0 0.30390625 0.74296875 0.0390625 0.04140625
0 0.28125 0.82109375 0.0421875 0.0375
0 0.3484375 0.83359375 0.0265625 0.0296875
0 0.21640625 0.96875 0.05078125 0.0625
0 0.19453125 0.8890625 0.04609375 0.06328125
0 0.10546875 0.96328125 0.05078125 0.0671875
0 0.13515625 0.98125 0.05390625 0.0375
0 0.25 0.784375 0.05078125 0.0359375
0 0.15390625 0.80625 0.05625 0.04765625
0 0.121875 0.65078125 0.03671875 0.03125
0 0.28515625 0.6 0.03359375 0.02734375
0 0.31640625 0.69140625 0.0296875 0.03125
0 0.3109375 0.66015625 0.0421875 0.028125
0 0.4140625 0.6828125 0.0375 0.03828125
0 0.44765625 0.74296875 0.0421875 0.03828125
0 0.51328125 0.74140625 0.0359375 0.04453125
0 0.55234375 0.74609375 0.040625 0.0359375
0 0.58203125 0.86484375 0.04375 0.06015625
0 0.68984375 0.9640625 0.059375 0.0609375
0 0.8078125 0.9625 0.04375 0.0640625
0 0.7109375 0.78125 0.0390625 0.05
0 0.66875 0.80390625 0.03828125 0.0375
0 0.675 0.87578125 0.03984375 0.03125
0 0.63359375 0.8671875 0.03359375 0.0375
0 0.621875 0.671875 0.03671875 0.02890625
0 0.66171875 0.62578125 0.0265625 0.0296875
0 0.4109375 0.60703125 0.03359375 0.03203125
0 0.43515625 0.5625 0.0390625 0.025
0 0.4921875 0.51796875 0.03203125 0.0203125
0 0.63515625 0.56484375 0.03359375 0.0265625
0 0.68984375 0.59609375 0.0265625 0.02734375
0 0.73359375 0.68515625 0.0421875 0.03671875
0 0.890625 0.8390625 0.04453125 0.05625
0 0.85 0.878125 0.0421875 0.0546875
0 0.8 0.85390625 0.03671875 0.05234375
0 0.7421875 0.85625 0.0453125 0.05546875
0 0.7109375 0.74140625 0.0359375 0.03046875
0 0.36640625 0.709375 0.028125 0.03828125
0 0.30625 0.52109375 0.03671875 0.03671875
0 0.2984375 0.48984375 0.02890625 0.0296875
0 0.275 0.984375 0.0546875 0.03125
0 0.45078125 0.9359375 0.0375 0.040625
0 0.50625 0.8546875 0.0296875 0.03125
0 0.41015625 0.79609375 0.0234375 0.02578125
0 0.37890625 0.83046875 0.03359375 0.02734375
0 0.35390625 0.78984375 0.0171875 0.01875
0 0.15390625 0.9 0.0265625 0.03984375
0 0.040625 0.965625 0.04296875 0.059375
0 0.15625 0.6875 0.02109375 0.03046875
0 0.06171875 0.75625 0.0484375 0.03125
0 0.2296875 0.67734375 0.02265625 0.03359375
0 0.21328125 0.59921875 0.0234375 0.015625
0 0.2421875 0.61875 0.0234375 0.02734375
0 0.084375 0.77109375 0.02578125 0.03828125
0 0.0125 0.7109375 0.025 0.025
0 0.1453125 0.846875 0.028125 0.04375
0 0.35859375 0.60078125 0.0234375 0.02578125
0 0.175 0.56484375 0.0203125 0.0203125
0 0.3828125 0.94609375 0.04140625 0.0375
0 0.4640625 0.66640625 0.025 0.03359375
0 0.49609375 0.70078125 0.0296875 0.0296875
0 0.57265625 0.56953125 0.025 0.01953125
0 0.6046875 0.5296875 0.034375 0.0203125
0 0.54921875 0.50546875 0.025 0.015625
0 0.42890625 0.49140625 0.01796875 0.025
0 0.4484375 0.48125 0.0234375 0.0171875
0 0.50546875 0.59765625 0.028125 0.028125
0 0.35234375 0.5265625 0.025 0.01796875
0 0.3421875 0.58203125 0.0296875 0.03203125
0 0.3390625 0.553125 0.01953125 0.01484375
0 0.34609375 0.48671875 0.02109375 0.01640625
0 0.40390625 0.48515625 0.01953125 0.0203125
0 0.478125 0.5671875 0.02265625 0.02109375
0 0.79609375 0.71953125 0.02734375 0.0375
0 0.7421875 0.6484375 0.03671875 0.021875
0 0.77890625 0.66640625 0.0296875 0.021875
0 0.846875 0.7078125 0.040625 0.04296875
0 0.8609375 0.69140625 0.03359375 0.02890625
0 0.9609375 0.96484375 0.078125 0.0671875
0 0.96015625 0.84765625 0.0609375 0.06171875
0 0.95859375 0.75078125 0.0359375 0.02578125
0 0.9296875 0.76328125 0.02109375 0.0328125
0 0.9015625 0.759375 0.03046875 0.025
0 0.9390625 0.68828125 0.034375 0.034375
0 0.94453125 0.64296875 0.0328125 0.02734375
0 0.840625 0.63046875 0.02890625 0.03203125
0 0.859375 0.6125 0.01875 0.02421875
0 0.90546875 0.64765625 0.03671875 0.01953125
0 0.8953125 0.6171875 0.02421875 0.0203125
0 0.7 0.55234375 0.02734375 0.02421875
0 0.734375 0.56796875 0.025 0.02734375
0 0.79140625 0.5640625 0.02421875 0.02265625
0 0.87421875 0.54453125 0.03828125 0.02109375
0 0.8625 0.49453125 0.03125 0.02265625
0 0.75625 0.48984375 0.0203125 0.02578125
0 0.77890625 0.5328125 0.025 0.02890625
0 0.8203125 0.54140625 0.0265625 0.02421875
0 0.91015625 0.5375 0.0265625 0.025
0 0.9171875 0.5 0.028125 0.01796875
0 0.65390625 0.596875 0.01875 0.02578125
0 0.64140625 0.4828125 0.02109375 0.01953125
0 0.6171875 0.49375 0.0234375 0.01796875
0 0.66328125 0.4515625 0.0265625 0.02265625
0 0.80703125 0.60703125 0.0234375 0.0234375
0 0.9359375 0.8890625 0.03203125 0.0390625
0 0.98984375 0.56484375 0.0203125 0.01484375
0 0.7171875 0.5140625 0.02265625 0.01953125
0 0.56484375 0.475 0.01796875 0.015625
0 0.48359375 0.64375 0.02578125 0.028125
0 0.4484375 0.609375 0.01484375 0.01875
0 0.2671875 0.63828125 0.0296875 0.0171875
0 0.20859375 0.578125 0.0265625 0.0234375
0 0.05078125 0.62265625 0.028125 0.02734375
0 0.109375 0.54765625 0.02734375 0.02890625
0 0.12109375 0.52578125 0.028125 0.02578125
0 0.1625 0.5015625 0.01875 0.0140625
0 0.4453125 0.5203125 0.0234375 0.021875
0 0.509375 0.546875 0.02421875 0.02578125
0 0.6203125 0.615625 0.0234375 0.028125
0 0.70390625 0.6421875 0.0203125 0.01796875
0 0.73046875 0.80234375 0.02109375 0.02265625