0 0.09375 0.934375 0.05546875 0.06640625
0 0.1296875 0.88359375 0.02578125 0.03046875
0 0.06484375 0.85546875 0.03828125 0.04609375
0 0.1046875 0.84453125 0.03203125 0.053125
0 0.01875 0.79453125 0.0375 0.0359375
0 0.021875 0.7453125 0.04375 0.04375
0 0.1203125 0.7828125 0.01953125 0.0234375
0 0.0890625 0.73125 0.0296875 0.0328125
0 0.1484375 0.92109375 0.04375 0.0484375
0 0.18046875 0.9578125 0.053125 0.084375
0 0.21640625 0.90703125 0.0296875 0.05625
0 0.2921875 0.959375 0.05234375 0.06640625
0 0.17734375 0.7359375 0.02265625 0.0328125
0 0.171875 0.8125 0.0265625 0.03515625
0 0.2203125 0.7984375 0.0296875 0.04140625
0 0.2890625 0.83828125 0.03046875 0.046875
0 0.26484375 0.72890625 0.03984375 0.04921875
0 0.178125 0.6703125 0.02578125 0.0296875
0 0.1203125 0.61484375 0.021875 0.02890625
0 0.04453125 0.5609375 0.02890625 0.02734375
0 0.09140625 0.57421875 0.03359375 0.0203125
0 0.25078125 0.6515625 0.03203125 0.0296875
0 0.3015625 0.671875 0.02890625 0.034375
0 0.31484375 0.7125 0.03515625 0.04609375
0 0.2984375 0.7640625 0.02734375 0.03984375
0 0.33671875 0.80703125 0.03046875 0.05234375
0 0.40078125 0.86484375 0.03828125 0.053125
0 0.43828125 0.8890625 0.040625 0.06171875
0 0.40546875 0.7796875 0.03359375 0.05234375
0 0.45078125 0.81484375 0.0265625 0.04296875
0 0.44921875 0.76328125 0.02578125 0.0375
0 0.5 0.74609375 0.0296875 0.04140625
0 0.50625 0.8203125 0.0328125 0.04296875
0 0.3734375 0.72109375 0.02890625 0.0390625
0 0.459375 0.6890625 0.03203125 0.03984375
0 0.42734375 0.66796875 0.02734375 0.0421875
0 0.17734375 0.5703125 0.0234375 0.028125
0 0.221875 0.540625 0.025 0.0296875
0 0.20859375 0.5671875 0.02578125 0.021875
0 0.26015625 0.52578125 0.02265625 0.0203125
0 0.13984375 0.51875 0.015625 0.025
0 0.1296875 0.48203125 0.01953125 0.028125
0 0.103125 0.45859375 0.02578125 0.025
0 0.0265625 0.48203125 0.025 0.02421875
0 0.17578125 0.53046875 0.0203125 0.028125
0 0.23828125 0.5828125 0.02421875 0.034375
0 0.3765625 0.60625 0.02109375 0.034375
0 0.39296875 0.59140625 0.02109375 0.02109375
0 0.353125 0.490625 0.0171875 0.02265625
0 0.31796875 0.46953125 0.01875 0.02109375
0 0.23671875 0.44609375 0.01875 0.02421875
0 0.2765625 0.44296875 0.015625 0.021875
0 0.3859375 0.63671875 0.02421875 0.0234375
0 0.4703125 0.50546875 0.0125 0.01875
0 0.4234375 0.515625 0.02421875 0.021875
0 0.4140625 0.55390625 0.01796875 0.028125
0 0.58203125 0.8578125 0.0359375 0.0484375
0 0.5765625 0.81875 0.028125 0.03828125
0 0.66171875 0.83984375 0.04296875 0.05546875
0 0.696875 0.94140625 0.053125 0.0765625
0 0.7734375 0.93203125 0.0453125 0.07421875
0 0.82109375 0.92421875 0.0390625 0.0609375
0 0.8359375 0.85625 0.02890625 0.040625
0 0.79140625 0.80234375 0.03046875 0.05234375
0 0.73203125 0.8078125 0.02890625 0.04296875
0 0.8171875 0.771875 0.040625 0.0484375
0 0.86171875 0.7671875 0.02734375 0.04375
0 0.7203125 0.6796875 0.02890625 0.0375
0 0.73203125 0.7296875 0.0375 0.03828125
0 0.9140625 0.7765625 0.04296875 0.0671875
0 0.9625 0.9390625 0.04921875 0.06640625
0 0.9515625 0.81171875 0.02265625 0.0296875
0 0.9828125 0.8265625 0.03046875 0.0390625
0 0.97421875 0.690625 0.03125 0.040625
0 0.95078125 0.65 0.0171875 0.02734375
0 0.92109375 0.64375 0.025 0.03125
0 0.85078125 0.625 0.03046875 0.03515625
0 0.8984375 0.59609375 0.0234375 0.03046875
0 0.75390625 0.63203125 0.02421875 0.03359375
0 0.79765625 0.6203125 0.025 0.03515625
0 0.73984375 0.53046875 0.0328125 0.02890625
0 0.7859375 0.46328125 0.0265625 0.02421875
0 0.83671875 0.48203125 0.0171875 0.02421875
0 0.871875 0.44609375 0.01953125 0.03046875
0 0.89296875 0.41953125 0.02109375 0.01796875
0 0.80625 0.5109375 0.02421875 0.0265625
0 0.7109375 0.57109375 0.028125 0.02734375
0 0.68828125 0.5390625 0.0265625 0.03203125
0 0.65390625 0.54609375 0.028125 0.0390625
0 0.628125 0.60703125 0.028125 0.03359375
0 0.66484375 0.61953125 0.03359375 0.034375
0 0.47890625 0.63828125 0.015625 0.025
0 0.49921875 0.65078125 0.015625 0.02421875
0 0.50703125 0.6296875 0.01953125 0.0234375
0 0.4828125 0.61328125 0.01796875 0.02109375
0 0.48671875 0.56015625 0.021875 0.0296875
0 0.56640625 0.5234375 0.0265625 0.0328125
0 0.59296875 0.6125 0.02421875 0.03359375
0 0.59765625 0.50390625 0.03046875 0.0296875
0 0.66796875 0.4859375 0.01796875 0.028125
0 0.684375 0.46796875 0.01953125 0.02421875
0 0.7421875 0.49765625 0.01796875 0.03125
0 0.521875 0.50078125 0.025 0.02421875
0 0.5046875 0.475 0.01953125 0.0203125
0 0.38515625 0.42890625 0.01796875 0.0203125
0 0.7546875 0.859375 0.0375 0.04765625
0 0.90390625 0.5140625 0.0234375 0.02890625
0 0.803125 0.7171875 0.0265625 0.040625
0 0.92421875 0.696875 0.0265625 0.0359375
0 0.8375 0.5640625 0.028125 0.0359375
0 0.91328125 0.54375 0.025 0.03046875
0 0.75546875 0.6703125 0.02578125 0.02421875
0 0.559375 0.3296875 0.015625 0.02109375
0 0.51640625 0.41015625 0.0140625 0.01875
0 0.31796875 0.6 0.0234375 0.03515625
0 0.28046875 0.471875 0.01875 0.02109375
0 0.31640625 0.37265625 0.015625 0.01796875
0 0.16640625 0.47421875 0.021875 0.028125