0 0.05078125 0.9390625 0.05625 0.09140625
0 0.0234375 0.71796875 0.03515625 0.0421875
0 0.02734375 0.64453125 0.03671875 0.03515625
0 0.05703125 0.7359375 0.02109375 0.03203125
0 0.0953125 0.746875 0.03046875 0.03671875
0 0.09296875 0.81796875 0.028125 0.0375
0 0.11328125 0.93125 0.02734375 0.0359375
0 0.1203125 0.8921875 0.0390625 0.0484375
0 0.203125 0.9375 0.03359375 0.046875
0 0.2609375 0.959375 0.04140625 0.0453125
0 0.28671875 0.9734375 0.03359375 0.053125
0 0.27109375 0.903125 0.021875 0.0328125
0 0.13046875 0.67734375 0.02265625 0.02890625
0 0.1046875 0.71015625 0.0390625 0.0296875
0 0.09296875 0.68203125 0.0234375 0.02421875
0 0.159375 0.68046875 0.0265625 0.02421875
0 0.15078125 0.7515625 0.0265625 0.0296875
0 0.17265625 0.7484375 0.021875 0.03671875
0 0.1875 0.82421875 0.03515625 0.0375
0 0.2 0.79375 0.02421875 0.03828125
0 0.2 0.76796875 0.028125 0.03203125
0 0.1921875 0.690625 0.02734375 0.034375
0 0.25 0.7484375 0.0296875 0.0390625
0 0.21796875 0.721875 0.01875 0.0234375
0 0.290625 0.80625 0.0375 0.04296875
0 0.328125 0.815625 0.0296875 0.0421875
0 0.41953125 0.9375 0.0359375 0.03828125
0 0.38125 0.86875 0.02578125 0.06171875
0 0.43125 0.8859375 0.03203125 0.0390625
0 0.41640625 0.8359375 0.0421875 0.0453125
0 0.3890625 0.76875 0.0328125 0.0375
0 0.3125 0.74765625 0.02421875 0.0421875
0 0.3359375 0.76171875 0.028125 0.04140625
0 0.328125 0.68046875 0.02421875 0.03515625
0 0.28671875 0.68828125 0.03046875 0.028125
0 0.2296875 0.67734375 0.0265625 0.0359375
0 0.48125 0.79296875 0.03671875 0.04921875
0 0.4828125 0.8421875 0.02890625 0.03515625
0 0.5125 0.8796875 0.0375 0.0390625
0 0.559375 0.92578125 0.0296875 0.0546875
0 0.5921875 0.96484375 0.0359375 0.059375
0 0.57890625 0.8890625 0.03515625 0.0421875
0 0.590625 0.8015625 0.02890625 0.03515625
0 0.5234375 0.765625 0.0359375 0.0296875
0 0.5 0.73046875 0.0390625 0.03359375
0 0.64609375 0.85859375 0.03125 0.04375
0 0.621875 0.78984375 0.034375 0.03984375
0 0.7015625 0.98203125 0.03671875 0.03515625
0 0.71484375 0.86953125 0.03984375 0.046875
0 0.7296875 0.83671875 0.0265625 0.03125
0 0.6828125 0.8453125 0.03203125 0.04375
0 0.65546875 0.77109375 0.01796875 0.028125
0 0.80625 0.95078125 0.04296875 0.05703125
0 0.8421875 0.928125 0.0359375 0.06171875
0 0.80546875 0.8734375 0.03359375 0.0578125
0 0.8859375 0.975 0.0296875 0.046875
0 0.9515625 0.9765625 0.04609375 0.046875
0 0.9828125 0.78671875 0.034375 0.0328125
0 0.884375 0.8109375 0.03359375 0.046875
0 0.846875 0.79453125 0.0375 0.04140625
0 0.82109375 0.7359375 0.03515625 0.0390625
0 0.7828125 0.75859375 0.02578125 0.0359375
0 0.75546875 0.78125 0.0328125 0.03359375
0 0.6953125 0.7046875 0.03359375 0.0328125
0 0.87578125 0.709375 0.03125 0.034375
0 0.91796875 0.59375 0.021875 0.0265625
0 0.82421875 0.665625 0.02734375 0.034375
0 0.796875 0.56484375 0.02265625 0.0203125
0 0.6890625 0.7515625 0.025 0.04296875
0 0.72421875 0.68828125 0.0265625 0.03359375
0 0.7265625 0.52734375 0.02578125 0.02109375
0 0.6421875 0.6453125 0.028125 0.0265625
0 0.5921875 0.66015625 0.03125 0.0203125
0 0.56484375 0.578125 0.02109375 0.01953125
0 0.56328125 0.55703125 0.02109375 0.03046875
0 0.53671875 0.58046875 0.021875 0.02578125
0 0.5125 0.61875 0.01953125 0.034375
0 0.46171875 0.72109375 0.025 0.03125
0 0.46875 0.58828125 0.02265625 0.025
0 0.45 0.60546875 0.015625 0.02109375
0 0.39296875 0.61328125 0.021875 0.03359375
0 0.375 0.56640625 0.02265625 0.02578125
0 0.4125 0.48359375 0.02109375 0.0203125
0 0.4265625 0.4640625 0.02109375 0.01953125
0 0.3640625 0.61953125 0.02265625 0.028125
0 0.31015625 0.575 0.01796875 0.025
0 0.22734375 0.534375 0.02421875 0.0234375
0 0.171875 0.6203125 0.0203125 0.0265625
0 0.21015625 0.6484375 0.01796875 0.0265625
0 0.24453125 0.584375 0.0203125 0.025
0 0.7296875 0.60546875 0.01640625 0.01875
0 0.83359375 0.6203125 0.01953125 0.02578125
0 0.71875 0.92890625 0.028125 0.0421875
0 0.39140625 0.71171875 0.0203125 0.0234375
0 0.4171875 0.578125 0.0203125 0.02421875
0 0.41953125 0.6671875 0.02578125 0.03046875
0 0.4421875 0.5546875 0.01875 0.03125
0 0.41484375 0.54375 0.0171875 0.0203125
0 0.6703125 0.5296875 0.01953125 0.02265625
0 0.73203125 0.72734375 0.025 0.02734375
0 0.84140625 0.52890625 0.0203125 0.02578125
0 0.89609375 0.60078125 0.021875 0.025
0 0.69375 0.659375 0.02265625 0.0265625
0 0.59921875 0.5859375 0.02421875 0.0265625
0 0.62109375 0.71328125 0.01796875 0.025
0 0.55 0.71640625 0.025 0.0265625
0 0.453125 0.6875 0.021875 0.034375
0 0.3203125 0.6171875 0.02109375 0.028125
0 0.18515625 0.58984375 0.0203125 0.02734375
0 0.2578125 0.47734375 0.01796875 0.02109375
0 0.21171875 0.4921875 0.01796875 0.02421875
0 0.01796875 0.78828125 0.0359375 0.03515625
0 0.51953125 0.54921875 0.01796875 0.02109375
0 0.4796875 0.4984375 0.01953125 0.01953125