0 0.715625 0.721875 0.03671875 0.03984375
0 0.2578125 0.80625 0.0421875 0.053125
0 0.60625 0.975 0.040625 0.05
0 0.43046875 0.828125 0.040625 0.053125
0 0.71484375 0.49296875 0.02578125 0.02421875
0 0.91328125 0.67109375 0.0328125 0.04375
0 0.21796875 0.659375 0.02578125 0.02890625
0 0.95234375 0.8640625 0.05703125 0.06171875
0 0.28359375 0.60859375 0.0265625 0.0265625
0 0.2640625 0.5296875 0.025 0.025
0 0.75546875 0.8 0.03828125 0.05390625
0 0.6078125 0.88828125 0.03359375 0.04140625
0 0.76796875 0.7 0.02578125 0.03359375
0 0.40546875 0.67578125 0.025 0.03046875
0 0.58984375 0.71328125 0.0265625 0.03046875
0 0.34765625 0.59375 0.0265625 0.0265625
0 0.50390625 0.7484375 0.03125 0.0390625
0 0.6421875 0.5515625 0.021875 0.0234375
0 0.16953125 0.7109375 0.02890625 0.028125
0 0.39375 0.91640625 0.03671875 0.04765625
0 0.2609375 0.95 0.03359375 0.04765625
0 0.40625 0.73203125 0.03125 0.03828125
0 0.68515625 0.49921875 0.02578125 0.0265625
0 0.89375 0.884375 0.03515625 0.04921875
0 0.49921875 0.68828125 0.034375 0.0390625
0 0.4453125 0.71015625 0.028125 0.04140625
0 0.66875 0.5453125 0.02265625 0.02890625
0 0.8703125 0.97109375 0.03828125 0.04609375
0 0.30390625 0.8875 0.021875 0.04140625
0 0.1140625 0.7375 0.04140625 0.0453125
0 0.6890625 0.896875 0.028125 0.04375
0 0.375 0.65390625 0.034375 0.0375
0 0.57265625 0.659375 0.02578125 0.03125
0 0.7609375 0.48671875 0.02578125 0.02265625
0 0.540625 0.76484375 0.03125 0.04375
0 0.79140625 0.7328125 0.0296875 0.0375
0 0.16875 0.84140625 0.034375 0.04375
0 0.778125 0.56640625 0.02109375 0.0265625
0 0.5171875 0.9 0.02890625 0.03828125
0 0.44140625 0.89921875 0.040625 0.0546875
0 0.85078125 0.77421875 0.0296875 0.03671875
0 0.22109375 0.746875 0.03359375 0.03359375
0 0.8375 0.66875 0.03125 0.03828125
0 0.29921875 0.79765625 0.034375 0.03515625
0 0.6453125 0.7125 0.02109375 0.025
0 0.85390625 0.73046875 0.02421875 0.028125
0 0.5359375 0.61328125 0.02890625 0.0296875
0 0.02109375 0.71484375 0.04140625 0.04453125
0 0.5296875 0.9515625 0.04609375 0.06015625
0 0.10859375 0.55703125 0.028125 0.02734375
0 0.65703125 0.734375 0.02578125 0.0328125
0 0.81484375 0.78515625 0.0453125 0.05
0 0.82109375 0.6953125 0.0265625 0.03828125
0 0.47109375 0.93671875 0.02734375 0.04140625
0 0.76484375 0.6390625 0.03359375 0.03046875
0 0.7015625 0.55703125 0.02734375 0.02421875
0 0.4859375 0.47890625 0.0234375 0.0203125
0 0.4984375 0.85625 0.02890625 0.03671875
0 0.4125 0.6375 0.02890625 0.03515625
0 0.9671875 0.94375 0.04609375 0.06796875
0 0.753125 0.603125 0.021875 0.028125
0 0.81328125 0.86796875 0.03125 0.03984375
0 0.81328125 0.9265625 0.03046875 0.03359375
0 0.084375 0.78984375 0.03203125 0.03984375
0 0.54296875 0.7109375 0.02109375 0.0328125
0 0.7359375 0.8640625 0.03125 0.05
0 0.32421875 0.5375 0.0234375 0.02734375
0 0.3546875 0.7875 0.0234375 0.0359375
0 0.22265625 0.5640625 0.01796875 0.03046875
0 0.34375 0.7078125 0.03125 0.0359375
0 0.32890625 0.82890625 0.03203125 0.05078125
0 0.10390625 0.828125 0.0359375 0.04296875
0 0.30234375 0.5015625 0.02421875 0.02578125
0 0.98203125 0.74140625 0.03359375 0.03671875
0 0.85 0.92109375 0.025 0.034375
0 0.1515625 0.915625 0.04375 0.059375
0 0.1859375 0.98359375 0.0390625 0.03203125
0 0.025 0.784375 0.04921875 0.046875
0 0.5359375 0.67265625 0.0203125 0.0296875
0 0.85546875 0.559375 0.02890625 0.02734375
0 0.18828125 0.5375 0.02734375 0.02265625
0 0.39375 0.60546875 0.025 0.028125
0 0.465625 0.64765625 0.025 0.0359375
0 0.8734375 0.6671875 0.02265625 0.0296875
0 0.13046875 0.88046875 0.03359375 0.0484375
0 0.7578125 0.4578125 0.0203125 0.0234375
0 0.734375 0.51640625 0.02734375 0.025
0 0.2546875 0.7375 0.02578125 0.0328125
0 0.1625 0.671875 0.0375 0.03359375
0 0.91796875 0.56953125 0.0265625 0.028125
0 0.2921875 0.5265625 0.02109375 0.02109375
0 0.565625 0.56796875 0.0171875 0.0203125
0 0.25625 0.6984375 0.0171875 0.0234375
0 0.60390625 0.478125 0.025 0.02578125
0 0.14765625 0.52578125 0.02109375 0.021875
0 0.9875 0.6640625 0.025 0.034375
0 0.790625 0.43125 0.02421875 0.021875
0 0.921875 0.61171875 0.02734375 0.02890625
0 0.4375 0.40390625 0.01796875 0.01875
0 0.26015625 0.49765625 0.02109375 0.0234375
0 0.1046875 0.51484375 0.0265625 0.0265625
0 0.96015625 0.7875 0.0359375 0.0375
0 0.05546875 0.65703125 0.0203125 0.02265625
0 0.56953125 0.46328125 0.02109375 0.01953125
0 0.29296875 0.659375 0.02109375 0.02421875
0 0.0578125 0.9578125 0.02578125 0.040625
0 0.15390625 0.96484375 0.0359375 0.0421875
0 0.85234375 0.88046875 0.01953125 0.02890625
0 0.89296875 0.53515625 0.0234375 0.02421875
0 0.0109375 0.83984375 0.021875 0.04140625
0 0.109375 0.61015625 0.02578125 0.03125
0 0.12734375 0.63515625 0.0296875 0.03125
0 0.06953125 0.56484375 0.0234375 0.02578125
0 0.22421875 0.5734375 0.01796875 0.028125
0 0.96171875 0.60078125 0.0265625 0.03359375
0 0.20859375 0.4546875 0.01796875 0.025
0 0.4171875 0.45703125 0.01875 0.01953125
0 0.5453125 0.5734375 0.01796875 0.02265625
0 0.1234375 0.665625 0.02421875 0.021875
0 0.34296875 0.44140625 0.0171875 0.0203125
0 0.453125 0.55703125 0.01796875 0.025
0 0.17734375 0.43671875 0.01953125 0.0203125
0 0.4796875 0.5078125 0.0203125 0.02421875
0 0.55 0.44296875 0.0203125 0.0171875
0 0.8140625 0.55703125 0.02109375 0.02421875
0 0.634375 0.4640625 0.0265625 0.025
0 0.29921875 0.42421875 0.01796875 0.01953125
0 0.56328125 0.58046875 0.01484375 0.0203125
0 0.9921875 0.57109375 0.015625 0.03125