0 0.33203125 0.9765625 0.04921875 0.04609375
0 0.51015625 0.69921875 0.02578125 0.03515625
0 0.45859375 0.82421875 0.03671875 0.05625
0 0.58125 0.76171875 0.0234375 0.02890625
0 0.31640625 0.784375 0.0296875 0.04375
0 0.70234375 0.865625 0.0421875 0.06015625
0 0.4625 0.71328125 0.02109375 0.034375
0 0.13515625 0.86640625 0.05 0.0609375
0 0.7703125 0.8546875 0.0390625 0.0578125
0 0.51796875 0.76484375 0.03046875 0.03671875
0 0.4328125 0.4875 0.02421875 0.02265625
0 0.72578125 0.67734375 0.03515625 0.03515625
0 0.89140625 0.7140625 0.03828125 0.04921875
0 0.14140625 0.5875 0.021875 0.02890625
0 0.92578125 0.953125 0.06171875 0.07734375
0 0.725 0.7453125 0.028125 0.0359375
0 0.76171875 0.95625 0.0375 0.05
0 0.93515625 0.85546875 0.04140625 0.05
0 0.35859375 0.75546875 0.0328125 0.05
0 0.8359375 0.58125 0.0296875 0.0296875
0 0.8078125 0.71171875 0.03515625 0.0421875
0 0.66328125 0.77578125 0.04296875 0.04609375
0 0.82421875 0.7875 0.02578125 0.03359375
0 0.89921875 0.596875 0.02578125 0.03125
0 0.4234375 0.80703125 0.0359375 0.04765625
0 0.19921875 0.6328125 0.02890625 0.03125
0 0.62578125 0.5640625 0.0265625 0.0328125
0 0.32578125 0.896875 0.04375 0.06171875
0 0.1890625 0.54453125 0.028125 0.02734375
0 0.65078125 0.5109375 0.02578125 0.03046875
0 0.39140625 0.67890625 0.02890625 0.03984375
0 0.28828125 0.690625 0.03671875 0.040625
0 0.02734375 0.915625 0.0421875 0.05625
0 0.25078125 0.8453125 0.02734375 0.04453125
0 0.73203125 0.49765625 0.03046875 0.02578125
0 0.596875 0.5734375 0.02578125 0.02578125
0 0.2359375 0.51484375 0.02421875 0.028125
0 0.42421875 0.72734375 0.03828125 0.0453125
0 0.10546875 0.80390625 0.03671875 0.04453125
0 0.1421875 0.790625 0.02890625 0.04921875
0 0.784375 0.74140625 0.03046875 0.04296875
0 0.98046875 0.709375 0.03671875 0.04140625
0 0.66953125 0.946875 0.03515625 0.05703125
0 0.46875 0.6453125 0.03046875 0.034375
0 0.27109375 0.61640625 0.02890625 0.0296875
0 0.2046875 0.69609375 0.0234375 0.02734375
0 0.7546875 0.78828125 0.0328125 0.04375
0 0.96796875 0.80390625 0.04140625 0.0453125
0 0.52578125 0.9734375 0.0375 0.0484375
0 0.7140625 0.6359375 0.02421875 0.03203125
0 0.73203125 0.46484375 0.01796875 0.02265625
0 0.4875 0.60078125 0.01953125 0.02421875
0 0.84609375 0.7078125 0.0234375 0.034375
0 0.81015625 0.83984375 0.03046875 0.04296875
0 0.17734375 0.9734375 0.0265625 0.046875
0 0.2515625 0.75078125 0.0328125 0.0390625
0 0.05703125 0.75234375 0.0328125 0.03203125
0 0.20390625 0.76328125 0.025 0.03125
0 0.21875 0.89140625 0.03984375 0.065625
0 0.3234375 0.7171875 0.028125 0.0328125
0 0.68046875 0.50390625 0.028125 0.028125
0 0.0171875 0.571875 0.034375 0.03046875
0 0.3234375 0.48046875 0.0484375 0.040625
0 0.3265625 0.44609375 0.01875 0.02265625
0 0.6609375 0.5765625 0.03125 0.0296875
0 0.33515625 0.66875 0.03359375 0.03984375
0 0.859375 0.9734375 0.04140625 0.053125
0 0.15234375 0.7359375 0.01953125 0.02734375
0 0.56484375 0.49140625 0.025 0.028125
0 0.25390625 0.55390625 0.02265625 0.0296875
0 0.59453125 0.79140625 0.0296875 0.0375
0 0.6171875 0.98359375 0.02734375 0.03203125
0 0.7859375 0.57734375 0.02265625 0.02890625
0 0.39609375 0.9375 0.03046875 0.04609375
0 0.3203125 0.63046875 0.0265625 0.03203125
0 0.11328125 0.43984375 0.0234375 0.021875
0 0.9875 0.59765625 0.02421875 0.03203125
0 0.11875 0.69609375 0.02734375 0.03046875
0 0.41875 0.98203125 0.03046875 0.03515625
0 0.7046875 0.5359375 0.03125 0.02734375
0 0.7453125 0.59296875 0.02109375 0.028125
0 0.49296875 0.5296875 0.02109375 0.02578125
0 0.6765625 0.43984375 0.02265625 0.021875
0 0.0734375 0.5734375 0.03671875 0.05859375
0 0.06328125 0.53828125 0.025 0.0234375
0 0.465625 0.76015625 0.021875 0.03359375
0 0.22421875 0.540625 0.025 0.02265625
0 0.18671875 0.50703125 0.02109375 0.0265625
0 0.36015625 0.4640625 0.01796875 0.02109375
0 0.8796875 0.5546875 0.021875 0.0265625
0 0.38984375 0.40703125 0.01875 0.01875
0 0.18671875 0.8625 0.0375 0.0375
0 0.51015625 0.59296875 0.01875 0.02265625
0 0.815625 0.49453125 0.03203125 0.03984375
0 0.82109375 0.45234375 0.0171875 0.01953125
0 0.8828125 0.48125 0.021875 0.021875
0 0.2875 0.44765625 0.01796875 0.02109375
0 0.11171875 0.55 0.03125 0.02421875
0 0.596875 0.475 0.02890625 0.02578125
0 0.38828125 0.57421875 0.0171875 0.02734375
0 0.7734375 0.43671875 0.02578125 0.02265625
0 0.81171875 0.97265625 0.01953125 0.03515625
0 0.96640625 0.76171875 0.0453125 0.040625
0 0.50625 0.44921875 0.02109375 0.01953125
0 0.74453125 0.6234375 0.025 0.025
0 0.790625 0.478125 0.01953125 0.02109375
0 0.46328125 0.43203125 0.01953125 0.0203125
0 0.02578125 0.66171875 0.03125 0.0328125
0 0.8515625 0.42109375 0.01953125 0.025
0 0.01875 0.53046875 0.0296875 0.02734375
0 0.94765625 0.6375 0.028125 0.034375
0 0.42421875 0.52578125 0.01796875 0.025
0 0.52421875 0.47109375 0.0234375 0.02109375
0 0.90078125 0.64765625 0.02890625 0.034375
0 0.27265625 0.50078125 0.01953125 0.02265625
0 0.10234375 0.51640625 0.0234375 0.0265625
0 0.91875 0.465625 0.02265625 0.01875
0 0.28515625 0.425 0.0171875 0.01796875
0 0.43984375 0.6234375 0.0234375 0.03828125
0 0.24375 0.42890625 0.01875 0.01953125
0 0.36875 0.4875 0.01953125 0.02109375
0 0.4046875 0.42734375 0.01875 0.0203125
0 0.928125 0.603125 0.01796875 0.02265625
0 0.0484375 0.7078125 0.0390625 0.03671875
0 0.471875 0.48046875 0.01328125 0.01875
0 0.14375 0.4609375 0.0203125 0.025
0 0.81875 0.47109375 0.01953125 0.01875
0 0.178125 0.453125 0.01953125 0.02421875
0 0.89296875 0.51015625 0.02578125 0.02265625
0 0.92734375 0.7453125 0.01796875 0.02109375
0 0.915625 0.53515625 0.0234375 0.0234375
0 0.871875 0.390625 0.02421875 0.01953125
0 0.73203125 0.4015625 0.03125 0.0265625
0 0.73359375 0.3578125 0.01953125 0.01875
0 0.52109375 0.5 0.02109375 0.0234375
0 0.4921875 0.575 0.0171875 0.021875
0 0.50546875 0.609375 0.01484375 0.01796875
0 0.67421875 0.5984375 0.01875 0.02109375
0 0.01015625 0.6375 0.0203125 0.03125
0 0.40078125 0.59921875 0.02109375 0.02734375
0 0.771875 0.5125 0.02578125 0.02421875
0 0.66171875 0.45625 0.0203125 0.01953125
0 0.65703125 0.4765625 0.0203125 0.01796875
0 0.40078125 0.5578125 0.0171875 0.01875
0 0.14296875 0.4203125 0.0203125 0.01953125
0 0.278125 0.9890625 0.04765625 0.021875
0 0.0109375 0.703125 0.021875 0.028125
0 0.15625 0.49609375 0.01640625 0.02265625
0 0.78828125 0.41640625 0.01953125 0.02109375
0 0.33125 0.56640625 0.021875 0.028125
0 0.79296875 0.6671875 0.02109375 0.02734375
0 0.7703125 0.3890625 0.02109375 0.0171875
0 0.43046875 0.66796875 0.0203125 0.02890625
0 0.62421875 0.48671875 0.01796875 0.0171875
0 0.165625 0.8265625 0.02265625 0.02421875
0 0.04296875 0.4609375 0.025 0.0234375
0 0.68671875 0.46484375 0.0171875 0.02265625
0 0.7625 0.359375 0.01640625 0.0171875
0 0.75078125 0.38046875 0.021875 0.01796875
0 0.1671875 0.5078125 0.01484375 0.02109375
0 0.734375 0.3390625 0.0171875 0.01953125
0 0.69609375 0.396875 0.02734375 0.0234375
0 0.703125 0.36015625 0.01796875 0.01796875
0 0.98671875 0.96328125 0.0265625 0.071875
0 0.5 0.42578125 0.01640625 0.01875
0 0.08203125 0.5 0.01875 0.02109375
0 0.821875 0.53125 0.028125 0.025
0 0.55703125 0.31328125 0.01796875 0.01875
0 0.00703125 0.5015625 0.01328125 0.025
0 0.675 0.37109375 0.0328125 0.02890625
0 0.68046875 0.3453125 0.01875 0.01796875
0 0.93984375 0.46328125 0.0203125 0.01953125
0 0.06875 0.640625 0.025 0.0453125
0 0.13984375 0.64296875 0.03671875 0.04140625
0 0.26328125 0.46015625 0.02421875 0.02421875
0 0.34609375 0.396875 0.0421875 0.03984375
0 0.434375 0.41015625 0.03046875 0.03125
0 0.21796875 0.83671875 0.04921875 0.04921875
0 0.56171875 0.4390625 0.03203125 0.03125
0 0.55 0.41796875 0.01953125 0.03125
0 0.56796875 0.39765625 0.03203125 0.02890625
0 0.690625 0.4234375 0.02265625 0.02421875
0 0.51796875 0.3859375 0.02421875 0.028125
0 0.45234375 0.38359375 0.02578125 0.0234375
0 0.3015625 0.4265625 0.02734375 0.0359375
0 0.9015625 0.43203125 0.0453125 0.03671875
0 0.8328125 0.39296875 0.0296875 0.03671875