0 0.05 0.95546875 0.1 0.0890625
0 0.075 0.86328125 0.08203125 0.08984375
0 0.0234375 0.7625 0.046875 0.078125
0 0.11796875 0.91640625 0.04765625 0.1
0 0.14609375 0.85859375 0.04453125 0.06015625
0 0.16875 0.89375 0.0546875 0.07578125
0 0.1984375 0.96015625 0.084375 0.0796875
0 0.13125 0.9734375 0.05234375 0.053125
0 0.2921875 0.96171875 0.06171875 0.07578125
0 0.28984375 0.89453125 0.06171875 0.08984375
0 0.23671875 0.8765625 0.0625 0.10390625
0 0.2234375 0.8046875 0.053125 0.08671875
0 0.18359375 0.81328125 0.04453125 0.06953125
0 0.175 0.7703125 0.0375 0.04609375
0 0.184375 0.725 0.05078125 0.0484375
0 0.0921875 0.69453125 0.0484375 0.0609375
0 0.046875 0.65859375 0.04921875 0.05
0 0.078125 0.58125 0.03359375 0.046875
0 0.140625 0.6078125 0.034375 0.053125
0 0.23671875 0.6890625 0.03828125 0.053125
0 0.2609375 0.71796875 0.040625 0.059375
0 0.29453125 0.75078125 0.0375 0.04609375
0 0.3078125 0.690625 0.03515625 0.05703125
0 0.2703125 0.65703125 0.0453125 0.05546875
0 0.24296875 0.62578125 0.03046875 0.04296875
0 0.2765625 0.6 0.0296875 0.04609375
0 0.25234375 0.57578125 0.0234375 0.03828125
0 0.23125 0.5671875 0.025 0.046875
0 0.221875 0.54140625 0.0328125 0.046875
0 0.2953125 0.5671875 0.03984375 0.04140625
0 0.3234375 0.640625 0.04921875 0.03515625
0 0.31796875 0.60703125 0.04140625 0.046875
0 0.36875 0.65703125 0.04296875 0.0515625
0 0.35703125 0.71875 0.02265625 0.03515625
0 0.38359375 0.75859375 0.03671875 0.0484375
0 0.38671875 0.84140625 0.05390625 0.0796875
0 0.3578125 0.89609375 0.05078125 0.08046875
0 0.35546875 0.975 0.03515625 0.0390625
0 0.190625 0.53046875 0.01484375 0.0296875
0 0.309375 0.49609375 0.04765625 0.03203125
0 0.303125 0.4625 0.0359375 0.0359375
0 0.35859375 0.5546875 0.053125 0.04609375
0 0.3421875 0.5171875 0.01953125 0.02890625
0 0.35390625 0.49453125 0.034375 0.028125
0 0.4078125 0.56796875 0.0421875 0.04140625
0 0.4109375 0.63125 0.046875 0.04921875
0 0.4421875 0.6859375 0.046875 0.05546875
0 0.40859375 0.72734375 0.03046875 0.03828125
0 0.446875 0.846875 0.05 0.05625
0 0.446875 0.91875 0.0546875 0.05
0 0.4625 0.975 0.0921875 0.05
0 0.59453125 0.915625 0.0609375 0.071875
0 0.5640625 0.78515625 0.05390625 0.06640625
0 0.490625 0.78125 0.04921875 0.046875
0 0.53828125 0.684375 0.03828125 0.05625
0 0.50625 0.68515625 0.03359375 0.06484375
0 0.490625 0.646875 0.03203125 0.0484375
0 0.4578125 0.62109375 0.03203125 0.040625
0 0.4734375 0.59609375 0.025 0.040625
0 0.434375 0.52734375 0.03828125 0.04140625
0 0.44296875 0.57109375 0.02109375 0.02890625
0 0.471875 0.534375 0.03359375 0.034375
0 0.49921875 0.55859375 0.03828125 0.04140625
0 0.4421875 0.4890625 0.040625 0.03046875
0 0.4828125 0.4890625 0.05234375 0.03125
0 0.503125 0.5140625 0.04296875 0.0265625
0 0.5609375 0.52734375 0.0328125 0.03828125
0 0.54140625 0.48203125 0.03359375 0.02578125
0 0.5890625 0.4984375 0.0484375 0.02890625
0 0.61640625 0.53125 0.03359375 0.028125
0 0.64140625 0.58515625 0.03515625 0.04609375
0 0.63359375 0.55859375 0.02890625 0.025
0 0.60703125 0.62421875 0.04140625 0.03828125
0 0.60234375 0.57421875 0.03828125 0.03828125
0 0.6078125 0.78359375 0.04140625 0.0546875
0 0.178125 0.47578125 0.02421875 0.03125
0 0.13046875 0.5171875 0.025 0.0359375
0 0.01875 0.625 0.0375 0.05625
0 0.0125 0.59140625 0.02421875 0.04453125
0 0.4515625 0.45703125 0.03671875 0.02890625
0 0.453125 0.41875 0.03203125 0.0296875
0 0.3765625 0.43203125 0.03046875 0.0234375
0 0.34921875 0.4609375 0.028125 0.034375
0 0.4265625 0.4609375 0.02578125 0.0296875
0 0.48203125 0.465625 0.028125 0.03125
0 0.625 0.45625 0.0296875 0.034375
0 0.60078125 0.46640625 0.02890625 0.04140625
0 0.64765625 0.42421875 0.03359375 0.04296875
0 0.66953125 0.55703125 0.02734375 0.04296875
0 0.678125 0.51484375 0.03515625 0.03515625
0 0.64140625 0.7359375 0.03984375 0.0546875
0 0.65078125 0.79375 0.04609375 0.05703125
0 0.66015625 0.865625 0.06796875 0.08359375
0 0.6609375 0.95546875 0.059375 0.07890625
0 0.71484375 0.921875 0.046875 0.08046875
0 0.71171875 0.78046875 0.04375 0.0859375
0 0.6859375 0.72421875 0.0640625 0.05859375
0 0.6828125 0.68125 0.03671875 0.053125
0 0.70703125 0.6375 0.04453125 0.046875
0 0.7171875 0.5984375 0.040625 0.04375
0 0.67734375 0.59921875 0.02578125 0.0296875
0 0.81171875 0.971875 0.05546875 0.05546875
0 0.86015625 0.9671875 0.0484375 0.065625
0 0.80390625 0.91796875 0.053125 0.08203125
0 0.76328125 0.86953125 0.05390625 0.0796875
0 0.8296875 0.8515625 0.0359375 0.05703125
0 0.803125 0.84921875 0.0234375 0.05546875
0 0.80234375 0.79765625 0.04375 0.06171875
0 0.765625 0.7734375 0.053125 0.0796875
0 0.84609375 0.753125 0.0515625 0.06328125
0 0.8765625 0.803125 0.06328125 0.04375
0 0.8921875 0.8671875 0.0984375 0.07109375
0 0.946875 0.9234375 0.0796875 0.06875
0 0.98515625 0.959375 0.02890625 0.05625
0 0.98515625 0.85234375 0.02890625 0.06796875
0 0.96640625 0.8015625 0.0671875 0.059375
0 0.97890625 0.7390625 0.04140625 0.04296875
0 0.96953125 0.69296875 0.05703125 0.04140625
0 0.9109375 0.68515625 0.03203125 0.04609375
0 0.89921875 0.7703125 0.04609375 0.05546875
0 0.93125 0.74609375 0.02421875 0.04296875
0 0.88203125 0.69921875 0.02265625 0.04296875
0 0.85625 0.703125 0.03203125 0.03828125
0 0.80625 0.6578125 0.03671875 0.05859375
0 0.82734375 0.6359375 0.02734375 0.03828125
0 0.7640625 0.6640625 0.03671875 0.04921875
0 0.81171875 0.59296875 0.0328125 0.0515625
0 0.7484375 0.61796875 0.03515625 0.034375
0 0.853125 0.571875 0.0453125 0.025
0 0.8890625 0.63984375 0.04140625 0.04609375
0 0.9015625 0.5890625 0.0296875 0.040625
0 0.97890625 0.65390625 0.04140625 0.03984375
0 0.9609375 0.571875 0.0390625 0.03671875
0 0.940625 0.528125 0.03671875 0.01640625
0 0.8390625 0.51015625 0.0296875 0.03125
0 0.75859375 0.5296875 0.03203125 0.028125
0 0.7640625 0.49296875 0.0265625 0.03671875
0 0.79375 0.5171875 0.01640625 0.02890625
0 0.875 0.49921875 0.04765625 0.06953125
0 0.8828125 0.46953125 0.03203125 0.0390625
0 0.8328125 0.465625 0.03515625 0.0390625
0 0.3015625 0.3796875 0.0296875 0.0296875
0 0.28359375 0.396875 0.02578125 0.03203125
0 0.3296875 0.41171875 0.02890625 0.03203125
0 0.415625 0.41796875 0.02109375 0.0359375
0 0.23828125 0.41171875 0.02421875 0.0390625
0 0.27265625 0.45859375 0.02578125 0.04453125
0 0.23984375 0.465625 0.028125 0.04609375
0 0.2 0.46640625 0.03046875 0.0390625
0 0.73125 0.46015625 0.03671875 0.040625
0 0.7265625 0.509375 0.02890625 0.046875
0 0.709375 0.53125 0.03203125 0.0453125
0 0.80703125 0.4984375 0.03203125 0.04609375
0 0.55625 0.45078125 0.03515625 0.0515625