0 0.121875 0.90625 0.05 0.0890625
0 0.26484375 0.91015625 0.03828125 0.04765625
0 0.20078125 0.92265625 0.028125 0.040625
0 0.18515625 0.86015625 0.03828125 0.05546875
0 0.17890625 0.9015625 0.02734375 0.0453125
0 0.1453125 0.790625 0.028125 0.0328125
0 0.1453125 0.72265625 0.0296875 0.034375
0 0.07734375 0.759375 0.03125 0.0375
0 0.03046875 0.7984375 0.03671875 0.0359375
0 0.0765625 0.690625 0.03203125 0.03671875
0 0.10859375 0.7078125 0.02109375 0.03359375
0 0.0734375 0.62265625 0.0328125 0.02890625
0 0.13984375 0.66015625 0.0234375 0.03203125
0 0.15234375 0.684375 0.03203125 0.04140625
0 0.17890625 0.6546875 0.025 0.03125
0 0.18671875 0.69609375 0.025 0.02734375
0 0.2015625 0.7265625 0.021875 0.03125
0 0.221875 0.725 0.0234375 0.03359375
0 0.253125 0.74609375 0.02578125 0.02421875
0 0.2546875 0.77265625 0.02890625 0.028125
0 0.2421875 0.80078125 0.03671875 0.03359375
0 0.23984375 0.6671875 0.0296875 0.03125
0 0.20625 0.6578125 0.021875 0.02734375
0 0.2140625 0.6 0.02421875 0.0234375
0 0.253125 0.6296875 0.01953125 0.02265625
0 0.2765625 0.65546875 0.02109375 0.02890625
0 0.28984375 0.6859375 0.01796875 0.02890625
0 0.30234375 0.7234375 0.0265625 0.03671875
0 0.3453125 0.78671875 0.03203125 0.0328125
0 0.38125 0.7921875 0.0265625 0.03671875
0 0.36328125 0.72421875 0.02421875 0.034375
0 0.38984375 0.73671875 0.02421875 0.03203125
0 0.3515625 0.953125 0.02890625 0.06328125
0 0.32578125 0.93515625 0.03828125 0.04453125
0 0.4828125 0.9140625 0.0375 0.03671875
0 0.59140625 0.9671875 0.02421875 0.0453125
0 0.540625 0.81953125 0.0265625 0.0390625
0 0.48984375 0.8609375 0.034375 0.0421875
0 0.43984375 0.8484375 0.028125 0.04921875
0 0.478125 0.81484375 0.04453125 0.05
0 0.5390625 0.77265625 0.03203125 0.0453125
0 0.62578125 0.90390625 0.0328125 0.05234375
0 0.571875 0.85703125 0.034375 0.04140625
0 0.64140625 0.86484375 0.03046875 0.04140625
0 0.6546875 0.940625 0.0390625 0.0609375
0 0.68203125 0.975 0.03828125 0.04375
0 0.76796875 0.9609375 0.03828125 0.04140625
0 0.7828125 0.90546875 0.028125 0.040625
0 0.7734375 0.84453125 0.040625 0.05
0 0.7859375 0.8109375 0.02578125 0.0328125
0 0.70703125 0.83671875 0.03125 0.04765625
0 0.74140625 0.821875 0.03125 0.05
0 0.70859375 0.74921875 0.01796875 0.03125
0 0.67734375 0.76875 0.0359375 0.0359375
0 0.64609375 0.77734375 0.02578125 0.02890625
0 0.865625 0.84921875 0.0328125 0.04921875
0 0.87421875 0.93125 0.03828125 0.05703125
0 0.90546875 0.90625 0.0328125 0.06484375
0 0.95625 0.953125 0.0328125 0.04765625
0 0.90078125 0.77265625 0.0359375 0.03359375
0 0.94296875 0.7921875 0.03046875 0.03828125
0 0.871875 0.71640625 0.03125 0.03515625
0 0.9265625 0.690625 0.03125 0.03125
0 0.965625 0.73984375 0.034375 0.0265625
0 0.834375 0.7375 0.028125 0.03828125
0 0.8109375 0.75859375 0.03046875 0.03203125
0 0.86953125 0.64296875 0.0265625 0.0296875
0 0.9390625 0.5859375 0.0234375 0.02734375
0 0.81953125 0.67265625 0.02109375 0.03671875
0 0.784375 0.70625 0.02109375 0.0265625
0 0.74453125 0.68671875 0.03671875 0.0375
0 0.74296875 0.7328125 0.01953125 0.03984375
0 0.77421875 0.66796875 0.03046875 0.0390625
0 0.74375 0.63984375 0.0234375 0.0265625
0 0.7734375 0.5875 0.01953125 0.02890625
0 0.8375 0.546875 0.01796875 0.021875
0 0.765625 0.51171875 0.0203125 0.0203125
0 0.7734375 0.54453125 0.025 0.02265625
0 0.71796875 0.58125 0.01953125 0.028125
0 0.69296875 0.62421875 0.0171875 0.02421875
0 0.6 0.69296875 0.02578125 0.02734375
0 0.5796875 0.74453125 0.03984375 0.03125
0 0.653125 0.72890625 0.01640625 0.0234375
0 0.67421875 0.6890625 0.02109375 0.0296875
0 0.55 0.70859375 0.03359375 0.0359375
0 0.51171875 0.70078125 0.02578125 0.03046875
0 0.50390625 0.6671875 0.02265625 0.0296875
0 0.55703125 0.59921875 0.0203125 0.0328125
0 0.4671875 0.64296875 0.02421875 0.03046875
0 0.4421875 0.690625 0.01875 0.0203125
0 0.44140625 0.74375 0.03125 0.0328125
0 0.334375 0.6640625 0.02890625 0.0328125
0 0.37578125 0.6609375 0.021875 0.03203125
0 0.3640625 0.596875 0.02578125 0.0296875
0 0.3515625 0.55703125 0.02109375 0.021875
0 0.26484375 0.5171875 0.02109375 0.025
0 0.15546875 0.5546875 0.0203125 0.021875
0 0.2453125 0.471875 0.01953125 0.02421875
0 0.3671875 0.625 0.0125 0.021875
0 0.38828125 0.57734375 0.02421875 0.02734375
0 0.4109375 0.6015625 0.02109375 0.028125
0 0.4390625 0.59140625 0.0265625 0.03671875
0 0.415625 0.546875 0.021875 0.0234375
0 0.45546875 0.4203125 0.015625 0.01875
0 0.4625 0.44453125 0.021875 0.01640625
0 0.45 0.465625 0.02421875 0.02265625
0 0.453125 0.52265625 0.0203125 0.02421875
0 0.484375 0.5359375 0.01875 0.0296875
0 0.49296875 0.58515625 0.01953125 0.02265625
0 0.51015625 0.5703125 0.021875 0.0234375
0 0.51640625 0.48046875 0.0171875 0.0265625
0 0.6015625 0.45 0.0140625 0.0203125
0 0.60859375 0.55859375 0.02109375 0.021875
0 0.60859375 0.5359375 0.02421875 0.02734375
0 0.58046875 0.5625 0.02109375 0.02578125
0 0.63828125 0.6421875 0.02578125 0.02578125
0 0.709375 0.51171875 0.0234375 0.0203125
0 0.64375 0.56875 0.02265625 0.0234375
0 0.61640625 0.47421875 0.01640625 0.0171875
0 0.24140625 0.54296875 0.0265625 0.03046875
0 0.28671875 0.56484375 0.02421875 0.0265625