0 0.134375 0.9328125 0.04453125 0.053125
0 0.059375 0.83359375 0.07109375 0.06484375
0 0.09140625 0.76875 0.0359375 0.04609375
0 0.05 0.725 0.03359375 0.03515625
0 0.1828125 0.7921875 0.034375 0.0578125
0 0.16796875 0.84765625 0.0359375 0.0453125
0 0.265625 0.88515625 0.03984375 0.07734375
0 0.22890625 0.6703125 0.0453125 0.04921875
0 0.2296875 0.72890625 0.03515625 0.04609375
0 0.05546875 0.6203125 0.04765625 0.03359375
0 0.1109375 0.5640625 0.03046875 0.0328125
0 0.16484375 0.53515625 0.01328125 0.01953125
0 0.31328125 0.6703125 0.03984375 0.06015625
0 0.30390625 0.56015625 0.03828125 0.03828125
0 0.3140625 0.8171875 0.04453125 0.04453125
0 0.340625 0.8453125 0.04453125 0.0515625
0 0.2921875 0.4765625 0.02421875 0.0265625
0 0.3171875 0.5234375 0.028125 0.02734375
0 0.371875 0.503125 0.02734375 0.034375
0 0.33984375 0.38984375 0.0203125 0.02421875
0 0.4171875 0.44296875 0.01953125 0.02578125
0 0.3609375 0.63828125 0.025 0.03203125
0 0.421875 0.6421875 0.040625 0.0421875
0 0.43828125 0.7375 0.04609375 0.059375
0 0.4375 0.8296875 0.05625 0.0734375
0 0.48203125 0.9453125 0.04921875 0.07578125
0 0.59921875 0.96171875 0.04453125 0.07578125
0 0.534375 0.796875 0.0625 0.04921875
0 0.5109375 0.57578125 0.04765625 0.05625
0 0.45859375 0.45078125 0.03125 0.02578125
0 0.49609375 0.43359375 0.02265625 0.025
0 0.4546875 0.42890625 0.0296875 0.0234375
0 0.46875 0.40546875 0.025 0.02421875
0 0.49921875 0.40703125 0.02578125 0.021875
0 0.54609375 0.45234375 0.021875 0.0265625
0 0.54296875 0.41171875 0.03125 0.0265625
0 0.58828125 0.66015625 0.0421875 0.04375
0 0.62734375 0.70703125 0.04140625 0.05390625
0 0.65390625 0.81875 0.05 0.0765625
0 0.7171875 0.75390625 0.0515625 0.06953125
0 0.83828125 0.8515625 0.046875 0.071875
0 0.78125 0.7515625 0.03828125 0.04609375
0 0.79140625 0.6796875 0.040625 0.05625
0 0.778125 0.60703125 0.0296875 0.040625
0 0.7453125 0.59296875 0.02890625 0.03828125
0 0.6671875 0.57578125 0.02890625 0.03046875
0 0.5703125 0.57890625 0.02734375 0.034375
0 0.565625 0.5484375 0.028125 0.02890625
0 0.603125 0.4796875 0.02421875 0.03125
0 0.703125 0.48984375 0.02890625 0.0328125
0 0.7453125 0.49375 0.02421875 0.02890625
0 0.94296875 0.6953125 0.04296875 0.0421875
0 0.89296875 0.70546875 0.0359375 0.04453125
0 0.91328125 0.77265625 0.03125 0.0453125
0 0.92265625 0.90703125 0.0515625 0.0640625
0 0.84453125 0.50625 0.03671875 0.034375
0 0.89375 0.478125 0.0328125 0.03046875
0 0.91640625 0.51171875 0.03203125 0.0296875
0 0.89765625 0.571875 0.03203125 0.0296875
0 0.8359375 0.43203125 0.02734375 0.0265625
0 0.81328125 0.4078125 0.0234375 0.0265625
0 0.76328125 0.42578125 0.015625 0.01796875
0 0.771875 0.396875 0.021875 0.02890625
0 0.78671875 0.4609375 0.0234375 0.02890625
0 0.6984375 0.4515625 0.0234375 0.0265625
0 0.6328125 0.45078125 0.021875 0.0296875
0 0.7625 0.9296875 0.03203125 0.065625
0 0.809375 0.90234375 0.05625 0.0484375
0 0.73828125 0.8140625 0.0296875 0.03359375
0 0.69453125 0.85078125 0.0171875 0.0359375
0 0.22890625 0.5421875 0.02578125 0.03046875
0 0.10078125 0.646875 0.0265625 0.025
0 0.03515625 0.5453125 0.02734375 0.03046875
0 0.4859375 0.3671875 0.0203125 0.01953125
0 0.7296875 0.55625 0.03125 0.03359375
0 0.39921875 0.4796875 0.02734375 0.02421875