0 0.0609375 0.9640625 0.0359375 0.05
0 0.03359375 0.9109375 0.0296875 0.04453125
0 0.0578125 0.7859375 0.04296875 0.03671875
0 0.0953125 0.81953125 0.028125 0.03203125
0 0.20078125 0.86328125 0.04140625 0.05703125
0 0.19453125 0.9234375 0.0359375 0.053125
0 0.278125 0.87265625 0.04140625 0.0609375
0 0.38203125 0.95546875 0.04375 0.06640625
0 0.3828125 0.8421875 0.040625 0.059375
0 0.32734375 0.83125 0.02421875 0.0359375
0 0.28671875 0.73359375 0.03359375 0.0453125
0 0.24453125 0.7828125 0.0375 0.05234375
0 0.21953125 0.703125 0.02890625 0.0359375
0 0.16875 0.7125 0.02109375 0.02265625
0 0.1109375 0.73515625 0.03046875 0.04296875
0 0.146875 0.665625 0.025 0.0265625
0 0.16171875 0.69140625 0.01484375 0.02265625
0 0.28515625 0.6375 0.01953125 0.03125
0 0.303125 0.69296875 0.02734375 0.03203125
0 0.4328125 0.96328125 0.03125 0.04140625
0 0.565625 0.94921875 0.04765625 0.06171875
0 0.5375 0.88359375 0.03984375 0.04921875
0 0.47265625 0.771875 0.04296875 0.0828125
0 0.5328125 0.77578125 0.025 0.0390625
0 0.52890625 0.7359375 0.02734375 0.0484375
0 0.62421875 0.78359375 0.03515625 0.04609375
0 0.7046875 0.93828125 0.03359375 0.0515625
0 0.7359375 0.9203125 0.04453125 0.0640625
0 0.7875 0.91953125 0.03203125 0.05546875
0 0.8859375 0.959375 0.0453125 0.05234375
0 0.890625 0.72109375 0.03046875 0.04453125
0 0.79140625 0.73515625 0.02890625 0.040625
0 0.73125 0.83046875 0.03046875 0.0515625
0 0.696875 0.8125 0.0375 0.05
0 0.69375 0.759375 0.03359375 0.03984375
0 0.715625 0.6859375 0.03125 0.03515625
0 0.678125 0.6828125 0.025 0.03515625
0 0.7640625 0.64765625 0.0296875 0.03671875
0 0.915625 0.61015625 0.03203125 0.03359375
0 0.871875 0.478125 0.03359375 0.03515625
0 0.759375 0.5609375 0.02578125 0.034375
0 0.80234375 0.58359375 0.02578125 0.03359375
0 0.67578125 0.628125 0.02890625 0.03671875
0 0.7046875 0.63828125 0.021875 0.03046875
0 0.61015625 0.6265625 0.021875 0.0390625
0 0.67421875 0.57421875 0.0234375 0.03359375
0 0.7109375 0.51328125 0.02109375 0.02890625
0 0.778125 0.496875 0.025 0.0265625
0 0.50390625 0.621875 0.0203125 0.028125
0 0.5265625 0.621875 0.03359375 0.0359375
0 0.5640625 0.63984375 0.02421875 0.02890625
0 0.56640625 0.68984375 0.0390625 0.03203125
0 0.56484375 0.56484375 0.025 0.034375
0 0.53203125 0.5375 0.0234375 0.03203125
0 0.478125 0.5953125 0.0203125 0.02421875
0 0.44375 0.5828125 0.02734375 0.0328125
0 0.459375 0.5578125 0.025 0.02890625
0 0.44375 0.6171875 0.0265625 0.028125
0 0.36484375 0.5859375 0.0234375 0.0296875
0 0.3859375 0.6453125 0.02890625 0.02890625
0 0.3546875 0.67109375 0.0171875 0.03515625
0 0.346875 0.75234375 0.0265625 0.03359375
0 0.3234375 0.66484375 0.02421875 0.03203125
0 0.3421875 0.53125 0.02265625 0.0296875
0 0.39609375 0.55546875 0.01640625 0.0265625
0 0.42109375 0.56484375 0.025 0.0328125
0 0.5109375 0.446875 0.02109375 0.02421875
0 0.4703125 0.6734375 0.0359375 0.03828125
0 0.93046875 0.8703125 0.05703125 0.04453125
0 0.91640625 0.7953125 0.028125 0.03828125
0 0.86015625 0.79609375 0.03984375 0.03671875
0 0.84296875 0.73828125 0.0453125 0.059375
0 0.8703125 0.6703125 0.03359375 0.03515625
0 0.940625 0.75 0.03515625 0.03828125
0 0.9125 0.65625 0.03984375 0.03359375
0 0.82265625 0.61328125 0.02578125 0.0265625
0 0.859375 0.61875 0.0359375 0.03671875
0 0.7484375 0.6 0.02109375 0.02265625
0 0.4875 0.56484375 0.02578125 0.03203125
0 0.48046875 0.5140625 0.02265625 0.021875
0 0.52890625 0.57421875 0.02890625 0.02890625
0 0.56796875 0.60234375 0.0203125 0.02109375
0 0.4046875 0.603125 0.028125 0.03203125
0 0.26640625 0.621875 0.01875 0.0265625
0 0.17265625 0.75078125 0.028125 0.02734375
0 0.121875 0.66015625 0.025 0.02265625
0 0.04765625 0.675 0.034375 0.0328125