0 0.01875 0.91640625 0.0375 0.0609375
0 0.03828125 0.96953125 0.0453125 0.06015625
0 0.02578125 0.86328125 0.05078125 0.06796875
0 0.015625 0.78046875 0.03125 0.0609375
0 0.025 0.69375 0.03046875 0.0515625
0 0.065625 0.6921875 0.03515625 0.05625
0 0.04453125 0.65546875 0.03359375 0.034375
0 0.02265625 0.625 0.040625 0.05
0 0.09453125 0.871875 0.08359375 0.08671875
0 0.121875 0.80234375 0.0484375 0.05
0 0.08125 0.753125 0.05390625 0.06953125
0 0.159375 0.95078125 0.053125 0.0984375
0 0.1921875 0.88671875 0.0515625 0.06640625
0 0.19765625 0.83828125 0.07109375 0.08359375
0 0.2453125 0.7765625 0.0421875 0.06796875
0 0.271875 0.93046875 0.05078125 0.1015625
0 0.31953125 0.86484375 0.053125 0.06484375
0 0.34765625 0.8890625 0.05625 0.08203125
0 0.2515625 0.7140625 0.05234375 0.06640625
0 0.43125 0.88203125 0.0796875 0.09375
0 0.46484375 0.953125 0.06875 0.09375
0 0.44296875 0.79140625 0.06171875 0.078125
0 0.4109375 0.7515625 0.0484375 0.0515625
0 0.34609375 0.78671875 0.03359375 0.04375
0 0.3265625 0.71171875 0.0578125 0.0796875
0 0.37734375 0.66953125 0.03984375 0.053125
0 0.4328125 0.6890625 0.0546875 0.06796875
0 0.49375 0.79609375 0.04296875 0.0484375
0 0.52734375 0.865625 0.08046875 0.08203125
0 0.1359375 0.6828125 0.03984375 0.04375
0 0.09609375 0.66015625 0.0546875 0.0484375
0 0.165625 0.63984375 0.040625 0.0390625
0 0.17890625 0.61328125 0.02109375 0.028125
0 0.1578125 0.61640625 0.02890625 0.0390625
0 0.140625 0.5984375 0.03984375 0.046875
0 0.11015625 0.5890625 0.03125 0.04921875
0 0.08046875 0.58046875 0.03671875 0.04609375
0 0.0671875 0.5609375 0.05078125 0.04375
0 0.115625 0.546875 0.04296875 0.03203125
0 0.1234375 0.5234375 0.03671875 0.03671875
0 0.0203125 0.55625 0.040625 0.071875
0 0.15390625 0.53203125 0.03046875 0.040625
0 0.1796875 0.55234375 0.0328125 0.0359375
0 0.2109375 0.61953125 0.03515625 0.04140625
0 0.20390625 0.58984375 0.02265625 0.0296875
0 0.1953125 0.571875 0.02109375 0.0234375
0 0.23515625 0.64609375 0.02734375 0.0453125
0 0.2859375 0.634375 0.05546875 0.06171875
0 0.25546875 0.565625 0.03515625 0.0484375
0 0.25390625 0.515625 0.02421875 0.03515625
0 0.20703125 0.45703125 0.025 0.0359375
0 0.184375 0.44375 0.02578125 0.0296875
0 0.09375 0.46171875 0.03828125 0.02890625
0 0.2984375 0.5015625 0.02734375 0.025
0 0.31796875 0.5140625 0.03203125 0.03046875
0 0.325 0.59296875 0.05078125 0.0453125
0 0.3484375 0.63671875 0.0359375 0.02890625
0 0.3875 0.609375 0.03828125 0.03984375
0 0.39375 0.53828125 0.0328125 0.03828125
0 0.359375 0.53828125 0.02890625 0.03671875
0 0.340625 0.55625 0.04765625 0.028125
0 0.13984375 0.44375 0.046875 0.03671875
0 0.33125 0.4640625 0.03046875 0.03203125
0 0.36484375 0.9703125 0.02890625 0.04375
0 0.38359375 0.484375 0.021875 0.025
0 0.39453125 0.46015625 0.03828125 0.028125
0 0.41953125 0.5125 0.0375 0.03046875
0 0.43515625 0.46875 0.03203125 0.03984375
0 0.45 0.43359375 0.02421875 0.02890625
0 0.478125 0.48203125 0.03359375 0.03828125
0 0.47421875 0.45625 0.04296875 0.0296875
0 0.4890625 0.43046875 0.03515625 0.025
0 0.51328125 0.453125 0.03046875 0.034375
0 0.51953125 0.4265625 0.03984375 0.028125
0 0.50703125 0.53515625 0.04296875 0.0515625
0 0.42578125 0.42578125 0.01875 0.02578125
0 0.36328125 0.4171875 0.03359375 0.03515625
0 0.5640625 0.4734375 0.03828125 0.04375
0 0.56171875 0.4296875 0.03359375 0.03125
0 0.56328125 0.40078125 0.02890625 0.03125
0 0.53046875 0.403125 0.01796875 0.02421875
0 0.59609375 0.43125 0.03515625 0.040625
0 0.6 0.49609375 0.02890625 0.03046875
0 0.6015625 0.46796875 0.01953125 0.025
0 0.5421875 0.475 0.028125 0.04140625
0 0.5203125 0.625 0.07734375 0.1015625
0 0.57265625 0.58828125 0.034375 0.0546875
0 0.57890625 0.621875 0.03359375 0.04296875
0 0.61328125 0.6296875 0.05 0.0484375
0 0.5953125 0.6953125 0.06640625 0.06171875
0 0.6296875 0.746875 0.0734375 0.0984375
0 0.55 0.79921875 0.0234375 0.0265625
0 0.61015625 0.5375 0.0546875 0.0390625
0 0.61640625 0.51015625 0.03515625 0.03359375
0 0.64765625 0.478125 0.04140625 0.0390625
0 0.7484375 0.96171875 0.03828125 0.07578125
0 0.83125 0.934375 0.06171875 0.08671875
0 0.915625 0.953125 0.0640625 0.09375
0 0.784375 0.94609375 0.053125 0.07109375
0 0.76328125 0.91875 0.03828125 0.0484375
0 0.6859375 0.89765625 0.0265625 0.0390625
0 0.72421875 0.87109375 0.0421875 0.0640625
0 0.64765625 0.87578125 0.07421875 0.090625
0 0.7125 0.81328125 0.078125 0.0953125
0 0.77734375 0.815625 0.0515625 0.0640625
0 0.709375 0.72265625 0.03046875 0.053125
0 0.67578125 0.5984375 0.05078125 0.0546875
0 0.76171875 0.75078125 0.03984375 0.04609375
0 0.803125 0.7234375 0.06640625 0.08203125
0 0.84609375 0.7265625 0.05234375 0.0640625
0 0.8921875 0.7578125 0.05390625 0.03828125
0 0.8515625 0.81328125 0.07421875 0.05703125
0 0.90546875 0.84453125 0.0625 0.0484375
0 0.925 0.80625 0.04609375 0.05078125
0 0.94921875 0.75703125 0.06640625 0.05390625
0 0.975 0.6765625 0.05 0.06015625
0 0.74921875 0.63515625 0.06640625 0.05078125
0 0.7359375 0.59140625 0.05859375 0.04140625
0 0.78359375 0.653125 0.04765625 0.0546875
0 0.81328125 0.59609375 0.04375 0.034375
0 0.76015625 0.528125 0.0453125 0.03984375
0 0.71640625 0.528125 0.0390625 0.04609375
0 0.71484375 0.484375 0.04140625 0.03203125
0 0.74296875 0.4890625 0.03671875 0.03828125
0 0.7078125 0.43359375 0.03671875 0.03515625
0 0.778125 0.45234375 0.0359375 0.03125
0 0.7953125 0.4140625 0.0453125 0.03984375
0 0.8390625 0.42265625 0.03828125 0.03828125
0 0.80625 0.49296875 0.04609375 0.03984375
0 0.83828125 0.57265625 0.05703125 0.040625
0 0.84609375 0.621875 0.03671875 0.040625
0 0.865625 0.54609375 0.0578125 0.0484375
0 0.89609375 0.5671875 0.0625 0.034375
0 0.90859375 0.61484375 0.06171875 0.040625
0 0.971875 0.62109375 0.05625 0.04296875
0 0.98203125 0.5640625 0.0359375 0.0640625
0 0.93828125 0.54921875 0.0625 0.03984375
0 0.91875 0.51640625 0.05234375 0.046875
0 0.9515625 0.484375 0.04765625 0.0359375
0 0.9515625 0.45234375 0.04296875 0.034375
0 0.8984375 0.4609375 0.046875 0.0484375
0 0.74921875 0.41015625 0.04453125 0.0390625
0 0.9765625 0.984375 0.0453125 0.03046875
0 0.57578125 0.98125 0.021875 0.03671875