0 0.2828125 0.82421875 0.0375 0.05859375
0 0.64140625 0.8625 0.05390625 0.065625
0 0.7203125 0.83125 0.0328125 0.04921875
0 0.39296875 0.9140625 0.04453125 0.06171875
0 0.5484375 0.51171875 0.0265625 0.03203125
0 0.821875 0.959375 0.04453125 0.0625
0 0.21328125 0.740625 0.04375 0.046875
0 0.9296875 0.79140625 0.05078125 0.06953125
0 0.2046875 0.6546875 0.03515625 0.03671875
0 0.678125 0.96953125 0.05625 0.0609375
0 0.809375 0.5 0.02265625 0.02421875
0 0.48046875 0.62890625 0.0203125 0.02421875
0 0.7984375 0.6203125 0.02890625 0.03515625
0 0.22734375 0.85859375 0.0328125 0.05234375
0 0.02421875 0.865625 0.046875 0.0625
0 0.33046875 0.7328125 0.034375 0.04609375
0 0.1015625 0.8328125 0.03046875 0.0375
0 0.5046875 0.49296875 0.02734375 0.025
0 0.5765625 0.61015625 0.03046875 0.03046875
0 0.92890625 0.5390625 0.0296875 0.02890625
0 0.9359375 0.64375 0.03515625 0.04140625
0 0.54765625 0.8421875 0.0328125 0.040625
0 0.61484375 0.6046875 0.03046875 0.0375
0 0.13203125 0.525 0.0265625 0.028125
0 0.3484375 0.8875 0.0421875 0.05546875
0 0.128125 0.5640625 0.03359375 0.03046875
0 0.121875 0.671875 0.0328125 0.034375
0 0.39765625 0.50625 0.025 0.02421875
0 0.2703125 0.7171875 0.040625 0.046875
0 0.5546875 0.884375 0.0390625 0.04765625
0 0.821875 0.7875 0.0453125 0.05546875
0 0.471875 0.84140625 0.0375 0.04375
0 0.4265625 0.69453125 0.03203125 0.04140625
0 0.64609375 0.54140625 0.028125 0.03515625
0 0.46484375 0.75859375 0.03125 0.03984375
0 0.3609375 0.796875 0.0484375 0.059375
0 0.159375 0.8140625 0.03984375 0.0515625
0 0.70546875 0.56328125 0.0359375 0.03359375
0 0.459375 0.553125 0.025 0.02734375
0 0.8578125 0.62265625 0.0328125 0.0359375
0 0.73984375 0.52421875 0.0296875 0.03046875
0 0.88203125 0.4359375 0.025 0.02890625
0 0.71171875 0.6875 0.0296875 0.03203125
0 0.41328125 0.77578125 0.025 0.03984375
0 0.79296875 0.825 0.040625 0.0625
0 0.871875 0.78203125 0.03046875 0.0484375
0 0.76640625 0.9671875 0.04765625 0.065625
0 0.1171875 0.74375 0.0265625 0.0390625
0 0.18203125 0.5359375 0.02890625 0.03203125
0 0.2078125 0.43671875 0.01953125 0.02265625
0 0.25703125 0.67265625 0.03203125 0.03984375
0 0.9140625 0.58984375 0.02890625 0.03359375
0 0.4484375 0.63828125 0.02109375 0.03046875
0 0.753125 0.8828125 0.03671875 0.059375
0 0.78671875 0.45234375 0.0296875 0.0265625
0 0.14453125 0.93671875 0.0328125 0.05859375
0 0.6796875 0.53125 0.0296875 0.03359375
0 0.44296875 0.4453125 0.0234375 0.025
0 0.58203125 0.490625 0.03046875 0.028125
0 0.4078125 0.83671875 0.03046875 0.04765625
0 0.721875 0.74375 0.04375 0.04140625
0 0.01640625 0.74609375 0.0296875 0.03515625
0 0.36484375 0.4203125 0.0203125 0.0203125
0 0.91875 0.5046875 0.0265625 0.0265625
0 0.19375 0.57734375 0.02578125 0.034375
0 0.83984375 0.88828125 0.03203125 0.04296875
0 0.340625 0.60859375 0.021875 0.03125
0 0.06328125 0.61484375 0.0265625 0.0328125
0 0.740625 0.4890625 0.0171875 0.0234375
0 0.278125 0.5984375 0.02578125 0.0328125
0 0.24375 0.77421875 0.0328125 0.04140625
0 0.75390625 0.6359375 0.02578125 0.03125
0 0.6765625 0.4546875 0.0234375 0.025
0 0.284375 0.50078125 0.03671875 0.03671875
0 0.2890625 0.4578125 0.02265625 0.02578125
0 0.3796875 0.43828125 0.021875 0.0234375
0 0.4875 0.4640625 0.02265625 0.0203125
0 0.04609375 0.7984375 0.025 0.034375
0 0.98046875 0.97421875 0.0390625 0.0515625
0 0.84140625 0.47109375 0.01875 0.02109375
0 0.22578125 0.51640625 0.021875 0.0265625
0 0.46796875 0.6515625 0.01796875 0.021875
0 0.03515625 0.56953125 0.03359375 0.02578125
0 0.65390625 0.6171875 0.0328125 0.03359375
0 0.39140625 0.66953125 0.02578125 0.04296875
0 0.753125 0.67265625 0.0328125 0.028125
0 0.06171875 0.44765625 0.0265625 0.025
0 0.65390625 0.4953125 0.02265625 0.01953125
0 0.97421875 0.834375 0.02734375 0.034375
0 0.8375 0.4953125 0.02265625 0.02109375
0 0.3578125 0.5828125 0.0203125 0.021875
0 0.61640625 0.50625 0.0203125 0.01875
0 0.1671875 0.56171875 0.02578125 0.021875
0 0.74296875 0.36875 0.02109375 0.01953125
0 0.940625 0.70703125 0.03828125 0.040625
0 0.246875 0.459375 0.0203125 0.02109375
0 0.9734375 0.6546875 0.0203125 0.02578125
0 0.37578125 0.71953125 0.02578125 0.0375
0 0.0921875 0.98046875 0.05703125 0.0390625
0 0.90078125 0.40234375 0.0265625 0.021875
0 0.5 0.521875 0.0234375 0.02578125
0 0.090625 0.46953125 0.02265625 0.0296875
0 0.78359375 0.5453125 0.02890625 0.028125
0 0.84140625 0.55859375 0.03203125 0.03203125
0 0.9578125 0.56953125 0.02578125 0.02890625
0 0.3859375 0.55 0.01796875 0.028125
0 0.6625 0.4734375 0.02109375 0.0203125
0 0.04375 0.91328125 0.02734375 0.034375
0 0.24609375 0.4328125 0.01640625 0.01875
0 0.45625 0.6109375 0.01796875 0.021875
0 0.35078125 0.63359375 0.02421875 0.0296875
0 0.8578125 0.5765625 0.021875 0.02265625
0 0.8078125 0.7265625 0.025 0.0359375
0 0.0359375 0.534375 0.0296875 0.0328125
0 0.9546875 0.490625 0.02578125 0.02265625
0 0.7453125 0.41484375 0.021875 0.02109375
0 0.696875 0.4390625 0.01875 0.02109375
0 0.8765625 0.49765625 0.0234375 0.028125
0 0.71484375 0.371875 0.01796875 0.0171875
0 0.32578125 0.4828125 0.01953125 0.0234375
0 0.56015625 0.409375 0.01953125 0.0234375
0 0.32734375 0.50703125 0.02421875 0.0265625
0 0.9890625 0.69140625 0.0203125 0.0421875
0 0.446875 0.49921875 0.0140625 0.01875
0 0.66796875 0.64140625 0.0203125 0.02265625
0 0.93828125 0.4484375 0.03203125 0.03046875
0 0.834375 0.515625 0.0203125 0.021875
0 0.753125 0.34609375 0.01796875 0.01953125
0 0.05703125 0.95390625 0.04375 0.0515625
0 0.7046875 0.4078125 0.0171875 0.02109375
0 0.73359375 0.72109375 0.0171875 0.02109375
0 0.76484375 0.43671875 0.0203125 0.01953125
0 0.43046875 0.353125 0.01640625 0.01875
0 0.4109375 0.42265625 0.01875 0.02109375
0 0.78515625 0.39921875 0.0203125 0.01953125
0 0.50859375 0.378125 0.01640625 0.0171875
0 0.21875 0.9828125 0.046875 0.03359375
0 0.99375 0.84375 0.01171875 0.0359375
0 0.690625 0.48046875 0.01796875 0.02578125
0 0.68359375 0.38046875 0.0328125 0.03203125
0 0.690625 0.35078125 0.0171875 0.01796875
0 0.88359375 0.6640625 0.03203125 0.03359375
0 0.128125 0.4640625 0.021875 0.02421875
0 0.334375 0.4359375 0.01640625 0.01953125
0 0.03984375 0.41796875 0.01953125 0.0171875
0 0.5015625 0.39765625 0.015625 0.01796875
0 0.10546875 0.93359375 0.02734375 0.04296875
0 0.109375 0.5265625 0.01640625 0.02109375
0 0.27109375 0.43984375 0.01796875 0.01953125
0 0.321875 0.41015625 0.0265625 0.021875
0 0.909375 0.3609375 0.02421875 0.021875
0 0.29296875 0.359375 0.015625 0.01875
0 0.09765625 0.5109375 0.01796875 0.02578125
0 0.26875 0.39765625 0.01953125 0.01953125
0 0.434375 0.3875 0.01640625 0.0203125
0 0.8109375 0.42890625 0.01875 0.021875
0 0.04921875 0.4859375 0.0234375 0.02265625
0 0.76328125 0.38984375 0.021875 0.01796875
0 0.06796875 0.7609375 0.01796875 0.0265625
0 0.3484375 0.33359375 0.02265625 0.0203125
0 0.48203125 0.440625 0.01875 0.01953125
0 0.5484375 0.296875 0.0140625 0.01640625
0 0.0046875 0.5859375 0.009375 0.0296875
0 0.60859375 0.2984375 0.01640625 0.01640625
0 0.6265625 0.3171875 0.01640625 0.01875
0 0.5828125 0.28515625 0.01484375 0.01640625
0 0.81796875 0.36796875 0.01875 0.01875
0 0.575 0.5640625 0.0359375 0.04140625
0 0.55 0.46015625 0.0265625 0.02578125
0 0.5375 0.43125 0.02265625 0.01953125
0 0.86015625 0.40390625 0.02578125 0.0265625