0 0.9296875 0.85703125 0.0453125 0.05234375
0 0.50703125 0.69453125 0.04296875 0.0765625
0 0.23203125 0.8421875 0.03515625 0.0484375
0 0.42109375 0.75703125 0.0375 0.0546875
0 0.234375 0.7828125 0.040625 0.053125
0 0.1859375 0.90859375 0.04140625 0.06171875
0 0.4140625 0.9625 0.04921875 0.06484375
0 0.509375 0.940625 0.05390625 0.0640625
0 0.61015625 0.8515625 0.04296875 0.06171875
0 0.3125 0.78828125 0.0375 0.0546875
0 0.425 0.8671875 0.04375 0.059375
0 0.06796875 0.946875 0.05625 0.06953125
0 0.10546875 0.87734375 0.03671875 0.04609375
0 0.6953125 0.91171875 0.053125 0.06796875
0 0.09140625 0.7125 0.03671875 0.034375
0 0.24375 0.634375 0.0265625 0.03046875
0 0.659375 0.7 0.0328125 0.0421875
0 0.31640625 0.6640625 0.034375 0.03671875
0 0.5734375 0.79296875 0.0375 0.05390625
0 0.7328125 0.72421875 0.03359375 0.04140625
0 0.2765625 0.70546875 0.040625 0.046875
0 0.075 0.8265625 0.03203125 0.040625
0 0.36171875 0.46796875 0.02421875 0.028125
0 0.72421875 0.67578125 0.03125 0.0296875
0 0.5546875 0.50703125 0.02890625 0.02890625
0 0.7765625 0.825 0.04140625 0.05703125
0 0.64140625 0.553125 0.02578125 0.03203125
0 0.32734375 0.97421875 0.0421875 0.05078125
0 0.790625 0.57109375 0.0296875 0.03359375
0 0.6203125 0.9703125 0.0484375 0.05859375
0 0.34921875 0.6 0.025 0.0265625
0 0.8953125 0.709375 0.0375 0.03359375
0 0.33046875 0.62109375 0.02890625 0.02890625
0 0.16875 0.97265625 0.0359375 0.0453125
0 0.70859375 0.60390625 0.0265625 0.03671875
0 0.7453125 0.60859375 0.0296875 0.03515625
0 0.48359375 0.4953125 0.025 0.0265625
0 0.76875 0.7390625 0.02890625 0.04609375
0 0.925 0.63671875 0.03203125 0.03828125
0 0.553125 0.5515625 0.02421875 0.02890625
0 0.3015625 0.9421875 0.03828125 0.04609375
0 0.7578125 0.90859375 0.03515625 0.053125
0 0.38203125 0.60234375 0.021875 0.0296875
0 0.88828125 0.9484375 0.03359375 0.0484375
0 0.784375 0.49140625 0.02421875 0.0296875
0 0.51328125 0.4984375 0.02578125 0.02578125
0 0.0140625 0.75703125 0.02734375 0.034375
0 0.50546875 0.52890625 0.02265625 0.02734375
0 0.4671875 0.54765625 0.0265625 0.02734375
0 0.12578125 0.73984375 0.025 0.03046875
0 0.70390625 0.97578125 0.0296875 0.03671875
0 0.903125 0.59609375 0.03515625 0.03515625
0 0.7046875 0.5515625 0.025 0.03046875
0 0.8296875 0.8265625 0.03125 0.04609375
0 0.82578125 0.65390625 0.0265625 0.03828125
0 0.74375 0.8421875 0.02890625 0.03828125
0 0.05546875 0.75390625 0.0265625 0.0375
0 0.8765625 0.86328125 0.034375 0.046875
0 0.35859375 0.75234375 0.0234375 0.03125
0 0.590625 0.4953125 0.02578125 0.0296875
0 0.5625 0.659375 0.028125 0.03828125
0 0.30859375 0.5671875 0.021875 0.02890625
0 0.140625 0.66171875 0.02734375 0.03515625
0 0.7328125 0.56171875 0.02421875 0.02890625
0 0.56328125 0.6953125 0.02421875 0.03359375
0 0.18828125 0.62421875 0.0171875 0.021875
0 0.85078125 0.62734375 0.0359375 0.040625
0 0.01875 0.6125 0.0359375 0.03515625
0 0.475 0.87578125 0.03125 0.03828125
0 0.19296875 0.64453125 0.01875 0.021875
0 0.4296875 0.5359375 0.02421875 0.028125
0 0.84765625 0.540625 0.025 0.02734375
0 0.32421875 0.6265625 0.03046875 0.02890625
0 0.596875 0.6109375 0.03046875 0.03203125
0 0.73203125 0.44765625 0.021875 0.02734375
0 0.940625 0.575 0.03515625 0.03515625
0 0.49609375 0.60234375 0.0296875 0.03125
0 0.82734375 0.50859375 0.0234375 0.03046875
0 0.53359375 0.553125 0.02265625 0.0328125
0 0.60546875 0.5859375 0.0234375 0.0265625
0 0.44453125 0.5 0.02265625 0.0234375
0 0.41171875 0.57421875 0.02734375 0.025
0 0.465625 0.51796875 0.0265625 0.0265625
0 0.37890625 0.6765625 0.02578125 0.02890625
0 0.109375 0.65390625 0.02578125 0.03125
0 0.125 0.57109375 0.028125 0.02578125
0 0.21875 0.70859375 0.03203125 0.0375
0 0.69296875 0.815625 0.03125 0.04296875