0 0.0984375 0.975 0.04453125 0.05
0 0.08828125 0.80546875 0.0453125 0.05390625
0 0.134375 0.775 0.04375 0.046875
0 0.2125 0.77890625 0.034375 0.04296875
0 0.25390625 0.8390625 0.03515625 0.04296875
0 0.3421875 0.8796875 0.06875 0.07265625
0 0.41875 0.8921875 0.04765625 0.059375
0 0.39375 0.9609375 0.04609375 0.0578125
0 0.58515625 0.8875 0.053125 0.0515625
0 0.54921875 0.80390625 0.04453125 0.06328125
0 0.5046875 0.78671875 0.0375 0.04453125
0 0.4640625 0.81875 0.03515625 0.05078125
0 0.40625 0.78046875 0.04140625 0.05
0 0.32890625 0.7953125 0.0453125 0.05390625
0 0.2140625 0.646875 0.04140625 0.04375
0 0.16015625 0.68671875 0.03828125 0.03671875
0 0.16171875 0.52734375 0.034375 0.0296875
0 0.2921875 0.61484375 0.02890625 0.034375
0 0.28203125 0.68515625 0.0296875 0.03046875
0 0.36484375 0.65703125 0.03671875 0.02890625
0 0.36875 0.54375 0.02734375 0.03828125
0 0.30546875 0.54609375 0.0265625 0.03125
0 0.31640625 0.57890625 0.02890625 0.02890625
0 0.4609375 0.56796875 0.028125 0.03125
0 0.46953125 0.61328125 0.0296875 0.03671875
0 0.51015625 0.66953125 0.03203125 0.04296875
0 0.45390625 0.70703125 0.040625 0.04296875
0 0.57890625 0.66640625 0.03515625 0.04296875
0 0.609375 0.59453125 0.0265625 0.03203125
0 0.5890625 0.540625 0.025 0.03671875
0 0.4953125 0.47734375 0.0328125 0.0375
0 0.534375 0.45546875 0.0171875 0.02109375
0 0.64921875 0.5625 0.03515625 0.04375
0 0.69296875 0.5171875 0.02890625 0.03515625
0 0.68671875 0.5578125 0.025 0.025
0 0.721875 0.60234375 0.028125 0.0328125
0 0.7625 0.684375 0.02578125 0.0421875
0 0.77421875 0.75859375 0.03359375 0.0484375
0 0.7296875 0.6828125 0.025 0.0328125
0 0.6765625 0.64140625 0.02109375 0.0296875
0 0.5796875 0.7265625 0.02421875 0.03671875
0 0.584375 0.784375 0.028125 0.04453125
0 0.66171875 0.871875 0.05078125 0.065625
0 0.71171875 0.95390625 0.03828125 0.071875
0 0.6296875 0.79296875 0.034375 0.0421875
0 0.65703125 0.8109375 0.02421875 0.05
0 0.6671875 0.8046875 0.01328125 0.02109375
0 0.70234375 0.840625 0.03828125 0.05234375
0 0.7578125 0.83984375 0.04453125 0.0375
0 0.87578125 0.90078125 0.05859375 0.06328125
0 0.9828125 0.86953125 0.034375 0.0359375
0 0.875 0.809375 0.0484375 0.0609375
0 0.909375 0.78125 0.0515625 0.05
0 0.92421875 0.70625 0.05703125 0.05703125
0 0.96796875 0.6921875 0.0296875 0.04375
0 0.88203125 0.5640625 0.03046875 0.0359375
0 0.928125 0.53203125 0.0265625 0.03125
0 0.82265625 0.52734375 0.03359375 0.03125
0 0.7859375 0.52421875 0.025 0.028125
0 0.7046875 0.63359375 0.03515625 0.0296875
0 0.3203125 0.50234375 0.0328125 0.02578125
0 0.34375 0.4765625 0.03515625 0.01875
0 0.1515625 0.44609375 0.02109375 0.02109375
0 0.08359375 0.5203125 0.03359375 0.025
0 0.01328125 0.61015625 0.02578125 0.03046875
0 0.1015625 0.70390625 0.02421875 0.03046875
0 0.26640625 0.7671875 0.03046875 0.0453125
0 0.3125 0.73359375 0.021875 0.03046875
0 0.38515625 0.61875 0.02578125 0.0265625
0 0.41015625 0.6296875 0.021875 0.0375
0 0.52890625 0.59375 0.03671875 0.0484375
0 0.81328125 0.63515625 0.02890625 0.040625
0 0.76640625 0.62734375 0.034375 0.0390625
0 0.83515625 0.58515625 0.02890625 0.04609375
0 0.91328125 0.62890625 0.0328125 0.02890625