0 0.56171875 0.84375 0.03125 0.03671875
0 0.8609375 0.5453125 0.025 0.0234375
0 0.7125 0.9328125 0.034375 0.0546875
0 0.30234375 0.6109375 0.025 0.0296875
0 0.2296875 0.678125 0.02109375 0.034375
0 0.45 0.88671875 0.02890625 0.04140625
0 0.49375 0.6625 0.028125 0.0265625
0 0.921875 0.7703125 0.03828125 0.04140625
0 0.52109375 0.85390625 0.0328125 0.04921875
0 0.58984375 0.93203125 0.0234375 0.03984375
0 0.675 0.94765625 0.03671875 0.04921875
0 0.55 0.646875 0.02265625 0.025
0 0.33203125 0.57421875 0.021875 0.02265625
0 0.77578125 0.71015625 0.0265625 0.03203125
0 0.978125 0.846875 0.040625 0.053125
0 0.4703125 0.79765625 0.0265625 0.028125
0 0.715625 0.73515625 0.03203125 0.0359375
0 0.73359375 0.79453125 0.03203125 0.03828125
0 0.2109375 0.8109375 0.02734375 0.0359375
0 0.32109375 0.66484375 0.0234375 0.028125
0 0.36875 0.7875 0.03671875 0.04140625
0 0.671875 0.7578125 0.0265625 0.03828125
0 0.35078125 0.684375 0.02421875 0.028125
0 0.609375 0.83515625 0.02421875 0.03359375
0 0.684375 0.871875 0.03515625 0.046875
0 0.59140625 0.70625 0.02890625 0.03203125
0 0.35703125 0.8390625 0.028125 0.03515625
0 0.2859375 0.93359375 0.03359375 0.034375
0 0.771875 0.80859375 0.0296875 0.0421875
0 0.64609375 0.78125 0.0296875 0.03515625
0 0.29765625 0.83046875 0.03984375 0.04453125
0 0.14609375 0.97578125 0.03359375 0.0484375
0 0.59453125 0.865625 0.0296875 0.04453125
0 0.175 0.80625 0.03203125 0.0375
0 0.3859375 0.875 0.028125 0.0375
0 0.30078125 0.88046875 0.03203125 0.03515625
0 0.45390625 0.9609375 0.034375 0.05625
0 0.7828125 0.934375 0.03046875 0.0390625
0 0.50390625 0.78984375 0.02890625 0.02890625
0 0.83203125 0.596875 0.0234375 0.02734375
0 0.14375 0.7421875 0.028125 0.0359375
0 0.72734375 0.66484375 0.0296875 0.03125
0 0.74921875 0.97265625 0.0265625 0.0390625
0 0.621875 0.68671875 0.0265625 0.03671875
0 0.0609375 0.93515625 0.0390625 0.04921875
0 0.8078125 0.97578125 0.04375 0.0484375
0 0.865625 0.78046875 0.0296875 0.03359375
0 0.27578125 0.7640625 0.03359375 0.034375
0 0.0625 0.74296875 0.02890625 0.03203125
0 0.83828125 0.55 0.02578125 0.0265625
0 0.81015625 0.60390625 0.0203125 0.0234375
0 0.9640625 0.74921875 0.0296875 0.02890625
0 0.94296875 0.940625 0.03828125 0.04140625
0 0.353125 0.7203125 0.02578125 0.02578125
0 0.14375 0.90078125 0.0234375 0.0296875
0 0.259375 0.86484375 0.028125 0.0453125
0 0.378125 0.94921875 0.02578125 0.03359375
0 0.80234375 0.759375 0.02421875 0.025
0 0.64921875 0.53125 0.02265625 0.02109375
0 0.4484375 0.5796875 0.02109375 0.0234375
0 0.2890625 0.56484375 0.02265625 0.02421875
0 0.6 0.659375 0.0234375 0.02890625
0 0.4828125 0.55625 0.0234375 0.02578125
0 0.671875 0.6953125 0.01875 0.034375
0 0.92734375 0.6546875 0.021875 0.0265625
0 0.5765625 0.75703125 0.0265625 0.03359375
0 0.428125 0.92734375 0.025 0.04453125
0 0.15703125 0.58125 0.02109375 0.02578125
0 0.51015625 0.5859375 0.021875 0.02578125
0 0.3546875 0.46484375 0.02265625 0.01953125
0 0.47890625 0.5765625 0.02109375 0.021875
0 0.434375 0.55 0.01875 0.02109375
0 0.62578125 0.7265625 0.02578125 0.0265625
0 0.7140625 0.565625 0.02109375 0.021875
0 0.94765625 0.69296875 0.028125 0.02578125
0 0.5625 0.98515625 0.03203125 0.0296875
0 0.2265625 0.6453125 0.01953125 0.02578125
0 0.23046875 0.61484375 0.0234375 0.028125
0 0.2078125 0.74140625 0.0234375 0.03125
0 0.05859375 0.6765625 0.02890625 0.02734375
0 0.9015625 0.53828125 0.028125 0.02265625
0 0.35625 0.60625 0.01953125 0.02578125
0 0.35546875 0.5578125 0.01796875 0.02421875
0 0.278125 0.6515625 0.02109375 0.02578125
0 0.09453125 0.6890625 0.028125 0.028125
0 0.86640625 0.6046875 0.02421875 0.02109375
0 0.503125 0.49375 0.0171875 0.0203125
0 0.27421875 0.61796875 0.021875 0.02421875
0 0.51640625 0.7140625 0.02109375 0.021875
0 0.2875 0.709375 0.0171875 0.021875
0 0.13046875 0.67421875 0.02421875 0.0296875
0 0.3390625 0.48828125 0.02109375 0.01953125
0 0.08671875 0.79375 0.03046875 0.02890625
0 0.54453125 0.77109375 0.01796875 0.0234375
0 0.48984375 0.75234375 0.01640625 0.01953125
0 0.13515625 0.70625 0.02421875 0.02734375
0 0.72734375 0.62421875 0.01796875 0.02109375
0 0.740625 0.72109375 0.0203125 0.0265625
0 0.22578125 0.75546875 0.02265625 0.03046875
0 0.38203125 0.9875 0.0265625 0.025
0 0.6421875 0.609375 0.0171875 0.0265625
0 0.22578125 0.5734375 0.0203125 0.021875
0 0.89453125 0.51015625 0.0203125 0.02109375
0 0.0578125 0.8203125 0.034375 0.03515625
0 0.74296875 0.61875 0.015625 0.01875
0 0.72265625 0.515625 0.025 0.01875
0 0.10078125 0.58984375 0.02421875 0.02578125
0 0.54921875 0.52265625 0.0265625 0.0328125
0 0.5390625 0.49140625 0.0171875 0.0203125
0 0.33359375 0.54453125 0.01796875 0.021875
0 0.12265625 0.9578125 0.034375 0.040625
0 0.1125 0.7203125 0.0171875 0.02265625
0 0.5796875 0.45703125 0.0171875 0.01875
0 0.8484375 0.75859375 0.01796875 0.02421875
0 0.7609375 0.75859375 0.0203125 0.0265625
0 0.7640625 0.534375 0.02421875 0.02578125
0 0.2859375 0.51015625 0.0203125 0.0203125
0 0.1375 0.49375 0.02109375 0.021875
0 0.57734375 0.51015625 0.01796875 0.01796875
0 0.60390625 0.471875 0.01875 0.01796875
0 0.1515625 0.5390625 0.021875 0.025
0 0.3828125 0.725 0.0234375 0.02734375
0 0.7546875 0.89453125 0.02109375 0.03046875
0 0.8625 0.9265625 0.0375 0.04296875
0 0.46875 0.9890625 0.02734375 0.0203125
0 0.4546875 0.47578125 0.01796875 0.01875
0 0.090625 0.76953125 0.028125 0.028125
0 0.92265625 0.48125 0.028125 0.02109375
0 0.51328125 0.47734375 0.01640625 0.0171875
0 0.17578125 0.55703125 0.01796875 0.0203125
0 0.1921875 0.68359375 0.0234375 0.028125
0 0.11484375 0.6484375 0.021875 0.02578125
0 0.02890625 0.67421875 0.0234375 0.02578125
0 0.88046875 0.990625 0.0421875 0.01796875
0 0.51171875 0.54453125 0.0203125 0.02109375
0 0.26640625 0.546875 0.02109375 0.02421875
0 0.25859375 0.59765625 0.01796875 0.02109375
0 0.98203125 0.909375 0.03046875 0.04921875
0 0.6234375 0.46015625 0.01640625 0.01953125
0 0.88125 0.621875 0.01640625 0.01640625
0 0.084375 0.61484375 0.021875 0.02265625
0 0.03828125 0.75234375 0.02421875 0.02578125
0 0.99296875 0.784375 0.01328125 0.03125
0 0.65234375 0.5625 0.0203125 0.02265625
0 0.2171875 0.484375 0.0171875 0.02265625
0 0.4015625 0.50078125 0.01796875 0.01875
0 0.65859375 0.6234375 0.01796875 0.02578125
0 0.7265625 0.54296875 0.02109375 0.02109375
0 0.35390625 0.44375 0.01640625 0.01796875
0 0.5921875 0.53125 0.01875 0.01953125
0 0.18515625 0.47890625 0.01875 0.02109375
0 0.83125 0.515625 0.01953125 0.01796875
0 0.37578125 0.584375 0.0171875 0.01796875
0 0.72421875 0.60625 0.01484375 0.01796875
0 0.1140625 0.60234375 0.0296875 0.03359375
0 0.1265625 0.57578125 0.021875 0.025
0 0.12109375 0.5609375 0.0234375 0.021875
0 0.18515625 0.57734375 0.015625 0.0203125
0 0.5640625 0.47109375 0.015625 0.01875
0 0.990625 0.5671875 0.01875 0.02265625
0 0.94453125 0.5515625 0.03125 0.02421875
0 0.29453125 0.6546875 0.01328125 0.02265625
0 0.584375 0.60078125 0.01953125 0.0265625
0 0.8328125 0.50078125 0.02109375 0.01796875
0 0.26328125 0.49140625 0.015625 0.0171875
0 0.8875 0.56875 0.025 0.021875
0 0.8390625 0.48671875 0.0203125 0.01953125
0 0.08203125 0.65 0.02109375 0.02265625
0 0.6578125 0.48125 0.0203125 0.01953125
0 0.10859375 0.49375 0.015625 0.01953125
0 0.4296875 0.4578125 0.0171875 0.0171875
0 0.21328125 0.89765625 0.03515625 0.040625
0 0.22734375 0.93203125 0.03046875 0.040625
0 0.33828125 0.9296875 0.034375 0.0515625
0 0.19765625 0.85078125 0.03203125 0.05078125
0 0.13984375 0.615625 0.03203125 0.0390625
0 0.19765625 0.52890625 0.03203125 0.02890625
0 0.3453125 0.515625 0.0171875 0.02578125
0 0.2875 0.471875 0.02734375 0.03359375
0 0.69453125 0.64296875 0.0328125 0.0421875
0 0.70234375 0.68125 0.03671875 0.03984375
0 0.584375 0.82578125 0.034375 0.046875
0 0.95078125 0.6484375 0.028125 0.02890625
0 0.940625 0.6234375 0.028125 0.028125
0 0.9015625 0.6390625 0.0265625 0.028125
0 0.8609375 0.5078125 0.02109375 0.0234375
0 0.80703125 0.5265625 0.02578125 0.01875
0 0.84609375 0.46875 0.03046875 0.0265625
0 0.696875 0.49140625 0.02890625 0.0265625
0 0.73828125 0.48515625 0.025 0.02109375
0 0.63125 0.43203125 0.02265625 0.02578125
0 0.61328125 0.40078125 0.02109375 0.028125
0 0.48125 0.503125 0.01953125 0.03046875