0 0.2921875 0.82734375 0.06171875 0.0640625
0 0.371875 0.84453125 0.040625 0.078125
0 0.41796875 0.9328125 0.07265625 0.06328125
0 0.359375 0.98203125 0.09765625 0.034375
0 0.12734375 0.69296875 0.0484375 0.04140625
0 0.1953125 0.640625 0.03671875 0.04453125
0 0.275 0.69140625 0.02890625 0.0515625
0 0.425 0.7984375 0.053125 0.07421875
0 0.6390625 0.75703125 0.03203125 0.03671875
0 0.53046875 0.68046875 0.0328125 0.0453125
0 0.82265625 0.85703125 0.0640625 0.0734375
0 0.14140625 0.82421875 0.03984375 0.04765625
0 0.08828125 0.55625 0.02890625 0.03515625
0 0.21796875 0.546875 0.028125 0.03828125
0 0.26484375 0.565625 0.03046875 0.02578125
0 0.259375 0.53515625 0.02578125 0.028125
0 0.30859375 0.5359375 0.02421875 0.0265625
0 0.3421875 0.58671875 0.03125 0.0296875
0 0.3578125 0.63359375 0.028125 0.03125
0 0.06640625 0.80859375 0.059375 0.0671875
0 0.0515625 0.7703125 0.05234375 0.05625
0 0.80234375 0.703125 0.03125 0.04453125
0 0.84609375 0.76953125 0.053125 0.07734375
0 0.93984375 0.759375 0.04296875 0.053125
0 0.92421875 0.97265625 0.0484375 0.0546875
0 0.571875 0.6546875 0.03515625 0.03671875
0 0.6109375 0.6515625 0.03046875 0.0203125
0 0.6796875 0.94140625 0.0515625 0.04921875
0 0.75625 0.8578125 0.04765625 0.0546875
0 0.0921875 0.9 0.03515625 0.0484375
0 0.09296875 0.94296875 0.03203125 0.03046875
0 0.16953125 0.915625 0.0375 0.04921875
0 0.18984375 0.8546875 0.03984375 0.0546875
0 0.3921875 0.55625 0.028125 0.0203125
0 0.40078125 0.58984375 0.028125 0.03671875
0 0.40234375 0.6359375 0.0375 0.03359375
0 0.3328125 0.70546875 0.04375 0.03984375
0 0.36875 0.7671875 0.0203125 0.0421875
0 0.1734375 0.49609375 0.0296875 0.0234375
0 0.12265625 0.5625 0.03046875 0.0171875
0 0.1171875 0.61328125 0.028125 0.02265625
0 0.1109375 0.46796875 0.0296875 0.0171875
0 0.12578125 0.515625 0.025 0.01796875
0 0.45 0.61328125 0.03828125 0.0375
0 0.4484375 0.57421875 0.03203125 0.01953125
0 0.5453125 0.834375 0.0359375 0.07265625
0 0.49921875 0.79375 0.0421875 0.03984375
0 0.60703125 0.575 0.02109375 0.034375
0 0.4828125 0.54453125 0.0203125 0.01796875
0 0.64921875 0.5328125 0.02421875 0.028125
0 0.6453125 0.603125 0.01953125 0.0375
0 0.553125 0.7671875 0.02265625 0.02578125
0 0.415625 0.70703125 0.034375 0.03984375
0 0.375 0.67578125 0.01875 0.0328125
0 0.35546875 0.48359375 0.021875 0.0125
0 0.36796875 0.52578125 0.01875 0.0171875
0 0.6734375 0.66640625 0.02421875 0.02109375
0 0.71015625 0.66875 0.01953125 0.03828125
0 0.7609375 0.65859375 0.0203125 0.03671875
0 0.7375 0.6765625 0.01640625 0.03046875
0 0.9265625 0.909375 0.0390625 0.046875
0 0.88671875 0.840625 0.025 0.0484375
0 0.90546875 0.8203125 0.0484375 0.06640625
0 0.94765625 0.68828125 0.02890625 0.02421875
0 0.75859375 0.53515625 0.02421875 0.0390625
0 0.87109375 0.60625 0.03203125 0.02890625
0 0.9328125 0.646875 0.03203125 0.02734375
0 0.79609375 0.77578125 0.0203125 0.02890625
0 0.69296875 0.6515625 0.0203125 0.03125
0 0.778125 0.58203125 0.0203125 0.02265625
0 0.7484375 0.57890625 0.01875 0.03359375
0 0.83125 0.48828125 0.028125 0.01953125
0 0.87734375 0.51484375 0.0328125 0.02109375
0 0.95625 0.71640625 0.0234375 0.021875
0 0.88671875 0.7328125 0.03359375 0.03359375
0 0.82890625 0.68828125 0.0265625 0.0234375
0 0.68203125 0.56484375 0.0265625 0.0265625
0 0.5734375 0.60546875 0.0203125 0.0375
0 0.50625 0.5640625 0.021875 0.021875
0 0.559375 0.48359375 0.01953125 0.02109375
0 0.603125 0.48359375 0.025 0.02109375
0 0.59609375 0.43046875 0.021875 0.02109375
0 0.42734375 0.51171875 0.025 0.02109375
0 0.4234375 0.4875 0.0234375 0.0171875
0 0.47265625 0.48671875 0.01796875 0.028125
0 0.71171875 0.5234375 0.02265625 0.02109375
0 0.16953125 0.46875 0.02109375 0.02578125
0 0.15234375 0.58046875 0.028125 0.025
0 0.140625 0.5390625 0.02578125 0.01953125
0 0.23125 0.51640625 0.02109375 0.021875
0 0.32109375 0.66875 0.03203125 0.0234375