0 0.03203125 0.95390625 0.0421875 0.05
0 0.04140625 0.83125 0.053125 0.05078125
0 0.1078125 0.9203125 0.04765625 0.05234375
0 0.1828125 0.97265625 0.04140625 0.04609375
0 0.1671875 0.91171875 0.0328125 0.04296875
0 0.21015625 0.840625 0.03046875 0.05078125
0 0.11640625 0.84140625 0.03828125 0.04296875
0 0.03828125 0.7640625 0.02421875 0.03125
0 0.09765625 0.73984375 0.03046875 0.0359375
0 0.15390625 0.80234375 0.03671875 0.034375
0 0.14765625 0.7609375 0.03125 0.03515625
0 0.37734375 0.903125 0.03359375 0.05078125
0 0.48125 0.98125 0.0375 0.0375
0 0.48046875 0.92265625 0.0359375 0.04609375
0 0.5984375 0.9421875 0.0265625 0.0578125
0 0.56015625 0.928125 0.028125 0.0609375
0 0.47734375 0.80078125 0.03203125 0.03671875
0 0.69140625 0.921875 0.03515625 0.04921875
0 0.6671875 0.975 0.0265625 0.05
0 0.7609375 0.9296875 0.04375 0.05546875
0 0.8203125 0.94140625 0.03671875 0.0609375
0 0.8265625 0.88671875 0.0421875 0.05234375
0 0.95703125 0.85546875 0.046875 0.05859375
0 0.7484375 0.77734375 0.03984375 0.0390625
0 0.7015625 0.80078125 0.0328125 0.040625
0 0.6953125 0.734375 0.02890625 0.0421875
0 0.6625 0.73359375 0.028125 0.034375
0 0.590625 0.69921875 0.0265625 0.03515625
0 0.53046875 0.8921875 0.03203125 0.05234375
0 0.32109375 0.7984375 0.0296875 0.04453125
0 0.2703125 0.74375 0.03203125 0.04765625
0 0.265625 0.7015625 0.0296875 0.0421875
0 0.09765625 0.68984375 0.034375 0.025
0 0.24609375 0.5890625 0.02578125 0.02734375
0 0.21171875 0.6484375 0.0203125 0.03515625
0 0.43671875 0.5578125 0.0203125 0.03515625
0 0.48203125 0.61953125 0.025 0.0375
0 0.55234375 0.66875 0.03125 0.02890625
0 0.69609375 0.59921875 0.0234375 0.03203125
0 0.81875 0.7015625 0.03671875 0.0390625
0 0.8015625 0.6484375 0.0203125 0.03046875
0 0.72890625 0.66015625 0.0359375 0.0375
0 0.5953125 0.615625 0.028125 0.0328125
0 0.21875 0.56875 0.02734375 0.02734375
0 0.24140625 0.54140625 0.02421875 0.02890625
0 0.2796875 0.56171875 0.02734375 0.03046875
0 0.13671875 0.7109375 0.0234375 0.0359375
0 0.40390625 0.75 0.03046875 0.03203125
0 0.3609375 0.5234375 0.03046875 0.02734375
0 0.63984375 0.6109375 0.02421875 0.0328125
0 0.63125 0.665625 0.025 0.03203125
0 0.65625 0.83671875 0.02890625 0.0390625
0 0.8078125 0.82578125 0.04140625 0.040625
0 0.946875 0.678125 0.03203125 0.0375
0 0.328125 0.5390625 0.02265625 0.03046875
0 0.29296875 0.79765625 0.03046875 0.04453125
0 0.55078125 0.6234375 0.03125 0.03046875
0 0.54296875 0.58671875 0.02265625 0.0359375
0 0.7203125 0.62578125 0.0234375 0.03046875
0 0.74375 0.59921875 0.0265625 0.0390625
0 0.784375 0.6125 0.03828125 0.034375
0 0.86484375 0.80546875 0.04296875 0.04140625
0 0.90625 0.88359375 0.03125 0.05234375
0 0.84921875 0.67109375 0.02421875 0.0359375
0 0.859375 0.628125 0.02734375 0.03359375
0 0.19375 0.746875 0.0390625 0.03828125
0 0.25859375 0.8765625 0.03515625 0.03984375
0 0.2875 0.85234375 0.03671875 0.04375
0 0.40546875 0.90546875 0.02265625 0.0390625
0 0.1703125 0.70078125 0.02578125 0.04296875
0 0.9125 0.68671875 0.0265625 0.03125
0 0.921875 0.978125 0.02890625 0.04375
0 0.7859375 0.8625 0.03515625 0.046875
0 0.70390625 0.86796875 0.03125 0.05078125