0 0.9140625 0.9703125 0.075 0.059375
0 0.8453125 0.98203125 0.03359375 0.03515625
0 0.85234375 0.875 0.03671875 0.05390625
0 0.88515625 0.853125 0.02578125 0.03671875
0 0.89375 0.71484375 0.025 0.0359375
0 0.9375 0.740625 0.0453125 0.04296875
0 0.79765625 0.80625 0.0296875 0.034375
0 0.76796875 0.8375 0.02890625 0.03984375
0 0.73984375 0.825 0.03125 0.04765625
0 0.69140625 0.81796875 0.0328125 0.0328125
0 0.64765625 0.94453125 0.0421875 0.06171875
0 0.57265625 0.8078125 0.028125 0.05078125
0 0.5453125 0.95703125 0.0296875 0.04375
0 0.4109375 0.9578125 0.0453125 0.04765625
0 0.3796875 0.77421875 0.03671875 0.0453125
0 0.3765625 0.65625 0.0375 0.0359375
0 0.29453125 0.8703125 0.04296875 0.04609375
0 0.32890625 0.95625 0.03203125 0.0640625
0 0.43515625 0.7390625 0.0359375 0.0421875
0 0.3796875 0.71328125 0.04296875 0.03515625
0 0.440625 0.68828125 0.03671875 0.0265625
0 0.3265625 0.76953125 0.034375 0.02890625
0 0.20859375 0.871875 0.02265625 0.028125
0 0.22578125 0.84765625 0.03671875 0.0421875
0 0.140625 0.778125 0.034375 0.03828125
0 0.0546875 0.85390625 0.05078125 0.046875
0 0.059375 0.7359375 0.03046875 0.02421875
0 0.07265625 0.7546875 0.0296875 0.0296875
0 0.03671875 0.65625 0.028125 0.03828125
0 0.07109375 0.66640625 0.0234375 0.03125
0 0.08671875 0.60234375 0.02578125 0.03125
0 0.10234375 0.6296875 0.02109375 0.0328125
0 0.08203125 0.53984375 0.03359375 0.02890625
0 0.140625 0.58125 0.03828125 0.034375
0 0.18046875 0.6453125 0.03203125 0.0296875
0 0.203125 0.60703125 0.02734375 0.02578125
0 0.234375 0.66640625 0.0265625 0.03515625
0 0.28671875 0.6359375 0.0296875 0.03828125
0 0.34296875 0.83203125 0.03046875 0.04140625
0 0.38828125 0.87421875 0.03828125 0.0375
0 0.37421875 0.840625 0.0265625 0.03828125
0 0.31328125 0.69765625 0.03359375 0.0390625
0 0.34296875 0.56484375 0.0296875 0.02265625
0 0.228125 0.62890625 0.02890625 0.02734375
0 0.25390625 0.61796875 0.01953125 0.02421875
0 0.13828125 0.5453125 0.02890625 0.0203125
0 0.4796875 0.98359375 0.04296875 0.0328125
0 0.6234375 0.80078125 0.034375 0.0328125
0 0.53125 0.840625 0.040625 0.0625
0 0.578125 0.73515625 0.0375 0.05078125
0 0.5421875 0.74765625 0.03203125 0.04765625
0 0.61953125 0.6875 0.02578125 0.04375
0 0.6703125 0.63046875 0.03359375 0.034375
0 0.665625 0.73203125 0.02265625 0.053125
0 0.70703125 0.6765625 0.0296875 0.03203125
0 0.78046875 0.67890625 0.0265625 0.028125
0 0.79296875 0.75703125 0.021875 0.0265625
0 0.7984375 0.6359375 0.0234375 0.03359375
0 0.76796875 0.646875 0.02265625 0.0265625
0 0.74453125 0.61875 0.0234375 0.02890625
0 0.621875 0.5703125 0.03203125 0.02734375
0 0.4828125 0.6484375 0.02890625 0.028125
0 0.5046875 0.675 0.02734375 0.0375
0 0.4171875 0.60234375 0.03515625 0.028125
0 0.34921875 0.61796875 0.02578125 0.0265625
0 0.21015625 0.540625 0.028125 0.028125
0 0.07109375 0.509375 0.021875 0.025
0 0.76484375 0.94296875 0.03515625 0.0625
0 0.7421875 0.95078125 0.02109375 0.03046875
0 0.72109375 0.796875 0.02578125 0.03515625
0 0.5640625 0.66953125 0.028125 0.0328125
0 0.25859375 0.70546875 0.0265625 0.0328125
0 0.10546875 0.690625 0.03125 0.034375
0 0.24921875 0.465625 0.0234375 0.03046875
0 0.41796875 0.5734375 0.0234375 0.02265625
0 0.47421875 0.57109375 0.01875 0.0296875
0 0.57109375 0.56875 0.0234375 0.02265625
0 0.61796875 0.50078125 0.02265625 0.03203125
0 0.6578125 0.571875 0.02578125 0.02734375
0 0.81328125 0.60703125 0.03671875 0.0328125
0 0.8890625 0.59453125 0.02890625 0.0296875
0 0.93125 0.64765625 0.028125 0.03125
0 0.41484375 0.5140625 0.025 0.02265625
0 0.85390625 0.6171875 0.0203125 0.02421875