0 0.34375 0.9453125 0.03515625 0.046875
0 0.1328125 0.85390625 0.03671875 0.03984375
0 0.80625 0.696875 0.03515625 0.03984375
0 0.73046875 0.9296875 0.03828125 0.05390625
0 0.4109375 0.90703125 0.03203125 0.04140625
0 0.11640625 0.609375 0.025 0.03515625
0 0.61171875 0.721875 0.0296875 0.0359375
0 0.84453125 0.7671875 0.0390625 0.05
0 0.44296875 0.84921875 0.02265625 0.03984375
0 0.7484375 0.7078125 0.0265625 0.0328125
0 0.65 0.73359375 0.03125 0.04453125
0 0.3171875 0.5515625 0.0171875 0.0296875
0 0.72421875 0.8421875 0.03359375 0.0421875
0 0.56875 0.85859375 0.0359375 0.0546875
0 0.31015625 0.8046875 0.0296875 0.03984375
0 0.34140625 0.7234375 0.0296875 0.03046875
0 0.2375 0.71328125 0.0359375 0.03984375
0 0.3828125 0.59375 0.02734375 0.02734375
0 0.35078125 0.51484375 0.0234375 0.0234375
0 0.5515625 0.68359375 0.0265625 0.0390625
0 0.4734375 0.63203125 0.03125 0.03203125
0 0.22265625 0.76328125 0.02890625 0.0359375
0 0.73984375 0.53125 0.021875 0.02890625
0 0.9109375 0.82578125 0.0359375 0.04140625
0 0.55078125 0.79609375 0.03671875 0.04609375
0 0.684375 0.68515625 0.02421875 0.0265625
0 0.384375 0.775 0.03359375 0.04765625
0 0.90078125 0.75546875 0.034375 0.04375
0 0.60078125 0.66328125 0.034375 0.03671875
0 0.0734375 0.73515625 0.03046875 0.03671875
0 0.51875 0.709375 0.0296875 0.03359375
0 0.29921875 0.8796875 0.03515625 0.053125
0 0.4546875 0.68203125 0.02890625 0.03359375
0 0.64375 0.85546875 0.025 0.03359375
0 0.98125 0.92578125 0.0375 0.05078125
0 0.60078125 0.8921875 0.02578125 0.0359375
0 0.77734375 0.48125 0.0265625 0.025
0 0.66171875 0.90390625 0.04140625 0.05390625
0 0.2375 0.61328125 0.0234375 0.028125
0 0.42578125 0.76953125 0.03125 0.03359375
0 0.3265625 0.6421875 0.0265625 0.02734375
0 0.4546875 0.7921875 0.03203125 0.0484375
0 0.52734375 0.87265625 0.0359375 0.0484375
0 0.15390625 0.69296875 0.0375 0.03671875
0 0.8484375 0.6734375 0.0265625 0.03046875
0 0.8015625 0.8515625 0.028125 0.03671875
0 0.16328125 0.75625 0.04296875 0.04296875
0 0.0796875 0.671875 0.0328125 0.03046875
0 0.66640625 0.6390625 0.025 0.03125
0 0.29296875 0.9671875 0.0265625 0.0421875
0 0.478125 0.7609375 0.0234375 0.0328125
0 0.67890625 0.95078125 0.03359375 0.046875
0 0.20390625 0.5453125 0.028125 0.0265625
0 0.9359375 0.7453125 0.0296875 0.03515625
0 0.98671875 0.65 0.02578125 0.03828125
0 0.51015625 0.6171875 0.0265625 0.034375
0 0.91484375 0.64765625 0.03359375 0.03359375
0 0.1578125 0.8046875 0.03046875 0.034375
0 0.62265625 0.5953125 0.028125 0.028125
0 0.37578125 0.71484375 0.028125 0.0296875
0 0.2859375 0.69140625 0.0296875 0.0265625
0 0.11640625 0.78515625 0.02890625 0.0421875
0 0.24140625 0.79609375 0.0296875 0.03671875
0 0.4421875 0.57421875 0.0234375 0.025
0 0.9484375 0.64609375 0.025 0.02890625
0 0.771875 0.5421875 0.02578125 0.02265625
0 0.71640625 0.53671875 0.0203125 0.025
0 0.8375 0.8234375 0.0265625 0.04609375
0 0.27890625 0.84296875 0.02734375 0.04140625
0 0.16953125 0.55234375 0.021875 0.02265625
0 0.38125 0.51171875 0.021875 0.021875
0 0.2796875 0.52109375 0.02265625 0.02109375
0 0.27265625 0.6546875 0.03515625 0.03203125
0 0.84609375 0.61484375 0.02890625 0.028125
0 0.55859375 0.46484375 0.0234375 0.02109375
0 0.38671875 0.4921875 0.0234375 0.02578125
0 0.61796875 0.81953125 0.02421875 0.0296875
0 0.75390625 0.4875 0.02265625 0.02578125
0 0.49140625 0.58984375 0.02265625 0.0265625
0 0.82578125 0.58046875 0.0203125 0.02578125
0 0.309375 0.9140625 0.02890625 0.03828125
0 0.040625 0.73046875 0.0359375 0.03515625
0 0.63515625 0.47421875 0.03671875 0.03125
0 0.63671875 0.45234375 0.02421875 0.0203125
0 0.82265625 0.47109375 0.0265625 0.0203125
0 0.225 0.90625 0.0203125 0.0359375
0 0.0140625 0.675 0.028125 0.034375
0 0.734375 0.6828125 0.01796875 0.02421875
0 0.6296875 0.65078125 0.0203125 0.0296875
0 0.21328125 0.5953125 0.02265625 0.02890625
0 0.23515625 0.6484375 0.0234375 0.02265625
0 0.67734375 0.4671875 0.0234375 0.025
0 0.51015625 0.65625 0.02421875 0.0265625
0 0.90078125 0.67109375 0.0265625 0.03125
0 0.2640625 0.49140625 0.02109375 0.028125
0 0.84609375 0.4234375 0.025 0.021875
0 0.64921875 0.5515625 0.01640625 0.01953125
0 0.4140625 0.5203125 0.021875 0.025
0 0.17109375 0.6359375 0.01796875 0.01953125
0 0.234375 0.51015625 0.02109375 0.02109375
0 0.628125 0.55859375 0.01640625 0.02109375
0 0.56171875 0.62109375 0.02109375 0.034375
0 0.9875 0.846875 0.0234375 0.04921875
0 0.13828125 0.93125 0.0484375 0.03984375
0 0.3390625 0.4859375 0.0171875 0.02265625
0 0.9390625 0.70625 0.02578125 0.02734375
0 0.921875 0.88359375 0.0296875 0.02890625
0 0.94609375 0.9859375 0.0625 0.028125
0 0.80078125 0.5046875 0.02578125 0.0234375
0 0.50234375 0.396875 0.01953125 0.01953125
0 0.81640625 0.44921875 0.0203125 0.01953125
0 0.54296875 0.54375 0.01875 0.02578125
0 0.25546875 0.4265625 0.02109375 0.02109375
0 0.3671875 0.67578125 0.015625 0.02109375
0 0.06015625 0.51875 0.02421875 0.0234375
0 0.1921875 0.503125 0.02265625 0.02109375
0 0.3984375 0.44140625 0.01640625 0.028125
0 0.41875 0.43203125 0.0171875 0.01875
0 0.1640625 0.98671875 0.040625 0.0265625
0 0.22578125 0.8703125 0.0234375 0.03671875
0 0.115625 0.57890625 0.03828125 0.0296875
0 0.12734375 0.55078125 0.02578125 0.025
0 0.98828125 0.596875 0.0234375 0.0265625
0 0.19453125 0.44609375 0.0234375 0.02109375
0 0.39921875 0.6421875 0.0203125 0.021875
0 0.4140625 0.41171875 0.015625 0.0171875
0 0.01328125 0.60859375 0.02578125 0.03046875
0 0.92421875 0.5453125 0.02734375 0.02265625
0 0.275 0.4046875 0.0203125 0.0203125
0 0.12578125 0.51015625 0.02265625 0.0234375
0 0.07109375 0.615625 0.0296875 0.02890625
0 0.62109375 0.5 0.0203125 0.0203125
0 0.41953125 0.69765625 0.01953125 0.0234375
0 0.98515625 0.55546875 0.028125 0.02421875
0 0.5203125 0.4140625 0.01875 0.0203125
0 0.4171875 0.478125 0.0203125 0.021875
0 0.5921875 0.58046875 0.021875 0.02734375
0 0.78515625 0.55390625 0.01484375 0.01796875
0 0.6453125 0.68515625 0.01953125 0.025
0 0.559375 0.49765625 0.0203125 0.02265625
0 0.25390625 0.53984375 0.01796875 0.02421875
0 0.0046875 0.57890625 0.009375 0.02734375
0 0.01171875 0.6390625 0.0234375 0.028125
0 0.1296875 0.42578125 0.01953125 0.02109375
0 0.32109375 0.4875 0.01640625 0.0203125
0 0.19296875 0.853125 0.02578125 0.0328125
0 0.8484375 0.57421875 0.02109375 0.01953125
0 0.88046875 0.70703125 0.02734375 0.0328125
0 0.95859375 0.521875 0.025 0.021875
0 0.6484375 0.56640625 0.0140625 0.0171875
0 0.62578125 0.5421875 0.01640625 0.01875
0 0.2875 0.4453125 0.0171875 0.02421875
0 0.16796875 0.58046875 0.0203125 0.0234375
0 0.0734375 0.8546875 0.0390625 0.05078125
0 0.0625 0.82265625 0.0390625 0.0546875
0 0.04921875 0.7796875 0.0546875 0.04453125
0 0.06328125 0.565625 0.034375 0.03671875
0 0.15625 0.52421875 0.034375 0.040625
0 0.4578125 0.54140625 0.02578125 0.040625
0 0.5015625 0.4640625 0.03203125 0.028125
0 0.4890625 0.44296875 0.025 0.03359375
0 0.4609375 0.38984375 0.03203125 0.0375
0 0.578125 0.421875 0.028125 0.02890625
0 0.61328125 0.43203125 0.03046875 0.02578125
0 0.75078125 0.4546875 0.03046875 0.01953125
0 0.75 0.4359375 0.02890625 0.0203125
0 0.775 0.44765625 0.0265625 0.03203125
0 0.77109375 0.4109375 0.03515625 0.03125
0 0.44375 0.75234375 0.0328125 0.034375
0 0.89375 0.6140625 0.02734375 0.0296875
0 0.9453125 0.56796875 0.040625 0.02421875
0 0.84296875 0.54609375 0.03046875 0.03515625
0 0.87421875 0.54453125 0.04765625 0.03671875
0 0.903125 0.50078125 0.040625 0.040625
0 0.8578125 0.484375 0.03515625 0.034375
0 0.4609375 0.46015625 0.021875 0.03359375
0 0.446875 0.428125 0.02578125 0.03125