0 0.65234375 0.88046875 0.05234375 0.059375
0 0.4125 0.9328125 0.04375 0.06328125
0 0.49140625 0.6515625 0.0203125 0.025
0 0.821875 0.8078125 0.04296875 0.053125
0 0.23046875 0.75859375 0.04453125 0.046875
0 0.3015625 0.84296875 0.0375 0.0578125
0 0.37890625 0.81328125 0.04765625 0.05625
0 0.37265625 0.90390625 0.040625 0.05234375
0 0.059375 0.5859375 0.034375 0.0296875
0 0.22265625 0.67265625 0.034375 0.03515625
0 0.72578125 0.846875 0.03203125 0.0484375
0 0.82109375 0.9703125 0.0375 0.053125
0 0.85625 0.64765625 0.03515625 0.03359375
0 0.55546875 0.53515625 0.028125 0.03046875
0 0.34765625 0.75546875 0.03203125 0.04609375
0 0.6203125 0.62265625 0.0296875 0.03515625
0 0.146875 0.58671875 0.03046875 0.0296875
0 0.48671875 0.85703125 0.03515625 0.04375
0 0.76953125 0.97421875 0.04453125 0.0515625
0 0.40859375 0.53046875 0.02734375 0.02421875
0 0.12734375 0.8484375 0.0328125 0.0390625
0 0.1796875 0.58203125 0.03203125 0.02734375
0 0.375 0.4390625 0.01953125 0.02109375
0 0.75703125 0.89765625 0.03671875 0.05234375
0 0.65078125 0.56171875 0.02890625 0.03359375
0 0.92421875 0.8078125 0.046875 0.06484375
0 0.14609375 0.69375 0.0328125 0.034375
0 0.18359375 0.83203125 0.040625 0.05078125
0 0.290625 0.740625 0.03828125 0.04609375
0 0.428125 0.796875 0.0265625 0.0390625
0 0.03984375 0.975 0.0453125 0.05
0 0.471875 0.57578125 0.025 0.04375
0 0.1421875 0.76484375 0.02734375 0.03984375
0 0.79609375 0.84375 0.03828125 0.05703125
0 0.48125 0.77734375 0.0296875 0.0390625
0 0.25234375 0.87578125 0.0328125 0.05234375
0 0.80234375 0.64453125 0.02578125 0.03203125
0 0.84140625 0.903125 0.028125 0.0421875
0 0.559375 0.85625 0.0296875 0.03828125
0 0.21328125 0.60078125 0.02578125 0.03515625
0 0.440625 0.7140625 0.03203125 0.03984375
0 0.86953125 0.803125 0.0296875 0.04375
0 0.2671875 0.79609375 0.03203125 0.040625
0 0.70859375 0.5875 0.03515625 0.0328125
0 0.75625 0.65546875 0.025 0.03046875
0 0.74296875 0.509375 0.01640625 0.02421875
0 0.51171875 0.5125 0.02578125 0.0234375
0 0.19609375 0.55546875 0.0296875 0.03125
0 0.2734375 0.69453125 0.0296875 0.0390625
0 0.17109375 0.95078125 0.03046875 0.0578125
0 0.9328125 0.6640625 0.03203125 0.03984375
0 0.73046875 0.7625 0.040625 0.04140625
0 0.7875 0.4765625 0.03125 0.0265625
0 0.5828125 0.634375 0.0296875 0.03125
0 0.68359375 0.55078125 0.02890625 0.034375
0 0.3 0.48046875 0.02109375 0.02578125
0 0.91171875 0.61328125 0.0265625 0.03203125
0 0.809375 0.521875 0.021875 0.02265625
0 0.5671875 0.8984375 0.03515625 0.046875
0 0.6875 0.97734375 0.05390625 0.04453125
0 0.68125 0.47890625 0.0234375 0.02421875
0 0.59140625 0.5140625 0.03046875 0.028125
0 0.45078125 0.4640625 0.025 0.02421875
0 0.66015625 0.640625 0.03203125 0.03515625
0 0.01484375 0.89375 0.02890625 0.04453125
0 0.459375 0.65859375 0.021875 0.02734375
0 0.96953125 0.8515625 0.02265625 0.0296875
0 0.8796875 0.45546875 0.02265625 0.028125
0 0.71328125 0.70390625 0.028125 0.0296875
0 0.48203125 0.6703125 0.0171875 0.02265625
0 0.23828125 0.53828125 0.02109375 0.02734375
0 0.3359375 0.50234375 0.0203125 0.0234375
0 0.0953125 0.9734375 0.04453125 0.05078125
0 0.925 0.56015625 0.02734375 0.0265625
0 0.07109375 0.81796875 0.021875 0.03359375
0 0.915625 0.5296875 0.025 0.02421875
0 0.74609375 0.54609375 0.03203125 0.028125
0 0.2609375 0.4515625 0.01796875 0.01875
0 0.35234375 0.62734375 0.021875 0.03203125
0 0.05390625 0.88671875 0.0328125 0.05703125
0 0.04375 0.7625 0.03046875 0.03515625
0 0.15234375 0.5453125 0.0234375 0.02734375
0 0.840625 0.4953125 0.0203125 0.0203125
0 0.42578125 0.85078125 0.025 0.04375
0 0.3734375 0.6078125 0.021875 0.0234375
0 0.75546875 0.6953125 0.02890625 0.0265625
0 0.93515625 0.72421875 0.034375 0.03984375
0 0.8984375 0.42734375 0.025 0.021875
0 0.96796875 0.67421875 0.01953125 0.025
0 0.38828125 0.73515625 0.02578125 0.03828125
0 0.978125 0.97890625 0.04296875 0.0421875
0 0.0765625 0.465625 0.02578125 0.0265625
0 0.83984375 0.515625 0.02734375 0.021875
0 0.5640625 0.428125 0.02109375 0.02578125
0 0.809375 0.7484375 0.025 0.0375
0 0.10546875 0.49296875 0.021875 0.02890625
0 0.05546875 0.55234375 0.02578125 0.03359375
0 0.665625 0.49765625 0.02109375 0.0203125
0 0.08359375 0.6359375 0.025 0.03203125
0 0.29765625 0.61484375 0.02578125 0.0328125
0 0.9875 0.7171875 0.0234375 0.0421875
0 0.465625 0.63515625 0.01796875 0.0203125
0 0.50703125 0.546875 0.021875 0.02421875
0 0.33828125 0.53046875 0.0234375 0.02578125
0 0.39609375 0.5703125 0.0171875 0.02578125
0 0.146875 0.484375 0.01953125 0.025
0 0.38828125 0.459375 0.0203125 0.02265625
0 0.07265625 0.92890625 0.02578125 0.0296875
0 0.49140625 0.484375 0.021875 0.0203125
0 0.74296875 0.3890625 0.021875 0.01953125
0 0.84140625 0.57890625 0.034375 0.0421875
0 0.25859375 0.48046875 0.0234375 0.02578125
0 0.40546875 0.68671875 0.02421875 0.04140625
0 0.621875 0.5296875 0.02109375 0.01953125
0 0.85703125 0.6015625 0.028125 0.03046875
0 0.45546875 0.51875 0.01328125 0.02109375
0 0.21796875 0.4546875 0.01875 0.0234375
0 0.55625 0.33515625 0.01796875 0.01875
0 0.659375 0.51953125 0.021875 0.01875
0 0.671875 0.6609375 0.01875 0.02265625
0 0.58046875 0.5828125 0.0359375 0.02421875
0 0.1234375 0.54296875 0.021875 0.03125
0 0.13515625 0.94609375 0.0421875 0.05390625
0 0.29765625 0.515625 0.025 0.0234375
0 0.32578125 0.43203125 0.04765625 0.02109375