0 0.10234375 0.95 0.034375 0.0515625
0 0.02734375 0.90703125 0.0375 0.05
0 0.16328125 0.97109375 0.040625 0.04375
0 0.1796875 0.91328125 0.02265625 0.03359375
0 0.0953125 0.75703125 0.0265625 0.0375
0 0.06328125 0.68515625 0.02421875 0.03046875
0 0.01484375 0.75703125 0.02890625 0.03125
0 0.08828125 0.690625 0.025 0.0296875
0 0.0265625 0.7203125 0.03125 0.03515625
0 0.0171875 0.6953125 0.02890625 0.0296875
0 0.209375 0.8171875 0.0296875 0.03515625
0 0.24375 0.8234375 0.02109375 0.0359375
0 0.29453125 0.878125 0.03046875 0.04453125
0 0.32421875 0.94921875 0.03671875 0.03515625
0 0.33515625 0.84296875 0.040625 0.046875
0 0.3078125 0.77890625 0.03359375 0.046875
0 0.33828125 0.896875 0.0328125 0.0359375
0 0.49375 0.9734375 0.034375 0.053125
0 0.4640625 0.9421875 0.02578125 0.04609375
0 0.42109375 0.89140625 0.0375 0.03359375
0 0.39296875 0.85390625 0.0296875 0.03515625
0 0.48671875 0.89921875 0.0296875 0.04140625
0 0.39765625 0.80390625 0.03515625 0.0375
0 0.31796875 0.72109375 0.01796875 0.021875
0 0.2375 0.75625 0.0234375 0.03359375
0 0.25859375 0.6921875 0.02265625 0.03515625
0 0.11796875 0.8046875 0.02734375 0.021875
0 0.12109375 0.78046875 0.02734375 0.03359375
0 0.17421875 0.75546875 0.0265625 0.0390625
0 0.1234375 0.69921875 0.03046875 0.028125
0 0.10859375 0.63046875 0.02109375 0.02421875
0 0.14296875 0.73046875 0.01875 0.0234375
0 0.14375 0.6609375 0.021875 0.02265625
0 0.16015625 0.6890625 0.028125 0.03203125
0 0.17265625 0.5453125 0.0265625 0.02421875
0 0.184375 0.59296875 0.02109375 0.02890625
0 0.12421875 0.59765625 0.02578125 0.02578125
0 0.30078125 0.6296875 0.021875 0.021875
0 0.3296875 0.62109375 0.02265625 0.02578125
0 0.38515625 0.61640625 0.02109375 0.0234375
0 0.47421875 0.7265625 0.02734375 0.02734375
0 0.44453125 0.77890625 0.03203125 0.02890625
0 0.42109375 0.73984375 0.03828125 0.0359375
0 0.38046875 0.6984375 0.02265625 0.0296875
0 0.34765625 0.67734375 0.0234375 0.02734375
0 0.38125 0.56640625 0.015625 0.0265625
0 0.35625 0.5859375 0.02265625 0.021875
0 0.31328125 0.5765625 0.0234375 0.0296875
0 0.25 0.58515625 0.01796875 0.02421875
0 0.3578125 0.49453125 0.02109375 0.02265625
0 0.37421875 0.4734375 0.021875 0.01875
0 0.4046875 0.60078125 0.021875 0.02109375
0 0.44609375 0.62890625 0.0171875 0.03828125
0 0.50390625 0.81328125 0.0265625 0.03046875
0 0.53671875 0.803125 0.03359375 0.03828125
0 0.5546875 0.86640625 0.0375 0.04609375
0 0.596875 0.85859375 0.0328125 0.040625
0 0.62578125 0.94375 0.0265625 0.04375
0 0.6421875 0.84921875 0.02421875 0.03984375
0 0.628125 0.87890625 0.034375 0.04453125
0 0.6203125 0.7171875 0.0296875 0.0359375
0 0.71328125 0.96171875 0.04140625 0.0609375
0 0.7203125 0.884375 0.0390625 0.0453125
0 0.74921875 0.9453125 0.0328125 0.06875
0 0.7875 0.9828125 0.02578125 0.0328125
0 0.790625 0.91171875 0.02109375 0.0359375
0 0.82109375 0.9515625 0.02890625 0.034375
0 0.8984375 0.9375 0.03828125 0.04140625
0 0.896875 0.79609375 0.03515625 0.0296875
0 0.95078125 0.78203125 0.03828125 0.0375
0 0.88203125 0.771875 0.021875 0.025
0 0.83046875 0.76953125 0.02578125 0.02578125
0 0.8015625 0.8203125 0.0296875 0.04296875
0 0.765625 0.8078125 0.03359375 0.03203125
0 0.74296875 0.7484375 0.0328125 0.0359375
0 0.703125 0.76875 0.0296875 0.03828125
0 0.67578125 0.7953125 0.02734375 0.03515625
0 0.60859375 0.7609375 0.02890625 0.03671875
0 0.6265625 0.67109375 0.01875 0.02890625
0 0.65234375 0.69921875 0.02890625 0.03671875
0 0.65625 0.73984375 0.025 0.02578125
0 0.696875 0.7046875 0.021875 0.03125
0 0.80234375 0.71953125 0.028125 0.03359375
0 0.7546875 0.6765625 0.03046875 0.028125
0 0.7234375 0.66015625 0.0234375 0.03203125
0 0.83046875 0.61328125 0.021875 0.02578125
0 0.88828125 0.6171875 0.025 0.02109375
0 0.97734375 0.70390625 0.034375 0.0265625
0 0.953125 0.66328125 0.02109375 0.028125
0 0.86171875 0.5578125 0.021875 0.0234375
0 0.928125 0.54609375 0.02890625 0.02421875
0 0.884375 0.55390625 0.025 0.02265625
0 0.74140625 0.52578125 0.02578125 0.021875
0 0.7828125 0.54140625 0.02734375 0.028125
0 0.73515625 0.575 0.02109375 0.0203125
0 0.7515625 0.63828125 0.01796875 0.02421875
0 0.771875 0.64609375 0.0171875 0.01796875
0 0.76953125 0.63125 0.01953125 0.01953125
0 0.66875 0.53984375 0.02265625 0.021875
0 0.66640625 0.61875 0.0171875 0.02421875
0 0.6015625 0.465625 0.0171875 0.0203125
0 0.6234375 0.4828125 0.015625 0.021875
0 0.6140625 0.54140625 0.01875 0.0234375
0 0.51875 0.6734375 0.02421875 0.0265625
0 0.4734375 0.59140625 0.02265625 0.0234375
0 0.5046875 0.56875 0.02109375 0.028125
0 0.478125 0.48515625 0.01875 0.01796875
0 0.4375 0.5609375 0.01875 0.02265625
0 0.4578125 0.5609375 0.01796875 0.02265625
0 0.39375 0.515625 0.0203125 0.0265625
0 0.23828125 0.4921875 0.01640625 0.02265625
0 0.57578125 0.78046875 0.02109375 0.02578125
0 0.8578125 0.60703125 0.0265625 0.0296875
0 0.56171875 0.4609375 0.0203125 0.01640625
0 0.60234375 0.52109375 0.01640625 0.01796875
0 0.5125 0.4796875 0.015625 0.01875
0 0.35390625 0.5546875 0.0171875 0.02109375
0 0.30390625 0.51796875 0.01875 0.01640625