0 0.034375 0.93203125 0.0578125 0.0765625
0 0.1140625 0.94921875 0.04375 0.07578125
0 0.21640625 0.95234375 0.03671875 0.06484375
0 0.15703125 0.90234375 0.0453125 0.040625
0 0.040625 0.8484375 0.02578125 0.06328125
0 0.1546875 0.85078125 0.03984375 0.04375
0 0.28671875 0.83359375 0.0375 0.05703125
0 0.284375 0.7796875 0.034375 0.05234375
0 0.3125 0.89765625 0.02890625 0.04140625
0 0.34296875 0.90703125 0.0390625 0.046875
0 0.39921875 0.925 0.02578125 0.04609375
0 0.30390625 0.96640625 0.04140625 0.0453125
0 0.209375 0.8375 0.040625 0.0375
0 0.14375 0.784375 0.0234375 0.04375
0 0.09921875 0.8265625 0.03125 0.04609375
0 0.1078125 0.7640625 0.040625 0.03671875
0 0.02265625 0.61484375 0.0328125 0.03515625
0 0.26484375 0.646875 0.02890625 0.02421875
0 0.29296875 0.66953125 0.0265625 0.0359375
0 0.22890625 0.71171875 0.025 0.046875
0 0.18203125 0.775 0.03359375 0.046875
0 0.1953125 0.71875 0.021875 0.03125
0 0.43828125 0.846875 0.03984375 0.03515625
0 0.51484375 0.91171875 0.04140625 0.046875
0 0.7203125 0.96640625 0.0328125 0.0421875
0 0.66796875 0.95625 0.03828125 0.03125
0 0.76875 0.921875 0.03125 0.053125
0 0.825 0.89765625 0.04296875 0.053125
0 0.89609375 0.96328125 0.0453125 0.06484375
0 0.9015625 0.8 0.04140625 0.0546875
0 0.8578125 0.69296875 0.03828125 0.02734375
0 0.79375 0.7484375 0.03671875 0.0375
0 0.7234375 0.6984375 0.034375 0.034375
0 0.69375 0.68515625 0.02265625 0.02890625
0 0.75703125 0.67109375 0.03125 0.0375
0 0.5984375 0.75078125 0.03203125 0.03984375
0 0.60234375 0.81484375 0.02734375 0.0359375
0 0.52421875 0.68984375 0.0328125 0.04375
0 0.41953125 0.7375 0.02265625 0.0296875
0 0.3921875 0.57265625 0.0265625 0.03046875
0 0.3046875 0.61328125 0.0296875 0.02734375
0 0.23828125 0.62265625 0.03125 0.03125
0 0.1515625 0.559375 0.02578125 0.0296875
0 0.35234375 0.59453125 0.02421875 0.03828125
0 0.3125 0.58203125 0.01953125 0.02734375
0 0.28828125 0.521875 0.021875 0.03203125
0 0.31484375 0.56171875 0.021875 0.02890625
0 0.390625 0.52265625 0.0296875 0.02890625
0 0.2640625 0.59375 0.02265625 0.03203125
0 0.4625 0.690625 0.025 0.03046875
0 0.47421875 0.6203125 0.02578125 0.0421875
0 0.50078125 0.61953125 0.02578125 0.0359375
0 0.5890625 0.65390625 0.028125 0.03046875
0 0.6421875 0.79140625 0.0203125 0.03125
0 0.54453125 0.790625 0.025 0.03046875
0 0.721875 0.83359375 0.0296875 0.03828125
0 0.76484375 0.83984375 0.0375 0.04921875
0 0.68671875 0.75234375 0.0296875 0.03359375
0 0.64453125 0.6921875 0.03203125 0.03125
0 0.625 0.63828125 0.028125 0.0359375
0 0.71484375 0.79453125 0.02578125 0.034375
0 0.784375 0.70390625 0.02734375 0.02890625
0 0.80703125 0.671875 0.03359375 0.0390625
0 0.875 0.7328125 0.03125 0.03828125
0 0.82578125 0.78359375 0.03515625 0.03984375
0 0.96953125 0.9453125 0.0328125 0.04296875
0 0.9375 0.7640625 0.0296875 0.0375
0 0.978125 0.80390625 0.02578125 0.040625
0 0.87421875 0.65 0.02890625 0.0328125
0 0.81640625 0.6171875 0.025 0.0265625
0 0.73671875 0.59453125 0.0296875 0.02890625
0 0.55859375 0.68828125 0.02578125 0.03125
0 0.36875 0.7515625 0.0265625 0.046875
0 0.05390625 0.67890625 0.02578125 0.03984375
0 0.02890625 0.740625 0.04609375 0.04375
0 0.3625 0.678125 0.021875 0.03203125
0 0.38828125 0.65625 0.02265625 0.03671875
0 0.94375 0.7109375 0.03515625 0.05078125
0 0.925 0.59921875 0.02734375 0.0375
0 0.5921875 0.53359375 0.02265625 0.03125
0 0.5625 0.56640625 0.03125 0.03125
0 0.4203125 0.61953125 0.03359375 0.040625
0 0.2390625 0.56953125 0.01875 0.034375