0 0.35703125 0.84921875 0.0453125 0.05078125
0 0.28515625 0.84609375 0.0546875 0.05
0 0.3796875 0.8078125 0.03828125 0.0328125
0 0.434375 0.80234375 0.0375 0.0265625
0 0.43671875 0.86484375 0.03671875 0.021875
0 0.4546875 0.9296875 0.05859375 0.05703125
0 0.575 0.8640625 0.02265625 0.046875
0 0.6390625 0.88828125 0.04375 0.06484375
0 0.6359375 0.81328125 0.05859375 0.04609375
0 0.68671875 0.86640625 0.0265625 0.0515625
0 0.78515625 0.921875 0.05703125 0.0671875
0 0.825 0.921875 0.03828125 0.05703125
0 0.85390625 0.82109375 0.0546875 0.05390625
0 0.7328125 0.81796875 0.04375 0.06015625
0 0.7640625 0.86796875 0.03359375 0.04296875
0 0.734375 0.7359375 0.02734375 0.04375
0 0.76875 0.753125 0.0390625 0.04375
0 0.809375 0.71953125 0.04296875 0.05234375
0 0.8390625 0.7578125 0.0359375 0.0359375
0 0.8609375 0.7296875 0.04296875 0.06015625
0 0.92265625 0.75078125 0.0609375 0.040625
0 0.68046875 0.740625 0.0390625 0.05
0 0.6265625 0.753125 0.034375 0.03125
0 0.55 0.74453125 0.0421875 0.05625
0 0.590625 0.7453125 0.02734375 0.03984375
0 0.62109375 0.69921875 0.03046875 0.03046875
0 0.6609375 0.6828125 0.034375 0.0515625
0 0.484375 0.7375 0.0265625 0.03125
0 0.87109375 0.65703125 0.034375 0.02421875
0 0.9375 0.69765625 0.0375 0.03515625
0 0.9546875 0.73203125 0.03359375 0.03515625
0 0.52421875 0.65625 0.0328125 0.0359375
0 0.4890625 0.64921875 0.03359375 0.0375
0 0.43359375 0.65234375 0.0421875 0.03984375
0 0.3859375 0.7765625 0.04296875 0.03125
0 0.240625 0.83125 0.04375 0.06171875
0 0.21875 0.76484375 0.034375 0.0578125
0 0.1984375 0.91328125 0.059375 0.06171875
0 0.140625 0.975 0.05625 0.05
0 0.1375 0.934375 0.0453125 0.05390625
0 0.08125 0.89921875 0.06015625 0.05859375
0 0.08984375 0.8203125 0.05625 0.07109375
0 0.178125 0.73515625 0.028125 0.03203125
0 0.2359375 0.6640625 0.03125 0.0390625
0 0.2640625 0.6859375 0.0390625 0.03203125
0 0.1875 0.69609375 0.025 0.03046875
0 0.190625 0.771875 0.01875 0.0328125
0 0.1734375 0.8453125 0.0484375 0.05
0 0.1609375 0.8125 0.04375 0.0359375
0 0.30859375 0.65390625 0.0390625 0.03125
0 0.3625 0.62734375 0.034375 0.03671875
0 0.296875 0.7125 0.03671875 0.03984375
0 0.403125 0.609375 0.0390625 0.0359375
0 0.31796875 0.615625 0.03359375 0.03359375
0 0.26640625 0.628125 0.0328125 0.03515625
0 0.24609375 0.603125 0.02578125 0.0296875
0 0.403125 0.5453125 0.0375 0.03046875
0 0.4484375 0.59453125 0.02421875 0.03359375
0 0.484375 0.5375 0.03515625 0.0296875
0 0.3765625 0.7203125 0.0296875 0.025
0 0.35078125 0.725 0.021875 0.028125
0 0.321875 0.590625 0.03125 0.03125
0 0.27265625 0.57421875 0.0328125 0.0203125
0 0.29296875 0.5453125 0.0328125 0.02578125
0 0.25546875 0.559375 0.02421875 0.021875
0 0.30625 0.484375 0.03515625 0.021875
0 0.35703125 0.54609375 0.02421875 0.015625
0 0.34375 0.528125 0.028125 0.025
0 0.42421875 0.51015625 0.0328125 0.02734375
0 0.77890625 0.6265625 0.03828125 0.0375
0 0.734375 0.6328125 0.03359375 0.034375
0 0.68125 0.6046875 0.040625 0.028125
0 0.66171875 0.65546875 0.03125 0.02578125
0 0.58671875 0.596875 0.0296875 0.0234375
0 0.5984375 0.51171875 0.02265625 0.0140625
0 0.61875 0.53515625 0.025 0.02265625
0 0.62265625 0.5609375 0.0234375 0.02578125
0 0.3953125 0.84609375 0.00859375 0.03046875
0 0.35625 0.6921875 0.02109375 0.03359375
0 0.40078125 0.7 0.0234375 0.0265625
0 0.14921875 0.58828125 0.025 0.021875
0 0.4734375 0.621875 0.02890625 0.028125
0 0.28828125 0.9078125 0.04765625 0.0734375
0 0.47265625 0.97578125 0.05 0.04765625
0 0.31640625 0.975 0.03828125 0.05
0 0.23359375 0.97578125 0.04765625 0.04765625
0 0.10625 0.6734375 0.04765625 0.04140625