0 0.46640625 0.80625 0.03828125 0.04921875
0 0.73984375 0.7015625 0.0359375 0.0390625
0 0.53984375 0.72890625 0.0296875 0.03671875
0 0.64609375 0.94453125 0.03984375 0.05625
0 0.403125 0.63828125 0.03359375 0.034375
0 0.78125 0.7703125 0.0359375 0.0515625
0 0.34921875 0.52109375 0.0234375 0.025
0 0.48359375 0.875 0.0390625 0.05
0 0.97734375 0.83515625 0.0453125 0.05234375
0 0.7890625 0.67578125 0.0265625 0.0328125
0 0.5734375 0.7375 0.03203125 0.04609375
0 0.70625 0.484375 0.0234375 0.02578125
0 0.025 0.87109375 0.03984375 0.0421875
0 0.3125 0.5953125 0.028125 0.02578125
0 0.571875 0.9203125 0.04296875 0.0578125
0 0.25390625 0.55234375 0.0171875 0.03125
0 0.6015625 0.64140625 0.0265625 0.03046875
0 0.83828125 0.834375 0.03203125 0.03984375
0 0.15546875 0.71875 0.040625 0.04140625
0 0.29609375 0.7828125 0.03671875 0.0515625
0 0.2890625 0.5140625 0.0296875 0.0265625
0 0.07109375 0.76484375 0.0484375 0.046875
0 0.44296875 0.7140625 0.0296875 0.03828125
0 0.6828125 0.7125 0.02578125 0.0328125
0 0.06640625 0.6984375 0.040625 0.040625
0 0.8578125 0.65 0.03359375 0.03671875
0 0.6171875 0.69296875 0.02578125 0.0265625
0 0.98359375 0.903125 0.0328125 0.05859375
0 0.9015625 0.9359375 0.0359375 0.04765625
0 0.76484375 0.834375 0.03046875 0.0515625
0 0.53203125 0.66640625 0.03359375 0.03828125
0 0.375 0.57890625 0.03125 0.0328125
0 0.72265625 0.8671875 0.02890625 0.04140625
0 0.1390625 0.546875 0.0296875 0.02890625
0 0.25078125 0.6453125 0.02421875 0.02734375
0 0.32890625 0.49140625 0.02421875 0.02734375
0 0.30703125 0.92421875 0.03359375 0.0453125
0 0.33984375 0.7765625 0.03359375 0.03359375
0 0.5578125 0.871875 0.02578125 0.0359375
0 0.2171875 0.81484375 0.03046875 0.04140625
0 0.934375 0.64921875 0.03359375 0.04453125
0 0.34921875 0.86171875 0.02265625 0.0390625
0 0.2 0.89140625 0.0375 0.0546875
0 0.559375 0.596875 0.02734375 0.0296875
0 0.13125 0.77265625 0.03125 0.03828125
0 0.4390625 0.88515625 0.03515625 0.0453125
0 0.7765625 0.46796875 0.02734375 0.0234375
0 0.8796875 0.70703125 0.0234375 0.02734375
0 0.1515625 0.809375 0.03203125 0.03828125
0 0.84140625 0.89140625 0.03046875 0.03359375
0 0.78515625 0.6203125 0.03125 0.03046875
0 0.51484375 0.90546875 0.0265625 0.03984375
0 0.4796875 0.690625 0.02578125 0.04140625
0 0.6921875 0.52890625 0.021875 0.02890625
0 0.37109375 0.8015625 0.03125 0.0484375
0 0.5640625 0.65390625 0.01953125 0.02890625
0 0.921875 0.85 0.03359375 0.04765625
0 0.3796875 0.68671875 0.03046875 0.0328125
0 0.7703125 0.58125 0.0234375 0.02890625
0 0.16484375 0.61640625 0.028125 0.02890625
0 0.290625 0.7203125 0.0234375 0.0296875
0 0.2609375 0.728125 0.03125 0.03125
0 0.23671875 0.9625 0.03984375 0.05
0 0.8359375 0.76171875 0.0328125 0.04296875
0 0.2171875 0.52265625 0.02421875 0.021875
0 0.43984375 0.66015625 0.02421875 0.028125
0 0.1421875 0.59765625 0.02578125 0.02890625
0 0.103125 0.5546875 0.021875 0.025
0 0.209375 0.69609375 0.03125 0.02734375
0 0.32109375 0.51171875 0.02109375 0.0203125
0 0.98046875 0.7609375 0.03515625 0.040625
0 0.1734375 0.51171875 0.02265625 0.021875
0 0.6453125 0.85859375 0.03359375 0.04296875
0 0.721875 0.54140625 0.02890625 0.02578125
0 0.16171875 0.6515625 0.025 0.02265625
0 0.44453125 0.61796875 0.0296875 0.03515625
0 0.66328125 0.5375 0.0203125 0.02421875
0 0.1828125 0.98203125 0.03046875 0.03515625
0 0.8734375 0.7515625 0.028125 0.0359375
0 0.84140625 0.671875 0.02578125 0.03359375
0 0.5921875 0.55234375 0.0171875 0.02109375
0 0.09453125 0.64296875 0.02265625 0.0203125
0 0.040625 0.6140625 0.028125 0.034375
0 0.39453125 0.7671875 0.02265625 0.03515625
0 0.11640625 0.928125 0.0234375 0.03984375
0 0.8078125 0.41875 0.02421875 0.02109375
0 0.62734375 0.46484375 0.02265625 0.02578125
0 0.32890625 0.64375 0.02265625 0.02421875
0 0.496875 0.62421875 0.02109375 0.03125
0 0.184375 0.85546875 0.028125 0.040625
0 0.89296875 0.646875 0.02109375 0.028125
0 0.425 0.5875 0.0234375 0.028125
0 0.81875 0.709375 0.02890625 0.0375
0 0.73203125 0.47734375 0.02578125 0.02421875
0 0.75390625 0.5 0.0265625 0.02578125
0 0.06015625 0.553125 0.0296875 0.02578125
0 0.590625 0.45078125 0.021875 0.0203125
0 0.48125 0.5421875 0.01875 0.025
0 0.88125 0.8875 0.02265625 0.02890625
0 0.2015625 0.42734375 0.02109375 0.02109375
0 0.059375 0.8171875 0.03203125 0.0375
0 0.13125 0.50390625 0.02578125 0.025
0 0.20859375 0.93125 0.03515625 0.0375
0 0.3671875 0.43125 0.01875 0.01875
0 0.19765625 0.65703125 0.03671875 0.03203125
0 0.6703125 0.690625 0.01953125 0.02421875
0 0.56953125 0.55859375 0.01875 0.0234375
0 0.58984375 0.96875 0.03515625 0.05078125
0 0.2875 0.48203125 0.01875 0.021875
0 0.88046875 0.846875 0.01875 0.028125
0 0.20546875 0.49375 0.0203125 0.0265625
0 0.01484375 0.80078125 0.0296875 0.0390625
0 0.9390625 0.5953125 0.02734375 0.03046875
0 0.2890625 0.6796875 0.01640625 0.021875
0 0.8296875 0.540625 0.021875 0.02421875
0 0.796875 0.575 0.02265625 0.02109375
0 0.5859375 0.4765625 0.0203125 0.01953125
0 0.50546875 0.4625 0.0234375 0.01875
0 0.875 0.5421875 0.02890625 0.025
0 0.53359375 0.83125 0.03203125 0.04375
0 0.571875 0.68828125 0.02109375 0.02890625
0 0.971875 0.59296875 0.028125 0.03203125
0 0.9515625 0.9875 0.05546875 0.0234375
0 0.33984375 0.70078125 0.0203125 0.0265625
0 0.23046875 0.44453125 0.0171875 0.02578125
0 0.934375 0.5515625 0.02421875 0.02578125
0 0.26171875 0.48515625 0.01640625 0.01953125
0 0.24765625 0.47578125 0.02265625 0.0265625
0 0.08671875 0.8640625 0.0484375 0.05390625
0 0.12421875 0.87734375 0.03671875 0.065625
0 0.0328125 0.95234375 0.03046875 0.05390625
0 0.79453125 0.5484375 0.025 0.028125
0 0.7078125 0.4359375 0.03046875 0.021875
0 0.53203125 0.58984375 0.034375 0.05703125
0 0.36328125 0.75859375 0.03359375 0.03671875