0 0.2109375 0.9765625 0.0546875 0.04609375
0 0.175 0.9375 0.03984375 0.05546875
0 0.134375 0.9015625 0.053125 0.05078125
0 0.12109375 0.85546875 0.03984375 0.04453125
0 0.07890625 0.8328125 0.0390625 0.04453125
0 0.25078125 0.90625 0.04765625 0.0640625
0 0.33515625 0.87265625 0.04765625 0.05390625
0 0.36171875 0.9109375 0.04765625 0.07265625
0 0.44765625 0.9125 0.06328125 0.06953125
0 0.5390625 0.83046875 0.0375 0.0515625
0 0.5890625 0.89609375 0.04765625 0.075
0 0.47578125 0.82421875 0.0484375 0.0515625
0 0.3515625 0.75546875 0.04453125 0.03359375
0 0.28203125 0.7421875 0.05625 0.053125
0 0.34140625 0.66796875 0.03203125 0.03828125
0 0.2734375 0.6796875 0.0390625 0.0390625
0 0.17109375 0.67421875 0.0328125 0.03671875
0 0.22109375 0.66171875 0.028125 0.034375
0 0.09921875 0.6796875 0.03203125 0.03984375
0 0.06875 0.696875 0.03515625 0.0390625
0 0.07265625 0.6171875 0.02578125 0.02890625
0 0.12890625 0.60703125 0.03203125 0.03203125
0 0.17578125 0.57578125 0.0328125 0.034375
0 0.2453125 0.5453125 0.0328125 0.03515625
0 0.2671875 0.52109375 0.0234375 0.02734375
0 0.309375 0.575 0.03125 0.03359375
0 0.3859375 0.69453125 0.028125 0.0390625
0 0.4640625 0.68359375 0.02890625 0.04609375
0 0.48984375 0.665625 0.03203125 0.0390625
0 0.42109375 0.6703125 0.03203125 0.03203125
0 0.3828125 0.6140625 0.0328125 0.0375
0 0.49453125 0.58125 0.0265625 0.0390625
0 0.43203125 0.5859375 0.03125 0.02734375
0 0.3984375 0.54296875 0.02578125 0.0296875
0 0.3921875 0.5046875 0.02421875 0.0296875
0 0.45078125 0.52578125 0.03828125 0.02890625
0 0.50859375 0.48125 0.021875 0.03046875
0 0.52109375 0.5265625 0.0234375 0.03203125
0 0.54921875 0.7296875 0.04375 0.05
0 0.58515625 0.78828125 0.028125 0.04765625
0 0.55078125 0.68671875 0.0234375 0.03828125
0 0.6328125 0.70703125 0.03828125 0.03203125
0 0.68203125 0.82890625 0.03984375 0.04453125
0 0.7203125 0.74609375 0.05 0.06171875
0 0.7734375 0.81875 0.0359375 0.05859375
0 0.77421875 0.93125 0.03359375 0.05625
0 0.84140625 0.96015625 0.05546875 0.0796875
0 0.81640625 0.88671875 0.03984375 0.059375
0 0.86640625 0.88359375 0.0453125 0.05234375
0 0.865625 0.78984375 0.04296875 0.0484375
0 0.92265625 0.81953125 0.0484375 0.06640625
0 0.94296875 0.78359375 0.0546875 0.05390625
0 0.97890625 0.7671875 0.0421875 0.05859375
0 0.9234375 0.66640625 0.05078125 0.04140625
0 0.87109375 0.71640625 0.034375 0.03984375
0 0.75546875 0.65625 0.0359375 0.04296875
0 0.72890625 0.6828125 0.0390625 0.05625
0 0.7796875 0.60625 0.0359375 0.053125
0 0.80546875 0.59609375 0.0296875 0.0359375
0 0.8515625 0.59140625 0.03125 0.034375
0 0.903125 0.58046875 0.03671875 0.03125
0 0.65 0.6484375 0.03125 0.0375
0 0.64609375 0.590625 0.025 0.034375
0 0.61796875 0.590625 0.0265625 0.034375
0 0.42890625 0.43125 0.021875 0.0328125
0 0.6 0.46171875 0.0265625 0.0234375
0 0.31484375 0.48515625 0.025 0.0265625
0 0.2578125 0.49375 0.03203125 0.03046875
0 0.2109375 0.721875 0.03046875 0.03203125
0 0.69296875 0.55078125 0.02578125 0.03828125
0 0.55625 0.4984375 0.0296875 0.03515625
0 0.68125 0.46640625 0.0234375 0.03046875