0 0.03671875 0.9375 0.04921875 0.05625
0 0.03671875 0.865625 0.028125 0.05
0 0.1 0.8234375 0.0390625 0.0421875
0 0.1078125 0.95859375 0.0515625 0.08046875
0 0.1578125 0.90703125 0.0421875 0.034375
0 0.15 0.85234375 0.04296875 0.0515625
0 0.10703125 0.7703125 0.0421875 0.02890625
0 0.02109375 0.78203125 0.0203125 0.04765625
0 0.05 0.79921875 0.01953125 0.0328125
0 0.0265625 0.74296875 0.03515625 0.02890625
0 0.140625 0.79765625 0.03515625 0.046875
0 0.1875 0.7765625 0.03125 0.02890625
0 0.165625 0.7609375 0.0296875 0.0328125
0 0.21015625 0.846875 0.040625 0.0546875
0 0.21484375 0.96484375 0.0390625 0.0703125
0 0.30234375 0.9671875 0.04453125 0.03828125
0 0.3109375 0.9109375 0.0265625 0.03359375
0 0.34375 0.9140625 0.0328125 0.0453125
0 0.40234375 0.9390625 0.0328125 0.040625
0 0.28671875 0.840625 0.0390625 0.0546875
0 0.28828125 0.7828125 0.0359375 0.05078125
0 0.24765625 0.76640625 0.0328125 0.04375
0 0.23125 0.71328125 0.0359375 0.059375
0 0.19765625 0.71875 0.01953125 0.03984375
0 0.18125 0.69921875 0.025 0.0234375
0 0.18828125 0.65703125 0.02421875 0.02578125
0 0.0234375 0.70703125 0.03515625 0.03515625
0 0.01328125 0.67578125 0.02578125 0.03671875
0 0.0578125 0.68515625 0.03125 0.028125
0 0.02265625 0.61953125 0.04296875 0.04765625
0 0.06796875 0.60234375 0.02109375 0.0234375
0 0.1296875 0.6375 0.01640625 0.040625
0 0.10859375 0.63359375 0.0234375 0.03046875
0 0.2359375 0.6265625 0.01875 0.02734375
0 0.2625 0.64609375 0.02734375 0.0328125
0 0.29140625 0.66796875 0.025 0.03828125
0 0.29765625 0.61640625 0.02890625 0.0375
0 0.26328125 0.59453125 0.0234375 0.034375
0 0.3671875 0.75 0.0296875 0.03125
0 0.34453125 0.790625 0.03359375 0.034375
0 0.446875 0.90390625 0.040625 0.03203125
0 0.44921875 0.95546875 0.028125 0.04140625
0 0.43671875 0.8484375 0.034375 0.0359375
0 0.4203125 0.80234375 0.021875 0.0296875
0 0.421875 0.74765625 0.02109375 0.03046875
0 0.4609375 0.68828125 0.01953125 0.02421875
0 0.3609375 0.6796875 0.01484375 0.025
0 0.515625 0.91484375 0.03671875 0.053125
0 0.53984375 0.79921875 0.03828125 0.04375
0 0.525 0.69765625 0.0265625 0.03828125
0 0.559375 0.7015625 0.02578125 0.0296875
0 0.59609375 0.70625 0.02578125 0.0375
0 0.590625 0.65625 0.02109375 0.04453125
0 0.59921875 0.759375 0.040625 0.0453125
0 0.603125 0.821875 0.03046875 0.0484375
0 0.64375 0.79296875 0.02421875 0.0421875
0 0.5 0.61171875 0.01953125 0.0515625
0 0.475 0.6234375 0.0171875 0.03125
0 0.353125 0.59765625 0.02109375 0.0203125
0 0.3140625 0.56015625 0.0234375 0.01875
0 0.39140625 0.575 0.03203125 0.02578125
0 0.45546875 0.58671875 0.01875 0.0203125
0 0.62890625 0.64296875 0.03359375 0.0234375
0 0.64921875 0.6953125 0.028125 0.0265625
0 0.69296875 0.7640625 0.0265625 0.028125
0 0.7171875 0.79375 0.01953125 0.0203125
0 0.7234375 0.840625 0.028125 0.0421875
0 0.76875 0.84296875 0.0390625 0.05234375
0 0.82421875 0.896875 0.05625 0.04921875
0 0.7765625 0.92421875 0.03359375 0.0625
0 0.72109375 0.97421875 0.03359375 0.05078125
0 0.66796875 0.96953125 0.03671875 0.0515625
0 0.609375 0.88984375 0.01171875 0.01953125
0 0.79765625 0.75234375 0.03359375 0.04921875
0 0.7859375 0.70625 0.01875 0.02265625
0 0.76171875 0.678125 0.0265625 0.02265625
0 0.72265625 0.7046875 0.0328125 0.028125
0 0.69453125 0.69140625 0.021875 0.025
0 0.7265625 0.73515625 0.01328125 0.0234375
0 0.74453125 0.746875 0.01640625 0.03984375
0 0.83515625 0.7890625 0.034375 0.03671875
0 0.8625 0.8140625 0.02578125 0.028125
0 0.86171875 0.696875 0.028125 0.040625
0 0.81328125 0.6828125 0.03671875 0.0296875
0 0.88671875 0.67890625 0.01328125 0.0265625
0 0.88125 0.740625 0.028125 0.028125
0 0.90703125 0.80703125 0.0546875 0.0703125
0 0.9375 0.76796875 0.0296875 0.0359375
0 0.90625 0.9609375 0.05 0.07734375
0 0.9359375 0.89921875 0.040625 0.04375
0 0.97421875 0.94296875 0.04765625 0.0703125
0 0.98046875 0.81015625 0.01484375 0.03125
0 0.9859375 0.76484375 0.028125 0.02421875
0 0.95078125 0.71953125 0.034375 0.03125
0 0.878125 0.6546875 0.0296875 0.01796875
0 0.8171875 0.62421875 0.0203125 0.02109375
0 0.79921875 0.6265625 0.01171875 0.025
0 0.8703125 0.6171875 0.01953125 0.021875
0 0.8984375 0.6078125 0.01484375 0.02109375
0 0.92421875 0.596875 0.01796875 0.02890625
0 0.69765625 0.6 0.02734375 0.0265625
0 0.653125 0.58359375 0.025 0.015625
0 0.734375 0.59453125 0.02578125 0.02265625
0 0.24453125 0.8984375 0.0234375 0.0234375
0 0.38359375 0.721875 0.0203125 0.01484375
0 0.1484375 0.5640625 0.02421875 0.01171875
0 0.240625 0.5796875 0.01484375 0.0109375
0 0.26796875 0.5484375 0.0203125 0.01640625
0 0.24609375 0.53515625 0.0125 0.01171875
0 0.28515625 0.52734375 0.01640625 0.0171875
0 0.43515625 0.565625 0.0109375 0.01953125
0 0.42109375 0.62421875 0.02578125 0.025
0 0.56171875 0.57109375 0.01953125 0.01640625
0 0.75 0.57421875 0.028125 0.01484375
0 0.80546875 0.5765625 0.028125 0.01875
0 0.81484375 0.54296875 0.02109375 0.01796875
0 0.7390625 0.53984375 0.02109375 0.0140625