0 0.190625 0.95 0.02890625 0.04765625
0 0.14921875 0.8578125 0.03984375 0.05625
0 0.11640625 0.78984375 0.0359375 0.04375
0 0.04765625 0.90078125 0.0390625 0.05078125
0 0.06875 0.74296875 0.0296875 0.02890625
0 0.0625 0.70078125 0.03828125 0.0359375
0 0.03828125 0.65625 0.03046875 0.0296875
0 0.01484375 0.62890625 0.02734375 0.03203125
0 0.0234375 0.56953125 0.040625 0.03203125
0 0.12578125 0.6859375 0.03046875 0.03125
0 0.1484375 0.57890625 0.02265625 0.02734375
0 0.20625 0.62734375 0.028125 0.02734375
0 0.2140625 0.68515625 0.02265625 0.0234375
0 0.25625 0.740625 0.0296875 0.03671875
0 0.2140625 0.7515625 0.0234375 0.03125
0 0.15234375 0.77578125 0.03046875 0.0484375
0 0.16171875 0.728125 0.01796875 0.02421875
0 0.19921875 0.84921875 0.03828125 0.03671875
0 0.22890625 0.87421875 0.0390625 0.07109375
0 0.2640625 0.834375 0.0265625 0.03984375
0 0.33828125 0.8828125 0.04140625 0.0578125
0 0.34609375 0.96484375 0.04140625 0.06328125
0 0.29296875 0.97734375 0.05234375 0.04140625
0 0.40703125 0.91796875 0.03828125 0.04140625
0 0.428125 0.96640625 0.02890625 0.04609375
0 0.53203125 0.953125 0.03828125 0.04609375
0 0.6203125 0.97109375 0.03203125 0.05390625
0 0.675 0.92890625 0.03515625 0.05390625
0 0.7046875 0.8546875 0.0375 0.05703125
0 0.7625 0.93359375 0.034375 0.05
0 0.76796875 0.8375 0.040625 0.0609375
0 0.809375 0.825 0.03203125 0.04375
0 0.7828125 0.7296875 0.03125 0.0453125
0 0.7265625 0.73515625 0.02890625 0.03984375
0 0.8546875 0.95546875 0.046875 0.06328125
0 0.8078125 0.94765625 0.0203125 0.0390625
0 0.91875 0.9328125 0.05703125 0.06953125
0 0.92734375 0.83828125 0.0390625 0.046875
0 0.96015625 0.78984375 0.0421875 0.03984375
0 0.8859375 0.70078125 0.0359375 0.046875
0 0.92109375 0.73203125 0.02109375 0.02265625
0 0.95625 0.75 0.0390625 0.03828125
0 0.97109375 0.6984375 0.0453125 0.04140625
0 0.84375 0.6984375 0.02734375 0.03046875
0 0.80546875 0.70546875 0.03515625 0.04375
0 0.82421875 0.77578125 0.025 0.034375
0 0.8328125 0.578125 0.034375 0.03203125
0 0.89609375 0.58984375 0.0265625 0.03203125
0 0.94296875 0.628125 0.028125 0.034375
0 0.725 0.66796875 0.03984375 0.03671875
0 0.7140625 0.62578125 0.02421875 0.03046875
0 0.703125 0.528125 0.03515625 0.02890625
0 0.66015625 0.571875 0.03671875 0.0296875
0 0.62734375 0.55859375 0.0265625 0.0390625
0 0.596875 0.56875 0.025 0.02265625
0 0.65078125 0.50703125 0.0234375 0.028125
0 0.6828125 0.50078125 0.02734375 0.02578125
0 0.73125 0.49140625 0.03125 0.02734375
0 0.73203125 0.4640625 0.02109375 0.02578125
0 0.66328125 0.453125 0.01640625 0.0171875
0 0.67734375 0.4359375 0.025 0.021875
0 0.89765625 0.6375 0.0328125 0.03125
0 0.87421875 0.54765625 0.0203125 0.02578125
0 0.98359375 0.59140625 0.02734375 0.0359375
0 0.81875 0.44921875 0.01875 0.0203125
0 0.7703125 0.4328125 0.0265625 0.02109375
0 0.74375 0.615625 0.025 0.02421875
0 0.746875 0.58671875 0.01875 0.025
0 0.665625 0.7625 0.04453125 0.046875
0 0.7046875 0.3609375 0.015625 0.01875
0 0.85 0.415625 0.01875 0.02578125
0 0.8796875 0.4765625 0.021875 0.021875
0 0.86875 0.390625 0.0203125 0.0171875
0 0.89296875 0.42734375 0.02109375 0.028125
0 0.7828125 0.57265625 0.02265625 0.03125
0 0.7703125 0.51171875 0.02890625 0.0265625
0 0.6734375 0.59140625 0.0203125 0.015625
0 0.596875 0.4703125 0.0296875 0.03125
0 0.625 0.4828125 0.0203125 0.0203125
0 0.5671875 0.4875 0.0265625 0.0265625
0 0.51484375 0.69140625 0.02421875 0.03203125
0 0.525 0.75078125 0.03046875 0.0296875
0 0.596875 0.7796875 0.03203125 0.03359375
0 0.58671875 0.75078125 0.0265625 0.0328125
0 0.50859375 0.446875 0.0234375 0.0171875
0 0.5046875 0.421875 0.01640625 0.01484375
0 0.528125 0.471875 0.0234375 0.0171875
0 0.5703125 0.39296875 0.01796875 0.021875
0 0.46796875 0.43203125 0.021875 0.021875
0 0.43203125 0.484375 0.025 0.021875
0 0.51015625 0.60390625 0.01328125 0.01640625
0 0.5140625 0.58515625 0.01796875 0.021875
0 0.475 0.634375 0.03828125 0.04296875
0 0.49140625 0.59375 0.021875 0.02578125
0 0.4953125 0.571875 0.0203125 0.01875
0 0.47109375 0.8125 0.0421875 0.06171875
0 0.43125 0.79375 0.03203125 0.04453125
0 0.47421875 0.75078125 0.021875 0.040625
0 0.46953125 0.7046875 0.02421875 0.03984375
0 0.428125 0.71953125 0.034375 0.05
0 0.44375 0.61875 0.02734375 0.040625
0 0.39375 0.56953125 0.02109375 0.0296875
0 0.4078125 0.55078125 0.025 0.01875
0 0.3984375 0.66875 0.0265625 0.040625
0 0.3671875 0.74296875 0.0328125 0.05546875
0 0.3234375 0.771875 0.03046875 0.04609375
0 0.29609375 0.678125 0.0375 0.04453125
0 0.3296875 0.71015625 0.03125 0.0375
0 0.3421875 0.6609375 0.03359375 0.0390625
0 0.3265625 0.62421875 0.025 0.03359375
0 0.27890625 0.61015625 0.0296875 0.028125
0 0.3921875 0.4078125 0.0171875 0.01875
0 0.365625 0.46171875 0.015625 0.021875
0 0.33046875 0.44140625 0.01953125 0.0203125
0 0.24296875 0.5109375 0.02734375 0.0296875
0 0.2296875 0.53359375 0.02578125 0.02109375
0 0.1984375 0.5390625 0.028125 0.028125
0 0.27890625 0.4953125 0.0234375 0.025
0 0.29296875 0.44296875 0.0171875 0.0203125
0 0.2890625 0.41953125 0.01796875 0.01640625
0 0.24921875 0.425 0.01796875 0.01875
0 0.1953125 0.5046875 0.02109375 0.02734375
0 0.159375 0.49375 0.01640625 0.0265625
0 0.14609375 0.45703125 0.0203125 0.025
0 0.071875 0.53203125 0.0265625 0.021875
0 0.02734375 0.5234375 0.02734375 0.03359375
0 0.10859375 0.5140625 0.02578125 0.03046875
0 0.1171875 0.54609375 0.02890625 0.02265625
0 0.090625 0.49765625 0.0203125 0.02421875
0 0.11796875 0.4359375 0.025 0.021875
0 0.26015625 0.5515625 0.0234375 0.028125