0 0.06953125 0.96015625 0.06171875 0.0734375
0 0.15546875 0.96953125 0.06015625 0.06015625
0 0.1828125 0.9046875 0.05703125 0.0734375
0 0.046875 0.86484375 0.06796875 0.09453125
0 0.03515625 0.81015625 0.06953125 0.0796875
0 0.121875 0.8796875 0.0703125 0.09296875
0 0.28828125 0.87734375 0.075 0.075
0 0.20625 0.790625 0.0640625 0.05546875
0 0.11796875 0.73359375 0.06484375 0.06640625
0 0.18828125 0.67890625 0.0515625 0.06171875
0 0.11171875 0.6625 0.06484375 0.0515625
0 0.14765625 0.609375 0.03671875 0.0546875
0 0.11484375 0.59765625 0.03203125 0.03671875
0 0.07890625 0.58828125 0.04609375 0.053125
0 0.0640625 0.6328125 0.04609375 0.0390625
0 0.209375 0.58515625 0.0390625 0.05078125
0 0.14140625 0.5671875 0.034375 0.0484375
0 0.1234375 0.5359375 0.03828125 0.05859375
0 0.17109375 0.5296875 0.03984375 0.0484375
0 0.23359375 0.54609375 0.0328125 0.03515625
0 0.2375 0.49140625 0.03515625 0.03515625
0 0.21015625 0.52109375 0.02734375 0.03125
0 0.1921875 0.48046875 0.02734375 0.0265625
0 0.115625 0.49140625 0.04609375 0.03515625
0 0.1625 0.49609375 0.034375 0.0328125
0 0.1015625 0.4640625 0.02578125 0.03125
0 0.1359375 0.45234375 0.0328125 0.0390625
0 0.17734375 0.465625 0.0234375 0.03046875
0 0.16171875 0.4390625 0.028125 0.025
0 0.04296875 0.45859375 0.0359375 0.034375
0 0.07265625 0.478125 0.04453125 0.03046875
0 0.26875 0.7375 0.04140625 0.046875
0 0.2546875 0.759375 0.025 0.0375
0 0.3296875 0.7578125 0.0515625 0.05625
0 0.3171875 0.7125 0.0453125 0.0421875
0 0.3671875 0.815625 0.0328125 0.0484375
0 0.36484375 0.90859375 0.06171875 0.06328125
0 0.41796875 0.9765625 0.07890625 0.04609375
0 0.421875 0.85859375 0.06796875 0.0828125
0 0.43828125 0.80703125 0.04296875 0.053125
0 0.4203125 0.75703125 0.053125 0.03515625
0 0.39921875 0.7296875 0.0265625 0.03984375
0 0.371875 0.7171875 0.0390625 0.0453125
0 0.403125 0.6765625 0.05078125 0.05703125
0 0.35546875 0.67109375 0.040625 0.0484375
0 0.34375 0.621875 0.0453125 0.03359375
0 0.2890625 0.6234375 0.028125 0.03359375
0 0.2609375 0.59765625 0.040625 0.03515625
0 0.2578125 0.5625 0.0375 0.0328125
0 0.27890625 0.5546875 0.03125 0.0234375
0 0.30859375 0.56953125 0.04296875 0.03515625
0 0.390625 0.584375 0.04921875 0.04375
0 0.5015625 0.85 0.04296875 0.05078125
0 0.44921875 0.64921875 0.0375 0.04375
0 0.39921875 0.62734375 0.0375 0.03359375
0 0.53984375 0.7203125 0.04140625 0.05546875
0 0.53828125 0.90078125 0.04921875 0.08203125
0 0.55546875 0.81328125 0.028125 0.03984375
0 0.35625 0.5109375 0.0453125 0.02578125
0 0.35703125 0.53203125 0.03125 0.02734375
0 0.37109375 0.553125 0.025 0.021875
0 0.45234375 0.6 0.03828125 0.05390625
0 0.48671875 0.57734375 0.03046875 0.03984375
0 0.5109375 0.5984375 0.02890625 0.03984375
0 0.47265625 0.515625 0.03515625 0.04296875
0 0.43203125 0.54296875 0.03359375 0.02578125
0 0.4265625 0.51796875 0.03359375 0.0296875
0 0.421875 0.46796875 0.0234375 0.02890625
0 0.3484375 0.47734375 0.02421875 0.02265625
0 0.31171875 0.471875 0.028125 0.02890625
0 0.265625 0.42734375 0.021875 0.028125
0 0.23046875 0.35625 0.0234375 0.01875
0 0.01484375 0.6640625 0.0296875 0.05625
0 0.02890625 0.415625 0.0375 0.0359375
0 0.93125 0.88125 0.0359375 0.06875
0 0.90390625 0.90703125 0.0390625 0.0578125
0 0.83828125 0.9234375 0.06953125 0.0796875
0 0.86796875 0.82421875 0.05390625 0.0828125
0 0.8171875 0.75390625 0.03203125 0.04609375
0 0.84765625 0.7375 0.02734375 0.05234375
0 0.77578125 0.70234375 0.0328125 0.04140625
0 0.75 0.7234375 0.02421875 0.04375
0 0.72265625 0.7109375 0.021875 0.040625
0 0.68515625 0.71328125 0.02109375 0.03359375
0 0.70390625 0.69140625 0.0234375 0.03046875
0 0.6515625 0.64140625 0.03046875 0.05234375
0 0.61328125 0.61015625 0.025 0.03671875
0 0.5765625 0.646875 0.0375 0.03515625
0 0.61640625 0.69375 0.0328125 0.03359375
0 0.575 0.70078125 0.03203125 0.04921875
0 0.64453125 0.80703125 0.04453125 0.06171875
0 0.7609375 0.928125 0.0484375 0.075
0 0.73828125 0.8078125 0.04296875 0.05234375
0 0.96484375 0.81640625 0.053125 0.0484375
0 0.959375 0.8640625 0.0421875 0.05
0 0.97265625 0.734375 0.03671875 0.02890625
0 0.953125 0.68984375 0.0375 0.04609375
0 0.89296875 0.65546875 0.03359375 0.03671875
0 0.78984375 0.61953125 0.0296875 0.03359375
0 0.77109375 0.57109375 0.02265625 0.04296875
0 0.78671875 0.5453125 0.01640625 0.02734375
0 0.8546875 0.53515625 0.02734375 0.03125
0 0.853125 0.5140625 0.02421875 0.0296875
0 0.69375 0.59921875 0.0296875 0.04375
0 0.65625 0.5671875 0.02890625 0.0390625
0 0.60546875 0.453125 0.03046875 0.03515625
0 0.62578125 0.48515625 0.01953125 0.0359375
0 0.64375 0.47421875 0.0234375 0.0296875
0 0.73125 0.4890625 0.025 0.03828125
0 0.9578125 0.98125 0.05234375 0.03671875
0 0.30390625 0.42734375 0.0203125 0.02421875
0 0.41640625 0.38828125 0.01875 0.02890625
0 0.57734375 0.375 0.015625 0.025
0 0.55 0.434375 0.0203125 0.02890625
0 0.5671875 0.5125 0.021875 0.02734375
0 0.575 0.48984375 0.01640625 0.0171875
0 0.61171875 0.51484375 0.021875 0.028125
0 0.68359375 0.4671875 0.03046875 0.01875
0 0.65625 0.4203125 0.028125 0.028125
0 0.76640625 0.5203125 0.02421875 0.02109375
0 0.47578125 0.40859375 0.02578125 0.02734375
0 0.89453125 0.54609375 0.03515625 0.03203125
0 0.8859375 0.4875 0.0265625 0.03515625
0 0.846875 0.5828125 0.0234375 0.02578125
0 0.82265625 0.55625 0.0265625 0.02890625
0 0.85859375 0.63046875 0.0234375 0.028125
0 0.89140625 0.60234375 0.0234375 0.03515625
0 0.8890625 0.578125 0.02421875 0.0234375
0 0.90546875 0.78203125 0.0421875 0.0484375
0 0.8125 0.83671875 0.0296875 0.05234375
0 0.65078125 0.940625 0.01484375 0.03359375