0 0.028125 0.8984375 0.05625 0.090625
0 0.03359375 0.97109375 0.0390625 0.05703125
0 0.115625 0.975 0.02265625 0.05
0 0.15546875 0.9484375 0.059375 0.06953125
0 0.09296875 0.86328125 0.059375 0.07109375
0 0.1453125 0.89609375 0.06171875 0.06796875
0 0.20703125 0.87578125 0.06796875 0.0640625
0 0.040625 0.821875 0.04140625 0.05078125
0 0.0171875 0.809375 0.034375 0.0546875
0 0.02265625 0.76484375 0.0453125 0.0515625
0 0.025 0.72421875 0.04921875 0.04296875
0 0.01640625 0.63203125 0.0328125 0.0515625
0 0.05859375 0.6234375 0.03671875 0.040625
0 0.1171875 0.65546875 0.04765625 0.03984375
0 0.03828125 0.584375 0.0375 0.04609375
0 0.1546875 0.56875 0.03359375 0.03671875
0 0.10078125 0.78828125 0.05234375 0.07109375
0 0.13828125 0.82890625 0.02890625 0.0640625
0 0.18203125 0.815625 0.04609375 0.053125
0 0.165625 0.78359375 0.03046875 0.046875
0 0.196875 0.7484375 0.02578125 0.04140625
0 0.184375 0.7109375 0.03203125 0.03515625
0 0.18671875 0.67109375 0.03046875 0.0484375
0 0.22578125 0.74140625 0.04609375 0.06953125
0 0.24296875 0.80234375 0.04765625 0.07109375
0 0.2859375 0.8171875 0.04921875 0.065625
0 0.2921875 0.871875 0.0578125 0.06796875
0 0.23984375 0.93671875 0.05625 0.06328125
0 0.2171875 0.9796875 0.04296875 0.040625
0 0.3125 0.9515625 0.05625 0.09453125
0 0.3484375 0.959375 0.04296875 0.0796875
0 0.40390625 0.975 0.05546875 0.05
0 0.35703125 0.87578125 0.0328125 0.0359375
0 0.3546875 0.821875 0.0578125 0.046875
0 0.38125 0.7640625 0.05625 0.06953125
0 0.24140625 0.64296875 0.02890625 0.03828125
0 0.18125 0.60234375 0.02265625 0.025
0 0.24453125 0.59375 0.02421875 0.0265625
0 0.26640625 0.61328125 0.02890625 0.0390625
0 0.26640625 0.66796875 0.03984375 0.053125
0 0.29765625 0.690625 0.03515625 0.04375
0 0.30625 0.6390625 0.03671875 0.05
0 0.25234375 0.54375 0.02421875 0.0359375
0 0.27421875 0.5640625 0.02890625 0.03359375
0 0.22734375 0.53359375 0.02734375 0.0265625
0 0.221875 0.51484375 0.028125 0.03359375
0 0.2921875 0.53125 0.03515625 0.0359375
0 0.08828125 0.5515625 0.02890625 0.03828125
0 0.42578125 0.83203125 0.04296875 0.03671875
0 0.43203125 0.76640625 0.04140625 0.0484375
0 0.37265625 0.6984375 0.02890625 0.0515625
0 0.346875 0.70546875 0.0265625 0.0359375
0 0.3515625 0.66953125 0.021875 0.03515625
0 0.39765625 0.67421875 0.02265625 0.040625
0 0.3578125 0.6125 0.03828125 0.04375
0 0.3203125 0.596875 0.0296875 0.02890625
0 0.3171875 0.5734375 0.03515625 0.03515625
0 0.35546875 0.53203125 0.034375 0.034375
0 0.3390625 0.51640625 0.02734375 0.03515625
0 0.3046875 0.47265625 0.04140625 0.034375
0 0.34453125 0.47421875 0.02890625 0.03359375
0 0.29921875 0.4453125 0.02890625 0.03515625
0 0.396875 0.5359375 0.03671875 0.03984375
0 0.3984375 0.59140625 0.03046875 0.04140625
0 0.4296875 0.6359375 0.04296875 0.04453125
0 0.47578125 0.7109375 0.034375 0.03828125
0 0.4828125 0.6359375 0.03359375 0.05078125
0 0.51171875 0.64375 0.02578125 0.046875
0 0.47109375 0.60234375 0.02421875 0.04375
0 0.44296875 0.58046875 0.021875 0.04140625
0 0.48359375 0.5203125 0.02421875 0.03671875
0 0.45625 0.56171875 0.02578125 0.03359375
0 0.41328125 0.49921875 0.046875 0.0265625
0 0.425 0.46953125 0.03046875 0.0265625
0 0.453125 0.50546875 0.02421875 0.0296875
0 0.48203125 0.4890625 0.02265625 0.02578125
0 0.46796875 0.46796875 0.03125 0.03125
0 0.428125 0.5375 0.02265625 0.03046875
0 0.434375 0.43671875 0.0234375 0.02890625
0 0.4140625 0.43984375 0.0234375 0.0296875
0 0.44375 0.89296875 0.05234375 0.0609375
0 0.46328125 0.95078125 0.05546875 0.06640625
0 0.5296875 0.9625 0.0625 0.075
0 0.565625 0.9109375 0.028125 0.05703125
0 0.559375 0.8328125 0.03671875 0.0359375
0 0.53828125 0.7234375 0.04921875 0.065625
0 0.57734375 0.72421875 0.03359375 0.04453125
0 0.61484375 0.73125 0.03828125 0.04140625
0 0.6203125 0.7890625 0.0484375 0.05703125
0 0.6203125 0.86015625 0.04921875 0.0609375
0 0.6328125 0.93515625 0.028125 0.0390625
0 0.578125 0.5828125 0.03203125 0.03046875
0 0.6109375 0.6796875 0.03671875 0.03359375
0 0.6453125 0.66953125 0.04296875 0.03671875
0 0.64609375 0.634375 0.03046875 0.034375
0 0.61015625 0.553125 0.0265625 0.025
0 0.57890625 0.54375 0.021875 0.03359375
0 0.5921875 0.50390625 0.02265625 0.02578125
0 0.56640625 0.47265625 0.02734375 0.02890625
0 0.60546875 0.528125 0.02578125 0.02578125
0 0.64296875 0.56015625 0.02890625 0.03515625
0 0.6375 0.5265625 0.03515625 0.02578125
0 0.65390625 0.49140625 0.02421875 0.02578125
0 0.66953125 0.59609375 0.04609375 0.03359375
0 0.678125 0.5625 0.03359375 0.03984375
0 0.34296875 0.44140625 0.028125 0.025
0 0.51484375 0.45859375 0.04140625 0.02890625
0 0.5375 0.5078125 0.03046875 0.03203125
0 0.59921875 0.43671875 0.021875 0.03515625
0 0.5765625 0.446875 0.028125 0.03359375
0 0.6203125 0.4125 0.03046875 0.03828125
0 0.671875 0.50546875 0.03125 0.03203125
0 0.69453125 0.490625 0.02890625 0.0265625
0 0.7234375 0.5015625 0.03515625 0.0265625
0 0.70625 0.5734375 0.03828125 0.04453125
0 0.71796875 0.61796875 0.04140625 0.0484375
0 0.6625 0.72265625 0.0390625 0.0640625
0 0.66796875 0.83125 0.0328125 0.06484375
0 0.7 0.43828125 0.025 0.0359375
0 0.72890625 0.46796875 0.028125 0.03046875
0 0.7625 0.553125 0.04296875 0.0515625
0 0.77578125 0.59375 0.0265625 0.03203125
0 0.75546875 0.6109375 0.02890625 0.0390625
0 0.72265625 0.71015625 0.0421875 0.04296875
0 0.71328125 0.78984375 0.046875 0.06640625
0 0.7453125 0.82578125 0.05234375 0.05625
0 0.753125 0.88203125 0.05703125 0.07421875
0 0.803125 0.884375 0.04453125 0.08203125
0 0.80859375 0.9703125 0.0640625 0.059375
0 0.8671875 0.94921875 0.0640625 0.0765625
0 0.94765625 0.84921875 0.06796875 0.0734375
0 0.90703125 0.853125 0.0328125 0.053125
0 0.8671875 0.82578125 0.05859375 0.07890625
0 0.8265625 0.78671875 0.05703125 0.065625
0 0.81953125 0.73828125 0.03984375 0.040625
0 0.75234375 0.72890625 0.04609375 0.03984375
0 0.765625 0.77578125 0.05625 0.040625
0 0.7859375 0.696875 0.05234375 0.04296875
0 0.8453125 0.70078125 0.04765625 0.03984375
0 0.9734375 0.9609375 0.05078125 0.078125
0 0.9828125 0.80546875 0.034375 0.04609375
0 0.98359375 0.74453125 0.03203125 0.04609375
0 0.96484375 0.70390625 0.02734375 0.04296875
0 0.91484375 0.78203125 0.04453125 0.05703125
0 0.8921875 0.725 0.05078125 0.05
0 0.92578125 0.7078125 0.04296875 0.0453125
0 0.9109375 0.678125 0.04453125 0.0390625
0 0.90078125 0.6390625 0.0390625 0.040625
0 0.95703125 0.615625 0.05546875 0.04296875
0 0.8484375 0.63671875 0.02890625 0.03203125
0 0.828125 0.64453125 0.0234375 0.03359375
0 0.8421875 0.59453125 0.03515625 0.03671875
0 0.84921875 0.56171875 0.0375 0.03125
0 0.81171875 0.540625 0.0296875 0.0296875
0 0.903125 0.5359375 0.04140625 0.025
0 0.7984375 0.484375 0.0328125 0.0296875
0 0.7890625 0.446875 0.0359375 0.03046875