0 0.01875 0.9125 0.0375 0.0609375
0 0.03828125 0.96953125 0.0453125 0.06015625
0 0.0234375 0.70625 0.03046875 0.0515625
0 0.0640625 0.7046875 0.03515625 0.05625
0 0.04296875 0.66875 0.03359375 0.034375
0 0.02109375 0.64609375 0.040625 0.05
0 0.0859375 0.89921875 0.08359375 0.08671875
0 0.121875 0.8296875 0.0484375 0.05
0 0.078125 0.78359375 0.05390625 0.06953125
0 0.159375 0.97421875 0.053125 0.0515625
0 0.17890625 0.9140625 0.0515625 0.06640625
0 0.19375 0.859375 0.07109375 0.08359375
0 0.24140625 0.7921875 0.0421875 0.06796875
0 0.26875 0.94921875 0.05078125 0.1015625
0 0.31484375 0.88671875 0.053125 0.06484375
0 0.34609375 0.909375 0.05625 0.06640625
0 0.2453125 0.725 0.05234375 0.06640625
0 0.43203125 0.896875 0.0796875 0.09375
0 0.4828125 0.978125 0.03125 0.04375
0 0.43828125 0.8109375 0.06171875 0.078125
0 0.40703125 0.76484375 0.0484375 0.0515625
0 0.3421875 0.80625 0.03359375 0.04375
0 0.3234375 0.73046875 0.0578125 0.0796875
0 0.37109375 0.6953125 0.03984375 0.053125
0 0.4328125 0.6890625 0.0546875 0.06796875
0 0.49296875 0.809375 0.04296875 0.0484375
0 0.52421875 0.878125 0.08046875 0.08203125
0 0.134375 0.69375 0.03984375 0.04375
0 0.09609375 0.6703125 0.0546875 0.0484375
0 0.16328125 0.6625 0.040625 0.0390625
0 0.178125 0.6296875 0.02109375 0.028125
0 0.15625 0.6359375 0.02890625 0.0390625
0 0.14296875 0.621875 0.03984375 0.046875
0 0.1109375 0.61328125 0.03125 0.04921875
0 0.08046875 0.5984375 0.03671875 0.04609375
0 0.07421875 0.5703125 0.05078125 0.04375
0 0.115625 0.56640625 0.04296875 0.03203125
0 0.12578125 0.53203125 0.03671875 0.03671875
0 0.0203125 0.5765625 0.040625 0.071875
0 0.15078125 0.55859375 0.03046875 0.040625
0 0.1796875 0.5625 0.0328125 0.0359375
0 0.2109375 0.6296875 0.03515625 0.04140625
0 0.2015625 0.6015625 0.02265625 0.0296875
0 0.19453125 0.58125 0.02109375 0.0234375
0 0.23125 0.6578125 0.02734375 0.0453125
0 0.28203125 0.6546875 0.05546875 0.06171875
0 0.25390625 0.5875 0.03515625 0.0484375
0 0.2515625 0.5296875 0.02421875 0.03515625
0 0.2953125 0.5171875 0.02734375 0.025
0 0.3171875 0.525 0.03203125 0.03046875
0 0.3203125 0.6125 0.05078125 0.0453125
0 0.34453125 0.65390625 0.0359375 0.02890625
0 0.38828125 0.62421875 0.03828125 0.03984375
0 0.3875 0.55390625 0.0328125 0.03828125
0 0.3546875 0.5484375 0.02890625 0.03671875
0 0.3359375 0.57265625 0.04765625 0.028125
0 0.33359375 0.47734375 0.03046875 0.03203125
0 0.3609375 0.978125 0.02890625 0.04375
0 0.3796875 0.49296875 0.021875 0.025
0 0.39375 0.475 0.03828125 0.028125
0 0.4203125 0.52421875 0.0375 0.03046875
0 0.434375 0.49140625 0.03203125 0.03984375
0 0.45078125 0.4546875 0.02421875 0.02890625
0 0.47734375 0.49375 0.03359375 0.03828125
0 0.4859375 0.4453125 0.03515625 0.025
0 0.5125 0.478125 0.03046875 0.034375
0 0.52109375 0.45078125 0.03984375 0.028125
0 0.50703125 0.53515625 0.04296875 0.0515625
0 0.42578125 0.42578125 0.01875 0.02578125
0 0.36328125 0.4171875 0.03359375 0.03515625
0 0.56328125 0.49609375 0.03828125 0.04375
0 0.5578125 0.459375 0.025 0.040625
0 0.56171875 0.4296875 0.03359375 0.03125
0 0.56328125 0.40078125 0.02890625 0.03125
0 0.59609375 0.4390625 0.03515625 0.040625
0 0.59921875 0.50859375 0.02890625 0.03046875
0 0.5421875 0.50234375 0.028125 0.04140625
0 0.5203125 0.625 0.07734375 0.1015625
0 0.571875 0.59921875 0.034375 0.0546875
0 0.5765625 0.63828125 0.03359375 0.04296875
0 0.609375 0.6421875 0.05 0.0484375
0 0.58828125 0.72578125 0.06640625 0.06171875
0 0.62109375 0.78046875 0.0734375 0.0984375
0 0.54296875 0.8171875 0.0234375 0.0265625
0 0.60859375 0.5546875 0.0546875 0.0390625
0 0.6125 0.5296875 0.03515625 0.03359375
0 0.6421875 0.496875 0.04140625 0.0390625
0 0.75703125 0.96171875 0.03828125 0.07578125
0 0.815625 0.95625 0.06171875 0.08671875
0 0.675 0.93984375 0.0265625 0.0390625
0 0.71796875 0.89921875 0.0421875 0.0640625
0 0.6421875 0.90390625 0.07421875 0.090625
0 0.7109375 0.8296875 0.078125 0.0953125
0 0.7703125 0.83359375 0.0515625 0.0640625
0 0.7046875 0.740625 0.03046875 0.053125
0 0.66875 0.63203125 0.05078125 0.0546875
0 0.75703125 0.765625 0.03984375 0.04609375
0 0.79375 0.75078125 0.06640625 0.08203125
0 0.8390625 0.746875 0.05234375 0.0640625
0 0.8921875 0.7828125 0.05390625 0.03828125
0 0.84375 0.8359375 0.07421875 0.05703125
0 0.903125 0.8609375 0.0625 0.0484375
0 0.91953125 0.82890625 0.04609375 0.05078125
0 0.94609375 0.7796875 0.06640625 0.05390625
0 0.975 0.6953125 0.05 0.06015625
0 0.74921875 0.65703125 0.06640625 0.05078125
0 0.73515625 0.61171875 0.05859375 0.04140625
0 0.78046875 0.66875 0.04765625 0.0546875
0 0.8078125 0.61796875 0.04375 0.034375
0 0.75859375 0.5453125 0.0453125 0.03984375
0 0.715625 0.54140625 0.0390625 0.04609375
0 0.71171875 0.5015625 0.04140625 0.03203125
0 0.74140625 0.5046875 0.03671875 0.03828125
0 0.703125 0.45078125 0.03671875 0.03515625
0 0.778125 0.4703125 0.0359375 0.03125
0 0.790625 0.434375 0.0453125 0.03984375
0 0.83203125 0.45625 0.03828125 0.03828125
0 0.8046875 0.509375 0.04609375 0.03984375
0 0.82890625 0.5890625 0.05703125 0.040625
0 0.84140625 0.64375 0.03671875 0.040625
0 0.8578125 0.56328125 0.0578125 0.0484375
0 0.88828125 0.60078125 0.0625 0.034375
0 0.90859375 0.6328125 0.06171875 0.040625
0 0.96015625 0.63515625 0.05625 0.04296875
0 0.98203125 0.5984375 0.0359375 0.0640625
0 0.91171875 0.53125 0.05234375 0.046875
0 0.94453125 0.509375 0.04765625 0.0359375
0 0.9515625 0.47109375 0.04296875 0.034375
0 0.896875 0.48046875 0.046875 0.0484375
0 0.746875 0.425 0.04453125 0.0390625
0 0.934375 0.57265625 0.0609375 0.0453125
0 0.61484375 0.46171875 0.03203125 0.03828125