0 0.0984375 0.92421875 0.059375 0.06796875
0 0.06796875 0.84921875 0.040625 0.0484375
0 0.01953125 0.79296875 0.034375 0.0375
0 0.13515625 0.875 0.02265625 0.02890625
0 0.109375 0.8359375 0.03671875 0.0609375
0 0.1234375 0.77734375 0.01796875 0.028125
0 0.1546875 0.9109375 0.0453125 0.04765625
0 0.18359375 0.946875 0.05390625 0.07890625
0 0.22109375 0.89765625 0.03046875 0.053125
0 0.29921875 0.95078125 0.04765625 0.059375
0 0.26640625 0.7265625 0.03671875 0.04296875
0 0.22890625 0.7890625 0.03359375 0.040625
0 0.1765625 0.80546875 0.0265625 0.03125
0 0.18203125 0.73046875 0.02421875 0.02890625
0 0.18046875 0.66328125 0.028125 0.028125
0 0.0890625 0.728125 0.028125 0.0359375
0 0.0953125 0.56953125 0.03359375 0.025
0 0.04609375 0.5578125 0.02734375 0.0234375
0 0.17734375 0.52734375 0.021875 0.02578125
0 0.12265625 0.61171875 0.021875 0.03046875
0 0.178125 0.56640625 0.02734375 0.025
0 0.22578125 0.53671875 0.02578125 0.02734375
0 0.2109375 0.5640625 0.02734375 0.02265625
0 0.24140625 0.57890625 0.02265625 0.03515625
0 0.08671875 0.53515625 0.02265625 0.0359375
0 0.1328125 0.475 0.0203125 0.03046875
0 0.13359375 0.43359375 0.02265625 0.02109375
0 0.10390625 0.45703125 0.02265625 0.02421875
0 0.08203125 0.42421875 0.0171875 0.01796875
0 0.14140625 0.515625 0.01484375 0.02421875
0 0.16875 0.4703125 0.021875 0.025
0 0.2390625 0.4453125 0.021875 0.02109375
0 0.28203125 0.46796875 0.01953125 0.0203125
0 0.31953125 0.46796875 0.021875 0.0234375
0 0.2625 0.51953125 0.01796875 0.021875
0 0.25390625 0.646875 0.03203125 0.03203125
0 0.3015625 0.66484375 0.03359375 0.034375
0 0.31953125 0.7015625 0.03671875 0.04140625
0 0.3 0.75703125 0.025 0.0390625
0 0.33984375 0.79921875 0.03125 0.05390625
0 0.29296875 0.8328125 0.0296875 0.05
0 0.37890625 0.71875 0.03203125 0.04765625
0 0.40859375 0.76953125 0.04453125 0.0484375
0 0.403125 0.85546875 0.03828125 0.053125
0 0.4421875 0.8765625 0.03984375 0.06328125
0 0.453125 0.80546875 0.02421875 0.040625
0 0.45234375 0.75703125 0.021875 0.0375
0 0.50234375 0.73984375 0.02734375 0.0375
0 0.50625 0.8140625 0.0359375 0.046875
0 0.46171875 0.68125 0.02734375 0.03984375
0 0.43046875 0.659375 0.025 0.0359375
0 0.415625 0.703125 0.0234375 0.028125
0 0.378125 0.6046875 0.01953125 0.0328125
0 0.39375 0.58671875 0.0203125 0.02109375
0 0.3203125 0.59453125 0.02421875 0.02734375
0 0.35390625 0.4875 0.015625 0.02109375
0 0.425 0.51171875 0.0234375 0.021875
0 0.4171875 0.55234375 0.01640625 0.02578125
0 0.4875 0.55625 0.025 0.02265625
0 0.38671875 0.42578125 0.01953125 0.021875
0 0.46484375 0.45234375 0.02109375 0.01875
0 0.4046875 0.44609375 0.0234375 0.02109375
0 0.5 0.64453125 0.01484375 0.0265625
0 0.50546875 0.625 0.01875 0.021875
0 0.4796875 0.63359375 0.01953125 0.0296875
0 0.484375 0.6078125 0.0171875 0.021875
0 0.44609375 0.3671875 0.01484375 0.0140625
0 0.50703125 0.4734375 0.021875 0.025
0 0.596875 0.49765625 0.028125 0.028125
0 0.6265625 0.51015625 0.02265625 0.01640625
0 0.5671875 0.51875 0.0203125 0.03671875
0 0.59453125 0.61015625 0.0265625 0.02734375
0 0.57734375 0.81015625 0.0234375 0.0328125
0 0.58515625 0.84765625 0.0328125 0.04296875
0 0.66015625 0.83359375 0.04453125 0.06640625
0 0.69765625 0.93515625 0.046875 0.08359375
0 0.77421875 0.92578125 0.0421875 0.07421875
0 0.728125 0.8 0.0296875 0.04453125
0 0.75703125 0.84765625 0.03671875 0.04453125
0 0.81796875 0.91015625 0.0328125 0.0515625
0 0.8375 0.8484375 0.028125 0.0421875
0 0.790625 0.7984375 0.0328125 0.0515625
0 0.81953125 0.76328125 0.03828125 0.04921875
0 0.8609375 0.759375 0.0265625 0.040625
0 0.9109375 0.76875 0.0421875 0.0625
0 0.95 0.803125 0.0234375 0.0296875
0 0.95859375 0.9296875 0.05 0.06171875
0 0.98203125 0.8171875 0.03515625 0.04765625
0 0.97265625 0.68203125 0.0328125 0.04375
0 0.95078125 0.64609375 0.021875 0.02421875
0 0.92109375 0.63828125 0.02421875 0.034375
0 0.92265625 0.68984375 0.02734375 0.03671875
0 0.7296875 0.7265625 0.03515625 0.03984375
0 0.7171875 0.67109375 0.02578125 0.034375
0 0.73984375 0.70859375 0.01484375 0.02265625
0 0.75234375 0.6625 0.02890625 0.03359375
0 0.75234375 0.6265625 0.0265625 0.0328125
0 0.85078125 0.6203125 0.03359375 0.0328125
0 0.7953125 0.6125 0.0265625 0.03359375
0 0.89765625 0.590625 0.02265625 0.0328125
0 0.9109375 0.5390625 0.0265625 0.0265625
0 0.9015625 0.5109375 0.0234375 0.02109375
0 0.9390625 0.49609375 0.02109375 0.02109375
0 0.83125 0.4984375 0.01953125 0.01796875
0 0.83515625 0.47890625 0.01640625 0.021875
0 0.78671875 0.46015625 0.02734375 0.025
0 0.8703125 0.44296875 0.02265625 0.02578125
0 0.85078125 0.4140625 0.015625 0.01953125
0 0.89765625 0.37421875 0.02265625 0.0265625
0 0.80390625 0.50625 0.0171875 0.02109375
0 0.83203125 0.5578125 0.02890625 0.0234375
0 0.85234375 0.575 0.01875 0.01875
0 0.74375 0.5265625 0.03125 0.025
0 0.7421875 0.49375 0.01796875 0.0265625
0 0.70859375 0.56484375 0.0328125 0.0296875
0 0.6875 0.53515625 0.0296875 0.03046875
0 0.65390625 0.5421875 0.02734375 0.03515625
0 0.62890625 0.60078125 0.02890625 0.03515625
0 0.6625 0.6125 0.02265625 0.03125
0 0.52421875 0.49609375 0.02421875 0.02265625
0 0.47109375 0.50234375 0.0140625 0.01953125
0 0.68125 0.4625 0.0203125 0.02578125
0 0.69453125 0.490625 0.01953125 0.021875
0 0.78046875 0.546875 0.0265625 0.0265625
0 0.56015625 0.328125 0.01796875 0.015625
0 0.51640625 0.40625 0.01484375 0.01875