0 0.05390625 0.9640625 0.0578125 0.071875
0 0.0375 0.9234375 0.0328125 0.05078125
0 0.08984375 0.8765625 0.05 0.05546875
0 0.04296875 0.84140625 0.0203125 0.034375
0 0.01484375 0.86328125 0.0296875 0.04609375
0 0.00625 0.82109375 0.01171875 0.04140625
0 0.03203125 0.76484375 0.059375 0.0515625
0 0.1015625 0.7296875 0.040625 0.0296875
0 0.1453125 0.7734375 0.0484375 0.04765625
0 0.18203125 0.76484375 0.0390625 0.0328125
0 0.18125 0.8328125 0.0640625 0.0734375
0 0.2265625 0.92109375 0.02421875 0.0546875
0 0.17890625 0.98515625 0.0484375 0.02890625
0 0.31875 0.96328125 0.04609375 0.05859375
0 0.25546875 0.859375 0.04453125 0.07421875
0 0.228125 0.828125 0.04296875 0.0421875
0 0.25625 0.81171875 0.0265625 0.03046875
0 0.28828125 0.8171875 0.0328125 0.05078125
0 0.36875 0.9421875 0.05 0.084375
0 0.39921875 0.978125 0.040625 0.04375
0 0.4546875 0.98046875 0.0578125 0.0390625
0 0.45390625 0.94296875 0.03515625 0.05859375
0 0.43203125 0.89140625 0.04140625 0.05625
0 0.3640625 0.86484375 0.06328125 0.0828125
0 0.48515625 0.80078125 0.0453125 0.0578125
0 0.4484375 0.77421875 0.0390625 0.053125
0 0.34765625 0.759375 0.03203125 0.05078125
0 0.3875 0.73359375 0.03203125 0.0625
0 0.28515625 0.725 0.0375 0.0515625
0 0.35078125 0.696875 0.03671875 0.02734375
0 0.31953125 0.66953125 0.046875 0.046875
0 0.36015625 0.65703125 0.046875 0.04140625
0 0.3484375 0.6171875 0.03046875 0.03984375
0 0.41640625 0.659375 0.03125 0.0421875
0 0.44921875 0.7078125 0.0546875 0.0546875
0 0.48984375 0.7375 0.028125 0.05546875
0 0.5390625 0.73671875 0.04453125 0.034375
0 0.55234375 0.93046875 0.0453125 0.0640625
0 0.240625 0.74140625 0.0265625 0.02890625
0 0.23671875 0.67578125 0.02109375 0.02734375
0 0.1890625 0.7171875 0.0125 0.0234375
0 0.1 0.684375 0.053125 0.0484375
0 0.0515625 0.684375 0.034375 0.03125
0 0.15625 0.67734375 0.03828125 0.0359375
0 0.06796875 0.64765625 0.04296875 0.03515625
0 0.04375 0.6265625 0.03046875 0.0359375
0 0.00859375 0.5734375 0.0171875 0.025
0 0.0453125 0.56796875 0.04375 0.028125
0 0.171875 0.57578125 0.0265625 0.0359375
0 0.228125 0.6203125 0.03828125 0.02578125
0 0.2953125 0.603125 0.03046875 0.0359375
0 0.02109375 0.6078125 0.0171875 0.03515625
0 0.00625 0.6078125 0.0125 0.015625
0 0.6375 0.94375 0.0296875 0.0640625
0 0.68515625 0.90859375 0.04296875 0.059375
0 0.77265625 0.909375 0.040625 0.0515625
0 0.7703125 0.97734375 0.0546875 0.0390625
0 0.81328125 0.97265625 0.03359375 0.04375
0 0.8125 0.92734375 0.025 0.03515625
0 0.8640625 0.93125 0.053125 0.06328125
0 0.93359375 0.9203125 0.0734375 0.0828125
0 0.92421875 0.978125 0.05078125 0.04375
0 0.97890625 0.975 0.0421875 0.05
0 0.9859375 0.92109375 0.028125 0.07109375
0 0.95703125 0.88984375 0.0265625 0.0515625
0 0.93125 0.82578125 0.046875 0.04453125
0 0.96015625 0.7796875 0.05 0.05078125
0 0.81328125 0.81171875 0.03125 0.05390625
0 0.778125 0.8203125 0.05234375 0.065625
0 0.7171875 0.8359375 0.04453125 0.08359375
0 0.67578125 0.75078125 0.05078125 0.06796875
0 0.73125 0.7265625 0.0359375 0.05390625
0 0.76015625 0.76171875 0.03984375 0.05078125
0 0.82421875 0.76328125 0.03359375 0.03828125
0 0.79140625 0.725 0.03515625 0.0578125
0 0.81328125 0.69296875 0.05 0.06328125
0 0.84765625 0.69140625 0.0328125 0.03828125
0 0.796875 0.65 0.0265625 0.0265625
0 0.89296875 0.6953125 0.053125 0.0453125
0 0.91875 0.72265625 0.02890625 0.025
0 0.95703125 0.7359375 0.0453125 0.034375
0 0.9734375 0.68984375 0.03984375 0.04453125
0 0.6140625 0.7671875 0.04921875 0.04921875
0 0.59921875 0.7359375 0.02578125 0.03671875
0 0.5296875 0.68046875 0.040625 0.04921875
0 0.4859375 0.68984375 0.02109375 0.0421875
0 0.728125 0.659375 0.05078125 0.03828125
0 0.71796875 0.61953125 0.02578125 0.0375
0 0.75 0.615625 0.03203125 0.02578125
0 0.74609375 0.58203125 0.03125 0.03046875
0 0.78359375 0.571875 0.03671875 0.0328125
0 0.85625 0.60625 0.034375 0.025
0 0.834375 0.5734375 0.04453125 0.02890625
0 0.90234375 0.63359375 0.040625 0.0328125
0 0.940625 0.61875 0.03671875 0.0390625
0 0.89609375 0.5875 0.02890625 0.02890625
0 0.92265625 0.59140625 0.02734375 0.01875
0 0.98125 0.5890625 0.03125 0.04296875
0 0.8734375 0.54921875 0.0296875 0.0296875
0 0.6671875 0.5703125 0.03671875 0.03984375
0 0.63515625 0.559375 0.02734375 0.0375
0 0.6078125 0.5640625 0.02421875 0.03828125
0 0.490625 0.62734375 0.0390625 0.04453125
0 0.45859375 0.6140625 0.0296875 0.034375
0 0.4515625 0.653125 0.0203125 0.03359375
0 0.42109375 0.5921875 0.0265625 0.02890625
0 0.409375 0.56875 0.02421875 0.0265625
0 0.421875 0.5453125 0.021875 0.0171875
0 0.4359375 0.51875 0.0296875 0.02265625
0 0.50625 0.5890625 0.0171875 0.025
0 0.5234375 0.596875 0.01875 0.02421875
0 0.52890625 0.5796875 0.02109375 0.02734375
0 0.5109375 0.5671875 0.021875 0.02578125
0 0.5078125 0.52109375 0.0171875 0.02890625
0 0.53515625 0.5 0.0234375 0.02578125
0 0.57734375 0.48828125 0.0328125 0.0234375
0 0.321875 0.57265625 0.0140625 0.025
0 0.353125 0.5578125 0.03125 0.0265625
0 0.278125 0.54453125 0.02734375 0.02578125
0 0.246875 0.53203125 0.028125 0.02265625
0 0.25625 0.509375 0.03515625 0.021875
0 0.215625 0.53828125 0.02578125 0.03046875
0 0.20546875 0.52109375 0.01640625 0.01875
0 0.21171875 0.50390625 0.01953125 0.02265625
0 0.19296875 0.50390625 0.01640625 0.02109375
0 0.178125 0.49296875 0.0140625 0.015625
0 0.140625 0.53984375 0.0265625 0.02578125
0 0.1078125 0.55625 0.0265625 0.03046875
0 0.09296875 0.53125 0.03125 0.021875
0 0.13125 0.509375 0.02578125 0.0328125
0 0.10859375 0.49609375 0.025 0.0234375
0 0.659375 0.5109375 0.03515625 0.02578125
0 0.70703125 0.52890625 0.0375 0.02734375
0 0.68515625 0.50234375 0.034375 0.02734375
0 0.63125 0.48203125 0.02265625 0.01875
0 0.60234375 0.471875 0.02890625 0.02109375
0 0.740625 0.49609375 0.028125 0.01875
0 0.7359375 0.46796875 0.02109375 0.0171875
0 0.6921875 0.4640625 0.0171875 0.01484375
0 0.66171875 0.47421875 0.02109375 0.0203125
0 0.66640625 0.45625 0.0140625 0.01640625
0 0.67890625 0.44296875 0.02265625 0.0140625
0 0.7734375 0.51171875 0.02734375 0.02265625
0 0.8203125 0.5265625 0.0453125 0.02421875
0 0.83515625 0.53359375 0.01953125 0.015625
0 0.9109375 0.52734375 0.02734375 0.01640625
0 0.88984375 0.503125 0.0203125 0.01875
0 0.775 0.44140625 0.0203125 0.01640625
0 0.81484375 0.4703125 0.02421875 0.0140625
0 0.81953125 0.45 0.01484375 0.01875
0 0.79375 0.47578125 0.01875 0.01796875
0 0.88046875 0.4796875 0.021875 0.0125
0 0.44609375 0.4828125 0.0234375 0.0265625
0 0.29296875 0.49296875 0.02109375 0.02578125
0 0.3859375 0.48515625 0.02578125 0.0234375
0 0.5359375 0.47109375 0.02421875 0.0234375
0 0.04921875 0.52109375 0.03125 0.02421875