0 0.1109375 0.92734375 0.0578125 0.05546875
0 0.16875 0.92265625 0.04375 0.0359375
0 0.17265625 0.978125 0.05703125 0.04375
0 0.20625 0.84765625 0.03515625 0.04921875
0 0.1140625 0.85234375 0.0484375 0.04921875
0 0.03671875 0.83984375 0.05625 0.0578125
0 0.15703125 0.80625 0.0359375 0.0375
0 0.14609375 0.77265625 0.04296875 0.03984375
0 0.09921875 0.74609375 0.04296875 0.040625
0 0.04296875 0.771875 0.02421875 0.04375
0 0.01484375 0.79375 0.0296875 0.01953125
0 0.271875 0.75078125 0.03046875 0.03671875
0 0.271875 0.7078125 0.0375 0.03359375
0 0.32265625 0.80703125 0.02890625 0.0375
0 0.3796875 0.91328125 0.03984375 0.0453125
0 0.48359375 0.9328125 0.03515625 0.0421875
0 0.47890625 0.80390625 0.03359375 0.03984375
0 0.41796875 0.79375 0.034375 0.02890625
0 0.375 0.8203125 0.028125 0.03125
0 0.32734375 0.7046875 0.0296875 0.0328125
0 0.21328125 0.65390625 0.03046875 0.034375
0 0.0984375 0.69296875 0.03828125 0.03984375
0 0.02421875 0.7078125 0.0484375 0.04140625
0 0.19609375 0.7546875 0.03671875 0.03984375
0 0.2859375 0.84921875 0.0453125 0.03359375
0 0.26171875 0.88671875 0.03828125 0.025
0 0.48203125 0.98828125 0.0390625 0.0234375
0 0.6703125 0.97734375 0.0265625 0.04453125
0 0.60546875 0.953125 0.0328125 0.0578125
0 0.61640625 0.83671875 0.04296875 0.0234375
0 0.55625 0.6734375 0.03671875 0.03984375
0 0.5578125 0.72890625 0.01796875 0.03359375
0 0.67109375 0.7390625 0.0359375 0.02890625
0 0.70703125 0.8078125 0.03671875 0.0484375
0 0.70703125 0.88046875 0.0375 0.025
0 0.6578125 0.84453125 0.02890625 0.0375
0 0.6953125 0.9296875 0.0375 0.03984375
0 0.7734375 0.93671875 0.05234375 0.053125
0 0.75390625 0.7859375 0.05 0.0390625
0 0.70234375 0.73828125 0.03828125 0.04375
0 0.7296875 0.66953125 0.0359375 0.03125
0 0.66640625 0.6265625 0.03125 0.02890625
0 0.703125 0.603125 0.028125 0.0296875
0 0.63359375 0.66953125 0.03046875 0.03203125
0 0.496875 0.88125 0.03828125 0.03125
0 0.5390625 0.9015625 0.046875 0.0546875
0 0.56171875 0.9359375 0.03125 0.06171875
0 0.53828125 0.95859375 0.03203125 0.05703125
0 0.79140625 0.87109375 0.0421875 0.053125
0 0.828125 0.946875 0.04140625 0.065625
0 0.8671875 0.98515625 0.02109375 0.02890625
0 0.93046875 0.98828125 0.02734375 0.0234375
0 0.96796875 0.8640625 0.0515625 0.0671875
0 0.8703125 0.81015625 0.0359375 0.04140625
0 0.825 0.7046875 0.04140625 0.0484375
0 0.85234375 0.67265625 0.0234375 0.02890625
0 0.9609375 0.74375 0.03984375 0.04296875
0 0.78828125 0.62109375 0.0328125 0.02734375
0 0.74765625 0.6046875 0.04140625 0.0265625
0 0.58203125 0.5765625 0.028125 0.0265625
0 0.48515625 0.62890625 0.02734375 0.02578125
0 0.43828125 0.55859375 0.02109375 0.03125
0 0.34140625 0.6734375 0.0296875 0.0296875
0 0.328125 0.5453125 0.028125 0.0265625
0 0.3640625 0.52734375 0.028125 0.01953125
0 0.4359375 0.47265625 0.0203125 0.015625
0 0.54609375 0.58984375 0.02578125 0.025
0 0.5984375 0.62109375 0.02890625 0.02734375
0 0.64296875 0.61640625 0.02890625 0.025
0 0.68515625 0.5359375 0.0171875 0.021875
0 0.7609375 0.70078125 0.03125 0.025
0 0.81328125 0.834375 0.04921875 0.04921875
0 0.8375 0.89453125 0.0453125 0.040625
0 0.9125 0.8953125 0.02578125 0.03203125
0 0.8796875 0.86484375 0.0234375 0.02890625
0 0.91953125 0.69453125 0.034375 0.0265625
0 0.8671875 0.63203125 0.0296875 0.0265625
0 0.72578125 0.63125 0.021875 0.021875
0 0.6578125 0.70546875 0.0234375 0.02734375
0 0.59765625 0.7078125 0.02578125 0.0296875
0 0.5046875 0.70859375 0.0234375 0.02265625
0 0.4078125 0.7546875 0.0328125 0.028125
0 0.3390625 0.615625 0.01953125 0.0203125
0 0.3890625 0.56328125 0.03515625 0.02890625
0 0.24453125 0.59140625 0.034375 0.021875
0 0.18359375 0.65703125 0.01875 0.0234375
0 0.23125 0.70078125 0.034375 0.0359375
0 0.16015625 0.69296875 0.03359375 0.0234375
0 0.175 0.70390625 0.03515625 0.02734375
0 0.37734375 0.971875 0.0359375 0.034375
0 0.40703125 0.91015625 0.02578125 0.02421875
0 0.42109375 0.83125 0.01796875 0.02265625
0 0.39296875 0.6703125 0.01953125 0.02890625
0 0.3921875 0.71171875 0.0171875 0.01953125
0 0.2828125 0.56328125 0.03046875 0.02109375
0 0.2203125 0.571875 0.0234375 0.0171875
0 0.1375 0.72265625 0.0234375 0.03359375
0 0.13671875 0.52265625 0.01875 0.01484375
0 0.28984375 0.515625 0.02265625 0.01953125
0 0.24609375 0.54609375 0.02734375 0.0265625
0 0.4640625 0.56171875 0.021875 0.025
0 0.5203125 0.6265625 0.0265625 0.0234375
0 0.5515625 0.62734375 0.03125 0.01796875
0 0.51015625 0.76328125 0.015625 0.021875
0 0.78828125 0.7125 0.01953125 0.0203125
0 0.84765625 0.77890625 0.0375 0.02109375
0 0.975 0.8046875 0.04375 0.040625
0 0.81328125 0.60390625 0.028125 0.025
0 0.80390625 0.653125 0.025 0.0296875
0 0.01328125 0.571875 0.0265625 0.02421875
0 0.053125 0.559375 0.02578125 0.01875
0 0.0484375 0.625 0.02265625 0.015625
0 0.025 0.67890625 0.05 0.02421875
0 0.02109375 0.6484375 0.0328125 0.0171875
0 0.0109375 0.62109375 0.021875 0.025
0 0.271875 0.61328125 0.0296875 0.0265625
0 0.35625 0.65546875 0.02265625 0.025
0 0.2796875 0.434375 0.0390625 0.01640625
0 0.23125 0.49296875 0.0234375 0.015625
0 0.22265625 0.5328125 0.015625 0.0140625
0 0.3828125 0.45390625 0.0265625 0.0171875
0 0.36484375 0.4828125 0.021875 0.0203125
0 0.32265625 0.48125 0.02265625 0.01328125
0 0.2671875 0.484375 0.02578125 0.01484375
0 0.246875 0.50703125 0.01640625 0.01796875
0 0.17265625 0.62890625 0.0234375 0.02109375
0 0.17578125 0.6015625 0.01796875 0.01953125
0 0.0984375 0.58671875 0.02578125 0.009375
0 0.046875 0.72265625 0.03203125 0.01328125
0 0.2921875 0.8046875 0.03828125 0.04921875
0 0.0359375 0.9703125 0.03125 0.05390625