0 0.48046875 0.71484375 0.02421875 0.02734375
0 0.83046875 0.94375 0.03984375 0.053125
0 0.44296875 0.928125 0.034375 0.03671875
0 0.63984375 0.78203125 0.03359375 0.0359375
0 0.21953125 0.78671875 0.03046875 0.0296875
0 0.40546875 0.7609375 0.0328125 0.0375
0 0.79765625 0.746875 0.0296875 0.03671875
0 0.82734375 0.86015625 0.0359375 0.05
0 0.71171875 0.69921875 0.0328125 0.034375
0 0.61328125 0.95703125 0.0359375 0.05703125
0 0.50234375 0.78515625 0.0359375 0.04375
0 0.70546875 0.83671875 0.028125 0.0375
0 0.54375 0.75859375 0.03203125 0.0328125
0 0.775 0.7734375 0.03125 0.0359375
0 0.66796875 0.846875 0.034375 0.04765625
0 0.7078125 0.74375 0.025 0.0359375
0 0.7390625 0.5203125 0.0234375 0.0203125
0 0.22421875 0.9296875 0.0375 0.04765625
0 0.51953125 0.7171875 0.034375 0.03515625
0 0.865625 0.78671875 0.03359375 0.040625
0 0.5671875 0.70234375 0.025 0.02578125
0 0.740625 0.9203125 0.02578125 0.03828125
0 0.40859375 0.60390625 0.025 0.02890625
0 0.21953125 0.7609375 0.0265625 0.0296875
0 0.1140625 0.734375 0.03203125 0.03046875
0 0.31171875 0.79921875 0.0328125 0.0390625
0 0.6015625 0.8796875 0.02890625 0.03828125
0 0.746875 0.82578125 0.025 0.03203125
0 0.503125 0.83515625 0.02890625 0.0359375
0 0.5515625 0.571875 0.021875 0.02578125
0 0.4390625 0.82890625 0.0375 0.0484375
0 0.66015625 0.6390625 0.02421875 0.0234375
0 0.26953125 0.73671875 0.0265625 0.03671875
0 0.840625 0.6578125 0.0296875 0.03203125
0 0.909375 0.59765625 0.021875 0.0234375
0 0.61015625 0.79140625 0.028125 0.03046875
0 0.33203125 0.7375 0.02578125 0.03359375
0 0.30390625 0.6765625 0.028125 0.0359375
0 0.73671875 0.85703125 0.03359375 0.04453125
0 0.146875 0.88203125 0.0375 0.0484375
0 0.17421875 0.671875 0.0234375 0.0265625
0 0.04375 0.70859375 0.03515625 0.0375
0 0.2109375 0.68125 0.02890625 0.03125
0 0.28359375 0.9515625 0.03515625 0.046875
0 0.58125 0.9203125 0.02890625 0.046875
0 0.83828125 0.728125 0.03203125 0.034375
0 0.4796875 0.5796875 0.02265625 0.0234375
0 0.5296875 0.6109375 0.01953125 0.03515625
0 0.534375 0.86953125 0.03203125 0.03984375
0 0.7234375 0.9796875 0.034375 0.040625
0 0.346875 0.80859375 0.028125 0.03515625
0 0.60859375 0.65390625 0.02734375 0.0265625
0 0.38125 0.6125 0.021875 0.02578125
0 0.4515625 0.87578125 0.03203125 0.03671875
0 0.903125 0.8 0.03203125 0.03984375
0 0.43671875 0.659375 0.02578125 0.03125
0 0.91328125 0.965625 0.0328125 0.04453125
0 0.89375 0.70234375 0.028125 0.0359375
0 0.403125 0.86171875 0.028125 0.04921875
0 0.86328125 0.9234375 0.034375 0.0609375
0 0.3453125 0.67265625 0.02109375 0.03359375
0 0.43359375 0.56796875 0.021875 0.02421875
0 0.3125 0.96953125 0.028125 0.05078125
0 0.2046875 0.8171875 0.03203125 0.0328125
0 0.35390625 0.74921875 0.02578125 0.034375
0 0.04140625 0.7765625 0.0359375 0.0359375
0 0.73984375 0.67734375 0.02421875 0.0359375
0 0.45546875 0.54921875 0.01953125 0.0265625
0 0.46875 0.678125 0.02421875 0.03125
0 0.97421875 0.97421875 0.0421875 0.0515625
0 0.075 0.92421875 0.053125 0.08515625
0 0.38828125 0.55859375 0.025 0.02734375
0 0.7875 0.68828125 0.0203125 0.034375
0 0.15 0.6671875 0.02265625 0.02734375
0 0.578125 0.54921875 0.0234375 0.02421875
0 0.9359375 0.58828125 0.025 0.0265625
0 0.109375 0.675 0.0265625 0.02890625
0 0.3359375 0.61015625 0.0296875 0.02890625
0 0.07421875 0.72265625 0.021875 0.03203125
0 0.44140625 0.4546875 0.021875 0.021875
0 0.16015625 0.93828125 0.0265625 0.03828125
0 0.23828125 0.5296875 0.02265625 0.02578125
0 0.42578125 0.478125 0.02109375 0.0234375
0 0.75 0.71875 0.025 0.02578125
0 0.6125 0.57734375 0.0234375 0.028125
0 0.225 0.64296875 0.02265625 0.02734375
0 0.29296875 0.89453125 0.0234375 0.03203125
0 0.246875 0.66953125 0.025 0.0328125
0 0.578125 0.56953125 0.021875 0.02109375
0 0.9265625 0.75078125 0.0296875 0.028125
0 0.88515625 0.7484375 0.02421875 0.0296875
0 0.40859375 0.70390625 0.01796875 0.0203125
0 0.12109375 0.69921875 0.03359375 0.0328125
0 0.1890625 0.73671875 0.021875 0.03125
0 0.18671875 0.6109375 0.021875 0.025
0 0.234375 0.7140625 0.01953125 0.02265625
0 0.1390625 0.9203125 0.02578125 0.0375
0 0.6390625 0.98515625 0.03046875 0.02890625
0 0.04375 0.6390625 0.0296875 0.028125
0 0.3265625 0.5671875 0.0203125 0.02265625
0 0.5484375 0.984375 0.0234375 0.03125
0 0.67421875 0.7625 0.01953125 0.028125
0 0.76875 0.7671875 0.03125 0.03515625
0 0.2625 0.575 0.0203125 0.025
0 0.22265625 0.4859375 0.02109375 0.02265625
0 0.71328125 0.6515625 0.025 0.028125
0 0.934375 0.54296875 0.0265625 0.02734375
0 0.1578125 0.71015625 0.02578125 0.02890625
0 0.74296875 0.60234375 0.0203125 0.02578125
0 0.9578125 0.53671875 0.02734375 0.02421875
0 0.309375 0.55625 0.01953125 0.021875
0 0.534375 0.54375 0.01640625 0.021875
0 0.6421875 0.7046875 0.02265625 0.025
0 0.165625 0.74609375 0.02265625 0.02734375
0 0.6203125 0.5875 0.0234375 0.02734375
0 0.43515625 0.578125 0.02265625 0.02265625
0 0.81328125 0.5078125 0.0234375 0.0203125
0 0.3734375 0.4984375 0.02109375 0.02265625
0 0.98359375 0.7546875 0.0296875 0.02890625
0 0.8125 0.55703125 0.0203125 0.0234375
0 0.35859375 0.59140625 0.01953125 0.02265625
0 0.1109375 0.809375 0.028125 0.03203125
0 0.74609375 0.553125 0.021875 0.0234375
0 0.61875 0.74296875 0.0171875 0.0234375
0 0.46171875 0.49765625 0.01953125 0.02578125
0 0.48203125 0.5890625 0.0234375 0.0234375
0 0.3859375 0.64609375 0.0234375 0.02734375
0 0.8484375 0.61171875 0.01640625 0.0203125
0 0.7203125 0.82421875 0.028125 0.03046875