0 0.11484375 0.9390625 0.053125 0.06015625
0 0.03515625 0.971875 0.04140625 0.05546875
0 0.0390625 0.85859375 0.04765625 0.07109375
0 0.0453125 0.78359375 0.04375 0.05078125
0 0.00703125 0.8140625 0.0140625 0.05625
0 0.0546875 0.734375 0.0265625 0.053125
0 0.01875 0.72265625 0.02890625 0.0546875
0 0.0390625 0.67265625 0.03828125 0.0453125
0 0.01328125 0.63515625 0.02578125 0.0515625
0 0.0515625 0.634375 0.028125 0.0421875
0 0.0609375 0.5640625 0.0359375 0.05
0 0.01875 0.5828125 0.034375 0.05
0 0.1046875 0.69453125 0.04921875 0.08046875
0 0.1 0.759375 0.03984375 0.06484375
0 0.11796875 0.85625 0.0453125 0.07109375
0 0.16484375 0.821875 0.03203125 0.071875
0 0.15078125 0.78515625 0.04296875 0.05859375
0 0.14140625 0.73046875 0.03125 0.0578125
0 0.17578125 0.71171875 0.03359375 0.06796875
0 0.2140625 0.66328125 0.0375 0.0671875
0 0.17578125 0.621875 0.028125 0.0703125
0 0.18125 0.6703125 0.03046875 0.04296875
0 0.2828125 0.759375 0.03984375 0.05390625
0 0.27734375 0.7171875 0.04375 0.05546875
0 0.234375 0.70625 0.03203125 0.05
0 0.203125 0.75703125 0.03359375 0.0578125
0 0.21171875 0.86796875 0.034375 0.065625
0 0.328125 0.81796875 0.02890625 0.0453125
0 0.3 0.809375 0.0296875 0.04140625
0 0.296875 0.86875 0.04140625 0.05
0 0.26328125 0.896875 0.03203125 0.04765625
0 0.17734375 0.9390625 0.0359375 0.0546875
0 0.38203125 0.93828125 0.03828125 0.0578125
0 0.41640625 0.91953125 0.02421875 0.03359375
0 0.48125 0.95 0.05078125 0.05546875
0 0.4875 0.82109375 0.0328125 0.04453125
0 0.33203125 0.71875 0.0390625 0.059375
0 0.35546875 0.67734375 0.04453125 0.03828125
0 0.42578125 0.80078125 0.03671875 0.034375
0 0.4125 0.7734375 0.02578125 0.040625
0 0.3796875 0.83671875 0.03125 0.0375
0 0.2234375 0.57890625 0.02890625 0.03671875
0 0.24375 0.6109375 0.03125 0.0640625
0 0.28046875 0.61953125 0.0359375 0.03828125
0 0.28828125 0.57734375 0.03125 0.04609375
0 0.2515625 0.5609375 0.025 0.0375
0 0.29765625 0.53515625 0.02734375 0.04296875
0 0.2296875 0.53984375 0.03125 0.03359375
0 0.334375 0.55546875 0.03125 0.04140625
0 0.3984375 0.571875 0.02421875 0.03203125
0 0.371875 0.53671875 0.02890625 0.03203125
0 0.371875 0.4875 0.021875 0.03515625
0 0.32578125 0.4875 0.02890625 0.03828125
0 0.28125 0.43203125 0.034375 0.02890625
0 0.278125 0.49296875 0.0203125 0.0359375
0 0.38828125 0.4640625 0.02578125 0.03359375
0 0.409375 0.5296875 0.01484375 0.04140625
0 0.43515625 0.546875 0.01640625 0.02890625
0 0.46640625 0.575 0.0328125 0.0390625
0 0.45859375 0.5625 0.00546875 0.01953125
0 0.49296875 0.63671875 0.02890625 0.04296875
0 0.4421875 0.63203125 0.021875 0.02734375
0 0.40078125 0.71875 0.0234375 0.03828125
0 0.39765625 0.678125 0.028125 0.0234375
0 0.51328125 0.71640625 0.0234375 0.04140625
0 0.5640625 0.68125 0.0359375 0.02578125
0 0.59921875 0.715625 0.02734375 0.046875
0 0.565625 0.73984375 0.021875 0.05
0 0.51796875 0.7796875 0.01953125 0.0328125
0 0.50546875 0.890625 0.040625 0.0390625
0 0.54375 0.91484375 0.0296875 0.05625
0 0.578125 0.9484375 0.03125 0.053125
0 0.54609375 0.9734375 0.040625 0.0421875
0 0.615625 0.96484375 0.04296875 0.06953125
0 0.70703125 0.95078125 0.0328125 0.0453125
0 0.71875 0.8890625 0.02578125 0.0546875
0 0.67109375 0.8609375 0.02578125 0.04296875
0 0.6296875 0.85546875 0.034375 0.04453125
0 0.71640625 0.821875 0.034375 0.06015625
0 0.70859375 0.75390625 0.01953125 0.04765625
0 0.67578125 0.75625 0.025 0.06015625
0 0.6671875 0.71015625 0.0359375 0.03125
0 0.64609375 0.678125 0.03515625 0.04453125
0 0.61171875 0.63515625 0.03125 0.03984375
0 0.59453125 0.5859375 0.02578125 0.04453125
0 0.55625 0.6 0.040625 0.0375
0 0.525 0.63203125 0.03125 0.0375
0 0.56328125 0.64296875 0.028125 0.0265625
0 0.70703125 0.61015625 0.03671875 0.04765625
0 0.67578125 0.63828125 0.02421875 0.028125
0 0.6546875 0.62578125 0.028125 0.03984375
0 0.65546875 0.55078125 0.034375 0.059375
0 0.696875 0.5484375 0.02734375 0.04765625
0 0.75859375 0.6078125 0.03125 0.03125
0 0.7375 0.68046875 0.04765625 0.03203125
0 0.7359375 0.64296875 0.0234375 0.0265625
0 0.56015625 0.49375 0.01953125 0.0296875
0 0.44296875 0.47734375 0.0203125 0.02734375
0 0.77734375 0.965625 0.06796875 0.0671875
0 0.8390625 0.96796875 0.046875 0.05546875
0 0.84453125 0.90703125 0.03515625 0.05
0 0.79765625 0.8921875 0.0421875 0.0453125
0 0.82734375 0.84375 0.0421875 0.05859375
0 0.76640625 0.8 0.0390625 0.07265625
0 0.83515625 0.72109375 0.0359375 0.04609375
0 0.80078125 0.7234375 0.0140625 0.03515625
0 0.77578125 0.7125 0.0328125 0.04609375
0 0.853125 0.79140625 0.0265625 0.03515625
0 0.88984375 0.82421875 0.04375 0.0515625
0 0.896875 0.8890625 0.03359375 0.04140625
0 0.93125 0.91953125 0.03515625 0.05078125
0 0.9 0.7234375 0.01796875 0.04140625
0 0.86640625 0.68984375 0.02734375 0.0375
0 0.8171875 0.66484375 0.02578125 0.03828125
0 0.80234375 0.63515625 0.0390625 0.03671875
0 0.825 0.61875 0.0234375 0.03671875
0 0.81796875 0.59609375 0.0328125 0.02734375
0 0.76796875 0.5640625 0.0265625 0.02109375
0 0.6125 0.5375 0.02265625 0.02578125
0 0.809375 0.5625 0.01875 0.03359375
0 0.86171875 0.54296875 0.025 0.0328125
0 0.88203125 0.64375 0.0328125 0.0328125
0 0.90234375 0.68046875 0.03125 0.0328125
0 0.9296875 0.71328125 0.025 0.034375
0 0.96875 0.7 0.034375 0.040625
0 0.98046875 0.88515625 0.0390625 0.06484375
0 0.9765625 0.7640625 0.0375 0.04296875
0 0.58515625 0.48125 0.0171875 0.03046875
0 0.446875 0.45 0.0171875 0.01328125
0 0.525 0.52265625 0.0171875 0.0203125
0 0.69375 0.50234375 0.01875 0.02890625
0 0.73046875 0.4421875 0.0234375 0.03125
0 0.1421875 0.5296875 0.0359375 0.03125
0 0.23359375 0.496875 0.01875 0.03203125