0 0.271875 0.890625 0.04921875 0.0640625
0 0.3484375 0.915625 0.03828125 0.0671875
0 0.40703125 0.86875 0.05390625 0.08125
0 0.48828125 0.8578125 0.0359375 0.0421875
0 0.52734375 0.7296875 0.04296875 0.06171875
0 0.56640625 0.70078125 0.034375 0.0453125
0 0.63671875 0.8140625 0.034375 0.04765625
0 0.7515625 0.94375 0.05078125 0.0609375
0 0.8328125 0.93515625 0.0625 0.0796875
0 0.86171875 0.83671875 0.05859375 0.07578125
0 0.896875 0.91875 0.0375 0.06875
0 0.92421875 0.90078125 0.059375 0.0765625
0 0.9640625 0.8234375 0.04609375 0.0546875
0 0.9609375 0.87265625 0.040625 0.059375
0 0.971875 0.73828125 0.0359375 0.03828125
0 0.953125 0.68984375 0.0359375 0.03984375
0 0.88671875 0.64609375 0.0328125 0.0375
0 0.81484375 0.7578125 0.03125 0.03828125
0 0.84453125 0.73984375 0.028125 0.03359375
0 0.61171875 0.6984375 0.03203125 0.02734375
0 0.67421875 0.71171875 0.028125 0.02890625
0 0.6484375 0.6453125 0.021875 0.03671875
0 0.6078125 0.61015625 0.0234375 0.03671875
0 0.57109375 0.64296875 0.025 0.040625
0 0.48203125 0.5734375 0.0234375 0.021875
0 0.4421875 0.60390625 0.028125 0.034375
0 0.44296875 0.65390625 0.02890625 0.040625
0 0.38984375 0.62890625 0.03359375 0.0375
0 0.3890625 0.6796875 0.0328125 0.0421875
0 0.34453125 0.6765625 0.0328125 0.03359375
0 0.25546875 0.73828125 0.02578125 0.04296875
0 0.23828125 0.76015625 0.01875 0.02421875
0 0.3125 0.75859375 0.025 0.04296875
0 0.35859375 0.725 0.02890625 0.03203125
0 0.38671875 0.7359375 0.02265625 0.03046875
0 0.40546875 0.76015625 0.03359375 0.02578125
0 0.025 0.8734375 0.05 0.065625
0 0.02109375 0.81640625 0.04140625 0.03515625
0 0.1 0.740625 0.046875 0.03828125
0 0.1734375 0.6828125 0.03359375 0.03359375
0 0.04140625 0.9796875 0.0359375 0.040625
0 0.13515625 0.984375 0.0390625 0.03125
0 0.15546875 0.92265625 0.040625 0.0515625
0 0.10625 0.88828125 0.03046875 0.04140625
0 0.528125 0.90625 0.0390625 0.05859375
0 0.54609375 0.8265625 0.0234375 0.03125
0 0.696875 0.696875 0.021875 0.03046875
0 0.740625 0.7265625 0.0234375 0.03125
0 0.72578125 0.68828125 0.025 0.02734375
0 0.77109375 0.703125 0.034375 0.028125
0 0.7640625 0.66875 0.021875 0.02109375
0 0.090625 0.64921875 0.0296875 0.028125
0 0.06953125 0.584375 0.03515625 0.034375
0 0.10390625 0.59375 0.028125 0.0265625
0 0.13359375 0.6140625 0.02734375 0.0234375
0 0.12890625 0.565625 0.01640625 0.034375
0 0.1015625 0.490625 0.0359375 0.0234375
0 0.11015625 0.53828125 0.02890625 0.0265625
0 0.19921875 0.57734375 0.03515625 0.0265625
0 0.16015625 0.52265625 0.03359375 0.0265625
0 0.2203125 0.54453125 0.021875 0.02421875
0 0.2 0.51953125 0.0234375 0.0171875
0 0.25 0.5953125 0.03046875 0.025
0 0.2453125 0.565625 0.02734375 0.02734375
0 0.2703125 0.55234375 0.01953125 0.01875
0 0.29921875 0.5671875 0.021875 0.0265625
0 0.3828125 0.5828125 0.03359375 0.028125
0 0.5046875 0.5984375 0.02578125 0.03359375
0 0.56171875 0.51015625 0.0234375 0.0203125
0 0.60859375 0.51171875 0.028125 0.0234375
0 0.27734375 0.6234375 0.01953125 0.02421875
0 0.32890625 0.61953125 0.03359375 0.03203125
0 0.65390625 0.56171875 0.028125 0.03046875
0 0.68984375 0.59921875 0.0234375 0.0296875
0 0.85546875 0.53046875 0.0203125 0.021875
0 0.8515625 0.50859375 0.02265625 0.01953125
0 0.76875 0.56484375 0.02421875 0.034375
0 0.72265625 0.55546875 0.0203125 0.02890625