0 0.0296875 0.975 0.03046875 0.05
0 0.01640625 0.8046875 0.0328125 0.04765625
0 0.05703125 0.82734375 0.028125 0.03125
0 0.09609375 0.78828125 0.02734375 0.0359375
0 0.08125 0.73359375 0.02578125 0.03828125
0 0.04765625 0.728125 0.02421875 0.03984375
0 0.01875 0.703125 0.03125 0.03515625
0 0.01796875 0.68046875 0.03515625 0.028125
0 0.05625 0.68203125 0.03046875 0.02890625
0 0.09375 0.66640625 0.0296875 0.034375
0 0.1109375 0.67734375 0.03515625 0.03125
0 0.1421875 0.76015625 0.03359375 0.04140625
0 0.1375 0.721875 0.0296875 0.02109375
0 0.13203125 0.70234375 0.01953125 0.021875
0 0.15390625 0.78515625 0.0359375 0.021875
0 0.16484375 0.8671875 0.04296875 0.05
0 0.15859375 0.928125 0.03984375 0.04296875
0 0.121875 0.98359375 0.04375 0.0328125
0 0.2390625 0.86875 0.04921875 0.0640625
0 0.2546875 0.953125 0.0203125 0.034375
0 0.315625 0.91484375 0.04375 0.05
0 0.3453125 0.953125 0.059375 0.05859375
0 0.4015625 0.96328125 0.04609375 0.0578125
0 0.34765625 0.8375 0.05078125 0.05703125
0 0.2890625 0.83125 0.0359375 0.04296875
0 0.2734375 0.7828125 0.021875 0.021875
0 0.21484375 0.78515625 0.0515625 0.0578125
0 0.25078125 0.73828125 0.03359375 0.04140625
0 0.3171875 0.75078125 0.03828125 0.04140625
0 0.27421875 0.69765625 0.0328125 0.03125
0 0.29296875 0.66640625 0.0328125 0.03359375
0 0.321875 0.6703125 0.0265625 0.03671875
0 0.25703125 0.6375 0.01875 0.0234375
0 0.24375 0.6234375 0.01328125 0.01640625
0 0.19140625 0.6421875 0.01640625 0.02890625
0 0.19296875 0.70625 0.02265625 0.04375
0 0.07265625 0.63984375 0.025 0.0140625
0 0.03359375 0.64296875 0.0390625 0.0234375
0 0.44296875 0.77421875 0.06640625 0.0859375
0 0.50234375 0.88203125 0.04375 0.05078125
0 0.525 0.94296875 0.06171875 0.0671875
0 0.59921875 0.978125 0.0546875 0.04375
0 0.66484375 0.98515625 0.0421875 0.0296875
0 0.659375 0.9296875 0.02734375 0.0578125
0 0.61640625 0.89921875 0.02578125 0.0328125
0 0.69296875 0.91640625 0.0546875 0.08046875
0 0.74296875 0.91484375 0.0390625 0.0609375
0 0.73828125 0.8859375 0.02421875 0.03046875
0 0.79140625 0.946875 0.04296875 0.06875
0 0.84296875 0.94296875 0.05703125 0.0734375
0 0.90703125 0.96953125 0.06953125 0.0609375
0 0.95546875 0.92421875 0.04375 0.05
0 0.878125 0.8609375 0.05703125 0.04296875
0 0.95859375 0.84296875 0.03125 0.0546875
0 0.925 0.8046875 0.02265625 0.04296875
0 0.86875 0.77734375 0.02734375 0.02734375
0 0.8171875 0.7828125 0.04140625 0.03359375
0 0.759375 0.78515625 0.015625 0.034375
0 0.7015625 0.8265625 0.03359375 0.05625
0 0.66171875 0.803125 0.040625 0.04453125
0 0.653125 0.75 0.02421875 0.03125
0 0.5953125 0.78125 0.04921875 0.040625
0 0.52734375 0.78359375 0.0234375 0.04140625
0 0.49921875 0.78046875 0.0328125 0.040625
0 0.49609375 0.74453125 0.0359375 0.04296875
0 0.52734375 0.6828125 0.0359375 0.0359375
0 0.64140625 0.671875 0.0421875 0.0578125
0 0.6859375 0.67421875 0.0421875 0.0578125
0 0.72890625 0.6390625 0.0390625 0.04453125
0 0.753125 0.72421875 0.03984375 0.046875
0 0.78203125 0.696875 0.05 0.046875
0 0.803125 0.734375 0.03359375 0.0359375
0 0.85234375 0.69921875 0.0453125 0.04453125
0 0.828125 0.6609375 0.03671875 0.04453125
0 0.86796875 0.63203125 0.0265625 0.03984375
0 0.90234375 0.7328125 0.0328125 0.0375
0 0.97578125 0.7875 0.040625 0.04296875
0 0.9734375 0.7515625 0.03828125 0.04609375
0 0.94921875 0.67734375 0.04609375 0.03828125
0 0.984375 0.6703125 0.03125 0.05078125
0 0.94921875 0.63203125 0.025 0.03046875
0 0.9578125 0.60078125 0.0296875 0.021875
0 0.83125 0.60078125 0.04140625 0.05
0 0.7921875 0.5921875 0.03046875 0.04609375
0 0.77109375 0.5671875 0.01953125 0.04375
0 0.72890625 0.54453125 0.03203125 0.02890625
0 0.7125 0.58828125 0.02109375 0.025
0 0.64375 0.6203125 0.02578125 0.03515625
0 0.66796875 0.63125 0.02578125 0.02734375
0 0.575 0.6171875 0.02578125 0.04609375
0 0.53125 0.63515625 0.0234375 0.02890625
0 0.546875 0.65625 0.028125 0.02109375
0 0.4703125 0.62265625 0.0359375 0.034375
0 0.49140625 0.61015625 0.025 0.0359375
0 0.5359375 0.59609375 0.01953125 0.03203125
0 0.5296875 0.55625 0.02109375 0.03671875
0 0.49609375 0.5734375 0.02890625 0.02890625
0 0.4140625 0.61015625 0.0296875 0.0390625
0 0.453125 0.58984375 0.03203125 0.03046875
0 0.43515625 0.67734375 0.0421875 0.0453125
0 0.64296875 0.5625 0.02734375 0.03671875
0 0.5984375 0.565625 0.03984375 0.03515625
0 0.35703125 0.6453125 0.03125 0.03203125
0 0.3734375 0.59921875 0.0296875 0.02578125
0 0.325 0.60546875 0.0234375 0.0140625
0 0.3328125 0.58203125 0.034375 0.0171875
0 0.1546875 0.57734375 0.02421875 0.01796875
0 0.04296875 0.56640625 0.0375 0.0171875
0 0.0875 0.56015625 0.0265625 0.021875
0 0.1359375 0.56015625 0.02890625 0.015625
0 0.8765625 0.59921875 0.0359375 0.0171875
0 0.89921875 0.546875 0.03046875 0.028125
0 0.85625 0.5625 0.02421875 0.01953125
0 0.72890625 0.75625 0.028125 0.02890625
0 0.45 0.978125 0.01484375 0.0296875