0 0.0390625 0.8640625 0.040625 0.0453125
0 0.0234375 0.796875 0.03359375 0.03203125
0 0.075 0.69375 0.040625 0.03984375
0 0.0796875 0.76171875 0.04921875 0.04296875
0 0.06875 0.809375 0.02890625 0.03515625
0 0.1296875 0.91875 0.01953125 0.0390625
0 0.13984375 0.76640625 0.02890625 0.03828125
0 0.159375 0.8046875 0.03203125 0.03828125
0 0.1921875 0.846875 0.02578125 0.040625
0 0.21171875 0.88359375 0.040625 0.05703125
0 0.21484375 0.92421875 0.03046875 0.0375
0 0.24765625 0.9578125 0.0484375 0.0484375
0 0.1953125 0.97734375 0.0296875 0.040625
0 0.165625 0.71171875 0.03984375 0.04140625
0 0.046875 0.609375 0.02109375 0.02890625
0 0.10234375 0.63828125 0.01875 0.01875
0 0.14453125 0.5421875 0.02890625 0.0265625
0 0.109375 0.5515625 0.0234375 0.0265625
0 0.171875 0.6140625 0.021875 0.02734375
0 0.1671875 0.64765625 0.02421875 0.0203125
0 0.2015625 0.65390625 0.03203125 0.0296875
0 0.21640625 0.690625 0.0296875 0.02578125
0 0.265625 0.72421875 0.02578125 0.03359375
0 0.22734375 0.8078125 0.0296875 0.04140625
0 0.3 0.71328125 0.02578125 0.0296875
0 0.30859375 0.775 0.03359375 0.0515625
0 0.36015625 0.85390625 0.02109375 0.03828125
0 0.3203125 0.91796875 0.0296875 0.04296875
0 0.34765625 0.77265625 0.0328125 0.034375
0 0.378125 0.79609375 0.03359375 0.04921875
0 0.403125 0.7609375 0.02265625 0.03671875
0 0.44609375 0.878125 0.03671875 0.04921875
0 0.47734375 0.7984375 0.040625 0.0515625
0 0.490625 0.86796875 0.040625 0.05234375
0 0.5234375 0.896875 0.02890625 0.034375
0 0.54375 0.8234375 0.02578125 0.0359375
0 0.565625 0.8625 0.0296875 0.03515625
0 0.58203125 0.91171875 0.0390625 0.0671875
0 0.6 0.96640625 0.03359375 0.0515625
0 0.6515625 0.93359375 0.0375 0.05625
0 0.65234375 0.8484375 0.03125 0.0375
0 0.7296875 0.859375 0.03046875 0.04375
0 0.58046875 0.734375 0.03046875 0.04453125
0 0.54375 0.72265625 0.0328125 0.0375
0 0.77109375 0.8265625 0.02734375 0.053125
0 0.9046875 0.92890625 0.0375 0.04765625
0 0.8484375 0.88515625 0.03359375 0.03984375
0 0.8453125 0.82890625 0.0375 0.04140625
0 0.78515625 0.76796875 0.03671875 0.0546875
0 0.74609375 0.69375 0.034375 0.04453125
0 0.84140625 0.75625 0.0359375 0.0453125
0 0.7953125 0.6734375 0.02734375 0.03203125
0 0.8234375 0.7015625 0.02265625 0.0453125
0 0.84765625 0.66640625 0.02578125 0.03984375
0 0.8875 0.88046875 0.0234375 0.0359375
0 0.92578125 0.846875 0.0328125 0.05234375
0 0.978125 0.828125 0.04375 0.05078125
0 0.9828125 0.753125 0.034375 0.0375
0 0.93984375 0.64609375 0.0328125 0.0421875
0 0.8984375 0.640625 0.021875 0.02578125
0 0.8796875 0.7015625 0.03046875 0.03046875
0 0.87421875 0.74453125 0.0265625 0.0375
0 0.8640625 0.64296875 0.034375 0.03046875
0 0.7921875 0.61796875 0.03359375 0.02421875
0 0.7765625 0.5796875 0.02109375 0.028125
0 0.9421875 0.58984375 0.02578125 0.03046875
0 0.87734375 0.53828125 0.0328125 0.02109375
0 0.78203125 0.46796875 0.02734375 0.01875
0 0.77578125 0.44140625 0.0171875 0.0234375
0 0.73515625 0.475 0.025 0.02578125
0 0.7578125 0.49921875 0.01875 0.02109375
0 0.71015625 0.48203125 0.021875 0.02734375
0 0.69296875 0.5234375 0.021875 0.02890625
0 0.72421875 0.53828125 0.0234375 0.0234375
0 0.6671875 0.534375 0.02265625 0.025
0 0.81171875 0.41640625 0.025 0.01875
0 0.60859375 0.63671875 0.025 0.03671875
0 0.6265625 0.68828125 0.02421875 0.03046875
0 0.6765625 0.6828125 0.02265625 0.02578125
0 0.6890625 0.70703125 0.0265625 0.03515625
0 0.534375 0.6640625 0.03359375 0.04375
0 0.56953125 0.6484375 0.01953125 0.02890625
0 0.48515625 0.684375 0.0265625 0.04609375
0 0.45 0.71015625 0.03125 0.03828125
0 0.38515625 0.68125 0.03046875 0.03359375
0 0.409375 0.63125 0.03359375 0.034375
0 0.4296875 0.58515625 0.02265625 0.02578125
0 0.45 0.61328125 0.0328125 0.02890625
0 0.4453125 0.65390625 0.021875 0.02890625
0 0.51015625 0.459375 0.0234375 0.0171875
0 0.56796875 0.58984375 0.02734375 0.02734375
0 0.53984375 0.57890625 0.02421875 0.03359375
0 0.575 0.55078125 0.01953125 0.028125
0 0.59609375 0.5484375 0.0171875 0.01875
0 0.59296875 0.4703125 0.01953125 0.02265625
0 0.63359375 0.46328125 0.02265625 0.01875
0 0.57265625 0.42578125 0.02109375 0.01484375
0 0.50546875 0.49140625 0.0203125 0.021875
0 0.484375 0.5359375 0.01640625 0.02421875
0 0.50078125 0.559375 0.0203125 0.02578125
0 0.3828125 0.575 0.0234375 0.0265625
0 0.32109375 0.5890625 0.02734375 0.02109375
0 0.29765625 0.51328125 0.0234375 0.02734375
0 0.3265625 0.5125 0.021875 0.021875
0 0.3328125 0.4890625 0.025 0.02734375
0 0.3578125 0.51875 0.021875 0.02734375
0 0.36953125 0.42734375 0.0140625 0.02109375
0 0.25703125 0.5484375 0.01796875 0.034375
0 0.221875 0.51796875 0.0265625 0.01796875
0 0.17890625 0.509375 0.021875 0.0234375
0 0.20625 0.421875 0.0203125 0.0234375
0 0.23515625 0.44375 0.0171875 0.02421875
0 0.0625 0.54921875 0.02734375 0.02421875
0 0.06875 0.50703125 0.028125 0.028125
0 0.25859375 0.640625 0.02578125 0.028125
0 0.334375 0.640625 0.021875 0.02578125
0 0.45859375 0.39140625 0.015625 0.01953125
0 0.4796875 0.40546875 0.01796875 0.02265625
0 0.44296875 0.4421875 0.01640625 0.01640625
0 0.2890625 0.48203125 0.015625 0.021875