0 0.11640625 0.97734375 0.05078125 0.0453125
0 0.18515625 0.97421875 0.0421875 0.0515625
0 0.0609375 0.8375 0.05390625 0.05703125
0 0.13671875 0.77421875 0.05 0.0625
0 0.2234375 0.85234375 0.0390625 0.053125
0 0.2578125 0.91875 0.02890625 0.04296875
0 0.45 0.89375 0.04921875 0.0609375
0 0.33359375 0.79765625 0.04140625 0.05859375
0 0.528125 0.8328125 0.046875 0.04609375
0 0.62421875 0.8359375 0.0375 0.059375
0 0.62734375 0.94140625 0.05234375 0.07421875
0 0.8859375 0.87578125 0.03671875 0.05859375
0 0.83515625 0.871875 0.03984375 0.04921875
0 0.87890625 0.77109375 0.04296875 0.04453125
0 0.9578125 0.79453125 0.04140625 0.053125
0 0.9734375 0.7125 0.0390625 0.0453125
0 0.9515625 0.625 0.0421875 0.0421875
0 0.890625 0.6109375 0.0390625 0.0359375
0 0.86875 0.67265625 0.02578125 0.03984375
0 0.7703125 0.60234375 0.03671875 0.04140625
0 0.71328125 0.6640625 0.0375 0.0546875
0 0.75625 0.79453125 0.02578125 0.04609375
0 0.78984375 0.77265625 0.05 0.03828125
0 0.81796875 0.740625 0.03828125 0.05
0 0.73046875 0.71328125 0.0265625 0.02890625
0 0.66171875 0.71640625 0.04453125 0.04765625
0 0.5578125 0.71015625 0.04921875 0.04140625
0 0.6328125 0.634375 0.03515625 0.0453125
0 0.6515625 0.52734375 0.03671875 0.03125
0 0.59375 0.60234375 0.03671875 0.0375
0 0.52265625 0.53671875 0.04140625 0.0453125
0 0.5734375 0.5296875 0.021875 0.0234375
0 0.5625 0.50546875 0.0234375 0.025
0 0.4796875 0.7328125 0.0421875 0.04609375
0 0.4703125 0.66875 0.03046875 0.0421875
0 0.39921875 0.75703125 0.03203125 0.05078125
0 0.36796875 0.74296875 0.0359375 0.02734375
0 0.35078125 0.62265625 0.0375 0.046875
0 0.24296875 0.77421875 0.0296875 0.03359375
0 0.25 0.73046875 0.03515625 0.05078125
0 0.28359375 0.67265625 0.03046875 0.04140625
0 0.27421875 0.62890625 0.040625 0.04140625
0 0.33203125 0.53203125 0.03359375 0.028125
0 0.38671875 0.4765625 0.02109375 0.0234375
0 0.3078125 0.4609375 0.0203125 0.02109375
0 0.44765625 0.590625 0.034375 0.040625
0 0.49375 0.41015625 0.01875 0.025
0 0.46015625 0.42890625 0.021875 0.02421875
0 0.45703125 0.40546875 0.02421875 0.02265625
0 0.46640625 0.3890625 0.02265625 0.02109375
0 0.15859375 0.71796875 0.03125 0.03203125
0 0.11328125 0.6828125 0.0296875 0.03359375
0 0.10234375 0.59375 0.0390625 0.0296875
0 0.03203125 0.6390625 0.028125 0.0265625
0 0.01875 0.57890625 0.03515625 0.0328125
0 0.10625 0.54609375 0.02734375 0.02890625
0 0.146875 0.54375 0.028125 0.025
0 0.19140625 0.5140625 0.01953125 0.02109375
0 0.43046875 0.39375 0.021875 0.02109375
0 0.42109375 0.4234375 0.01640625 0.01953125
0 0.61875 0.4203125 0.025 0.0265625
0 0.5953125 0.44765625 0.0203125 0.025
0 0.684375 0.45546875 0.021875 0.02890625
0 0.71953125 0.45546875 0.0265625 0.0234375
0 0.7546875 0.54453125 0.025 0.034375
0 0.72265625 0.5375 0.02890625 0.034375
0 0.8046875 0.46171875 0.034375 0.02890625
0 0.765625 0.659375 0.0328125 0.03515625
0 0.2546875 0.5171875 0.02890625 0.02578125
0 0.33515625 0.496875 0.02890625 0.02890625
0 0.5375 0.42578125 0.02265625 0.02109375
0 0.73671875 0.37109375 0.02421875 0.025
0 0.84453125 0.4375 0.0265625 0.02578125
0 0.85078125 0.5140625 0.02265625 0.02734375
0 0.940625 0.43828125 0.03203125 0.02578125
0 0.9671875 0.434375 0.03046875 0.02265625
0 0.0203125 0.73203125 0.03984375 0.04921875
0 0.15 0.6140625 0.028125 0.02265625
0 0.109375 0.4828125 0.03203125 0.02734375
0 0.06875 0.53359375 0.0265625 0.0296875