0 0.271875 0.92421875 0.0421875 0.08046875
0 0.1953125 0.71171875 0.0296875 0.03125
0 0.81484375 0.79375 0.03359375 0.03828125
0 0.48515625 0.81171875 0.0296875 0.03828125
0 0.6171875 0.8359375 0.0375 0.04921875
0 0.675 0.7296875 0.0359375 0.0375
0 0.5203125 0.81796875 0.0296875 0.040625
0 0.4140625 0.93359375 0.03671875 0.04765625
0 0.23125 0.72890625 0.021875 0.03046875
0 0.77578125 0.92578125 0.03359375 0.05078125
0 0.4984375 0.6828125 0.02578125 0.03203125
0 0.18203125 0.6453125 0.02578125 0.02734375
0 0.84921875 0.85703125 0.04140625 0.05390625
0 0.51171875 0.9765625 0.0296875 0.046875
0 0.5734375 0.76875 0.03203125 0.03671875
0 0.86875 0.71015625 0.0328125 0.034375
0 0.6390625 0.7234375 0.025 0.02578125
0 0.8078125 0.65 0.0203125 0.0234375
0 0.08515625 0.9015625 0.0453125 0.0484375
0 0.6734375 0.79140625 0.03203125 0.0375
0 0.34609375 0.74453125 0.02421875 0.0296875
0 0.28125 0.815625 0.0265625 0.03359375
0 0.63828125 0.9359375 0.03515625 0.0375
0 0.7578125 0.66484375 0.0265625 0.025
0 0.68359375 0.84296875 0.0296875 0.04140625
0 0.321875 0.68046875 0.025 0.02890625
0 0.62265625 0.690625 0.0234375 0.03203125
0 0.78046875 0.79921875 0.03046875 0.03671875
0 0.48515625 0.90234375 0.0265625 0.03203125
0 0.484375 0.9609375 0.0359375 0.0484375
0 0.584375 0.66875 0.0265625 0.0328125
0 0.8171875 0.9625 0.03359375 0.05859375
0 0.51875 0.5703125 0.0234375 0.02734375
0 0.32578125 0.7515625 0.02265625 0.03125
0 0.51875 0.76171875 0.025 0.03359375
0 0.5890625 0.87109375 0.028125 0.053125
0 0.43046875 0.75 0.0234375 0.03515625
0 0.33046875 0.88359375 0.0328125 0.04765625
0 0.72109375 0.8765625 0.034375 0.04453125
0 0.1140625 0.84140625 0.03203125 0.03515625
0 0.49375 0.75 0.02578125 0.0359375
0 0.8859375 0.84765625 0.02734375 0.03984375
0 0.2078125 0.78046875 0.02734375 0.0296875
0 0.39375 0.678125 0.02421875 0.03203125
0 0.71015625 0.56171875 0.02734375 0.02734375
0 0.896875 0.6953125 0.03125 0.03984375
0 0.7109375 0.76796875 0.0328125 0.03125
0 0.7890625 0.8875 0.03203125 0.0390625
0 0.56640625 0.715625 0.0203125 0.0234375
0 0.95078125 0.78828125 0.03515625 0.0390625
0 0.30546875 0.71953125 0.02421875 0.0296875
0 0.725 0.71640625 0.028125 0.0296875
0 0.3578125 0.6953125 0.0265625 0.02734375
0 0.26640625 0.746875 0.02890625 0.03046875
0 0.14296875 0.81328125 0.025 0.02734375
0 0.93359375 0.8375 0.03828125 0.03984375
0 0.4890625 0.55 0.02265625 0.02890625
0 0.928125 0.87421875 0.04765625 0.04765625
0 0.35 0.94296875 0.02578125 0.03671875
0 0.37890625 0.82578125 0.03125 0.034375
0 0.38359375 0.76953125 0.02421875 0.02890625
0 0.68515625 0.58515625 0.021875 0.025
0 0.55 0.6125 0.025 0.03125
0 0.63984375 0.884375 0.03515625 0.03984375
0 0.290625 0.67421875 0.021875 0.02890625
0 0.33515625 0.496875 0.021875 0.02421875
0 0.27109375 0.70703125 0.0296875 0.03125
0 0.4734375 0.6203125 0.028125 0.0296875
0 0.45625 0.68671875 0.028125 0.0328125
0 0.3921875 0.58984375 0.02109375 0.02890625
0 0.10625 0.77578125 0.025 0.03203125
0 0.7140625 0.58359375 0.0234375 0.0234375
0 0.87421875 0.76015625 0.028125 0.0375
0 0.3609375 0.540625 0.02109375 0.02578125
0 0.94609375 0.9390625 0.0359375 0.04453125
0 0.3890625 0.79453125 0.0265625 0.028125
0 0.840625 0.7734375 0.02109375 0.0296875
0 0.32734375 0.92578125 0.0234375 0.03359375
0 0.565625 0.57890625 0.02265625 0.02421875
0 0.6703125 0.62265625 0.0203125 0.0328125
0 0.61875 0.59375 0.0234375 0.02421875
0 0.49765625 0.60234375 0.021875 0.02421875
0 0.34140625 0.56484375 0.025 0.0265625
0 0.25625 0.6828125 0.0234375 0.0296875
0 0.45703125 0.578125 0.021875 0.025
0 0.1703125 0.81484375 0.02265625 0.03203125
0 0.440625 0.56796875 0.02109375 0.02265625
0 0.5203125 0.6234375 0.021875 0.02578125
0 0.390625 0.72421875 0.0203125 0.0234375
0 0.846875 0.98671875 0.03828125 0.025
0 0.93671875 0.98671875 0.0453125 0.0265625
0 0.54453125 0.4921875 0.02265625 0.02265625
0 0.51640625 0.5796875 0.02421875 0.02578125
0 0.75546875 0.9859375 0.02734375 0.028125
0 0.55390625 0.46953125 0.02109375 0.02109375
0 0.41015625 0.709375 0.01875 0.02734375
0 0.990625 0.6703125 0.0171875 0.0328125
0 0.36875 0.65234375 0.0234375 0.02734375
0 0.41640625 0.4875 0.01953125 0.025
0 0.796875 0.7140625 0.021875 0.02578125
0 0.7515625 0.59375 0.025 0.028125
0 0.540625 0.65546875 0.02265625 0.02734375
0 0.2859375 0.98984375 0.03671875 0.01953125
0 0.85859375 0.6625 0.025 0.03046875
0 0.14453125 0.91484375 0.0265625 0.03203125
0 0.58828125 0.56015625 0.0203125 0.0265625
0 0.59375 0.66796875 0.02578125 0.03203125
0 0.14140625 0.621875 0.0171875 0.0203125
0 0.31953125 0.6234375 0.028125 0.0328125
0 0.0984375 0.953125 0.02890625 0.03359375
0 0.96953125 0.76015625 0.03359375 0.0375
0 0.9484375 0.70703125 0.02890625 0.0359375
0 0.8671875 0.53828125 0.02265625 0.0234375