0 0.44453125 0.81953125 0.040625 0.0515625
0 0.28125 0.940625 0.034375 0.046875
0 0.7640625 0.7859375 0.0375 0.0515625
0 0.88515625 0.95703125 0.0359375 0.05078125
0 0.3859375 0.6484375 0.03515625 0.03515625
0 0.2953125 0.60234375 0.028125 0.0265625
0 0.51640625 0.7421875 0.03125 0.0390625
0 0.8234375 0.85234375 0.034375 0.0421875
0 0.60078125 0.7046875 0.0265625 0.028125
0 0.72421875 0.71484375 0.03671875 0.040625
0 0.04140625 0.709375 0.04375 0.04609375
0 0.18828125 0.82890625 0.03125 0.04140625
0 0.4234375 0.72578125 0.0296875 0.0390625
0 0.1296875 0.728125 0.04140625 0.04296875
0 0.04375 0.7765625 0.0484375 0.04765625
0 0.77578125 0.68828125 0.0265625 0.0328125
0 0.4109375 0.9046875 0.0375 0.046875
0 0.5828125 0.653125 0.02421875 0.0328125
0 0.325 0.878125 0.02265625 0.03984375
0 0.51015625 0.67890625 0.03515625 0.0390625
0 0.49375 0.47109375 0.02421875 0.0203125
0 0.45625 0.89140625 0.03984375 0.05625
0 0.903125 0.871875 0.03203125 0.046875
0 0.62109375 0.875 0.03203125 0.0421875
0 0.67578125 0.5390625 0.02265625 0.0296875
0 0.69609375 0.4921875 0.02421875 0.0265625
0 0.55 0.9375 0.04765625 0.0609375
0 0.490625 0.92578125 0.02890625 0.03984375
0 0.34453125 0.815625 0.034375 0.05
0 0.23359375 0.56015625 0.0171875 0.03046875
0 0.84609375 0.6609375 0.0328125 0.03828125
0 0.5359375 0.8890625 0.0265625 0.03828125
0 0.55390625 0.75234375 0.03125 0.0453125
0 0.35703125 0.5890625 0.02578125 0.02578125
0 0.1890625 0.7015625 0.02890625 0.0265625
0 0.1484375 0.6234375 0.02421875 0.02734375
0 0.70390625 0.88515625 0.028125 0.04375
0 0.2734375 0.7984375 0.03828125 0.0484375
0 0.965625 0.85234375 0.0578125 0.0625
0 0.45703125 0.70234375 0.02734375 0.0421875
0 0.121875 0.82109375 0.03125 0.0390625
0 0.275 0.521875 0.025 0.02578125
0 0.153125 0.87265625 0.03125 0.0453125
0 0.665625 0.7265625 0.02578125 0.03125
0 0.546875 0.60625 0.02734375 0.0296875
0 0.9234375 0.66171875 0.034375 0.04296875
0 0.82109375 0.775 0.034375 0.0453125
0 0.61953125 0.96328125 0.04296875 0.05625
0 0.31328125 0.7890625 0.03359375 0.0359375
0 0.3109375 0.49921875 0.02578125 0.0265625
0 0.709375 0.55078125 0.02734375 0.02578125
0 0.5109375 0.8453125 0.028125 0.03515625
0 0.3578125 0.7 0.03125 0.034375
0 0.20703125 0.97890625 0.03984375 0.04140625
0 0.77265625 0.63125 0.03125 0.03046875
0 0.10546875 0.78359375 0.03046875 0.03984375
0 0.421875 0.66953125 0.02421875 0.02734375
0 0.97421875 0.9265625 0.0421875 0.06328125
0 0.1703125 0.90625 0.03984375 0.05625
0 0.86640625 0.721875 0.0234375 0.0296875
0 0.42734375 0.628125 0.028125 0.03671875
0 0.65078125 0.54609375 0.021875 0.02421875
0 0.4796875 0.63828125 0.02265625 0.0359375
0 0.23046875 0.65390625 0.025 0.028125
0 0.65703125 0.70234375 0.01953125 0.02578125
0 0.74453125 0.85390625 0.0328125 0.05234375
0 0.234375 0.7390625 0.0328125 0.0328125
0 0.54765625 0.665625 0.01953125 0.0296875
0 0.17578125 0.6671875 0.0375 0.03359375
0 0.8234375 0.9125 0.03046875 0.0328125
0 0.82890625 0.68828125 0.02734375 0.0359375
0 0.30625 0.653125 0.02109375 0.0234375
0 0.575 0.5609375 0.0171875 0.02109375
0 0.11953125 0.553125 0.02734375 0.028125
0 0.1359375 0.6609375 0.0265625 0.021875
0 0.015625 0.62109375 0.02890625 0.0359375
0 0.8546875 0.7671875 0.028125 0.03828125
0 0.8625 0.5515625 0.03125 0.028125
0 0.18671875 0.43359375 0.02109375 0.02109375
0 0.175 0.94765625 0.034375 0.040625
0 0.4046875 0.59921875 0.025 0.02890625
0 0.08203125 0.5609375 0.02265625 0.0265625
0 0.74296875 0.5109375 0.02578125 0.025
0 0.96484375 0.77734375 0.03671875 0.04140625
0 0.615625 0.4765625 0.0234375 0.0265625
0 0.72265625 0.4875 0.0265625 0.02578125
0 0.26875 0.73046875 0.0265625 0.0328125
0 0.37265625 0.77890625 0.0234375 0.0328125
0 0.86484375 0.90703125 0.02421875 0.0296875
0 0.11640625 0.51171875 0.02578125 0.025
0 0.80078125 0.7234375 0.03046875 0.0375
0 0.7609375 0.59609375 0.021875 0.02734375
0 0.88125 0.659375 0.02265625 0.02890625
0 0.0703125 0.6515625 0.0203125 0.02109375
0 0.9296875 0.60546875 0.02734375 0.03046875
0 0.9875 0.7328125 0.025 0.03671875
0 0.56171875 0.9828125 0.040625 0.034375
0 0.44453125 0.4 0.01875 0.01953125
0 0.1984375 0.53203125 0.025 0.021875
0 0.33515625 0.53203125 0.02265625 0.0265625
0 0.30234375 0.5203125 0.021875 0.02109375
0 0.76796875 0.48046875 0.0265625 0.02265625
0 0.02734375 0.8296875 0.0359375 0.040625
0 0.12109375 0.6046875 0.02265625 0.0265625
0 0.18671875 0.50078125 0.02109375 0.02734375
0 0.159375 0.51875 0.02109375 0.02109375
0 0.08046875 0.9421875 0.0234375 0.0375
0 0.79609375 0.42578125 0.02421875 0.021875
0 0.2703125 0.49296875 0.01953125 0.01953125
0 0.55859375 0.43984375 0.01953125 0.0171875
0 0.15546875 0.5234375 0.0203125 0.021875
0 0.5546875 0.56796875 0.01796875 0.02109375
0 0.575 0.45859375 0.021875 0.0203125
0 0.925 0.5625 0.02421875 0.0265625
0 0.5546875 0.70390625 0.0203125 0.03046875
0 0.26875 0.6921875 0.01484375 0.021875
0 0.78359375 0.56171875 0.0203125 0.02421875
0 0.34765625 0.41796875 0.01484375 0.01796875
0 0.35078125 0.43828125 0.01875 0.01796875