0 0.04375 0.96171875 0.04375 0.0640625
0 0.13046875 0.87890625 0.04140625 0.03984375
0 0.06015625 0.75 0.03359375 0.03515625
0 0.0203125 0.7375 0.0328125 0.0515625
0 0.0421875 0.82265625 0.046875 0.04921875
0 0.05 0.86328125 0.03828125 0.05546875
0 0.09375 0.775 0.0265625 0.03515625
0 0.09140625 0.70859375 0.028125 0.034375
0 0.078125 0.67109375 0.028125 0.034375
0 0.13515625 0.6484375 0.0359375 0.03359375
0 0.1734375 0.7203125 0.0359375 0.04140625
0 0.23125 0.7515625 0.03046875 0.04453125
0 0.2171875 0.96015625 0.03515625 0.05625
0 0.321875 0.79296875 0.02734375 0.02890625
0 0.30703125 0.77578125 0.021875 0.03046875
0 0.2875 0.7140625 0.03125 0.0375
0 0.25546875 0.68984375 0.0203125 0.02265625
0 0.22890625 0.703125 0.0234375 0.0359375
0 0.20234375 0.67734375 0.02109375 0.03046875
0 0.16328125 0.57890625 0.02890625 0.02890625
0 0.13515625 0.60234375 0.0265625 0.03046875
0 0.21171875 0.6 0.0203125 0.03046875
0 0.07421875 0.59765625 0.0328125 0.0359375
0 0.10703125 0.51875 0.03046875 0.02421875
0 0.25703125 0.540625 0.025 0.0265625
0 0.2515625 0.51484375 0.01953125 0.02578125
0 0.2921875 0.98671875 0.0359375 0.02578125
0 0.34375 0.93984375 0.0296875 0.059375
0 0.37421875 0.95546875 0.0265625 0.0375
0 0.38359375 0.878125 0.0359375 0.06171875
0 0.33046875 0.86953125 0.02734375 0.0453125
0 0.3859375 0.80546875 0.034375 0.04296875
0 0.44453125 0.8390625 0.03515625 0.046875
0 0.5453125 0.95390625 0.0390625 0.0703125
0 0.590625 0.90859375 0.04140625 0.0515625
0 0.64609375 0.909375 0.02890625 0.04453125
0 0.6 0.828125 0.03203125 0.04765625
0 0.38203125 0.7359375 0.03046875 0.0390625
0 0.3484375 0.63203125 0.0265625 0.02265625
0 0.3546875 0.690625 0.0203125 0.0328125
0 0.45 0.77265625 0.02890625 0.03984375
0 0.428125 0.67421875 0.021875 0.028125
0 0.49609375 0.728125 0.02890625 0.0359375
0 0.5203125 0.75703125 0.02734375 0.03828125
0 0.48828125 0.6375 0.01796875 0.0359375
0 0.428125 0.6390625 0.0265625 0.0234375
0 0.29765625 0.57421875 0.01953125 0.025
0 0.425 0.56953125 0.0171875 0.02578125
0 0.58515625 0.74921875 0.021875 0.034375
0 0.64453125 0.7765625 0.021875 0.0453125
0 0.69140625 0.8265625 0.02890625 0.04375
0 0.725 0.93203125 0.028125 0.03046875
0 0.7546875 0.9046875 0.021875 0.03515625
0 0.771875 0.940625 0.034375 0.04140625
0 0.8078125 0.9515625 0.02109375 0.053125
0 0.84296875 0.92109375 0.02578125 0.0359375
0 0.83359375 0.859375 0.0203125 0.02890625
0 0.93984375 0.97890625 0.03984375 0.04140625
0 0.946875 0.81171875 0.0375 0.04375
0 0.98203125 0.728125 0.03203125 0.0328125
0 0.73828125 0.76171875 0.025 0.0390625
0 0.696875 0.709375 0.02890625 0.034375
0 0.85078125 0.675 0.028125 0.025
0 0.89609375 0.69375 0.02265625 0.02890625
0 0.934375 0.66015625 0.03203125 0.02890625
0 0.80234375 0.725 0.02109375 0.028125
0 0.77578125 0.69453125 0.02265625 0.02734375
0 0.83515625 0.7125 0.0171875 0.03125
0 0.85625 0.75703125 0.03125 0.03203125
0 0.86015625 0.790625 0.0265625 0.0296875
0 0.825 0.7921875 0.02578125 0.0265625
0 0.90625 0.58515625 0.02578125 0.028125
0 0.86015625 0.61328125 0.02734375 0.02578125
0 0.7859375 0.58984375 0.0265625 0.02265625
0 0.8171875 0.60546875 0.02578125 0.0265625
0 0.74375 0.72265625 0.0203125 0.028125
0 0.64296875 0.63515625 0.02265625 0.028125
0 0.6796875 0.57890625 0.0234375 0.02734375
0 0.6828125 0.64140625 0.02265625 0.02734375
0 0.690625 0.61015625 0.02265625 0.025
0 0.58828125 0.63515625 0.0234375 0.025
0 0.5625 0.58984375 0.01953125 0.0234375
0 0.59921875 0.56640625 0.01953125 0.02421875
0 0.63671875 0.5546875 0.025 0.0234375
0 0.62421875 0.484375 0.0203125 0.01640625
0 0.51796875 0.646875 0.015625 0.0359375
0 0.55 0.4859375 0.01484375 0.02265625
0 0.596875 0.528125 0.015625 0.02265625
0 0.571875 0.525 0.01953125 0.01796875
0 0.57578125 0.4578125 0.01875 0.0171875
0 0.5203125 0.45546875 0.01875 0.01796875
0 0.4671875 0.6203125 0.0203125 0.03203125
0 0.275 0.5734375 0.021875 0.02421875
0 0.1921875 0.54921875 0.021875 0.02734375
0 0.10859375 0.54921875 0.025 0.0265625
0 0.2578125 0.78828125 0.0203125 0.02890625
0 0.5609375 0.85 0.02421875 0.04765625
0 0.75234375 0.6578125 0.0171875 0.02109375
0 0.69453125 0.50546875 0.02578125 0.0234375
0 0.78984375 0.6625 0.01953125 0.0234375
0 0.79453125 0.53125 0.025 0.0265625
0 0.7953125 0.49375 0.0203125 0.0234375
0 0.59921875 0.60390625 0.01796875 0.021875
0 0.15078125 0.5609375 0.02734375 0.02734375
0 0.06484375 0.5609375 0.01875 0.02734375
0 0.16875 0.52109375 0.02578125 0.021875
0 0.221875 0.41484375 0.0171875 0.02109375
0 0.3875 0.4203125 0.0140625 0.01875
0 0.36640625 0.5421875 0.025 0.01875
0 0.60234375 0.440625 0.01953125 0.02265625
0 0.9359375 0.63203125 0.03125 0.03515625
0 0.9875 0.75703125 0.025 0.03125
0 0.6765625 0.45625 0.01796875 0.01953125
0 0.5546875 0.45 0.0203125 0.02265625
0 0.478125 0.4359375 0.01796875 0.01796875
0 0.57109375 0.66484375 0.01953125 0.03359375
0 0.48046875 0.4890625 0.02265625 0.01953125
0 0.40703125 0.41796875 0.01484375 0.02421875
0 0.2234375 0.44609375 0.021875 0.01875
0 0.2546875 0.4265625 0.02265625 0.02109375
0 0.18046875 0.64375 0.02421875 0.02265625