0 0.01953125 0.928125 0.0390625 0.034375
0 0.065625 0.8890625 0.05625 0.0609375
0 0.034375 0.78671875 0.04375 0.03125
0 0.1125 0.7640625 0.05 0.03671875
0 0.175 0.7078125 0.04453125 0.06328125
0 0.1640625 0.8890625 0.046875 0.06875
0 0.2984375 0.9109375 0.05703125 0.0703125
0 0.23515625 0.88046875 0.03671875 0.028125
0 0.2953125 0.83671875 0.02578125 0.0234375
0 0.2625 0.76875 0.03828125 0.03828125
0 0.2765625 0.71640625 0.0171875 0.02109375
0 0.2796875 0.68359375 0.02421875 0.02890625
0 0.1921875 0.6640625 0.0125 0.021875
0 0.15 0.64296875 0.0234375 0.02734375
0 0.06328125 0.67578125 0.04765625 0.040625
0 0.11484375 0.5921875 0.01328125 0.01796875
0 0.071875 0.596875 0.01953125 0.0125
0 0.08125 0.56171875 0.01640625 0.01875
0 0.053125 0.5421875 0.028125 0.02578125
0 0.13125 0.55625 0.03984375 0.02109375
0 0.178125 0.57421875 0.01796875 0.0171875
0 0.303125 0.628125 0.03671875 0.04453125
0 0.28828125 0.584375 0.03203125 0.0375
0 0.36171875 0.57890625 0.0421875 0.02421875
0 0.3921875 0.6765625 0.0265625 0.03671875
0 0.3953125 0.63359375 0.021875 0.015625
0 0.41640625 0.68984375 0.0265625 0.04296875
0 0.3609375 0.73203125 0.0328125 0.0359375
0 0.40234375 0.8984375 0.04921875 0.06328125
0 0.47421875 0.9609375 0.0453125 0.06484375
0 0.52109375 0.93125 0.03984375 0.075
0 0.58671875 0.94375 0.04765625 0.078125
0 0.61953125 0.91953125 0.0296875 0.0671875
0 0.68125 0.93984375 0.04375 0.053125
0 0.7265625 0.9671875 0.05078125 0.06484375
0 0.7296875 0.9515625 0.025 0.03125
0 0.86640625 0.9015625 0.034375 0.065625
0 0.79453125 0.79609375 0.03671875 0.0484375
0 0.809375 0.76328125 0.03359375 0.0375
0 0.83984375 0.79453125 0.0359375 0.0453125
0 0.79375 0.753125 0.015625 0.02421875
0 0.73125 0.73046875 0.03515625 0.0390625
0 0.76484375 0.709375 0.02734375 0.03203125
0 0.78984375 0.671875 0.0265625 0.0265625
0 0.71015625 0.65390625 0.015625 0.0296875
0 0.69453125 0.615625 0.03359375 0.03046875
0 0.65390625 0.665625 0.03125 0.0546875
0 0.6203125 0.7609375 0.04140625 0.046875
0 0.62578125 0.8359375 0.02734375 0.0578125
0 0.5296875 0.75390625 0.0421875 0.0453125
0 0.4671875 0.8171875 0.046875 0.05234375
0 0.484375 0.67734375 0.0359375 0.05078125
0 0.56015625 0.65234375 0.0296875 0.0484375
0 0.525 0.625 0.0265625 0.03359375
0 0.47265625 0.6203125 0.03046875 0.04140625
0 0.58984375 0.55625 0.04296875 0.03828125
0 0.62109375 0.59375 0.03984375 0.0359375
0 0.64296875 0.49765625 0.02578125 0.02421875
0 0.5734375 0.50390625 0.03046875 0.0265625
0 0.56328125 0.48359375 0.015625 0.0203125
0 0.52109375 0.50703125 0.0328125 0.04296875
0 0.46015625 0.55078125 0.0296875 0.0203125
0 0.3171875 0.52734375 0.0265625 0.0390625
0 0.34375 0.49765625 0.02109375 0.021875
0 0.265625 0.54453125 0.01328125 0.0171875
0 0.240625 0.51015625 0.01796875 0.03359375
0 0.17265625 0.509375 0.01640625 0.01875
0 0.1421875 0.51328125 0.02421875 0.021875
0 0.08359375 0.4984375 0.01953125 0.02890625
0 0.10078125 0.503125 0.0109375 0.0125
0 0.02109375 0.49765625 0.0421875 0.0265625
0 0.1671875 0.46875 0.03046875 0.0125
0 0.1890625 0.465625 0.01875 0.01484375
0 0.20703125 0.48671875 0.0203125 0.0203125
0 0.221875 0.4953125 0.01640625 0.015625
0 0.27265625 0.48984375 0.0234375 0.01328125
0 0.34375 0.471875 0.02265625 0.03046875
0 0.3734375 0.521875 0.0203125 0.01484375
0 0.40078125 0.5046875 0.02109375 0.0140625
0 0.44765625 0.59765625 0.025 0.02421875
0 0.9921875 0.959375 0.015625 0.06796875
0 0.98125 0.71484375 0.0375 0.034375
0 0.98203125 0.63125 0.0359375 0.0328125
0 0.91953125 0.65859375 0.0390625 0.0421875
0 0.90703125 0.71875 0.0453125 0.04609375
0 0.87734375 0.74140625 0.02421875 0.02890625
0 0.84609375 0.70859375 0.04296875 0.0328125
0 0.83671875 0.62421875 0.01875 0.02734375
0 0.74921875 0.559375 0.028125 0.025
0 0.75 0.61640625 0.0234375 0.028125
0 0.7875 0.56171875 0.02578125 0.015625
0 0.8203125 0.57890625 0.02578125 0.01796875
0 0.80078125 0.6078125 0.0296875 0.03203125
0 0.85625 0.57265625 0.04296875 0.025
0 0.9 0.584375 0.0359375 0.040625
0 0.9296875 0.5484375 0.02890625 0.01875
0 0.684375 0.565625 0.021875 0.01640625
0 0.7234375 0.5796875 0.0234375 0.02578125
0 0.73515625 0.515625 0.02109375 0.0234375
0 0.70546875 0.5125 0.0328125 0.02421875
0 0.6890625 0.48359375 0.02265625 0.0203125
0 0.87109375 0.525 0.040625 0.01875
0 0.91953125 0.5109375 0.01171875 0.0125
0 0.96484375 0.49140625 0.03125 0.02265625
0 0.98984375 0.51328125 0.01953125 0.03125
0 0.9265625 0.48046875 0.01953125 0.00859375
0 0.8984375 0.49453125 0.0234375 0.01640625
0 0.8234375 0.49140625 0.0171875 0.01484375
0 0.8046875 0.4640625 0.01875 0.01484375
0 0.76875 0.46328125 0.01875 0.01484375