0 0.2234375 0.9203125 0.04921875 0.084375
0 0.03515625 0.9015625 0.04140625 0.04296875
0 0.071875 0.83828125 0.03203125 0.03515625
0 0.1 0.80859375 0.0296875 0.03671875
0 0.06640625 0.77109375 0.02578125 0.0390625
0 0.1296875 0.809375 0.025 0.0375
0 0.165625 0.77578125 0.0328125 0.03046875
0 0.1609375 0.70625 0.03359375 0.03125
0 0.19609375 0.72265625 0.01953125 0.028125
0 0.23125 0.7375 0.02734375 0.0296875
0 0.2421875 0.80703125 0.025 0.03671875
0 0.28359375 0.8765625 0.03515625 0.04375
0 0.2828125 0.91640625 0.02578125 0.02734375
0 0.36953125 0.928125 0.0359375 0.0484375
0 0.43671875 0.9 0.0265625 0.0328125
0 0.43671875 0.95390625 0.0421875 0.04921875
0 0.465625 0.97421875 0.03203125 0.05078125
0 0.59296875 0.93046875 0.03984375 0.0359375
0 0.54375 0.8625 0.0328125 0.0546875
0 0.59375 0.878125 0.02890625 0.03359375
0 0.575 0.82890625 0.03984375 0.046875
0 0.47890625 0.8125 0.03203125 0.03984375
0 0.4421875 0.803125 0.03515625 0.0421875
0 0.7296875 0.92109375 0.0328125 0.0484375
0 0.67890625 0.871875 0.03359375 0.0453125
0 0.64140625 0.84140625 0.02890625 0.0453125
0 0.63359375 0.7890625 0.03671875 0.0421875
0 0.74453125 0.88046875 0.034375 0.04609375
0 0.76796875 0.95625 0.03203125 0.05234375
0 0.7953125 0.98203125 0.03515625 0.03515625
0 0.89453125 0.928125 0.03359375 0.04140625
0 0.8859375 0.9796875 0.03671875 0.03828125
0 0.80625 0.85 0.03828125 0.05546875
0 0.7703125 0.7859375 0.03515625 0.03671875
0 0.73984375 0.79609375 0.02890625 0.03203125
0 0.8421875 0.8390625 0.02734375 0.0390625
0 0.88359375 0.86796875 0.04453125 0.046875
0 0.88671875 0.83359375 0.03671875 0.04140625
0 0.97890625 0.8734375 0.0421875 0.0484375
0 0.82890625 0.70390625 0.03046875 0.03984375
0 0.71875 0.659375 0.0296875 0.0296875
0 0.77109375 0.64296875 0.021875 0.02421875
0 0.8578125 0.68515625 0.02890625 0.04140625
0 0.8328125 0.74921875 0.02421875 0.0390625
0 0.80234375 0.7671875 0.02265625 0.025
0 0.909375 0.7796875 0.03203125 0.03828125
0 0.96875 0.7359375 0.04140625 0.03671875
0 0.9625 0.66640625 0.034375 0.03671875
0 0.90703125 0.6921875 0.0265625 0.03359375
0 0.82734375 0.65546875 0.0234375 0.028125
0 0.66875 0.76171875 0.0328125 0.03125
0 0.6375 0.72265625 0.03671875 0.0375
0 0.53359375 0.76171875 0.0328125 0.0375
0 0.48046875 0.75625 0.02890625 0.034375
0 0.4546875 0.74296875 0.02734375 0.03359375
0 0.46015625 0.6796875 0.0265625 0.034375
0 0.4203125 0.68359375 0.0296875 0.03671875
0 0.3890625 0.74375 0.025 0.03203125
0 0.371875 0.70625 0.01953125 0.034375
0 0.346875 0.790625 0.02734375 0.03359375
0 0.34375 0.76171875 0.02734375 0.025
0 0.3359375 0.8203125 0.03359375 0.03828125
0 0.30859375 0.73984375 0.0234375 0.03125
0 0.28671875 0.74453125 0.02265625 0.028125
0 0.2578125 0.67265625 0.021875 0.02734375
0 0.2359375 0.7015625 0.03125 0.03046875
0 0.15 0.63671875 0.0234375 0.028125
0 0.284375 0.67734375 0.025 0.0265625
0 0.27109375 0.7140625 0.0234375 0.02890625
0 0.6890625 0.71171875 0.03046875 0.0328125
0 0.68125 0.578125 0.0234375 0.02734375
0 0.678125 0.55625 0.02734375 0.028125
0 0.65625 0.57890625 0.01953125 0.02421875
0 0.63671875 0.61953125 0.0203125 0.03046875
0 0.58671875 0.58515625 0.0234375 0.02421875
0 0.54921875 0.6640625 0.0265625 0.03515625
0 0.5296875 0.7078125 0.01796875 0.01953125
0 0.51328125 0.609375 0.02265625 0.02890625
0 0.4875 0.61875 0.02265625 0.02578125
0 0.45703125 0.5453125 0.02421875 0.02265625
0 0.48828125 0.5640625 0.02265625 0.025
0 0.4234375 0.5734375 0.01796875 0.02421875
0 0.3578125 0.67265625 0.02734375 0.03359375
0 0.32109375 0.6875 0.0265625 0.025
0 0.33203125 0.64609375 0.02421875 0.028125
0 0.2890625 0.6140625 0.021875 0.0203125
0 0.22109375 0.67890625 0.0234375 0.03125
0 0.215625 0.634375 0.02421875 0.02265625
0 0.3046875 0.9375 0.02734375 0.03671875
0 0.440625 0.615625 0.02578125 0.025
0 0.4640625 0.59453125 0.02109375 0.01875
0 0.6 0.71875 0.02890625 0.02890625
0 0.52734375 0.4640625 0.02265625 0.0203125
0 0.5171875 0.48515625 0.01875 0.0203125
0 0.3875 0.48046875 0.0171875 0.0234375
0 0.35859375 0.58046875 0.02109375 0.02890625
0 0.4078125 0.56171875 0.0203125 0.01796875
0 0.33359375 0.534375 0.0203125 0.0265625
0 0.31015625 0.559375 0.025 0.02734375
0 0.50234375 0.64765625 0.02109375 0.028125