0 0.66640625 0.96015625 0.06484375 0.078125
0 0.71640625 0.8078125 0.0359375 0.05234375
0 0.62890625 0.8421875 0.06171875 0.06875
0 0.44765625 0.81796875 0.04140625 0.04921875
0 0.31796875 0.8640625 0.0453125 0.059375
0 0.5375 0.86484375 0.04765625 0.05234375
0 0.765625 0.95859375 0.05546875 0.078125
0 0.3828125 0.478125 0.02734375 0.02578125
0 0.334375 0.7671875 0.05703125 0.06640625
0 0.17578125 0.71015625 0.04921875 0.0484375
0 0.82265625 0.7671875 0.0484375 0.05546875
0 0.83984375 0.86953125 0.034375 0.04765625
0 0.875 0.76015625 0.0328125 0.05078125
0 0.63671875 0.5109375 0.03046875 0.034375
0 0.7390625 0.49609375 0.03203125 0.03046875
0 0.10078125 0.5359375 0.034375 0.03203125
0 0.4953125 0.4609375 0.02734375 0.02421875
0 0.79921875 0.59765625 0.02890625 0.03671875
0 0.60625 0.57421875 0.03046875 0.0390625
0 0.24921875 0.79921875 0.0453125 0.06171875
0 0.46171875 0.60078125 0.02109375 0.0265625
0 0.79140625 0.80625 0.04375 0.0625
0 0.8234375 0.9484375 0.046875 0.0671875
0 0.71796875 0.7171875 0.04765625 0.04453125
0 0.0546875 0.80546875 0.03984375 0.0453125
0 0.5390625 0.484375 0.0296875 0.03125
0 0.265625 0.4671875 0.0375 0.03671875
0 0.27265625 0.43046875 0.02265625 0.025
0 0.9328125 0.77109375 0.05390625 0.0703125
0 0.56484375 0.53125 0.04765625 0.05390625
0 0.57421875 0.46328125 0.03203125 0.02890625
0 0.175 0.61953125 0.03671875 0.03671875
0 0.4046875 0.66328125 0.0359375 0.04140625
0 0.44453125 0.72890625 0.034375 0.0421875
0 0.1875 0.83359375 0.03515625 0.05234375
0 0.675 0.5015625 0.0296875 0.03515625
0 0.09453125 0.91640625 0.03515625 0.0625
0 0.70078125 0.53828125 0.034375 0.034375
0 0.35859375 0.89296875 0.0515625 0.0734375
0 0.8625 0.60078125 0.03515625 0.0375
0 0.44765625 0.52265625 0.028125 0.02734375
0 0.6484375 0.59296875 0.0328125 0.0328125
0 0.23828125 0.68984375 0.04453125 0.04921875
0 0.11640625 0.7859375 0.0421875 0.06171875
0 0.94375 0.61796875 0.0390625 0.0453125
0 0.3859375 0.75 0.02890625 0.04453125
0 0.56484375 0.58046875 0.03203125 0.03125
0 0.21328125 0.746875 0.03671875 0.0421875
0 0.52734375 0.821875 0.03828125 0.04296875
0 0.16953125 0.5484375 0.02734375 0.0359375
0 0.18515625 0.40703125 0.02109375 0.0234375
0 0.22734375 0.6421875 0.03203125 0.03828125
0 0.159375 0.503125 0.03046875 0.03203125
0 0.3015625 0.7046875 0.040625 0.0515625
0 0.43125 0.60703125 0.021875 0.02890625
0 0.3796875 0.81484375 0.0328125 0.0546875
0 0.07578125 0.71640625 0.03046875 0.04375
0 0.7484375 0.60859375 0.028125 0.03359375
0 0.81171875 0.4765625 0.02265625 0.02421875
0 0.74453125 0.8640625 0.040625 0.0640625
0 0.70703125 0.66015625 0.03203125 0.03125
0 0.14140625 0.53125 0.02890625 0.02421875
0 0.65 0.46640625 0.02578125 0.01953125
0 0.9203125 0.56640625 0.03203125 0.0359375
0 0.67265625 0.42890625 0.0234375 0.0234375
0 0.2046875 0.48828125 0.02265625 0.02890625
0 0.084375 0.64296875 0.034375 0.03828125
0 0.33671875 0.5546875 0.0234375 0.0234375
0 0.290625 0.57265625 0.02578125 0.05546875
0 0.31796875 0.57578125 0.02421875 0.03125
0 0.7390625 0.4609375 0.01875 0.02578125
0 0.7484375 0.64921875 0.03515625 0.0296875
0 0.30703125 0.47421875 0.0234375 0.02578125
0 0.9359375 0.51171875 0.03125 0.03046875
0 0.7890625 0.42890625 0.0296875 0.025
0 0.43359375 0.4671875 0.01640625 0.0234375
0 0.95 0.6828125 0.04453125 0.04765625
0 0.4515625 0.6203125 0.01875 0.0234375
0 0.47734375 0.4375 0.0234375 0.01953125
0 0.78359375 0.51640625 0.03359375 0.03046875
0 0.1078125 0.49453125 0.02890625 0.03046875
0 0.228125 0.43203125 0.02109375 0.02265625
0 0.81015625 0.7046875 0.028125 0.03515625
0 0.31953125 0.41015625 0.034375 0.034375
0 0.3484375 0.3890625 0.0203125 0.01953125
0 0.90546875 0.38125 0.0265625 0.021875
0 0.98515625 0.81796875 0.0296875 0.03828125
0 0.36875 0.51640625 0.01953125 0.028125
0 0.83984375 0.46875 0.02578125 0.025
0 0.17734375 0.97265625 0.07265625 0.0546875
0 0.43125 0.4171875 0.0234375 0.0234375
0 0.88828125 0.41171875 0.02734375 0.0296875
0 0.03828125 0.9671875 0.0515625 0.065625
0 0.2546875 0.565625 0.02734375 0.03359375
0 0.8453125 0.44765625 0.02109375 0.021875
0 0.7421875 0.34140625 0.0203125 0.01953125
0 0.01328125 0.93125 0.0265625 0.040625
0 0.44140625 0.5796875 0.01953125 0.021875
0 0.36484375 0.40859375 0.021875 0.02421875
0 0.06328125 0.440625 0.0234375 0.02890625
0 0.98203125 0.628125 0.02109375 0.02890625
0 0.98671875 0.96328125 0.0265625 0.07109375
0 0.92421875 0.4828125 0.02734375 0.0265625
0 0.84296875 0.53515625 0.03203125 0.03125
0 0.34921875 0.690625 0.0265625 0.0421875
0 0.6578125 0.4484375 0.02109375 0.02109375
0 0.48671875 0.4953125 0.02421875 0.025
0 0.91875 0.33984375 0.02421875 0.02265625
0 0.54296875 0.4296875 0.0265625 0.034375
0 0.528125 0.4 0.03125 0.03046875
0 0.55234375 0.378125 0.02109375 0.02734375
0 0.03515625 0.4203125 0.02734375 0.0234375
0 0.2296875 0.40234375 0.01875 0.01875
0 0.7015625 0.3859375 0.0375 0.040625
0 0.6546875 0.346875 0.0390625 0.0421875
0 0.6796875 0.353125 0.025 0.03984375
0 0.7140625 0.34453125 0.01796875 0.01796875
0 0.009375 0.53984375 0.01875 0.02890625
0 0.028125 0.58359375 0.02734375 0.034375
0 0.86484375 0.553125 0.0234375 0.02421875
0 0.68984375 0.328125 0.01875 0.01796875
0 0.009375 0.50078125 0.01796875 0.0328125
0 0.54765625 0.2890625 0.01953125 0.01875
0 0.96875 0.546875 0.02734375 0.02890625
0 0.30390625 0.45078125 0.01875 0.021875
0 0.10703125 0.4359375 0.02265625 0.02421875
0 0.69453125 0.4140625 0.01796875 0.0203125
0 0.3671875 0.64140625 0.02421875 0.04140625
0 0.74609375 0.3875 0.02265625 0.0203125
0 0.6109375 0.48046875 0.02265625 0.01875
0 0.42109375 0.3296875 0.01640625 0.01875
0 0.065625 0.478125 0.0203125 0.0234375
0 0.32890625 0.60078125 0.02578125 0.03046875
0 0.8828125 0.4703125 0.02578125 0.02734375
0 0.76328125 0.36640625 0.0234375 0.01875
0 0.9921875 0.3859375 0.015625 0.02109375
0 0.75234375 0.32421875 0.01875 0.01796875
0 0.084375 0.49140625 0.0171875 0.02421875
0 0.865625 0.38125 0.021875 0.01953125
0 0.66171875 0.6125 0.02109375 0.02265625
0 0.2015625 0.44375 0.01796875 0.02109375
0 0.2171875 0.57734375 0.0203125 0.0234375
0 0.2515625 0.409375 0.02109375 0.0203125
0 0.68515625 0.4546875 0.01953125 0.028125
0 0.46875 0.40703125 0.0375 0.0421875
0 0.49296875 0.37109375 0.015625 0.01796875
0 0.8671875 0.33671875 0.0203125 0.01796875
0 0.84296875 0.49140625 0.02578125 0.02265625
0 0.8875 0.63671875 0.03203125 0.03359375
0 0.43203125 0.28828125 0.0140625 0.0171875
0 0.2546875 0.36953125 0.01953125 0.02109375
0 0.76484375 0.4140625 0.02265625 0.01953125
0 0.3078125 0.38046875 0.028125 0.01796875
0 0.45078125 0.271875 0.0140625 0.01484375
0 0.54140625 0.27421875 0.01484375 0.01640625
0 0.175 0.36015625 0.01875 0.02265625
0 0.4015625 0.43671875 0.01640625 0.02109375
0 0.0515625 0.9171875 0.028125 0.03671875
0 0.42265625 0.36640625 0.015625 0.01953125
0 0.28046875 0.33359375 0.015625 0.01953125
0 0.94296875 0.4265625 0.0328125 0.03046875
0 0.78671875 0.3765625 0.02109375 0.01953125
0 0.4625 0.6859375 0.021875 0.02734375
0 0.3 0.3578125 0.01796875 0.01796875
0 0.77734375 0.34453125 0.04140625 0.028125