0 0.21875 0.93125 0.0375 0.05
0 0.140625 0.88203125 0.0390625 0.05
0 0.0734375 0.92421875 0.05859375 0.08671875
0 0.10859375 0.80859375 0.02578125 0.03359375
0 0.03515625 0.7765625 0.03828125 0.03515625
0 0.1078125 0.7375 0.03203125 0.03203125
0 0.278125 0.953125 0.03515625 0.04765625
0 0.30234375 0.96875 0.03046875 0.05234375
0 0.290625 0.89765625 0.02734375 0.03515625
0 0.30625 0.80078125 0.034375 0.04296875
0 0.26328125 0.7359375 0.03359375 0.04296875
0 0.19765625 0.8171875 0.03046875 0.03359375
0 0.2140625 0.790625 0.0296875 0.0296875
0 0.21328125 0.76171875 0.028125 0.02734375
0 0.18515625 0.7390625 0.025 0.03046875
0 0.1609375 0.74375 0.02578125 0.02734375
0 0.3421875 0.8078125 0.02890625 0.03515625
0 0.3265625 0.73828125 0.021875 0.03515625
0 0.35078125 0.753125 0.02890625 0.0328125
0 0.4015625 0.7609375 0.03125 0.0375
0 0.4328125 0.82890625 0.03984375 0.05078125
0 0.39609375 0.86328125 0.0265625 0.0484375
0 0.43828125 0.93046875 0.03984375 0.046875
0 0.4453125 0.878125 0.03203125 0.03515625
0 0.54375 0.9796875 0.01875 0.03515625
0 0.52734375 0.94375 0.021875 0.034375
0 0.528125 0.86953125 0.0359375 0.04296875
0 0.496875 0.8375 0.02890625 0.03828125
0 0.4953125 0.784375 0.03515625 0.04609375
0 0.5765625 0.92109375 0.03671875 0.059375
0 0.60703125 0.959375 0.03671875 0.0609375
0 0.63203125 0.98671875 0.0265625 0.0265625
0 0.59609375 0.88203125 0.03125 0.040625
0 0.60390625 0.79375 0.02734375 0.02890625
0 0.6359375 0.7828125 0.03359375 0.034375
0 0.7171875 0.978125 0.0375 0.04375
0 0.73515625 0.91953125 0.025 0.040625
0 0.66328125 0.85 0.03671875 0.04296875
0 0.69765625 0.83671875 0.0296875 0.040625
0 0.73046875 0.86015625 0.03359375 0.04609375
0 0.74296875 0.82734375 0.025 0.02421875
0 0.82265625 0.94609375 0.03671875 0.04765625
0 0.82109375 0.86484375 0.03671875 0.0453125
0 0.85625 0.92421875 0.03671875 0.05625
0 0.90390625 0.96796875 0.0296875 0.0453125
0 0.9671875 0.97265625 0.046875 0.0546875
0 0.89609375 0.80390625 0.02890625 0.0375
0 0.859375 0.78828125 0.03359375 0.0375
0 0.83359375 0.7296875 0.03125 0.03671875
0 0.79375 0.7515625 0.03046875 0.04140625
0 0.7671875 0.7734375 0.03359375 0.03671875
0 0.7453125 0.72109375 0.02265625 0.02734375
0 0.834375 0.65703125 0.02734375 0.03828125
0 0.8890625 0.7015625 0.02578125 0.03828125
0 0.91875 0.74921875 0.0296875 0.02578125
0 0.78359375 0.6875 0.0171875 0.0359375
0 0.7375 0.68203125 0.02890625 0.040625
0 0.7046875 0.69765625 0.0328125 0.03984375
0 0.7015625 0.74375 0.02265625 0.04296875
0 0.66953125 0.7640625 0.01953125 0.02421875
0 0.90546875 0.59609375 0.025 0.0234375
0 0.93125 0.59140625 0.0203125 0.0203125
0 0.93046875 0.54375 0.028125 0.02578125
0 0.853125 0.525 0.02265625 0.02578125
0 0.8078125 0.509375 0.02421875 0.0203125
0 0.73671875 0.52421875 0.0234375 0.01875
0 0.740625 0.6015625 0.01484375 0.02265625
0 0.7078125 0.6484375 0.02265625 0.025
0 0.65703125 0.63828125 0.02265625 0.0203125
0 0.603125 0.65390625 0.025 0.0234375
0 0.5609375 0.70859375 0.02578125 0.028125
0 0.61484375 0.74453125 0.01796875 0.0234375
0 0.53984375 0.7609375 0.03046875 0.03203125
0 0.51015625 0.7234375 0.03515625 0.03046875
0 0.475 0.7171875 0.02109375 0.025
0 0.46640625 0.68125 0.0234375 0.03125
0 0.43359375 0.6609375 0.0234375 0.03125
0 0.40546875 0.7046875 0.0171875 0.021875
0 0.40234375 0.60390625 0.025 0.025
0 0.428125 0.56796875 0.0203125 0.02265625
0 0.47890625 0.5828125 0.02109375 0.0234375
0 0.3765625 0.61328125 0.0203125 0.0265625
0 0.34140625 0.6734375 0.01953125 0.0359375
0 0.33359375 0.6125 0.02421875 0.0296875
0 0.3015625 0.67734375 0.025 0.0328125
0 0.23125 0.71640625 0.01796875 0.02109375
0 0.25234375 0.70234375 0.02265625 0.0296875
0 0.24140625 0.671875 0.02578125 0.03046875
0 0.20703125 0.68125 0.02890625 0.0375
0 0.17109375 0.67421875 0.025 0.0234375
0 0.1515625 0.71015625 0.02890625 0.0375
0 0.11484375 0.70078125 0.03046875 0.0328125
0 0.071875 0.72578125 0.02265625 0.03203125
0 0.1046875 0.6765625 0.02578125 0.03125
0 0.14375 0.66875 0.0234375 0.02578125
0 0.1828125 0.6140625 0.01953125 0.02265625
0 0.03828125 0.71015625 0.03125 0.0359375
0 0.0375 0.63828125 0.02578125 0.0265625
0 0.2203125 0.64375 0.01875 0.02265625
0 0.31953125 0.56875 0.0203125 0.02421875
0 0.40390625 0.6484375 0.0140625 0.02109375
0 0.46015625 0.6 0.01875 0.02578125
0 0.82734375 0.61875 0.01875 0.01875
0 0.80546875 0.5578125 0.01953125 0.0203125
0 0.68359375 0.46328125 0.01875 0.021875
0 0.57578125 0.571875 0.0203125 0.02265625
0 0.575 0.54921875 0.0234375 0.025
0 0.54765625 0.57421875 0.01953125 0.02734375
0 0.52421875 0.61328125 0.01484375 0.02734375
0 0.5296875 0.54296875 0.01796875 0.01875
0 0.421875 0.47890625 0.02109375 0.0234375
0 0.4375 0.45625 0.02109375 0.01796875
0 0.43125 0.43125 0.015625 0.0171875
0 0.4234375 0.53359375 0.01796875 0.021875
0 0.45390625 0.54921875 0.01953125 0.0296875
0 0.36953125 0.5 0.021875 0.021875
0 0.29609375 0.47734375 0.01796875 0.028125
0 0.38671875 0.56171875 0.02578125 0.025
0 0.26484375 0.4703125 0.021875 0.02265625
0 0.2203125 0.484375 0.021875 0.021875
0 0.2359375 0.5296875 0.02578125 0.028125
0 0.25625 0.578125 0.01796875 0.02890625
0 0.12578125 0.56875 0.0171875 0.021875
0 0.10703125 0.6328125 0.02421875 0.021875
0 0.10625 0.6078125 0.02265625 0.0171875