0 0.97890625 0.9578125 0.0421875 0.071875
0 0.115625 0.90703125 0.040625 0.06171875
0 0.80390625 0.9765625 0.0515625 0.046875
0 0.28828125 0.52109375 0.025 0.02890625
0 0.78203125 0.7578125 0.03984375 0.04375
0 0.29296875 0.5625 0.0421875 0.03359375
0 0.7625 0.8859375 0.0421875 0.0671875
0 0.41484375 0.6609375 0.03984375 0.03984375
0 0.41875 0.75625 0.0453125 0.0421875
0 0.2671875 0.93515625 0.04453125 0.05546875
0 0.45390625 0.834375 0.04140625 0.0484375
0 0.5703125 0.84140625 0.034375 0.05625
0 0.275 0.65703125 0.03359375 0.0359375
0 0.23046875 0.7875 0.0375 0.04609375
0 0.303125 0.7265625 0.034375 0.0421875
0 0.375 0.48671875 0.02421875 0.025
0 0.6546875 0.73984375 0.0390625 0.03515625
0 0.1890625 0.8421875 0.03359375 0.046875
0 0.20234375 0.746875 0.03125 0.0390625
0 0.3578125 0.78984375 0.0375 0.04765625
0 0.2421875 0.69921875 0.03359375 0.03359375
0 0.53203125 0.83359375 0.03515625 0.0515625
0 0.69140625 0.48046875 0.02734375 0.03515625
0 0.471875 0.73671875 0.025 0.040625
0 0.28671875 0.82734375 0.04609375 0.0453125
0 0.51875 0.65234375 0.0359375 0.0375
0 0.225 0.8859375 0.04609375 0.04609375
0 0.71171875 0.91015625 0.03828125 0.0453125
0 0.43984375 0.6109375 0.03515625 0.03203125
0 0.88046875 0.97109375 0.0484375 0.0578125
0 0.6609375 0.609375 0.02578125 0.0359375
0 0.725 0.65078125 0.03125 0.03515625
0 0.4984375 0.55546875 0.03203125 0.03046875
0 0.66484375 0.51171875 0.02890625 0.0296875
0 0.078125 0.71796875 0.03203125 0.04296875
0 0.509375 0.778125 0.02734375 0.0375
0 0.3515625 0.6578125 0.02890625 0.03515625
0 0.18125 0.62578125 0.02578125 0.03046875
0 0.6984375 0.684375 0.02734375 0.0375
0 0.91796875 0.7953125 0.04765625 0.04921875
0 0.63828125 0.5234375 0.0265625 0.03359375
0 0.3453125 0.56796875 0.03203125 0.02734375
0 0.83359375 0.609375 0.028125 0.03125
0 0.3015625 0.76796875 0.03515625 0.0390625
0 0.3765625 0.946875 0.03125 0.046875
0 0.34140625 0.515625 0.025 0.0265625
0 0.62734375 0.5671875 0.03125 0.0359375
0 0.0984375 0.96953125 0.0359375 0.04921875
0 0.52265625 0.97734375 0.03125 0.0421875
0 0.8984375 0.6921875 0.03359375 0.04375
0 0.4109375 0.8984375 0.02890625 0.0375
0 0.7921875 0.52265625 0.03046875 0.0265625
0 0.67421875 0.98203125 0.03671875 0.034375
0 0.61171875 0.978125 0.046875 0.04296875
0 0.68828125 0.64921875 0.02265625 0.03359375
0 0.73125 0.59609375 0.03046875 0.03046875
0 0.52109375 0.59140625 0.02421875 0.03125
0 0.7734375 0.61015625 0.025 0.03515625
0 0.07421875 0.59375 0.02734375 0.02578125
0 0.334375 0.6328125 0.0265625 0.03125
0 0.9265625 0.58515625 0.040625 0.034375
0 0.82890625 0.73203125 0.034375 0.03125
0 0.75859375 0.83125 0.03203125 0.0390625
0 0.5828125 0.46640625 0.01875 0.02421875
0 0.1875 0.63125 0.025 0.02890625
0 0.78359375 0.7109375 0.0359375 0.03515625
0 0.46171875 0.45859375 0.01875 0.02421875
0 0.4484375 0.56015625 0.0265625 0.02578125
0 0.63203125 0.57578125 0.0328125 0.034375
0 0.45390625 0.5125 0.0203125 0.0234375
0 0.221875 0.6703125 0.028125 0.03046875
0 0.31796875 0.45546875 0.021875 0.02578125
0 0.7140625 0.4703125 0.01953125 0.02734375
0 0.5796875 0.509375 0.0234375 0.0265625
0 0.4890625 0.42578125 0.0203125 0.021875
0 0.134375 0.53671875 0.02421875 0.02578125
0 0.21328125 0.52265625 0.021875 0.025
0 0.528125 0.540625 0.0234375 0.02890625
0 0.790625 0.58828125 0.03046875 0.0328125
0 0.8203125 0.5734375 0.025 0.028125
0 0.4328125 0.521875 0.021875 0.0296875
0 0.328125 0.6390625 0.02734375 0.03046875
0 0.56640625 0.5421875 0.028125 0.0265625
0 0.56171875 0.465625 0.01953125 0.025
0 0.33984375 0.94765625 0.02578125 0.04140625
0 0.59453125 0.615625 0.02890625 0.03203125
0 0.9140625 0.665625 0.02890625 0.034375
0 0.16015625 0.51953125 0.0265625 0.02734375
0 0.246875 0.51328125 0.0203125 0.02265625
0 0.97265625 0.578125 0.0296875 0.0296875
0 0.7671875 0.61484375 0.02421875 0.0359375
0 0.8453125 0.54375 0.02734375 0.03046875
0 0.50078125 0.5265625 0.02109375 0.025
0 0.025 0.87578125 0.0328125 0.05078125
0 0.85234375 0.79765625 0.05625 0.05390625
0 0.78671875 0.81953125 0.025 0.02421875
0 0.4953125 0.70703125 0.0359375 0.046875
0 0.45390625 0.66171875 0.021875 0.03359375
0 0.4875 0.6125 0.028125 0.04609375