0 0.16796875 0.95078125 0.03671875 0.05078125
0 0.81015625 0.93984375 0.034375 0.0578125
0 0.5140625 0.59140625 0.021875 0.02421875
0 0.14765625 0.75859375 0.0234375 0.03046875
0 0.653125 0.85625 0.02890625 0.0375
0 0.9515625 0.79453125 0.03515625 0.03515625
0 0.3015625 0.69375 0.0203125 0.03203125
0 0.56484375 0.6734375 0.028125 0.02734375
0 0.79140625 0.74453125 0.03203125 0.034375
0 0.3921875 0.675 0.03671875 0.046875
0 0.615625 0.86875 0.0328125 0.046875
0 0.37265625 0.621875 0.02578125 0.03046875
0 0.590625 0.80390625 0.03515625 0.034375
0 0.775 0.8828125 0.03671875 0.05
0 0.546875 0.90078125 0.0296875 0.04140625
0 0.92421875 0.55078125 0.0265625 0.02421875
0 0.26484375 0.70078125 0.02734375 0.03359375
0 0.6890625 0.94375 0.02578125 0.0390625
0 0.75234375 0.76953125 0.02890625 0.03828125
0 0.3953125 0.58828125 0.02109375 0.0234375
0 0.22421875 0.75859375 0.028125 0.0359375
0 0.2625 0.82109375 0.03203125 0.03828125
0 0.17265625 0.80859375 0.02734375 0.02890625
0 0.38828125 0.94921875 0.03515625 0.03671875
0 0.35078125 0.575 0.02421875 0.025
0 0.89609375 0.6046875 0.025 0.02890625
0 0.70078125 0.8453125 0.0265625 0.0359375
0 0.29609375 0.8265625 0.02421875 0.0328125
0 0.77265625 0.96484375 0.0375 0.0515625
0 0.6671875 0.715625 0.03125 0.0375
0 0.16875 0.7015625 0.028125 0.0296875
0 0.2859375 0.75859375 0.02578125 0.03359375
0 0.85390625 0.81875 0.03203125 0.04140625
0 0.44921875 0.85390625 0.02890625 0.03671875
0 0.4734375 0.73828125 0.03515625 0.03515625
0 0.7984375 0.671875 0.0296875 0.03203125
0 0.453125 0.803125 0.03515625 0.0421875
0 0.0890625 0.9046875 0.03671875 0.0484375
0 0.521875 0.725 0.02421875 0.0265625
0 0.43515625 0.73359375 0.02578125 0.028125
0 0.61953125 0.65625 0.0234375 0.02421875
0 0.72578125 0.78984375 0.0296875 0.03515625
0 0.3578125 0.7796875 0.03203125 0.03671875
0 0.42890625 0.6984375 0.02421875 0.03125
0 0.88125 0.76875 0.025 0.025
0 0.7 0.6984375 0.02734375 0.03515625
0 0.49765625 0.77734375 0.03203125 0.03125
0 0.065625 0.75859375 0.03125 0.03203125
0 0.559375 0.8125 0.028125 0.03046875
0 0.3875 0.84921875 0.0390625 0.04765625
0 0.42265625 0.5640625 0.01875 0.028125
0 0.228125 0.9765625 0.03671875 0.04609375
0 0.8734375 0.61171875 0.02109375 0.02421875
0 0.684375 0.88203125 0.03125 0.0453125
0 0.5546875 0.97421875 0.034375 0.05078125
0 0.36484375 0.7234375 0.01953125 0.0234375
0 0.84921875 0.71875 0.028125 0.034375
0 0.659375 0.765625 0.02734375 0.0359375
0 0.1328125 0.69296875 0.0234375 0.02578125
0 0.34921875 0.88203125 0.02890625 0.046875
0 0.4453125 0.59921875 0.0234375 0.02265625
0 0.48203125 0.89140625 0.03125 0.0390625
0 0.15546875 0.8375 0.03359375 0.03515625
0 0.39765625 0.89609375 0.0328125 0.0390625
0 0.81796875 0.80703125 0.03125 0.0359375
0 0.9296875 0.6140625 0.025 0.02265625
0 0.31171875 0.77109375 0.025 0.03359375
0 0.54375 0.5640625 0.02421875 0.02578125
0 0.48828125 0.628125 0.01796875 0.03359375
0 0.20703125 0.6875 0.025 0.03046875
0 0.34140625 0.62890625 0.0203125 0.0265625
0 0.1859375 0.66171875 0.0234375 0.0265625
0 0.89609375 0.55625 0.02578125 0.02734375
0 0.17265625 0.7796875 0.0265625 0.0296875
0 0.1078125 0.6890625 0.0234375 0.0265625
0 0.54296875 0.58828125 0.021875 0.02109375
0 0.525 0.93984375 0.0265625 0.0453125
0 0.0265625 0.9421875 0.0390625 0.065625
0 0.0625 0.69375 0.0265625 0.02890625
0 0.6703125 0.66875 0.025 0.02890625
0 0.7078125 0.7375 0.02421875 0.025
0 0.6265625 0.784375 0.02109375 0.03125
0 0.28671875 0.584375 0.0203125 0.0234375
0 0.2421875 0.915625 0.02578125 0.0328125
0 0.85078125 0.98359375 0.028125 0.0328125
0 0.8125 0.62578125 0.01796875 0.02578125
0 0.1015625 0.96484375 0.02890625 0.0390625
0 0.29453125 0.62734375 0.0234375 0.02734375
0 0.70234375 0.53984375 0.02109375 0.02265625
0 0.57578125 0.59765625 0.0234375 0.028125
0 0.96953125 0.5453125 0.03046875 0.021875
0 0.07734375 0.7171875 0.0359375 0.03359375
0 0.121875 0.76328125 0.025 0.028125
0 0.190625 0.5015625 0.021875 0.02265625
0 0.6515625 0.53828125 0.021875 0.02265625
0 0.225 0.59453125 0.021875 0.0265625
0 0.57421875 0.67421875 0.02734375 0.025
0 0.11171875 0.7296875 0.0265625 0.02890625
0 0.07734375 0.94453125 0.0296875 0.03828125
0 0.33828125 0.51484375 0.02265625 0.021875
0 0.1640625 0.60078125 0.02421875 0.02578125
0 0.88203125 0.9484375 0.0328125 0.0421875
0 0.99296875 0.6625 0.0125 0.0265625
0 0.153125 0.62734375 0.02109375 0.02421875
0 0.74609375 0.70546875 0.01875 0.03359375
0 0.909375 0.98515625 0.04609375 0.0296875
0 0.66484375 0.990625 0.034375 0.01875
0 0.39453125 0.49609375 0.021875 0.02109375
0 0.05859375 0.83203125 0.03203125 0.0359375
0 0.4328125 0.51171875 0.01953125 0.025
0 0.9515625 0.51640625 0.02109375 0.01953125
0 0.21484375 0.721875 0.021875 0.0234375
0 0.0265625 0.746875 0.02421875 0.03515625
0 0.253125 0.98515625 0.03046875 0.0296875
0 0.571875 0.76484375 0.015625 0.021875
0 0.34765625 0.66328125 0.021875 0.02578125
0 0.459375 0.50703125 0.01953125 0.02109375
0 0.20859375 0.546875 0.0203125 0.02421875
0 0.39296875 0.5515625 0.0203125 0.02265625
0 0.559375 0.5 0.0171875 0.01953125
0 0.83828125 0.76875 0.021875 0.0265625
0 0.1890625 0.7328125 0.0171875 0.02265625
0 0.70859375 0.6171875 0.01875 0.02734375
0 0.82109375 0.5390625 0.0234375 0.02734375
0 0.40625 0.4703125 0.01953125 0.01875
0 0.49921875 0.56015625 0.0171875 0.021875
0 0.42421875 0.5734375 0.01953125 0.02890625
0 0.4390625 0.94609375 0.03125 0.05390625
0 0.47578125 0.97109375 0.03203125 0.04921875
0 0.32265625 0.61171875 0.0234375 0.0296875
0 0.5953125 0.72265625 0.0265625 0.02890625
0 0.8515625 0.909375 0.02421875 0.03984375
0 0.9328125 0.76953125 0.0234375 0.03046875
0 0.79296875 0.63359375 0.0234375 0.02421875
0 0.52890625 0.78046875 0.02421875 0.03125
0 0.29140625 0.87265625 0.02734375 0.034375
0 0.30703125 0.92265625 0.03203125 0.02890625
0 0.36640625 0.66328125 0.0203125 0.0265625
0 0.246875 0.58984375 0.021875 0.03125