0 0.10625 0.74375 0.040625 0.04921875
0 0.17421875 0.68359375 0.04609375 0.034375
0 0.20390625 0.5765625 0.0390625 0.02578125
0 0.253125 0.59453125 0.03515625 0.01953125
0 0.25234375 0.56484375 0.0234375 0.02421875
0 0.30234375 0.565625 0.0296875 0.02734375
0 0.33046875 0.625 0.0390625 0.02890625
0 0.32109375 0.60859375 0.01796875 0.01875
0 0.390625 0.6296875 0.04140625 0.025
0 0.3859375 0.58359375 0.0296875 0.028125
0 0.36015625 0.55078125 0.02421875 0.02109375
0 0.3546875 0.51015625 0.03125 0.01875
0 0.27578125 0.89140625 0.0625 0.05859375
0 0.35390625 0.9109375 0.046875 0.08671875
0 0.4125 0.8609375 0.05 0.08203125
0 0.35546875 0.8203125 0.0203125 0.03671875
0 0.32109375 0.75234375 0.03671875 0.05
0 0.36640625 0.721875 0.03359375 0.04375
0 0.4296875 0.82265625 0.040625 0.0453125
0 0.48828125 0.8515625 0.0359375 0.04609375
0 0.528125 0.8984375 0.0390625 0.06640625
0 0.528125 0.72421875 0.03359375 0.04609375
0 0.44453125 0.66015625 0.03046875 0.0328125
0 0.44140625 0.6046875 0.03359375 0.02734375
0 0.48046875 0.571875 0.03203125 0.02265625
0 0.5015625 0.59609375 0.028125 0.0171875
0 0.5578125 0.58828125 0.021875 0.0203125
0 0.6046875 0.61015625 0.0265625 0.03046875
0 0.0734375 0.58515625 0.0359375 0.02734375
0 0.053125 0.63515625 0.040625 0.02578125
0 0.0296875 0.871875 0.05234375 0.075
0 0.02421875 0.8140625 0.046875 0.059375
0 0.10703125 0.88828125 0.0546875 0.05703125
0 0.16484375 0.91953125 0.0390625 0.05703125
0 0.05234375 0.978125 0.04140625 0.04296875
0 0.13984375 0.97890625 0.04296875 0.04140625
0 0.103125 0.675 0.0453125 0.0375
0 0.1015625 0.64921875 0.03359375 0.02265625
0 0.10703125 0.59609375 0.02421875 0.03203125
0 0.10078125 0.4921875 0.040625 0.02734375
0 0.1640625 0.525 0.034375 0.01875
0 0.1578125 0.4953125 0.0359375 0.0265625
0 0.21953125 0.54609375 0.02890625 0.0265625
0 0.115625 0.540625 0.0296875 0.025
0 0.253125 0.74296875 0.05 0.0484375
0 0.12890625 0.5671875 0.03203125 0.02734375
0 0.1359375 0.61484375 0.0328125 0.0234375
0 0.34609375 0.675 0.03359375 0.03046875
0 0.39296875 0.6796875 0.04375 0.03828125
0 0.3078125 0.7140625 0.03203125 0.03125
0 0.546875 0.8265625 0.02578125 0.02734375
0 0.5671875 0.7 0.0453125 0.04375
0 0.61328125 0.69609375 0.03671875 0.02265625
0 0.67421875 0.7109375 0.02734375 0.0421875
0 0.64921875 0.64140625 0.0171875 0.0296875
0 0.56953125 0.6453125 0.0390625 0.0390625
0 0.5375 0.6578125 0.0234375 0.0375
0 0.653125 0.5625 0.02890625 0.02109375
0 0.690625 0.6 0.025 0.0296875
0 0.64140625 0.8171875 0.0375 0.05234375
0 0.75546875 0.9375 0.0515625 0.059375
0 0.83515625 0.93125 0.0640625 0.07578125
0 0.8625 0.8296875 0.0640625 0.0765625
0 0.815625 0.75546875 0.03046875 0.04296875
0 0.96328125 0.8203125 0.04453125 0.06015625
0 0.971875 0.734375 0.03828125 0.04296875
0 0.9546875 0.68828125 0.02890625 0.0359375
0 0.89140625 0.65 0.0453125 0.0421875
0 0.9078125 0.63203125 0.025 0.0265625
0 0.84140625 0.7328125 0.03203125 0.03203125
0 0.77109375 0.70234375 0.0265625 0.03359375
0 0.9265625 0.896875 0.059375 0.0671875
0 0.903125 0.9125 0.04453125 0.06953125
0 0.80546875 0.8375 0.02578125 0.03359375
0 0.94609375 0.98671875 0.040625 0.0265625
0 0.76796875 0.56171875 0.0265625 0.04140625
0 0.7203125 0.55390625 0.021875 0.021875
0 0.61015625 0.5125 0.03671875 0.0234375
0 0.56015625 0.509375 0.021875 0.02265625
0 0.60390625 0.453125 0.0296875 0.0265625
0 0.65078125 0.4140625 0.02578125 0.01953125
0 0.7640625 0.6671875 0.021875 0.0203125
0 0.7984375 0.67734375 0.0296875 0.01953125
0 0.8546875 0.62734375 0.02265625 0.02890625
0 0.78984375 0.61640625 0.02890625 0.02578125
0 0.81953125 0.553125 0.0234375 0.02109375
0 0.85390625 0.5328125 0.02265625 0.021875
0 0.8953125 0.54296875 0.02890625 0.02421875
0 0.85390625 0.5078125 0.03046875 0.025
0 0.8859375 0.4765625 0.02734375 0.01875
0 0.84921875 0.45 0.03203125 0.0171875
0 0.90859375 0.7890625 0.05078125 0.04296875
0 0.7421875 0.57421875 0.01640625 0.0203125
0 0.79140625 0.59609375 0.03125 0.02265625
0 0.69921875 0.696875 0.025 0.02578125
0 0.7171875 0.71796875 0.04140625 0.053125
0 0.72734375 0.690625 0.02421875 0.03125
0 0.740625 0.7265625 0.0234375 0.03359375
0 0.65 0.49453125 0.0234375 0.01640625
0 0.425 0.54140625 0.03046875 0.01953125
0 0.421875 0.51171875 0.03203125 0.0234375
0 0.4734375 0.51328125 0.025 0.025
0 0.721875 0.81875 0.02265625 0.0234375
0 0.7421875 0.80859375 0.034375 0.0421875
0 0.7375 0.86640625 0.0265625 0.03515625
0 0.78515625 0.540625 0.034375 0.02265625
0 0.7640625 0.51640625 0.025 0.015625
0 0.75625 0.49140625 0.02578125 0.0171875
0 0.73125 0.48046875 0.0296875 0.02265625
0 0.88828125 0.5765625 0.021875 0.02265625
0 0.8515625 0.5796875 0.02265625 0.0171875
0 0.85859375 0.56875 0.02890625 0.0265625
0 0.40625 0.75703125 0.0375 0.02734375
0 0.38828125 0.73046875 0.02265625 0.03046875
0 0.278125 0.62578125 0.0203125 0.02109375
0 0.09375 0.46328125 0.021875 0.0171875
0 0.18515625 0.475 0.025 0.01796875
0 0.17265625 0.4578125 0.03125 0.0171875
0 0.2265625 0.4921875 0.0234375 0.0203125
0 0.2578125 0.42734375 0.02421875 0.01953125
0 0.76171875 0.6203125 0.02265625 0.02578125
0 0.7546875 0.59609375 0.0234375 0.0140625