0 0.24609375 0.7578125 0.04296875 0.04609375
0 0.81953125 0.803125 0.0421875 0.053125
0 0.23203125 0.6734375 0.03359375 0.03515625
0 0.2015625 0.82578125 0.03984375 0.05
0 0.31640625 0.83828125 0.03359375 0.05390625
0 0.57265625 0.8953125 0.03671875 0.046875
0 0.3828125 0.9 0.0390625 0.05078125
0 0.72734375 0.84375 0.03125 0.0484375
0 0.65703125 0.878125 0.04921875 0.0578125
0 0.85390625 0.6484375 0.03359375 0.03359375
0 0.446875 0.71484375 0.03203125 0.03828125
0 0.49453125 0.853125 0.034375 0.04296875
0 0.38984375 0.81171875 0.0453125 0.0546875
0 0.51640625 0.51640625 0.0265625 0.0234375
0 0.7578125 0.89453125 0.03671875 0.05234375
0 0.1578125 0.58828125 0.03203125 0.02890625
0 0.07109375 0.5859375 0.03359375 0.02890625
0 0.265625 0.87421875 0.03125 0.05078125
0 0.65234375 0.56484375 0.028125 0.03359375
0 0.15546875 0.76484375 0.02578125 0.0390625
0 0.14609375 0.8421875 0.03046875 0.0359375
0 0.27734375 0.7890625 0.0296875 0.04140625
0 0.190625 0.58203125 0.02734375 0.025
0 0.3578125 0.75234375 0.03046875 0.04453125
0 0.41796875 0.53203125 0.025 0.025
0 0.42421875 0.925 0.040625 0.06171875
0 0.43671875 0.790625 0.025 0.0390625
0 0.1578125 0.69296875 0.03125 0.0328125
0 0.56015625 0.53984375 0.02734375 0.03046875
0 0.92109375 0.81015625 0.046875 0.06328125
0 0.77109375 0.971875 0.0453125 0.05546875
0 0.4890625 0.77578125 0.0296875 0.03984375
0 0.69375 0.97421875 0.05390625 0.05078125
0 0.37890625 0.44140625 0.01953125 0.0203125
0 0.26796875 0.48359375 0.021875 0.02265625
0 0.83984375 0.8984375 0.0296875 0.0421875
0 0.9296875 0.66640625 0.03046875 0.0390625
0 0.6234375 0.6234375 0.028125 0.03515625
0 0.496875 0.653125 0.01953125 0.0234375
0 0.0609375 0.76171875 0.03125 0.03671875
0 0.56484375 0.853125 0.028125 0.0359375
0 0.7984375 0.646875 0.02421875 0.028125
0 0.0515625 0.96953125 0.0578125 0.0609375
0 0.0921875 0.8140625 0.02109375 0.02890625
0 0.728125 0.76171875 0.03984375 0.040625
0 0.18671875 0.9453125 0.0296875 0.053125
0 0.80859375 0.528125 0.02109375 0.0234375
0 0.79453125 0.840625 0.03671875 0.0546875
0 0.86875 0.80078125 0.02890625 0.04375
0 0.74375 0.51328125 0.0171875 0.02421875
0 0.58671875 0.63515625 0.028125 0.03046875
0 0.74140625 0.54765625 0.03125 0.02890625
0 0.7875 0.48203125 0.028125 0.02578125
0 0.22265625 0.60234375 0.025 0.03203125
0 0.4359375 0.8484375 0.02578125 0.04140625
0 0.8796875 0.46015625 0.02265625 0.02734375
0 0.1609375 0.546875 0.02421875 0.028125
0 0.96171875 0.84921875 0.0234375 0.02890625
0 0.709375 0.590625 0.034375 0.03203125
0 0.30703125 0.48203125 0.01953125 0.025
0 0.75625 0.65859375 0.0234375 0.02890625
0 0.4546875 0.46796875 0.021875 0.0234375
0 0.9703125 0.97890625 0.0484375 0.0421875
0 0.81875 0.96875 0.0375 0.05625
0 0.71796875 0.70625 0.02578125 0.0328125
0 0.66015625 0.6421875 0.03046875 0.03125
0 0.6890625 0.5546875 0.02734375 0.03046875
0 0.90546875 0.61328125 0.0265625 0.03203125
0 0.29765625 0.73515625 0.03984375 0.04765625
0 0.92265625 0.56328125 0.02734375 0.02734375
0 0.28515625 0.69453125 0.02890625 0.0375
0 0.59140625 0.52265625 0.03125 0.02734375
0 0.68203125 0.4828125 0.0234375 0.0234375
0 0.07109375 0.88046875 0.0328125 0.05703125
0 0.75546875 0.696875 0.028125 0.02734375
0 0.02578125 0.89140625 0.04140625 0.05234375
0 0.1140625 0.96484375 0.046875 0.05078125
0 0.465625 0.65859375 0.01953125 0.02734375
0 0.20859375 0.5578125 0.0265625 0.03125
0 0.909375 0.53359375 0.025 0.0265625
0 0.02265625 0.57578125 0.02890625 0.02421875
0 0.4765625 0.58046875 0.0296875 0.0375
0 0.4984375 0.490625 0.021875 0.0203125
0 0.984375 0.715625 0.0296875 0.0421875
0 0.06640625 0.55390625 0.028125 0.034375
0 0.08671875 0.46796875 0.025 0.02421875
0 0.3796875 0.609375 0.021875 0.02109375
0 0.3609375 0.62890625 0.0203125 0.0296875
0 0.6609375 0.52109375 0.021875 0.01796875
0 0.115625 0.49375 0.0234375 0.03046875
0 0.8359375 0.51875 0.02265625 0.02109375
0 0.39296875 0.459375 0.01953125 0.021875
0 0.80859375 0.7484375 0.025 0.0359375
0 0.0984375 0.92109375 0.02421875 0.03125
0 0.24609375 0.54140625 0.01953125 0.0265625
0 0.22578125 0.4578125 0.01875 0.02265625
0 0.896875 0.43125 0.021875 0.01953125
0 0.56796875 0.43203125 0.0296875 0.02421875
0 0.8390625 0.5 0.01953125 0.01953125
0 0.15390625 0.48828125 0.0203125 0.0234375
0 0.90390625 0.38984375 0.02265625 0.0234375
0 0.96328125 0.6765625 0.02265625 0.02578125
0 0.1 0.6359375 0.02421875 0.03046875
0 0.74375 0.39296875 0.01953125 0.0203125
0 0.66640625 0.5015625 0.01953125 0.021875
0 0.14375 0.98125 0.05703125 0.0359375
0 0.4890625 0.67109375 0.0171875 0.021875
0 0.40234375 0.57109375 0.0203125 0.0265625
0 0.840625 0.584375 0.03125 0.03046875
0 0.94921875 0.515625 0.0234375 0.02109375
0 0.2984375 0.61796875 0.02421875 0.03125
0 0.2671875 0.4546875 0.01796875 0.01875
0 0.41640625 0.68828125 0.02421875 0.03984375
0 0.93203125 0.7265625 0.0296875 0.03671875
0 0.5125 0.55 0.02265625 0.0234375
0 0.78359375 0.56796875 0.02734375 0.0265625
0 0.46171875 0.521875 0.01484375 0.01953125
0 0.39921875 0.7375 0.025 0.03515625
0 0.4734375 0.63359375 0.01796875 0.021875
0 0.675 0.66171875 0.01796875 0.02265625
0 0.75234375 0.3734375 0.01953125 0.01953125
0 0.34140625 0.5046875 0.01953125 0.021875
0 0.6234375 0.534375 0.0203125 0.01875
0 0.9484375 0.5953125 0.021875 0.0265625
0 0.71796875 0.396875 0.01796875 0.01875
0 0.3453125 0.53203125 0.02421875 0.025
0 0.99375 0.9140625 0.0125 0.04765625
0 0.37578125 0.65703125 0.02265625 0.02734375
0 0.73828125 0.746875 0.02578125 0.03203125
0 0.85625 0.603125 0.01875 0.0203125
0 0.02421875 0.584375 0.0296875 0.025
0 0.1515625 0.93359375 0.04453125 0.05390625
0 0.690625 0.69140625 0.02890625 0.0234375
0 0.8796875 0.68671875 0.0453125 0.0390625