0 0.5203125 0.88203125 0.05 0.05703125
0 0.21328125 0.81640625 0.04765625 0.06484375
0 0.709375 0.82109375 0.0390625 0.05625
0 0.4265625 0.83203125 0.04140625 0.04921875
0 0.61953125 0.859375 0.06171875 0.06953125
0 0.3328125 0.91875 0.0515625 0.07265625
0 0.51171875 0.83515625 0.0421875 0.04921875
0 0.30234375 0.77890625 0.0609375 0.071875
0 0.14375 0.7203125 0.053125 0.05390625
0 0.2109375 0.6953125 0.04296875 0.0515625
0 0.78671875 0.41640625 0.03125 0.02890625
0 0.82265625 0.77265625 0.0484375 0.059375
0 0.24375 0.4625 0.02578125 0.03671875
0 0.25234375 0.42578125 0.02421875 0.0265625
0 0.15078125 0.85625 0.03828125 0.05859375
0 0.79296875 0.8125 0.04609375 0.065625
0 0.06796875 0.5359375 0.0359375 0.0375
0 0.7984375 0.5921875 0.03125 0.03671875
0 0.48125 0.45390625 0.0296875 0.025
0 0.28984375 0.8875 0.05 0.0671875
0 0.59609375 0.56953125 0.03046875 0.03671875
0 0.14140625 0.621875 0.0375 0.03828125
0 0.3640625 0.75859375 0.0296875 0.046875
0 0.384375 0.66875 0.0375 0.04453125
0 0.178125 0.75859375 0.0390625 0.04453125
0 0.35234375 0.828125 0.03515625 0.0578125
0 0.8796875 0.76640625 0.034375 0.053125
0 0.7421875 0.878125 0.04296875 0.06640625
0 0.36328125 0.46796875 0.028125 0.0265625
0 0.52734375 0.47890625 0.0296875 0.03203125
0 0.84375 0.8828125 0.03671875 0.05390625
0 0.7375 0.4859375 0.03359375 0.03203125
0 0.8640625 0.59140625 0.03515625 0.03828125
0 0.44609375 0.6 0.021875 0.0265625
0 0.62734375 0.50234375 0.03046875 0.0359375
0 0.6609375 0.971875 0.0609375 0.05625
0 0.809375 0.46015625 0.02578125 0.02578125
0 0.4328125 0.51796875 0.02578125 0.025
0 0.94765625 0.61171875 0.03984375 0.0453125
0 0.434375 0.6203125 0.01953125 0.02578125
0 0.7359375 0.45 0.02265625 0.02578125
0 0.9234375 0.55625 0.03125 0.03515625
0 0.4234375 0.7359375 0.0359375 0.04609375
0 0.071875 0.803125 0.046875 0.0625
0 0.11015625 0.53125 0.03046875 0.025
0 0.55390625 0.578125 0.03125 0.03359375
0 0.03125 0.728125 0.03515625 0.04921875
0 0.76328125 0.971875 0.05234375 0.05625
0 0.41171875 0.4046875 0.02421875 0.02578125
0 0.5640625 0.45390625 0.03046875 0.028125
0 0.275 0.7109375 0.04296875 0.05234375
0 0.71328125 0.7203125 0.05078125 0.04609375
0 0.84453125 0.43359375 0.021875 0.0234375
0 0.69765625 0.5296875 0.0359375 0.03671875
0 0.63984375 0.58359375 0.03671875 0.0359375
0 0.66953125 0.49140625 0.02890625 0.034375
0 0.9875 0.62421875 0.021875 0.03125
0 0.8265625 0.96640625 0.05390625 0.0640625
0 0.1984375 0.6484375 0.03359375 0.04140625
0 0.33203125 0.38125 0.02109375 0.02109375
0 0.7453125 0.64765625 0.03515625 0.0296875
0 0.7 0.6578125 0.0359375 0.03515625
0 0.94140625 0.7765625 0.05703125 0.07265625
0 0.31640625 0.55390625 0.02421875 0.02421875
0 0.8890625 0.39375 0.02578125 0.0296875
0 0.04765625 0.65 0.0359375 0.03828125
0 0.746875 0.6046875 0.03046875 0.03359375
0 0.92578125 0.465625 0.0265625 0.02734375
0 0.93828125 0.50078125 0.03046875 0.02734375
0 0.1640625 0.40078125 0.02265625 0.0234375
0 0.78203125 0.50703125 0.03359375 0.03359375
0 0.4234375 0.578125 0.0203125 0.02421875
0 0.29296875 0.57578125 0.025 0.03125
0 0.128125 0.503125 0.03203125 0.03359375
0 0.46015625 0.428125 0.0234375 0.02109375
0 0.17734375 0.4859375 0.02265625 0.02890625
0 0.140625 0.54921875 0.028125 0.0359375
0 0.34609375 0.4 0.02109375 0.0234375
0 0.22734375 0.56484375 0.02890625 0.03515625
0 0.90625 0.36640625 0.02578125 0.021875
0 0.20703125 0.42734375 0.02265625 0.0234375
0 0.6421875 0.45625 0.025 0.02109375
0 0.0796875 0.49140625 0.0328125 0.03203125
0 0.41015625 0.6078125 0.02421875 0.0296875
0 0.66640625 0.41953125 0.0234375 0.025
0 0.73984375 0.32890625 0.021875 0.02109375
0 0.6515625 0.4375 0.02265625 0.0234375
0 0.70078125 0.3734375 0.02265625 0.02265625
0 0.04140625 0.94921875 0.040625 0.0640625
0 0.41796875 0.46015625 0.01484375 0.0203125
0 0.325 0.69765625 0.02734375 0.04375
0 0.83515625 0.47734375 0.0375 0.02421875
0 0.84296875 0.45703125 0.0265625 0.02265625
0 0.28828125 0.46953125 0.02265625 0.02734375
0 0.60078125 0.46953125 0.021875 0.01953125
0 0.34609375 0.51328125 0.01953125 0.028125
0 0.9890625 0.82109375 0.0203125 0.03671875
0 0.46796875 0.4890625 0.021875 0.025
0 0.809375 0.70390625 0.0296875 0.0375
0 0.6859375 0.39765625 0.0203125 0.02578125
0 0.9734375 0.53515625 0.0265625 0.0296875
0 0.95703125 0.6796875 0.04296875 0.04921875
0 0.84375 0.52265625 0.0328125 0.03125
0 0.0109375 0.82734375 0.021875 0.0484375
0 0.81796875 0.328125 0.02265625 0.02109375
0 0.91796875 0.3234375 0.02578125 0.02265625
0 0.68046875 0.4453125 0.0203125 0.03125
0 0.28515625 0.44609375 0.01875 0.021875
0 0.52109375 0.3359375 0.03125 0.028125
0 0.52578125 0.31171875 0.0328125 0.03046875
0 0.53828125 0.2765625 0.02109375 0.021875
0 0.30625 0.6 0.02578125 0.03125
0 0.865625 0.54296875 0.02421875 0.0265625
0 0.971875 0.45 0.02578125 0.0234375
0 0.0296875 0.4421875 0.0265625 0.02578125
0 0.67578125 0.33984375 0.028125 0.02578125
0 0.68046875 0.315625 0.01796875 0.01953125
0 0.653125 0.6109375 0.02109375 0.02421875
0 0.009375 0.41640625 0.01875 0.0265625
0 0.0734375 0.43359375 0.025 0.025
0 0.54375 0.365625 0.0203125 0.02578125
0 0.34609375 0.6390625 0.02734375 0.04140625
0 0.38203125 0.3859375 0.01953125 0.02265625
0 0.8921875 0.634375 0.03828125 0.03828125
0 0.94765625 0.4109375 0.0328125 0.03046875
0 0.05 0.49296875 0.01875 0.021875
0 0.99296875 0.3671875 0.01328125 0.0234375
0 0.325 0.29453125 0.021875 0.025
0 0.03203125 0.47890625 0.0234375 0.0265625
0 0.21015625 0.39765625 0.0203125 0.0203125
0 0.7203125 0.315625 0.0171875 0.01875
0 0.1921875 0.57890625 0.021875 0.02421875
0 0.7078125 0.33203125 0.01953125 0.01875
0 0.78203125 0.27421875 0.01875 0.02109375
0 0.4046875 0.31953125 0.015625 0.0203125
0 0.83984375 0.49765625 0.02421875 0.02578125
0 0.2640625 0.32578125 0.01796875 0.0203125
0 0.2875 0.37578125 0.02734375 0.02265625
0 0.47890625 0.31953125 0.01796875 0.01875
0 0.29921875 0.39765625 0.01640625 0.02109375
0 0.7421875 0.3046875 0.01875 0.01875
0 0.48125 0.35859375 0.015625 0.01796875
0 0.43671875 0.4578125 0.0171875 0.01953125
0 0.75625 0.2890625 0.01875 0.01953125
0 0.125 0.98828125 0.06015625 0.02265625
0 0.8640625 0.365625 0.02109375 0.021875
0 0.99375 0.44765625 0.0109375 0.0234375
0 0.23203125 0.36015625 0.0203125 0.021875
0 0.6734375 0.26796875 0.01875 0.0203125
0 0.07109375 0.3734375 0.0234375 0.021875
0 0.23125 0.40234375 0.02109375 0.02109375
0 0.1765625 0.4375 0.02578125 0.03125
0 0.1484375 0.4359375 0.0328125 0.0296875
0 0.553125 0.53046875 0.040625 0.040625
0 0.525 0.42265625 0.0359375 0.03671875
0 0.515625 0.38671875 0.0203125 0.0234375
0 0.40234375 0.5484375 0.02578125 0.04140625
0 0.36484375 0.5578125 0.028125 0.034375
0 0.64453125 0.3296875 0.03046875 0.02890625
0 0.67109375 0.634375 0.03125 0.0375
0 0.7859375 0.359375 0.02890625 0.028125
0 0.88125 0.459375 0.05078125 0.0640625
0 0.853125 0.65625 0.0390625 0.0484375
0 0.7328125 0.37421875 0.03203125 0.0296875