0 0.0859375 0.87890625 0.05078125 0.0703125
0 0.15546875 0.98046875 0.0359375 0.0390625
0 0.27265625 0.9390625 0.0421875 0.06875
0 0.20390625 0.84296875 0.0375 0.053125
0 0.18671875 0.9015625 0.03203125 0.03359375
0 0.24765625 0.7234375 0.04296875 0.05078125
0 0.24609375 0.778125 0.03359375 0.03671875
0 0.11953125 0.815625 0.028125 0.04609375
0 0.0875 0.76796875 0.03359375 0.03671875
0 0.0671875 0.69921875 0.0203125 0.034375
0 0.025 0.7046875 0.0234375 0.02734375
0 0.096875 0.66328125 0.03671875 0.0328125
0 0.1359375 0.68828125 0.02578125 0.02890625
0 0.02109375 0.57109375 0.03828125 0.0328125
0 0.19453125 0.57421875 0.01328125 0.01875
0 0.284375 0.646875 0.046875 0.0421875
0 0.32890625 0.7234375 0.0359375 0.05390625
0 0.3203125 0.86953125 0.04296875 0.04375
0 0.346875 0.89921875 0.04296875 0.0484375
0 0.4296875 0.88359375 0.053125 0.06875
0 0.4390625 0.79609375 0.04609375 0.0609375
0 0.43359375 0.68984375 0.0296875 0.04140625
0 0.325 0.6015625 0.025 0.03125
0 0.48984375 0.8 0.03203125 0.03984375
0 0.525 0.85625 0.05078125 0.053125
0 0.63984375 0.8859375 0.046875 0.06328125
0 0.67734375 0.92421875 0.01640625 0.025
0 0.62578125 0.765625 0.04609375 0.0609375
0 0.584375 0.71875 0.03515625 0.0421875
0 0.71171875 0.8203125 0.0578125 0.06796875
0 0.7203125 0.8828125 0.03359375 0.03984375
0 0.81640625 0.93828125 0.05078125 0.0796875
0 0.9015625 0.853125 0.03828125 0.053125
0 0.940625 0.765625 0.04296875 0.04921875
0 0.78828125 0.7453125 0.04765625 0.04609375
0 0.77265625 0.82109375 0.03828125 0.05234375
0 0.75859375 0.7578125 0.028125 0.040625
0 0.74296875 0.64765625 0.03359375 0.0390625
0 0.6703125 0.625 0.0359375 0.04140625
0 0.7171875 0.5359375 0.03046875 0.03203125
0 0.7546875 0.5390625 0.02734375 0.0296875
0 0.85859375 0.55234375 0.0375 0.0375
0 0.909375 0.521875 0.03203125 0.03359375
0 0.903125 0.6265625 0.03203125 0.02890625
0 0.790625 0.42734375 0.02265625 0.03046875
0 0.60703125 0.54609375 0.0359375 0.0296875
0 0.57265625 0.5953125 0.0296875 0.03984375
0 0.5765625 0.625 0.0296875 0.028125
0 0.5125 0.6265625 0.04609375 0.07109375
0 0.3359375 0.56953125 0.03046875 0.03125
0 0.35859375 0.540625 0.01953125 0.025
0 0.3171875 0.5140625 0.0234375 0.02265625
0 0.38984375 0.54765625 0.02265625 0.02890625
0 0.47578125 0.4890625 0.02734375 0.0234375
0 0.55625 0.490625 0.0234375 0.0296875
0 0.6453125 0.4859375 0.021875 0.03671875
0 0.7796875 0.6578125 0.02734375 0.0484375
0 0.7328125 0.6015625 0.02421875 0.028125
0 0.71171875 0.4859375 0.01875 0.03203125
0 0.603125 0.5015625 0.0234375 0.0203125
0 0.59375 0.4359375 0.0234375 0.028125
0 0.5140625 0.46875 0.01875 0.02734375
0 0.4734375 0.46328125 0.03125 0.02109375
0 0.48828125 0.4390625 0.02578125 0.02578125
0 0.41796875 0.51796875 0.02421875 0.02265625
0 0.36328125 0.42109375 0.01796875 0.02421875
0 0.83984375 0.73984375 0.03515625 0.0515625
0 0.93125 0.5578125 0.0328125 0.040625
0 0.94921875 0.46484375 0.0296875 0.03515625
0 0.796875 0.503125 0.0296875 0.03359375
0 0.25390625 0.58203125 0.0203125 0.02890625
0 0.24375 0.3859375 0.02109375 0.02265625