0 0.0359375 0.91171875 0.04375 0.08046875
0 0.04453125 0.83203125 0.02734375 0.05703125
0 0.053125 0.7671875 0.02734375 0.04453125
0 0.0171875 0.759375 0.03125 0.04453125
0 0.034375 0.72734375 0.02890625 0.02890625
0 0.025 0.69375 0.0328125 0.03203125
0 0.05546875 0.66875 0.02265625 0.03359375
0 0.01484375 0.65859375 0.0296875 0.034375
0 0.02421875 0.603125 0.02421875 0.04296875
0 0.0671875 0.596875 0.02890625 0.03515625
0 0.11171875 0.73984375 0.03671875 0.04765625
0 0.1078125 0.79921875 0.03828125 0.05
0 0.16015625 0.83046875 0.0390625 0.03671875
0 0.16484375 0.88046875 0.04375 0.04375
0 0.1203125 0.92421875 0.059375 0.0609375
0 0.21796875 0.9234375 0.0453125 0.053125
0 0.27265625 0.9734375 0.0328125 0.053125
0 0.30546875 0.9421875 0.0453125 0.05859375
0 0.30625 0.87734375 0.034375 0.0609375
0 0.340625 0.88203125 0.02890625 0.053125
0 0.39609375 0.90625 0.034375 0.05546875
0 0.453125 0.87109375 0.04140625 0.0328125
0 0.434375 0.82890625 0.0390625 0.05078125
0 0.41328125 0.78125 0.0265625 0.03515625
0 0.4171875 0.72578125 0.0234375 0.03828125
0 0.36875 0.72109375 0.040625 0.0453125
0 0.3421875 0.7671875 0.0421875 0.0453125
0 0.28359375 0.759375 0.04296875 0.0375
0 0.28671875 0.80703125 0.0359375 0.04765625
0 0.246875 0.75703125 0.03203125 0.03125
0 0.2109375 0.81875 0.0484375 0.04609375
0 0.1875 0.76328125 0.034375 0.0515625
0 0.15 0.78515625 0.02578125 0.05078125
0 0.22734375 0.6984375 0.02265625 0.04765625
0 0.19609375 0.70859375 0.01640625 0.03515625
0 0.165625 0.7359375 0.03359375 0.028125
0 0.1875 0.6796875 0.02890625 0.03671875
0 0.2609375 0.6359375 0.02890625 0.040625
0 0.296875 0.653125 0.0328125 0.03125
0 0.35234375 0.58125 0.03515625 0.03984375
0 0.3046875 0.603125 0.025 0.03125
0 0.30859375 0.57265625 0.03203125 0.0265625
0 0.28828125 0.5140625 0.02109375 0.0265625
0 0.38125 0.5171875 0.025 0.03203125
0 0.42734375 0.5609375 0.021875 0.02578125
0 0.45234375 0.57265625 0.01796875 0.02421875
0 0.4703125 0.60625 0.01953125 0.04296875
0 0.49140625 0.60234375 0.01875 0.03828125
0 0.26328125 0.5859375 0.03046875 0.0359375
0 0.23984375 0.56640625 0.01640625 0.02265625
0 0.23359375 0.615625 0.0265625 0.03203125
0 0.4421875 0.91875 0.0265625 0.03515625
0 0.50859375 0.88828125 0.03828125 0.04375
0 0.53046875 0.97109375 0.0328125 0.040625
0 0.56875 0.98203125 0.03828125 0.03515625
0 0.66171875 0.925 0.03984375 0.0359375
0 0.7046875 0.94296875 0.03984375 0.04375
0 0.7609375 0.97734375 0.0328125 0.0453125
0 0.75859375 0.8984375 0.0421875 0.06640625
0 0.75078125 0.81953125 0.028125 0.0515625
0 0.709375 0.81484375 0.03515625 0.05234375
0 0.70234375 0.7734375 0.034375 0.03671875
0 0.6765625 0.73203125 0.03515625 0.0421875
0 0.7125 0.6859375 0.02890625 0.03828125
0 0.68515625 0.66875 0.025 0.0421875
0 0.7453125 0.659375 0.0359375 0.065625
0 0.6359375 0.7671875 0.03515625 0.034375
0 0.59140625 0.8 0.02734375 0.04453125
0 0.58671875 0.7296875 0.034375 0.05078125
0 0.5890625 0.684375 0.02890625 0.02890625
0 0.6359375 0.67734375 0.03125 0.05078125
0 0.61796875 0.6296875 0.02890625 0.040625
0 0.58359375 0.640625 0.03515625 0.0390625
0 0.5515625 0.68125 0.0328125 0.0453125
0 0.51640625 0.678125 0.0296875 0.0453125
0 0.5375 0.76875 0.02734375 0.028125
0 0.54140625 0.840625 0.025 0.04296875
0 0.45703125 0.678125 0.02265625 0.03515625
0 0.415625 0.60859375 0.0390625 0.0375
0 0.38984375 0.565625 0.028125 0.0375
0 0.6875 0.5921875 0.02578125 0.034375
0 0.728125 0.58359375 0.0265625 0.040625
0 0.63828125 0.559375 0.0203125 0.03984375
0 0.85234375 0.97578125 0.059375 0.0484375
0 0.8796875 0.93046875 0.05 0.05546875
0 0.9515625 0.9109375 0.03984375 0.0515625
0 0.9109375 0.8671875 0.0375 0.05625
0 0.80703125 0.865625 0.0578125 0.0640625
0 0.88203125 0.78203125 0.0453125 0.05546875
0 0.84609375 0.79453125 0.025 0.0375
0 0.8171875 0.76484375 0.03828125 0.046875
0 0.7796875 0.73671875 0.03828125 0.0515625
0 0.77265625 0.68828125 0.028125 0.03515625
0 0.79765625 0.65390625 0.02578125 0.053125
0 0.83984375 0.67734375 0.03671875 0.040625
0 0.85390625 0.71640625 0.0359375 0.0453125
0 0.86640625 0.66015625 0.02734375 0.0421875
0 0.80859375 0.60078125 0.02890625 0.02265625
0 0.9140625 0.73828125 0.034375 0.040625
0 0.95703125 0.7328125 0.03671875 0.0375
0 0.95625 0.784375 0.025 0.04296875
0 0.92578125 0.6921875 0.03515625 0.03046875
0 0.9015625 0.5765625 0.03046875 0.053125
0 0.8515625 0.6046875 0.0265625 0.04765625
0 0.8640625 0.51796875 0.028125 0.04921875
0 0.55 0.55703125 0.02265625 0.0265625
0 0.58203125 0.5265625 0.02109375 0.0296875
0 0.60390625 0.503125 0.01640625 0.03359375
0 0.7265625 0.5296875 0.02109375 0.0328125
0 0.690625 0.4828125 0.021875 0.021875
0 0.621875 0.4765625 0.0203125 0.02265625
0 0.56171875 0.48671875 0.021875 0.01953125
0 0.46015625 0.50859375 0.02265625 0.021875
0 0.3578125 0.6640625 0.021875 0.0234375
0 0.18828125 0.64609375 0.0328125 0.03125
0 0.1515625 0.5515625 0.0171875 0.02890625
0 0.246875 0.5265625 0.01875 0.021875
0 0.29921875 0.45859375 0.03046875 0.02421875
0 0.1765625 0.44765625 0.01875 0.01953125
0 0.4546875 0.45 0.02421875 0.01015625
0 0.403125 0.48515625 0.025 0.0265625
0 0.54140625 0.45625 0.0203125 0.03203125
0 0.80234375 0.534375 0.025 0.02109375
0 0.76875 0.51953125 0.0171875 0.0203125
0 0.98671875 0.77734375 0.0265625 0.0328125
0 0.96796875 0.98046875 0.0484375 0.0390625