0 0.11640625 0.9796875 0.0390625 0.040625
0 0.02109375 0.91953125 0.03515625 0.0421875
0 0.03515625 0.94921875 0.0296875 0.04296875
0 0.01328125 0.80390625 0.02578125 0.0484375
0 0.03984375 0.82890625 0.03671875 0.0390625
0 0.16796875 0.79921875 0.040625 0.04453125
0 0.0828125 0.77734375 0.03359375 0.04765625
0 0.0671875 0.73046875 0.03046875 0.040625
0 0.06640625 0.65 0.03203125 0.03359375
0 0.2265625 0.83046875 0.040625 0.04296875
0 0.325 0.88515625 0.0390625 0.040625
0 0.39375 0.90234375 0.04375 0.0546875
0 0.33359375 0.978125 0.03359375 0.04375
0 0.39375 0.97421875 0.0484375 0.0515625
0 0.45859375 0.94609375 0.03984375 0.053125
0 0.46640625 0.8640625 0.03359375 0.0453125
0 0.38984375 0.81875 0.03984375 0.04921875
0 0.365625 0.7671875 0.03125 0.0375
0 0.35390625 0.725 0.01796875 0.025
0 0.35859375 0.69453125 0.03046875 0.0296875
0 0.290625 0.78359375 0.028125 0.040625
0 0.25625 0.75859375 0.0234375 0.02890625
0 0.2265625 0.7796875 0.03203125 0.03828125
0 0.1984375 0.73984375 0.02890625 0.03125
0 0.13203125 0.70390625 0.04140625 0.0390625
0 0.2109375 0.65390625 0.025 0.03046875
0 0.0796875 0.85546875 0.03125 0.04140625
0 0.25625 0.87890625 0.0265625 0.03515625
0 0.26015625 0.55625 0.03046875 0.03046875
0 0.0625 0.6015625 0.025 0.03515625
0 0.1078125 0.5890625 0.025 0.0234375
0 0.10859375 0.5484375 0.03359375 0.025
0 0.13203125 0.65234375 0.02734375 0.03828125
0 0.15625 0.6015625 0.0265625 0.03046875
0 0.13828125 0.565625 0.0140625 0.0234375
0 0.17421875 0.55625 0.0296875 0.02421875
0 0.196875 0.58984375 0.025 0.0265625
0 0.18046875 0.7015625 0.0265625 0.0234375
0 0.30625 0.62421875 0.0203125 0.0328125
0 0.28046875 0.6234375 0.01875 0.03046875
0 0.26484375 0.58515625 0.02265625 0.02734375
0 0.20703125 0.51953125 0.0203125 0.02890625
0 0.028125 0.625 0.028125 0.03046875
0 0.16484375 0.625 0.028125 0.02734375
0 0.23203125 0.44140625 0.01953125 0.02265625
0 0.26484375 0.45390625 0.02265625 0.01796875
0 0.2328125 0.47265625 0.02109375 0.01953125
0 0.25390625 0.67890625 0.025 0.025
0 0.634375 0.93984375 0.03828125 0.0671875
0 0.58828125 0.95859375 0.03359375 0.07265625
0 0.51875 0.81171875 0.03125 0.04296875
0 0.5421875 0.85 0.0296875 0.04609375
0 0.61328125 0.83828125 0.028125 0.04453125
0 0.68046875 0.87109375 0.02578125 0.05625
0 0.7328125 0.93828125 0.0296875 0.06328125
0 0.73828125 0.79140625 0.0359375 0.04453125
0 0.6796875 0.70078125 0.02890625 0.0328125
0 0.440625 0.74609375 0.02421875 0.02890625
0 0.4421875 0.703125 0.0296875 0.0328125
0 0.48828125 0.6796875 0.0234375 0.02890625
0 0.5109375 0.70234375 0.02109375 0.03515625
0 0.5421875 0.7125 0.0203125 0.03828125
0 0.4390625 0.621875 0.02421875 0.02734375
0 0.5890625 0.6453125 0.01953125 0.028125
0 0.621875 0.70234375 0.02265625 0.02734375
0 0.59765625 0.7375 0.02421875 0.0375
0 0.6296875 0.61875 0.02421875 0.03125
0 0.6703125 0.60546875 0.028125 0.028125
0 0.62578125 0.575 0.01953125 0.0234375
0 0.5984375 0.571875 0.02109375 0.01953125
0 0.4453125 0.496875 0.0203125 0.021875
0 0.4078125 0.446875 0.01328125 0.02109375
0 0.7171875 0.63515625 0.028125 0.03046875
0 0.72109375 0.7078125 0.03046875 0.0359375
0 0.728125 0.6734375 0.0265625 0.03125
0 0.7859375 0.8578125 0.03203125 0.0515625
0 0.52890625 0.46015625 0.0203125 0.0203125
0 0.5421875 0.490625 0.02265625 0.02421875
0 0.503125 0.5265625 0.0265625 0.02734375
0 0.33828125 0.421875 0.01875 0.02578125
0 0.628125 0.6640625 0.021875 0.02890625
0 0.87578125 0.8671875 0.03125 0.04296875
0 0.92578125 0.89921875 0.0296875 0.0421875
0 0.890625 0.90625 0.0234375 0.03671875
0 0.8546875 0.8109375 0.0234375 0.03359375
0 0.89453125 0.80390625 0.0203125 0.0375
0 0.82734375 0.77734375 0.03359375 0.03984375
0 0.91015625 0.75625 0.03828125 0.04375
0 0.96328125 0.7796875 0.02890625 0.03046875
0 0.83125 0.6515625 0.0296875 0.03515625
0 0.86953125 0.671875 0.03203125 0.03125
0 0.79453125 0.73203125 0.01953125 0.02734375
0 0.8375 0.7390625 0.02265625 0.03203125
0 0.73125 0.5515625 0.0328125 0.03125
0 0.8359375 0.5375 0.0234375 0.0265625
0 0.91640625 0.68046875 0.02734375 0.03203125
0 0.63359375 0.478125 0.0234375 0.0265625
0 0.603125 0.49375 0.025 0.01953125
0 0.65703125 0.528125 0.028125 0.02421875
0 0.70546875 0.490625 0.02421875 0.01796875
0 0.67890625 0.54453125 0.02109375 0.02578125
0 0.665625 0.45 0.0140625 0.01875
0 0.49921875 0.46953125 0.0171875 0.01875
0 0.30703125 0.43828125 0.0234375 0.02109375
0 0.7890625 0.809375 0.02421875 0.0359375
0 0.72109375 0.4453125 0.0171875 0.025
0 0.653125 0.49765625 0.015625 0.01953125
0 0.57734375 0.52578125 0.02109375 0.02421875
0 0.53671875 0.55078125 0.0140625 0.02109375