0 0.0796875 0.875 0.03359375 0.05078125
0 0.046875 0.9671875 0.04453125 0.0578125
0 0.02734375 0.7609375 0.0421875 0.05
0 0.0109375 0.86171875 0.02109375 0.0484375
0 0.21796875 0.934375 0.02578125 0.04375
0 0.17578125 0.834375 0.05078125 0.06640625
0 0.25234375 0.8609375 0.040625 0.05859375
0 0.2234375 0.83125 0.0328125 0.03515625
0 0.28515625 0.81953125 0.0234375 0.04453125
0 0.14140625 0.775 0.034375 0.0375
0 0.17734375 0.7625 0.03046875 0.03671875
0 0.08359375 0.69296875 0.0328125 0.0359375
0 0.09375 0.734375 0.028125 0.02734375
0 0.04453125 0.565625 0.040625 0.03359375
0 0.06171875 0.64140625 0.0328125 0.03828125
0 0.0453125 0.68515625 0.025 0.025
0 0.14921875 0.67734375 0.0296875 0.03046875
0 0.18515625 0.71796875 0.01796875 0.0234375
0 0.23046875 0.6765625 0.02265625 0.02578125
0 0.28125 0.72890625 0.03125 0.04140625
0 0.3109375 0.671875 0.0390625 0.03828125
0 0.3484375 0.69609375 0.02578125 0.03359375
0 0.38359375 0.73125 0.028125 0.046875
0 0.3421875 0.76171875 0.03125 0.040625
0 0.359375 0.865625 0.04140625 0.0640625
0 0.36484375 0.93984375 0.04609375 0.05234375
0 0.3140625 0.96171875 0.040625 0.0484375
0 0.39609375 0.984375 0.03359375 0.03046875
0 0.44765625 0.94765625 0.02890625 0.0453125
0 0.428125 0.896875 0.03515625 0.04765625
0 0.44453125 0.7796875 0.03515625 0.04296875
0 0.48515625 0.79765625 0.0390625 0.05546875
0 0.5484375 0.934375 0.03515625 0.04765625
0 0.63515625 0.95 0.0328125 0.0515625
0 0.6828125 0.91171875 0.03984375 0.0609375
0 0.71015625 0.8375 0.040625 0.059375
0 0.6734375 0.7515625 0.0390625 0.0421875
0 0.60703125 0.76796875 0.0296875 0.03359375
0 0.59765625 0.7390625 0.02421875 0.02890625
0 0.76796875 0.91484375 0.034375 0.0484375
0 0.7671875 0.984375 0.03046875 0.03125
0 0.8109375 0.975 0.02421875 0.03671875
0 0.81328125 0.928125 0.0203125 0.03203125
0 0.86015625 0.934375 0.03515625 0.053125
0 0.9234375 0.9828125 0.04375 0.03359375
0 0.92421875 0.91328125 0.05859375 0.06875
0 0.98359375 0.9265625 0.03203125 0.05546875
0 0.978125 0.97265625 0.0390625 0.0484375
0 0.9296875 0.828125 0.04296875 0.0421875
0 0.8125 0.81328125 0.03359375 0.046875
0 0.775 0.828125 0.03203125 0.0515625
0 0.73125 0.72421875 0.02578125 0.0375
0 0.75703125 0.7640625 0.03203125 0.0421875
0 0.7890625 0.71875 0.03046875 0.04140625
0 0.825 0.76484375 0.02578125 0.0328125
0 0.9640625 0.77734375 0.04765625 0.0421875
0 0.8890625 0.6984375 0.03359375 0.04140625
0 0.9203125 0.72421875 0.01953125 0.02265625
0 0.9578125 0.740625 0.04296875 0.034375
0 0.97109375 0.68984375 0.0328125 0.03515625
0 0.809375 0.69765625 0.034375 0.04453125
0 0.8453125 0.69296875 0.0203125 0.03125
0 0.7296875 0.6625 0.03828125 0.03359375
0 0.71953125 0.621875 0.0234375 0.03359375
0 0.75 0.5828125 0.01953125 0.02734375
0 0.7875 0.571875 0.021875 0.02578125
0 0.83515625 0.5734375 0.0296875 0.028125
0 0.8953125 0.58671875 0.0234375 0.03046875
0 0.90078125 0.6328125 0.0265625 0.0328125
0 0.94140625 0.6234375 0.0234375 0.03671875
0 0.98125 0.590625 0.02421875 0.02734375
0 0.88046875 0.4796875 0.02578125 0.0203125
0 0.9125 0.52734375 0.021875 0.02578125
0 0.8765625 0.546875 0.028125 0.0234375
0 0.73203125 0.4921875 0.03046875 0.02578125
0 0.73359375 0.465625 0.0171875 0.02578125
0 0.79140625 0.47578125 0.0171875 0.01875
0 0.81875 0.45078125 0.0203125 0.01953125
0 0.8484375 0.41875 0.01875 0.025
0 0.77265625 0.4375 0.025 0.02421875
0 0.68671875 0.49921875 0.0234375 0.025
0 0.70625 0.52734375 0.028125 0.03203125
0 0.8203125 0.521875 0.028125 0.025
0 0.634375 0.5546875 0.02265625 0.03125
0 0.66953125 0.5671875 0.03203125 0.0234375
0 0.68046875 0.58671875 0.01796875 0.01953125
0 0.65625 0.50703125 0.025 0.02890625
0 0.68046875 0.43828125 0.02421875 0.0203125
0 0.60390625 0.56484375 0.025 0.02578125
0 0.57421875 0.48671875 0.02578125 0.028125
0 0.60390625 0.4734375 0.0265625 0.028125
0 0.70703125 0.365625 0.0140625 0.0171875
0 0.5359375 0.73984375 0.03359375 0.0375
0 0.4875 0.73671875 0.02265625 0.03359375
0 0.4421875 0.709375 0.034375 0.04375
0 0.48203125 0.69375 0.02109375 0.03359375
0 0.525 0.68203125 0.0234375 0.03984375
0 0.48671875 0.63046875 0.03359375 0.02890625
0 0.4578125 0.6125 0.0203125 0.03515625
0 0.4125 0.6609375 0.02578125 0.0390625
0 0.33984375 0.621875 0.0234375 0.03046875
0 0.3578125 0.65546875 0.0328125 0.0359375
0 0.29375 0.6046875 0.02734375 0.03046875
0 0.2234375 0.62265625 0.02890625 0.028125
0 0.24453125 0.5328125 0.0234375 0.0203125
0 0.25703125 0.5078125 0.02265625 0.03359375
0 0.21171875 0.5328125 0.02890625 0.02734375
0 0.20859375 0.5 0.0203125 0.02890625
0 0.090625 0.528125 0.025 0.025
0 0.13359375 0.54140625 0.02734375 0.02578125
0 0.159375 0.45625 0.02109375 0.028125
0 0.1734375 0.4890625 0.015625 0.0234375
0 0.2734375 0.5453125 0.025 0.03125
0 0.43671875 0.5171875 0.0203125 0.02421875
0 0.44296875 0.48203125 0.0265625 0.0203125
0 0.40703125 0.56640625 0.01640625 0.02578125
0 0.50546875 0.5203125 0.0171875 0.021875
0 0.52109375 0.59921875 0.015625 0.021875
0 0.52421875 0.5828125 0.01796875 0.0265625
0 0.50078125 0.58828125 0.01875 0.0265625
0 0.2609375 0.42265625 0.01875 0.02578125
0 0.47578125 0.43125 0.01875 0.0234375
0 0.53515625 0.46875 0.02578125 0.02265625