0 0.14375 0.87421875 0.03046875 0.05234375
0 0.0734375 0.94921875 0.02421875 0.03984375
0 0.16328125 0.90859375 0.04609375 0.0625
0 0.16484375 0.95 0.0453125 0.0421875
0 0.19765625 0.98046875 0.0421875 0.0390625
0 0.0984375 0.78515625 0.028125 0.046875
0 0.1140625 0.82265625 0.03515625 0.04609375
0 0.0359375 0.78046875 0.06015625 0.0546875
0 0.0171875 0.83359375 0.03359375 0.03984375
0 0.0328125 0.7109375 0.04453125 0.05
0 0.06484375 0.653125 0.0203125 0.02265625
0 0.0109375 0.62265625 0.021875 0.040625
0 0.1234375 0.7296875 0.04140625 0.04609375
0 0.06640625 0.540625 0.025 0.02421875
0 0.0734375 0.59453125 0.02578125 0.025
0 0.115625 0.6078125 0.025 0.03203125
0 0.1171875 0.5546875 0.028125 0.0375
0 0.11171875 0.5125 0.021875 0.028125
0 0.040625 0.5203125 0.0265625 0.025
0 0.13203125 0.6609375 0.0265625 0.02421875
0 0.140625 0.6296875 0.02421875 0.02890625
0 0.18359375 0.83125 0.03125 0.0453125
0 0.18125 0.70546875 0.02890625 0.0296875
0 0.1703125 0.6671875 0.03671875 0.03125
0 0.2265625 0.65703125 0.02734375 0.0328125
0 0.23046875 0.7453125 0.03203125 0.03125
0 0.26171875 0.734375 0.0296875 0.034375
0 0.26171875 0.6921875 0.015625 0.02421875
0 0.26796875 0.7984375 0.04140625 0.05234375
0 0.27421875 0.94375 0.034375 0.04609375
0 0.31796875 0.8796875 0.021875 0.0390625
0 0.3078125 0.7953125 0.03828125 0.034375
0 0.34140625 0.8171875 0.03671875 0.059375
0 0.36484375 0.78125 0.02421875 0.03671875
0 0.35625 0.7015625 0.03203125 0.034375
0 0.29296875 0.60390625 0.03046875 0.028125
0 0.303125 0.65625 0.021875 0.0234375
0 0.12109375 0.45234375 0.0234375 0.01875
0 0.1515625 0.52109375 0.021875 0.01640625
0 0.19609375 0.5328125 0.025 0.0234375
0 0.2296875 0.56328125 0.01875 0.028125
0 0.18515625 0.43203125 0.0203125 0.0203125
0 0.21328125 0.453125 0.0171875 0.02578125
0 0.26484375 0.49375 0.0171875 0.02265625
0 0.2703125 0.52578125 0.02109375 0.025
0 0.30078125 0.51875 0.02265625 0.01875
0 0.31015625 0.50078125 0.02578125 0.021875
0 0.33125 0.53046875 0.02421875 0.0265625
0 0.3546875 0.5890625 0.02734375 0.028125
0 0.3796875 0.64921875 0.03515625 0.03671875
0 0.41484375 0.671875 0.021875 0.0296875
0 0.453125 0.703125 0.0265625 0.0421875
0 0.415625 0.72734375 0.03203125 0.040625
0 0.40078125 0.60078125 0.02734375 0.02890625
0 0.41953125 0.634375 0.0328125 0.0328125
0 0.34140625 0.48671875 0.01875 0.02578125
0 0.3484375 0.4390625 0.01796875 0.01953125
0 0.440625 0.821875 0.0359375 0.053125
0 0.40625 0.90546875 0.03515625 0.05234375
0 0.45078125 0.8984375 0.03984375 0.06171875
0 0.4828125 0.9265625 0.03125 0.04140625
0 0.54140625 0.93828125 0.04453125 0.05859375
0 0.52578125 0.89140625 0.02578125 0.0390625
0 0.50625 0.85 0.0296875 0.03359375
0 0.5546875 0.9828125 0.034375 0.034375
0 0.6171875 0.965625 0.04375 0.05859375
0 0.61796875 0.87734375 0.03515625 0.04609375
0 0.5140625 0.7453125 0.03125 0.03984375
0 0.54921875 0.7578125 0.0359375 0.0453125
0 0.65078125 0.7046875 0.02265625 0.02734375
0 0.5953125 0.70625 0.0265625 0.02890625
0 0.50859375 0.68125 0.03671875 0.03671875
0 0.66171875 0.7296875 0.02734375 0.0359375
0 0.721875 0.71328125 0.0359375 0.0421875
0 0.69921875 0.8875 0.028125 0.0421875
0 0.73984375 0.85390625 0.03359375 0.053125
0 0.7609375 0.79296875 0.03203125 0.05234375
0 0.81953125 0.85546875 0.03359375 0.04453125
0 0.82109375 0.91796875 0.0328125 0.03046875
0 0.878125 0.96171875 0.03515625 0.059375
0 0.8609375 0.8703125 0.01796875 0.02578125
0 0.90078125 0.8734375 0.03125 0.04609375
0 0.96328125 0.8625 0.0625 0.0578125
0 0.9703125 0.934375 0.04921875 0.0703125
0 0.8453125 0.66328125 0.03203125 0.03671875
0 0.82421875 0.68671875 0.0234375 0.03515625
0 0.8515625 0.76640625 0.028125 0.03203125
0 0.81953125 0.77890625 0.034375 0.0453125
0 0.77265625 0.6921875 0.02421875 0.03515625
0 0.7984375 0.7265625 0.0328125 0.03203125
0 0.9609375 0.77734375 0.03671875 0.03671875
0 0.984375 0.73359375 0.03125 0.03515625
0 0.92109375 0.66484375 0.03671875 0.0453125
0 0.8765625 0.66171875 0.01875 0.03125
0 0.7703125 0.63359375 0.0296875 0.03125
0 0.75546875 0.59765625 0.01953125 0.03046875
0 0.86015625 0.553125 0.03203125 0.02734375
0 0.76640625 0.48203125 0.0296875 0.02109375
0 0.8421875 0.440625 0.01640625 0.01875
0 0.7046875 0.55234375 0.02734375 0.0265625
0 0.67421875 0.53828125 0.025 0.0359375
0 0.6453125 0.54453125 0.0234375 0.03125
0 0.69140625 0.49453125 0.0234375 0.02890625
0 0.7390625 0.51171875 0.02734375 0.028125
0 0.71875 0.4890625 0.02578125 0.02265625
0 0.76015625 0.45546875 0.02109375 0.03125
0 0.70859375 0.4296875 0.01875 0.02421875
0 0.5796875 0.65390625 0.028125 0.0328125
0 0.54296875 0.6671875 0.01796875 0.03125
0 0.54921875 0.70625 0.0203125 0.03359375
0 0.540625 0.60703125 0.02734375 0.03125
0 0.57265625 0.4859375 0.01875 0.02265625
0 0.61328125 0.47734375 0.0265625 0.0296875
0 0.571875 0.5640625 0.01640625 0.01640625
0 0.47421875 0.63828125 0.021875 0.03671875
0 0.5109375 0.59375 0.02578125 0.03359375
0 0.553125 0.56953125 0.0203125 0.025
0 0.4890625 0.47265625 0.0234375 0.02109375
0 0.5734375 0.4625 0.02421875 0.0203125
0 0.42109375 0.453125 0.0171875 0.021875
0 0.43984375 0.40390625 0.0171875 0.01953125
0 0.5546875 0.43828125 0.021875 0.01875