0 0.19765625 0.928125 0.0484375 0.0765625
0 0.165625 0.8921875 0.03828125 0.0375
0 0.2328125 0.88046875 0.02890625 0.053125
0 0.115625 0.90234375 0.05078125 0.06640625
0 0.08359375 0.83125 0.03203125 0.046875
0 0.03984375 0.72890625 0.0515625 0.04765625
0 0.03515625 0.778125 0.03515625 0.02890625
0 0.01484375 0.6796875 0.0296875 0.034375
0 0.0109375 0.5875 0.021875 0.03125
0 0.05546875 0.55078125 0.0265625 0.02578125
0 0.10078125 0.5609375 0.0328125 0.02421875
0 0.12890625 0.603125 0.0234375 0.0328125
0 0.18671875 0.65078125 0.025 0.02890625
0 0.190625 0.71640625 0.02578125 0.028125
0 0.1359375 0.76015625 0.02109375 0.028125
0 0.1 0.7140625 0.03046875 0.03203125
0 0.13515625 0.4703125 0.021875 0.02890625
0 0.1828125 0.51875 0.02734375 0.02421875
0 0.18046875 0.55703125 0.0328125 0.02734375
0 0.1734375 0.465625 0.01875 0.0265625
0 0.1078125 0.45 0.02109375 0.02265625
0 0.228125 0.52890625 0.0265625 0.02890625
0 0.21640625 0.5546875 0.025 0.02578125
0 0.2453125 0.56875 0.02578125 0.03125
0 0.259375 0.63828125 0.034375 0.02890625
0 0.2765625 0.70859375 0.0375 0.05078125
0 0.1875 0.78828125 0.02734375 0.0328125
0 0.14609375 0.85546875 0.01953125 0.025
0 0.1203125 0.82109375 0.03203125 0.0453125
0 0.2390625 0.7765625 0.04140625 0.04296875
0 0.3015625 0.81328125 0.03203125 0.03984375
0 0.3109375 0.92578125 0.0484375 0.05859375
0 0.384375 0.975 0.028125 0.05
0 0.346875 0.78203125 0.0328125 0.05546875
0 0.31015625 0.740625 0.0234375 0.0359375
0 0.325 0.69296875 0.03203125 0.034375
0 0.31015625 0.65234375 0.02734375 0.03359375
0 0.26640625 0.51171875 0.01796875 0.0203125
0 0.2421875 0.4359375 0.015625 0.01875
0 0.15390625 0.4046875 0.01328125 0.01484375
0 0.03203125 0.47265625 0.02421875 0.0203125
0 0.08515625 0.41796875 0.01640625 0.0140625
0 0.284375 0.46015625 0.01640625 0.015625
0 0.28203125 0.43203125 0.0125 0.01484375
0 0.3234375 0.45703125 0.01796875 0.02734375
0 0.36015625 0.50078125 0.021875 0.0171875
0 0.35703125 0.478125 0.01875 0.0234375
0 0.3234375 0.5828125 0.02421875 0.02734375
0 0.290625 0.59609375 0.01171875 0.01953125
0 0.3890625 0.41875 0.01796875 0.01796875
0 0.40625 0.4359375 0.025 0.02265625
0 0.31875 0.36328125 0.0109375 0.021875
0 0.428125 0.50078125 0.02734375 0.0234375
0 0.41875 0.53984375 0.01484375 0.02578125
0 0.396875 0.57578125 0.01953125 0.01796875
0 0.3828125 0.5921875 0.0171875 0.03203125
0 0.39453125 0.61796875 0.02734375 0.0296875
0 0.48984375 0.5453125 0.02421875 0.0296875
0 0.503125 0.63046875 0.01484375 0.02109375
0 0.50859375 0.61171875 0.01875 0.01953125
0 0.4828125 0.61953125 0.01953125 0.0265625
0 0.46328125 0.4421875 0.0171875 0.0234375
0 0.471875 0.49453125 0.0125 0.01953125
0 0.434375 0.64609375 0.02421875 0.0390625
0 0.38359375 0.703125 0.0296875 0.0390625
0 0.421875 0.69140625 0.02265625 0.03203125
0 0.46484375 0.6671875 0.03203125 0.0375
0 0.5046875 0.7234375 0.0265625 0.03515625
0 0.4578125 0.73984375 0.021875 0.034375
0 0.415625 0.75546875 0.04453125 0.0453125
0 0.459375 0.78828125 0.0234375 0.03828125
0 0.41171875 0.834375 0.0359375 0.05
0 0.45078125 0.85703125 0.0359375 0.05546875
0 0.51484375 0.790625 0.03125 0.04140625
0 0.50546875 0.4625 0.02109375 0.0171875
0 0.52421875 0.4890625 0.02265625 0.02109375
0 0.56796875 0.50703125 0.02109375 0.0328125
0 0.5984375 0.490625 0.03046875 0.028125
0 0.62734375 0.50078125 0.02109375 0.01796875
0 0.65390625 0.5296875 0.0265625 0.03046875
0 0.6296875 0.58984375 0.02890625 0.02890625
0 0.5953125 0.59375 0.02421875 0.02890625
0 0.6625 0.5984375 0.0296875 0.03359375
0 0.7171875 0.65625 0.025 0.034375
0 0.73046875 0.70234375 0.03828125 0.034375
0 0.753125 0.6125 0.021875 0.02734375
0 0.7078125 0.55078125 0.0265625 0.034375
0 0.68515625 0.521875 0.03203125 0.034375
0 0.6671875 0.46953125 0.01796875 0.0203125
0 0.68125 0.45234375 0.02421875 0.0234375
0 0.73828125 0.48046875 0.015625 0.0234375
0 0.73828125 0.51328125 0.02578125 0.0265625
0 0.78203125 0.45078125 0.02265625 0.02265625
0 0.82578125 0.48828125 0.021875 0.02109375
0 0.83046875 0.46640625 0.01875 0.01640625
0 0.8640625 0.4296875 0.021875 0.0265625
0 0.84609375 0.40390625 0.0171875 0.0203125
0 0.89609375 0.49609375 0.0203125 0.02890625
0 0.90546875 0.525 0.0234375 0.02421875
0 0.93203125 0.5515625 0.01875 0.02734375
0 0.91328125 0.6203125 0.0265625 0.0328125
0 0.8921875 0.575 0.0234375 0.02734375
0 0.94296875 0.62734375 0.01953125 0.02421875
0 0.96328125 0.6625 0.028125 0.0421875
0 0.79453125 0.6 0.021875 0.0265625
0 0.846875 0.60546875 0.03515625 0.0328125
0 0.8296875 0.546875 0.0265625 0.028125
0 0.84765625 0.56328125 0.0171875 0.0171875
0 0.72578125 0.7765625 0.03046875 0.03984375
0 0.66015625 0.81171875 0.0453125 0.0578125
0 0.6984375 0.90625 0.05234375 0.071875
0 0.771875 0.89765625 0.04609375 0.0671875
0 0.7546875 0.8234375 0.03359375 0.0515625
0 0.81640625 0.8828125 0.034375 0.0484375
0 0.8328125 0.82734375 0.0265625 0.04453125
0 0.7890625 0.77578125 0.03984375 0.059375
0 0.81640625 0.74609375 0.03203125 0.04609375
0 0.80078125 0.6921875 0.02421875 0.0296875
0 0.85703125 0.7375 0.02578125 0.040625
0 0.9015625 0.74453125 0.04296875 0.05234375
0 0.9796875 0.84375 0.040625 0.046875
0 0.93984375 0.77890625 0.0203125 0.028125
0 0.97578125 0.79609375 0.046875 0.04609375
0 0.91484375 0.67109375 0.03046875 0.03828125
0 0.94921875 0.8984375 0.05234375 0.06171875
0 0.6734375 0.97890625 0.02421875 0.0421875
0 0.590625 0.82421875 0.03359375 0.04765625
0 0.57890625 0.7921875 0.02265625 0.03203125
0 0.68828125 0.3578125 0.01328125 0.0140625