0 0.8515625 0.84296875 0.03046875 0.04296875
0 0.7515625 0.80078125 0.02890625 0.03515625
0 0.234375 0.925 0.04609375 0.0796875
0 0.81796875 0.85234375 0.0359375 0.04921875
0 0.78125 0.79140625 0.03359375 0.0390625
0 0.90625 0.9328125 0.03515625 0.04140625
0 0.1765625 0.77890625 0.0296875 0.0296875
0 0.77890625 0.6484375 0.0234375 0.025
0 0.83671875 0.70703125 0.0328125 0.034375
0 0.72890625 0.6640625 0.028125 0.02734375
0 0.45078125 0.81015625 0.03125 0.03828125
0 0.89140625 0.871875 0.04140625 0.046875
0 0.38203125 0.934375 0.03515625 0.04765625
0 0.5578125 0.66875 0.02734375 0.03515625
0 0.646875 0.72734375 0.0359375 0.03515625
0 0.54375 0.7671875 0.03125 0.0359375
0 0.16953125 0.7109375 0.03125 0.03125
0 0.3984375 0.74765625 0.025 0.0359375
0 0.6515625 0.840625 0.028125 0.03828125
0 0.46796875 0.68046875 0.02421875 0.03203125
0 0.490625 0.815625 0.0296875 0.03984375
0 0.77890625 0.9609375 0.03359375 0.05546875
0 0.6875 0.87578125 0.03359375 0.04296875
0 0.29375 0.88203125 0.03203125 0.0453125
0 0.4625 0.7453125 0.025 0.03359375
0 0.6046875 0.93359375 0.03671875 0.03671875
0 0.42890625 0.6890625 0.028125 0.0328125
0 0.3296875 0.68828125 0.028125 0.0296875
0 0.5953125 0.59140625 0.0234375 0.025
0 0.75625 0.88515625 0.03203125 0.0421875
0 0.64375 0.78984375 0.03203125 0.03828125
0 0.15859375 0.64375 0.02578125 0.02890625
0 0.25234375 0.81328125 0.025 0.03203125
0 0.9796875 0.740625 0.040625 0.040625
0 0.29296875 0.678125 0.02421875 0.0265625
0 0.6984375 0.71484375 0.02890625 0.0296875
0 0.23984375 0.73984375 0.02890625 0.0296875
0 0.58203125 0.8375 0.03671875 0.04765625
0 0.08125 0.84140625 0.03359375 0.03515625
0 0.47578125 0.975 0.03203125 0.05
0 0.521875 0.61171875 0.0265625 0.03125
0 0.6796875 0.76640625 0.03359375 0.03125
0 0.59765625 0.68671875 0.02421875 0.0296875
0 0.26640625 0.67421875 0.02109375 0.028125
0 0.36796875 0.6765625 0.0234375 0.0328125
0 0.98359375 0.87890625 0.03203125 0.05234375
0 0.69140625 0.5796875 0.0234375 0.02265625
0 0.20546875 0.7265625 0.021875 0.03203125
0 0.490625 0.759375 0.02421875 0.0328125
0 0.740625 0.92578125 0.03359375 0.05
0 0.60390625 0.884375 0.0328125 0.0390625
0 0.60859375 0.72265625 0.02578125 0.02890625
0 0.075 0.77421875 0.0265625 0.03359375
0 0.55546875 0.86953125 0.03125 0.05078125
0 0.9734375 0.67109375 0.03984375 0.0375
0 0.4953125 0.56875 0.02265625 0.025
0 0.89609375 0.834375 0.03359375 0.03828125
0 0.44921875 0.9015625 0.0265625 0.03125
0 0.24453125 0.70546875 0.03125 0.0328125
0 0.31875 0.74375 0.02265625 0.0296875
0 0.35546875 0.7921875 0.028125 0.03125
0 0.53984375 0.71171875 0.01953125 0.021875
0 0.3515625 0.7671875 0.025 0.028125
0 0.4453125 0.96015625 0.03515625 0.04375
0 0.86953125 0.69140625 0.0265625 0.0359375
0 0.64609375 0.6203125 0.0203125 0.03203125
0 0.4328125 0.5765625 0.02109375 0.025
0 0.04609375 0.90234375 0.04296875 0.04453125
0 0.684375 0.55859375 0.025 0.02578125
0 0.89921875 0.984375 0.0375 0.03125
0 0.4953125 0.6203125 0.02109375 0.025
0 0.29609375 0.74921875 0.0234375 0.0296875
0 0.934375 0.76328125 0.03125 0.03828125
0 0.34375 0.8234375 0.03359375 0.034375
0 0.1390625 0.81171875 0.02265625 0.03046875
0 0.83359375 0.659375 0.02578125 0.03046875
0 0.6625 0.58203125 0.02265625 0.0265625
0 0.2796875 0.71796875 0.0234375 0.02890625
0 0.5421875 0.5765625 0.02265625 0.02421875
0 0.9203125 0.78203125 0.03359375 0.03828125
0 0.31796875 0.9421875 0.0265625 0.0359375
0 0.4640625 0.54765625 0.0234375 0.02890625
0 0.29140625 0.92265625 0.02421875 0.03671875
0 0.18203125 0.77265625 0.02890625 0.02890625
0 0.521875 0.48984375 0.02265625 0.0234375
0 0.53515625 0.46640625 0.02109375 0.0203125
0 0.84140625 0.75703125 0.028125 0.03515625
0 0.80859375 0.98515625 0.03828125 0.0296875
0 0.3609375 0.721875 0.01953125 0.02421875
0 0.45078125 0.61953125 0.0296875 0.0296875
0 0.1109375 0.81328125 0.02578125 0.02578125
0 0.315625 0.4953125 0.02109375 0.021875
0 0.36875 0.58671875 0.021875 0.02578125
0 0.91796875 0.7 0.0265625 0.03515625
0 0.39375 0.4859375 0.01875 0.02421875
0 0.22890625 0.67890625 0.0203125 0.02890625
0 0.11640625 0.6203125 0.021875 0.0234375
0 0.8125 0.7703125 0.02109375 0.0296875
0 0.3203125 0.5640625 0.025 0.02578125
0 0.05859375 0.959375 0.03046875 0.03203125
0 0.715625 0.98515625 0.02734375 0.02890625
0 0.51015625 0.65390625 0.0234375 0.0265625
0 0.434375 0.5859375 0.02265625 0.0265625
0 0.296875 0.61796875 0.021875 0.02578125
0 0.8453125 0.5359375 0.02421875 0.02109375
0 0.725 0.58984375 0.025 0.02734375
0 0.41796875 0.5640625 0.0203125 0.02265625
0 0.47109375 0.60078125 0.02109375 0.02421875
0 0.1109375 0.9140625 0.0265625 0.03359375
0 0.3046875 0.5921875 0.02109375 0.025
0 0.56328125 0.55703125 0.01875 0.025
0 0.34140625 0.65 0.02421875 0.02890625
0 0.76953125 0.7125 0.02265625 0.0265625
0 0.884375 0.73046875 0.02578125 0.0265625