0 0.046875 0.87109375 0.053125 0.05859375
0 0.196875 0.89375 0.01953125 0.05546875
0 0.221875 0.87421875 0.03203125 0.0515625
0 0.29140625 0.9046875 0.025 0.0484375
0 0.32421875 0.9796875 0.0234375 0.040625
0 0.33671875 0.85 0.0296875 0.0484375
0 0.384375 0.903125 0.02890625 0.05
0 0.36875 0.86484375 0.028125 0.0359375
0 0.37890625 0.79921875 0.028125 0.0515625
0 0.37578125 0.73984375 0.04375 0.04296875
0 0.32734375 0.7921875 0.03203125 0.059375
0 0.31796875 0.72421875 0.040625 0.0546875
0 0.228125 0.6890625 0.028125 0.0359375
0 0.23125 0.64921875 0.0296875 0.03359375
0 0.20078125 0.62421875 0.02421875 0.03359375
0 0.178125 0.66484375 0.0328125 0.04453125
0 0.13671875 0.60078125 0.04296875 0.0390625
0 0.10078125 0.6484375 0.03671875 0.03828125
0 0.0984375 0.71015625 0.0265625 0.02578125
0 0.13984375 0.80234375 0.034375 0.05
0 0.065625 0.77890625 0.0375 0.034375
0 0.0546875 0.75078125 0.0359375 0.0578125
0 0.0609375 0.684375 0.0390625 0.05234375
0 0.0171875 0.7296875 0.03203125 0.05390625
0 0.025 0.675 0.0359375 0.04765625
0 0.08203125 0.6140625 0.03203125 0.0453125
0 0.078125 0.56171875 0.02421875 0.0421875
0 0.065625 0.52265625 0.03046875 0.0328125
0 0.1390625 0.55703125 0.0328125 0.046875
0 0.16484375 0.53515625 0.0265625 0.04140625
0 0.1390625 0.49375 0.0265625 0.05078125
0 0.21015625 0.55859375 0.03515625 0.04140625
0 0.2875 0.65234375 0.02421875 0.05390625
0 0.25234375 0.64375 0.015625 0.03203125
0 0.37265625 0.67578125 0.03515625 0.05234375
0 0.3515625 0.6375 0.03125 0.03984375
0 0.34453125 0.58515625 0.02890625 0.03359375
0 0.28984375 0.53125 0.03125 0.03671875
0 0.2453125 0.4734375 0.03046875 0.03359375
0 0.29453125 0.48046875 0.02265625 0.03125
0 0.31171875 0.44765625 0.0265625 0.03515625
0 0.41796875 0.6234375 0.040625 0.046875
0 0.4171875 0.5875 0.0234375 0.04140625
0 0.41171875 0.5296875 0.025 0.04375
0 0.4765625 0.59296875 0.03046875 0.0421875
0 0.48203125 0.6640625 0.021875 0.046875
0 0.5046875 0.69375 0.021875 0.0453125
0 0.440625 0.6953125 0.0296875 0.0625
0 0.434375 0.7625 0.028125 0.040625
0 0.53125 0.86796875 0.03828125 0.07734375
0 0.5765625 0.8328125 0.040625 0.05078125
0 0.62578125 0.8265625 0.034375 0.046875
0 0.40078125 0.978125 0.04140625 0.04375
0 0.54375 0.98359375 0.03125 0.0328125
0 0.64921875 0.96953125 0.05234375 0.0609375
0 0.62265625 0.7046875 0.0328125 0.046875
0 0.6640625 0.74921875 0.021875 0.04609375
0 0.71015625 0.6953125 0.03203125 0.05078125
0 0.66953125 0.65234375 0.03203125 0.0578125
0 0.71796875 0.66015625 0.025 0.0296875
0 0.74765625 0.64453125 0.0234375 0.03359375
0 0.7796875 0.7 0.03515625 0.04140625
0 0.771875 0.6671875 0.0171875 0.053125
0 0.80078125 0.6546875 0.028125 0.04453125
0 0.81796875 0.6265625 0.0296875 0.02734375
0 0.6953125 0.83984375 0.028125 0.03984375
0 0.721875 0.8234375 0.0203125 0.04921875
0 0.74296875 0.85 0.025 0.05546875
0 0.74765625 0.8109375 0.028125 0.0515625
0 0.7734375 0.8640625 0.02890625 0.0484375
0 0.80234375 0.834375 0.0234375 0.053125
0 0.76484375 0.95859375 0.04375 0.08203125
0 0.8546875 0.90546875 0.046875 0.0640625
0 0.890625 0.875 0.03125 0.05625
0 0.96171875 0.94765625 0.046875 0.059375
0 0.8375 0.80234375 0.04296875 0.04609375
0 0.7984375 0.784375 0.01953125 0.03359375
0 0.94296875 0.76796875 0.06484375 0.0671875
0 0.96640625 0.74375 0.02578125 0.04609375
0 0.9421875 0.69296875 0.0234375 0.0375
0 0.9390625 0.66171875 0.02421875 0.0359375
0 0.8875 0.67265625 0.02890625 0.040625
0 0.86171875 0.63515625 0.01953125 0.0203125
0 0.8234375 0.72109375 0.0203125 0.04140625
0 0.89375 0.6109375 0.03984375 0.0453125
0 0.89453125 0.57578125 0.02734375 0.03984375
0 0.93828125 0.61953125 0.03984375 0.05078125
0 0.7953125 0.59375 0.03671875 0.034375
0 0.79296875 0.56015625 0.0265625 0.03359375
0 0.7578125 0.546875 0.03515625 0.04609375
0 0.65703125 0.53515625 0.02421875 0.034375
0 0.6625 0.5875 0.03046875 0.0375
0 0.66953125 0.56171875 0.0265625 0.0265625
0 0.6875 0.60703125 0.015625 0.0375
0 0.621875 0.5859375 0.03203125 0.03359375
0 0.72265625 0.60703125 0.0109375 0.021875
0 0.75546875 0.609375 0.01953125 0.03671875
0 0.92265625 0.5359375 0.0390625 0.0234375
0 0.8703125 0.54375 0.015625 0.0390625
0 0.53984375 0.76953125 0.02890625 0.05703125
0 0.5796875 0.75390625 0.02734375 0.05
0 0.5671875 0.6859375 0.0296875 0.03359375
0 0.5546875 0.60546875 0.028125 0.034375
0 0.56953125 0.58125 0.02578125 0.028125
0 0.5796875 0.55546875 0.0203125 0.02734375
0 0.546875 0.546875 0.0328125 0.0328125
0 0.61640625 0.50546875 0.0265625 0.0359375
0 0.67109375 0.46640625 0.0359375 0.02890625
0 0.553125 0.48515625 0.01796875 0.02890625
0 0.5796875 0.52109375 0.02421875 0.0328125
0 0.58203125 0.4875 0.01953125 0.02890625
0 0.5875 0.409375 0.02734375 0.02734375
0 0.25625 0.72265625 0.0234375 0.03828125
0 0.81796875 0.6875 0.028125 0.03359375
0 0.28125 0.8421875 0.034375 0.0515625
0 0.24765625 0.39765625 0.02109375 0.025
0 0.2203125 0.41640625 0.01328125 0.01953125
0 0.19609375 0.403125 0.0171875 0.02265625
0 0.378125 0.39140625 0.02265625 0.0171875
0 0.4171875 0.42734375 0.021875 0.03203125
0 0.46484375 0.45234375 0.02890625 0.03515625
0 0.503125 0.42265625 0.01953125 0.02578125
0 0.5359375 0.41875 0.0171875 0.02421875
0 0.5578125 0.42578125 0.021875 0.02109375
0 0.4578125 0.59765625 0.02890625 0.03359375