0 0.0625 0.98359375 0.034375 0.0328125
0 0.0765625 0.9203125 0.04921875 0.06484375
0 0.15703125 0.921875 0.0390625 0.06796875
0 0.13046875 0.8265625 0.046875 0.05234375
0 0.0578125 0.79765625 0.03125 0.04375
0 0.05078125 0.734375 0.01953125 0.0265625
0 0.1140625 0.74296875 0.0296875 0.03046875
0 0.1765625 0.7765625 0.0390625 0.0421875
0 0.19453125 0.821875 0.02265625 0.02421875
0 0.2109375 0.8734375 0.021875 0.034375
0 0.2671875 0.88046875 0.0359375 0.05234375
0 0.196875 0.725 0.0265625 0.03203125
0 0.22109375 0.70078125 0.02265625 0.0234375
0 0.18515625 0.6609375 0.02265625 0.034375
0 0.17109375 0.65 0.0234375 0.02890625
0 0.11953125 0.678125 0.01875 0.02578125
0 0.1390625 0.49609375 0.02265625 0.02421875
0 0.25 0.5484375 0.021875 0.0296875
0 0.28359375 0.67265625 0.025 0.02265625
0 0.24765625 0.70078125 0.02421875 0.0296875
0 0.35625 0.803125 0.05 0.084375
0 0.41015625 0.91796875 0.04296875 0.05078125
0 0.4359375 0.97734375 0.04375 0.0453125
0 0.4140625 0.7640625 0.03515625 0.04375
0 0.415625 0.80546875 0.021875 0.04609375
0 0.44296875 0.82109375 0.02421875 0.0421875
0 0.50546875 0.81171875 0.03046875 0.0453125
0 0.45625 0.71171875 0.02578125 0.03671875
0 0.42109375 0.640625 0.0234375 0.028125
0 0.34453125 0.6375 0.02421875 0.0265625
0 0.30546875 0.62421875 0.02109375 0.03125
0 0.25625 0.62890625 0.0171875 0.02734375
0 0.26953125 0.60546875 0.025 0.034375
0 0.32578125 0.58203125 0.01875 0.025
0 0.34296875 0.60546875 0.03046875 0.03125
0 0.38203125 0.6140625 0.02578125 0.02890625
0 0.40078125 0.64453125 0.01953125 0.028125
0 0.3640625 0.5765625 0.02109375 0.02265625
0 0.3625 0.70390625 0.025 0.02890625
0 0.57265625 0.83671875 0.034375 0.046875
0 0.60390625 0.85390625 0.02890625 0.05390625
0 0.6 0.95 0.04140625 0.06640625
0 0.56875 0.9671875 0.02578125 0.0390625
0 0.65078125 0.95546875 0.02890625 0.04609375
0 0.64765625 0.92265625 0.0234375 0.025
0 0.68984375 0.98046875 0.034375 0.03828125
0 0.73828125 0.9765625 0.03671875 0.046875
0 0.78828125 0.8890625 0.0421875 0.04375
0 0.728125 0.81171875 0.0296875 0.03671875
0 0.72578125 0.76953125 0.028125 0.03359375
0 0.671875 0.753125 0.02578125 0.04375
0 0.7 0.72578125 0.03671875 0.0453125
0 0.6515625 0.66171875 0.02890625 0.0296875
0 0.60234375 0.70546875 0.0296875 0.03828125
0 0.565625 0.7 0.0265625 0.03359375
0 0.56875 0.6421875 0.02578125 0.0359375
0 0.59765625 0.65 0.02265625 0.028125
0 0.64140625 0.61171875 0.01796875 0.01953125
0 0.57109375 0.584375 0.028125 0.03046875
0 0.5296875 0.58671875 0.0265625 0.0296875
0 0.50625 0.64296875 0.0234375 0.03125
0 0.46640625 0.6828125 0.02109375 0.025
0 0.46484375 0.6203125 0.0203125 0.02265625
0 0.46484375 0.5796875 0.02265625 0.0296875
0 0.4296875 0.59296875 0.0265625 0.02734375
0 0.42265625 0.4515625 0.01796875 0.02421875
0 0.51953125 0.48828125 0.0171875 0.021875
0 0.61484375 0.51953125 0.02890625 0.03203125
0 0.65546875 0.571875 0.025 0.03046875
0 0.68203125 0.50234375 0.02421875 0.0234375
0 0.69453125 0.5890625 0.02265625 0.0296875
0 0.57265625 0.784375 0.02734375 0.028125
0 0.765625 0.73125 0.02578125 0.0390625
0 0.75234375 0.68515625 0.03046875 0.0359375
0 0.84375 0.94453125 0.04140625 0.0390625
0 0.95546875 0.93203125 0.0375 0.04609375
0 0.946875 0.87890625 0.0375 0.0421875
0 0.90859375 0.84140625 0.04453125 0.065625
0 0.86875 0.81171875 0.0296875 0.04296875
0 0.85 0.86796875 0.02734375 0.0390625
0 0.8640625 0.6953125 0.02734375 0.0296875
0 0.89375 0.690625 0.034375 0.034375
0 0.93984375 0.74609375 0.0359375 0.046875
0 0.9796875 0.740625 0.03515625 0.0390625
0 0.94609375 0.615625 0.04453125 0.03515625
0 0.79921875 0.61640625 0.0265625 0.02734375
0 0.75234375 0.62890625 0.0390625 0.034375
0 0.790625 0.6640625 0.028125 0.0296875
0 0.7125 0.62109375 0.02421875 0.02421875
0 0.5890625 0.52734375 0.0234375 0.021875
0 0.6078125 0.5578125 0.0171875 0.025
0 0.54921875 0.465625 0.0265625 0.025
0 0.5640625 0.5078125 0.02421875 0.021875
0 0.81015625 0.76015625 0.0390625 0.03828125
0 0.87734375 0.55859375 0.028125 0.02421875
0 0.875 0.6140625 0.025 0.0265625
0 0.77265625 0.47578125 0.025 0.025
0 0.75078125 0.49609375 0.0265625 0.025
0 0.6015625 0.409375 0.0203125 0.028125
0 0.39140625 0.5828125 0.02421875 0.025
0 0.45546875 0.4953125 0.021875 0.02734375
0 0.3015625 0.575 0.01640625 0.021875
0 0.584375 0.48125 0.02265625 0.025
0 0.43671875 0.55546875 0.02265625 0.02890625
0 0.38671875 0.52734375 0.0234375 0.02890625
0 0.403125 0.47578125 0.02578125 0.02578125
0 0.41875 0.48984375 0.01953125 0.01953125