0 0.103125 0.96015625 0.0359375 0.046875
0 0.11484375 0.89375 0.04140625 0.05859375
0 0.1921875 0.83203125 0.03828125 0.04609375
0 0.22734375 0.8765625 0.046875 0.05078125
0 0.2671875 0.9203125 0.04609375 0.05859375
0 0.37578125 0.93828125 0.04140625 0.0421875
0 0.234375 0.7734375 0.04140625 0.0515625
0 0.2046875 0.74140625 0.02578125 0.03671875
0 0.08515625 0.7109375 0.03046875 0.0390625
0 0.2859375 0.81875 0.0421875 0.04140625
0 0.36015625 0.78203125 0.0390625 0.04921875
0 0.30390625 0.75859375 0.03125 0.03984375
0 0.415625 0.74765625 0.04375 0.03984375
0 0.45234375 0.8265625 0.040625 0.03984375
0 0.41015625 0.890625 0.028125 0.02734375
0 0.5203125 0.96484375 0.034375 0.04609375
0 0.6125 0.96953125 0.0515625 0.0546875
0 0.66796875 0.9734375 0.03359375 0.04296875
0 0.70546875 0.9015625 0.03828125 0.03984375
0 0.71953125 0.984375 0.0421875 0.02890625
0 0.79453125 0.97265625 0.04921875 0.05390625
0 0.87109375 0.965625 0.05390625 0.0640625
0 0.97109375 0.95390625 0.05234375 0.0625
0 0.909375 0.784375 0.0484375 0.0515625
0 0.77734375 0.7484375 0.04375 0.04140625
0 0.75390625 0.87890625 0.04296875 0.07578125
0 0.75 0.82421875 0.03984375 0.03828125
0 0.6921875 0.67890625 0.03046875 0.03671875
0 0.65078125 0.7359375 0.0421875 0.0390625
0 0.56796875 0.82890625 0.034375 0.05078125
0 0.52890625 0.821875 0.04140625 0.05
0 0.50546875 0.7703125 0.03203125 0.0375
0 0.47109375 0.7296875 0.02890625 0.04296875
0 0.41171875 0.65703125 0.04296875 0.04296875
0 0.30625 0.7171875 0.0375 0.0421875
0 0.24453125 0.68984375 0.02890625 0.03203125
0 0.27265625 0.65234375 0.0359375 0.03671875
0 0.29609375 0.56171875 0.03515625 0.03359375
0 0.290625 0.51796875 0.025 0.03125
0 0.35390625 0.65078125 0.0328125 0.03359375
0 0.43984375 0.60390625 0.03515625 0.034375
0 0.4859375 0.61015625 0.0203125 0.02578125
0 0.515625 0.64609375 0.0265625 0.040625
0 0.496875 0.55234375 0.03125 0.03046875
0 0.446875 0.55703125 0.028125 0.0234375
0 0.45390625 0.5109375 0.02109375 0.0234375
0 0.6359375 0.52265625 0.02421875 0.03125
0 0.62109375 0.5625 0.0296875 0.0296875
0 0.6578125 0.60625 0.025 0.03203125
0 0.68359375 0.64453125 0.02734375 0.03203125
0 0.71875 0.64375 0.02890625 0.0296875
0 0.728125 0.59140625 0.028125 0.0296875
0 0.7703125 0.61015625 0.02578125 0.0359375
0 0.7890625 0.58671875 0.034375 0.0359375
0 0.8296875 0.60625 0.0265625 0.03046875
0 0.821875 0.728125 0.0296875 0.03125
0 0.89140625 0.6859375 0.03203125 0.0421875
0 0.9203125 0.5828125 0.04140625 0.0296875
0 0.9640625 0.57734375 0.0265625 0.03046875
0 0.828125 0.55546875 0.02109375 0.02421875
0 0.8609375 0.58203125 0.02890625 0.0265625
0 0.8140625 0.5703125 0.02421875 0.0265625
0 0.78828125 0.51953125 0.03046875 0.0234375
0 0.6875 0.47890625 0.025 0.03671875
0 0.659375 0.5109375 0.02421875 0.02734375
0 0.3453125 0.565625 0.034375 0.0265625
0 0.340625 0.51484375 0.02578125 0.02421875
0 0.37421875 0.48125 0.0234375 0.02578125
0 0.18203125 0.62421875 0.0265625 0.0234375
0 0.15 0.60703125 0.021875 0.0234375
0 0.0765625 0.58671875 0.02890625 0.02265625
0 0.21328125 0.51640625 0.0203125 0.02578125
0 0.46171875 0.45703125 0.0171875 0.0265625
0 0.49921875 0.5234375 0.01953125 0.02890625
0 0.7796875 0.703125 0.0375 0.0390625
0 0.16171875 0.5203125 0.021875 0.03203125
0 0.209375 0.45703125 0.034375 0.021875
0 0.31640625 0.453125 0.0234375 0.03125
0 0.26875 0.43984375 0.025 0.02734375
0 0.58984375 0.61171875 0.02890625 0.028125
0 0.2203125 0.66328125 0.02734375 0.03671875
0 0.19296875 0.65078125 0.02578125 0.0234375
0 0.1359375 0.53046875 0.02734375 0.02578125
0 0.58359375 0.46484375 0.01640625 0.025