0 0.34296875 0.9625 0.0984375 0.075
0 0.4328125 0.98125 0.0625 0.0375
0 0.62578125 0.95859375 0.05625 0.0828125
0 0.71171875 0.97265625 0.0640625 0.0546875
0 0.83359375 0.9515625 0.06953125 0.0578125
0 0.71875 0.9078125 0.0578125 0.0765625
0 0.76875 0.9359375 0.065625 0.10859375
0 0.96640625 0.9125 0.0671875 0.09453125
0 0.84609375 0.8484375 0.0484375 0.05859375
0 0.62578125 0.8671875 0.04609375 0.0640625
0 0.48515625 0.9078125 0.0515625 0.075
0 0.5328125 0.87109375 0.05390625 0.06875
0 0.47578125 0.76875 0.05234375 0.05703125
0 0.4171875 0.85390625 0.05703125 0.0734375
0 0.32421875 0.86328125 0.06328125 0.08515625
0 0.24375 0.9359375 0.03515625 0.053125
0 0.19609375 0.84609375 0.0640625 0.07109375
0 0.828125 0.74765625 0.034375 0.05
0 0.78515625 0.75390625 0.04140625 0.0515625
0 0.53671875 0.7234375 0.04453125 0.05
0 0.615625 0.72265625 0.04296875 0.053125
0 0.621875 0.7984375 0.0484375 0.06484375
0 0.49453125 0.65625 0.05078125 0.05703125
0 0.5578125 0.63359375 0.0515625 0.053125
0 0.48515625 0.6015625 0.03125 0.040625
0 0.37265625 0.70078125 0.0390625 0.06015625
0 0.42578125 0.665625 0.0359375 0.0484375
0 0.396875 0.65859375 0.0359375 0.034375
0 0.28125 0.73984375 0.034375 0.05703125
0 0.215625 0.6703125 0.05703125 0.05234375
0 0.1390625 0.73203125 0.053125 0.06328125
0 0.053125 0.8828125 0.0640625 0.06640625
0 0.11171875 0.83515625 0.0578125 0.08203125
0 0.07578125 0.74921875 0.040625 0.06328125
0 0.09453125 0.6546875 0.046875 0.06328125
0 0.29140625 0.68828125 0.0328125 0.03203125
0 0.2921875 0.6515625 0.03515625 0.0484375
0 0.225 0.63515625 0.0296875 0.03046875
0 0.6484375 0.63828125 0.0484375 0.0421875
0 0.6234375 0.57265625 0.03359375 0.04921875
0 0.9859375 0.68828125 0.02734375 0.03046875
0 0.884375 0.69296875 0.0421875 0.0515625
0 0.85625 0.70859375 0.028125 0.028125
0 0.82734375 0.678125 0.040625 0.04296875
0 0.72421875 0.69609375 0.02890625 0.040625
0 0.740625 0.54921875 0.05078125 0.03828125
0 0.690625 0.6 0.053125 0.05703125
0 0.5203125 0.49453125 0.05 0.04765625
0 0.38046875 0.5671875 0.0390625 0.04921875
0 0.315625 0.56875 0.04765625 0.05390625
0 0.32578125 0.60390625 0.0375 0.03359375
0 0.16875 0.61640625 0.02890625 0.03671875
0 0.89140625 0.56484375 0.046875 0.04140625
0 0.8390625 0.54921875 0.046875 0.04921875
0 0.6828125 0.4671875 0.025 0.0265625
0 0.35625 0.48515625 0.04453125 0.03828125
0 0.15625 0.546875 0.0546875 0.02890625
0 0.2703125 0.8109375 0.0390625 0.046875
0 0.31328125 0.78984375 0.0265625 0.03125
0 0.75234375 0.6796875 0.04921875 0.0515625
0 0.76328125 0.6359375 0.03828125 0.04609375
0 0.89921875 0.6234375 0.04140625 0.05546875
0 0.78359375 0.59296875 0.03828125 0.03828125
0 0.6796875 0.55078125 0.0265625 0.03046875
0 0.58359375 0.53671875 0.03671875 0.03984375
0 0.56015625 0.46640625 0.03828125 0.02421875
0 0.496875 0.4390625 0.028125 0.03828125
0 0.64296875 0.48515625 0.03203125 0.0375
0 0.3578125 0.46015625 0.02265625 0.021875
0 0.2546875 0.50859375 0.03203125 0.02890625
0 0.190625 0.50078125 0.02890625 0.03515625
0 0.72421875 0.5015625 0.03359375 0.03671875
0 0.07421875 0.5375 0.04140625 0.03671875
0 0.675 0.88359375 0.04296875 0.053125
0 0.80390625 0.56171875 0.0359375 0.03515625
0 0.77578125 0.54609375 0.03203125 0.0375
0 0.46015625 0.53046875 0.03125 0.03125
0 0.32578125 0.52109375 0.040625 0.0421875
0 0.40859375 0.54140625 0.02265625 0.02890625
0 0.58359375 0.8859375 0.05078125 0.08828125
0 0.52578125 0.6015625 0.0265625 0.02578125
0 0.4078125 0.6109375 0.02734375 0.02265625
0 0.2015625 0.5609375 0.0234375 0.0234375
0 0.4015625 0.44609375 0.01875 0.02890625
0 0.13515625 0.571875 0.02109375 0.034375
0 0.96640625 0.69296875 0.05234375 0.05546875
0 0.32265625 0.9296875 0.0328125 0.053125
0 0.70390625 0.63203125 0.02578125 0.03671875
0 0.81875 0.60078125 0.0265625 0.03125
0 0.7 0.4953125 0.03671875 0.0375
0 0.56875 0.4875 0.0171875 0.0265625
0 0.28515625 0.471875 0.03203125 0.03046875
0 0.15234375 0.50546875 0.034375 0.03203125
0 0.22265625 0.5359375 0.0265625 0.03203125
0 0.72578125 0.58359375 0.03046875 0.028125
0 0.69453125 0.4265625 0.02578125 0.02421875
0 0.66640625 0.42734375 0.025 0.03046875
0 0.578125 0.4359375 0.03359375 0.0296875
0 0.5390625 0.39921875 0.02421875 0.021875
0 0.52421875 0.40390625 0.0171875 0.021875
0 0.184375 0.459375 0.0265625 0.02265625
0 0.20703125 0.46171875 0.0203125 0.0265625
0 0.58671875 0.4921875 0.0265625 0.025
0 0.57890625 0.4125 0.03203125 0.025
0 0.09765625 0.578125 0.02578125 0.02265625
0 0.1015625 0.54765625 0.028125 0.025
0 0.79765625 0.721875 0.03125 0.06015625
0 0.9640625 0.6125 0.05078125 0.04765625
0 0.4671875 0.40390625 0.0296875 0.0171875
0 0.4234375 0.42734375 0.028125 0.01875
0 0.38828125 0.396875 0.0265625 0.0296875
0 0.2734375 0.4421875 0.025 0.02578125
0 0.4546875 0.58203125 0.03203125 0.034375