0 0.05078125 0.9625 0.05 0.06328125
0 0.03203125 0.91953125 0.03515625 0.0515625
0 0.0828125 0.87578125 0.0375 0.05234375
0 0.02890625 0.7625 0.046875 0.0453125
0 0.146875 0.7734375 0.034375 0.0390625
0 0.17734375 0.83984375 0.04609375 0.053125
0 0.22421875 0.92734375 0.025 0.0421875
0 0.09609375 0.7328125 0.03125 0.0296875
0 0.06796875 0.6421875 0.02734375 0.03203125
0 0.046875 0.56484375 0.0296875 0.03359375
0 0.09296875 0.53125 0.02421875 0.0234375
0 0.05 0.52109375 0.02890625 0.028125
0 0.22734375 0.83125 0.03515625 0.03828125
0 0.25703125 0.85859375 0.0375 0.05703125
0 0.2828125 0.728125 0.0359375 0.0390625
0 0.2859375 0.81796875 0.025 0.03828125
0 0.3171875 0.9609375 0.0359375 0.05078125
0 0.36796875 0.9484375 0.0484375 0.05703125
0 0.3625 0.8640625 0.046875 0.05546875
0 0.43046875 0.89765625 0.03046875 0.04296875
0 0.4515625 0.94375 0.02890625 0.04609375
0 0.34609375 0.7609375 0.0296875 0.0375
0 0.38671875 0.73359375 0.028125 0.04609375
0 0.35 0.6953125 0.02734375 0.03515625
0 0.315625 0.66875 0.03515625 0.03671875
0 0.2359375 0.67734375 0.01875 0.025
0 0.15703125 0.67578125 0.02578125 0.0296875
0 0.0953125 0.68828125 0.04453125 0.03828125
0 0.1671875 0.575 0.02265625 0.0359375
0 0.22890625 0.62109375 0.02578125 0.025
0 0.1359375 0.5421875 0.02890625 0.0265625
0 0.16328125 0.45703125 0.01953125 0.028125
0 0.12578125 0.50859375 0.02265625 0.03125
0 0.215625 0.5375 0.02578125 0.02734375
0 0.21171875 0.503125 0.02265625 0.02734375
0 0.26171875 0.42578125 0.0203125 0.02109375
0 0.24765625 0.53125 0.0234375 0.0234375
0 0.25625 0.51015625 0.02890625 0.028125
0 0.29609375 0.60390625 0.028125 0.034375
0 0.34375 0.61953125 0.0265625 0.03125
0 0.36015625 0.65078125 0.0359375 0.03828125
0 0.55 0.9296875 0.0359375 0.05078125
0 0.6375 0.946875 0.03046875 0.05234375
0 0.68515625 0.91171875 0.03984375 0.06171875
0 0.76875 0.9765625 0.040625 0.0390625
0 0.76875 0.91328125 0.03828125 0.04375
0 0.7125 0.83515625 0.03984375 0.0609375
0 0.675 0.75078125 0.03828125 0.046875
0 0.59765625 0.7421875 0.025 0.03125
0 0.6109375 0.76640625 0.02734375 0.03359375
0 0.52734375 0.68046875 0.03046875 0.03359375
0 0.53984375 0.7375 0.0296875 0.0359375
0 0.48515625 0.79375 0.03203125 0.05703125
0 0.44765625 0.7796875 0.03515625 0.0421875
0 0.446875 0.70625 0.034375 0.0453125
0 0.490625 0.73515625 0.025 0.0328125
0 0.48359375 0.69375 0.02265625 0.0375
0 0.415625 0.6640625 0.0234375 0.03828125
0 0.43828125 0.51796875 0.01953125 0.02265625
0 0.44609375 0.484375 0.02421875 0.02578125
0 0.40859375 0.5671875 0.01796875 0.03046875
0 0.46015625 0.6125 0.02734375 0.0375
0 0.49375 0.63125 0.03046875 0.028125
0 0.503125 0.58828125 0.01796875 0.0265625
0 0.5265625 0.58203125 0.01875 0.02109375
0 0.51796875 0.44609375 0.02265625 0.01875
0 0.53359375 0.496875 0.021875 0.025
0 0.5359375 0.471875 0.02421875 0.0203125
0 0.603125 0.46875 0.0296875 0.0234375
0 0.60625 0.5609375 0.025 0.02890625
0 0.3765625 0.4640625 0.01953125 0.021875
0 0.3 0.421875 0.01640625 0.01796875
0 0.38046875 0.33046875 0.01875 0.02265625
0 0.403125 0.4078125 0.01953125 0.01953125
0 0.421875 0.42578125 0.0203125 0.0234375
0 0.5765625 0.4859375 0.025 0.028125
0 0.63515625 0.55625 0.02421875 0.02734375
0 0.6671875 0.56953125 0.0296875 0.03125
0 0.68203125 0.58984375 0.01328125 0.02578125
0 0.73125 0.6625 0.0390625 0.03359375
0 0.7203125 0.62109375 0.02734375 0.0328125
0 0.75 0.5828125 0.0203125 0.03125
0 0.7328125 0.72578125 0.025 0.0375
0 0.75859375 0.7671875 0.03125 0.04140625
0 0.775 0.82265625 0.0390625 0.04765625
0 0.81015625 0.9703125 0.028125 0.04296875
0 0.8125 0.809375 0.03046875 0.04609375
0 0.78671875 0.71953125 0.02734375 0.03984375
0 0.825 0.76015625 0.02734375 0.034375
0 0.86015625 0.93203125 0.0375 0.0546875
0 0.80703125 0.69375 0.0390625 0.03828125
0 0.84609375 0.69140625 0.025 0.03046875
0 0.93046875 0.82578125 0.04140625 0.04296875
0 0.925 0.91015625 0.0609375 0.06328125
0 0.92265625 0.978125 0.0390625 0.04375
0 0.97890625 0.9703125 0.0359375 0.05625
0 0.9640625 0.77578125 0.0515625 0.04765625
0 0.9546875 0.73359375 0.046875 0.03359375
0 0.8921875 0.6953125 0.0359375 0.053125
0 0.92265625 0.72578125 0.0171875 0.02265625
0 0.97421875 0.6921875 0.040625 0.03359375
0 0.9 0.63125 0.03046875 0.0359375
0 0.94296875 0.62265625 0.02890625 0.03671875
0 0.9796875 0.58984375 0.02734375 0.034375
0 0.89453125 0.5859375 0.028125 0.0265625
0 0.83359375 0.575 0.034375 0.0328125
0 0.87734375 0.546875 0.021875 0.02265625
0 0.7359375 0.4953125 0.028125 0.025
0 0.6890625 0.50078125 0.03046875 0.025
0 0.709375 0.5296875 0.0296875 0.02421875
0 0.65703125 0.50625 0.0234375 0.02890625
0 0.66015625 0.47265625 0.0234375 0.01875
0 0.68125 0.43984375 0.0171875 0.0265625
0 0.734375 0.465625 0.01953125 0.025
0 0.81875 0.4515625 0.01875 0.0203125
0 0.771875 0.4359375 0.0265625 0.01953125
0 0.47578125 0.43203125 0.01953125 0.02109375
0 0.2765625 0.5421875 0.02578125 0.0328125