0 0.0703125 0.890625 0.0453125 0.0484375
0 0.0265625 0.86171875 0.03984375 0.0640625
0 0.08125 0.80234375 0.04453125 0.06875
0 0.0578125 0.7484375 0.034375 0.0578125
0 0.12578125 0.72734375 0.046875 0.0578125
0 0.1625 0.82421875 0.0453125 0.0671875
0 0.22421875 0.80078125 0.03984375 0.05078125
0 0.22578125 0.859375 0.03671875 0.04140625
0 0.25546875 0.90703125 0.02265625 0.040625
0 0.3203125 0.90703125 0.0421875 0.06171875
0 0.39453125 0.93125 0.0359375 0.05234375
0 0.46640625 0.975 0.05078125 0.05
0 0.46796875 0.8875 0.04296875 0.07578125
0 0.3890625 0.85078125 0.046875 0.0640625
0 0.3609375 0.7890625 0.0390625 0.04296875
0 0.3515625 0.74765625 0.0328125 0.0359375
0 0.36640625 0.70859375 0.04453125 0.05625
0 0.29375 0.81796875 0.028125 0.06171875
0 0.25390625 0.78828125 0.02109375 0.04296875
0 0.19453125 0.76640625 0.03203125 0.0484375
0 0.17734375 0.728125 0.025 0.0375
0 0.20625 0.6765625 0.0234375 0.04453125
0 0.24921875 0.69375 0.0359375 0.04140625
0 0.27734375 0.68359375 0.0296875 0.0296875
0 0.29140625 0.6390625 0.0484375 0.03125
0 0.34921875 0.65078125 0.0265625 0.0328125
0 0.38828125 0.6296875 0.0203125 0.03515625
0 0.44140625 0.63359375 0.03125 0.04375
0 0.44453125 0.7140625 0.028125 0.03359375
0 0.46015625 0.6859375 0.0328125 0.0375
0 0.44453125 0.76796875 0.028125 0.0359375
0 0.49453125 0.74140625 0.0125 0.03515625
0 0.5140625 0.72265625 0.028125 0.04453125
0 0.490625 0.7 0.02265625 0.0328125
0 0.5203125 0.8296875 0.0265625 0.06796875
0 0.54375 0.8796875 0.034375 0.05390625
0 0.62421875 0.8671875 0.0359375 0.04453125
0 0.6359375 0.9546875 0.03984375 0.0765625
0 0.6046875 0.75625 0.0328125 0.05390625
0 0.62109375 0.72421875 0.04296875 0.0515625
0 0.59375 0.665625 0.03046875 0.03671875
0 0.60703125 0.590625 0.025 0.03203125
0 0.6375 0.63203125 0.025 0.04296875
0 0.6375 0.596875 0.028125 0.0546875
0 0.05859375 0.66875 0.03359375 0.03671875
0 0.12578125 0.67265625 0.02890625 0.03828125
0 0.1578125 0.64296875 0.03671875 0.0453125
0 0.15078125 0.61875 0.03671875 0.0265625
0 0.13984375 0.58046875 0.02421875 0.03359375
0 0.16796875 0.565625 0.0375 0.03828125
0 0.20625 0.53125 0.02578125 0.034375
0 0.2609375 0.56328125 0.02890625 0.03359375
0 0.2625 0.6 0.03984375 0.03125
0 0.30625 0.56640625 0.04140625 0.0328125
0 0.32890625 0.53046875 0.034375 0.03515625
0 0.38046875 0.6 0.02734375 0.0375
0 0.05703125 0.61875 0.0296875 0.03828125
0 0.103125 0.60859375 0.0375 0.0390625
0 0.103125 0.56640625 0.03671875 0.03125
0 0.17890625 0.53203125 0.01796875 0.02109375
0 0.20546875 0.47109375 0.01953125 0.03046875
0 0.2296875 0.48203125 0.02109375 0.0296875
0 0.26171875 0.4609375 0.02734375 0.02578125
0 0.0390625 0.575 0.03203125 0.0328125
0 0.01953125 0.63984375 0.03515625 0.0390625
0 0.50859375 0.5421875 0.0234375 0.02890625
0 0.54140625 0.5640625 0.02421875 0.028125
0 0.465625 0.5671875 0.0234375 0.025
0 0.55546875 0.65390625 0.02578125 0.02578125
0 0.5484375 0.74140625 0.02109375 0.04921875
0 0.44765625 0.50859375 0.02578125 0.03203125
0 0.47578125 0.50078125 0.0234375 0.04296875
0 0.5046875 0.50390625 0.028125 0.04296875
0 0.546875 0.50703125 0.02109375 0.03515625
0 0.534375 0.4703125 0.02734375 0.03203125
0 0.58125 0.5 0.02421875 0.03203125
0 0.6046875 0.50234375 0.03203125 0.02734375
0 0.59140625 0.55546875 0.0234375 0.02734375
0 0.66328125 0.53828125 0.0328125 0.028125
0 0.6359375 0.4859375 0.02734375 0.0453125
0 0.4046875 0.45546875 0.01875 0.0328125
0 0.34140625 0.4328125 0.02109375 0.02734375
0 0.30703125 0.44453125 0.0296875 0.03359375
0 0.228125 0.44609375 0.02890625 0.034375
0 0.58203125 0.97578125 0.0453125 0.0484375
0 0.6859375 0.8953125 0.03515625 0.05390625
0 0.73984375 0.965625 0.03515625 0.0625
0 0.7953125 0.89375 0.03515625 0.0484375
0 0.7984375 0.8328125 0.028125 0.04453125
0 0.74140625 0.81328125 0.04921875 0.06484375
0 0.728125 0.72734375 0.025 0.053125
0 0.7609375 0.7578125 0.0203125 0.0421875
0 0.68359375 0.73203125 0.0359375 0.059375
0 0.63515625 0.68046875 0.025 0.03515625
0 0.67578125 0.61640625 0.0453125 0.0515625
0 0.72265625 0.64921875 0.03515625 0.04296875
0 0.70078125 0.68203125 0.03359375 0.03359375
0 0.7359375 0.68828125 0.0375 0.04453125
0 0.80078125 0.69296875 0.01953125 0.03046875
0 0.803125 0.74765625 0.02421875 0.02890625
0 0.83515625 0.80078125 0.03203125 0.05390625
0 0.8640625 0.840625 0.0265625 0.0375
0 0.89140625 0.90234375 0.034375 0.0625
0 0.84375 0.76328125 0.0296875 0.04765625
0 0.840625 0.66953125 0.0359375 0.05078125
0 0.878125 0.6828125 0.0390625 0.0515625
0 0.884375 0.7296875 0.034375 0.03203125
0 0.92109375 0.7734375 0.04609375 0.0515625
0 0.91328125 0.8328125 0.03984375 0.05625
0 0.77734375 0.63828125 0.02578125 0.02734375
0 0.73828125 0.56171875 0.02890625 0.04140625
0 0.7265625 0.5234375 0.025 0.0234375
0 0.715625 0.5 0.02578125 0.03203125
0 0.68125 0.49296875 0.02734375 0.03359375
0 0.81640625 0.55546875 0.0296875 0.02421875
0 0.84375 0.58828125 0.0328125 0.0390625
0 0.8453125 0.5484375 0.028125 0.0265625
0 0.9421875 0.92578125 0.040625 0.0625
0 0.934375 0.8828125 0.03359375 0.03984375
0 0.98046875 0.809375 0.0375 0.05234375
0 0.92890625 0.690625 0.0296875 0.03203125
0 0.9796875 0.6703125 0.03984375 0.04921875
0 0.91484375 0.63046875 0.02890625 0.03828125
0 0.765625 0.54453125 0.0296875 0.03203125
0 0.73046875 0.4484375 0.025 0.03125
0 0.225 0.565625 0.03046875 0.028125