0 0.4515625 0.675 0.021875 0.03125
0 0.57890625 0.92734375 0.0359375 0.03671875
0 0.2234375 0.73359375 0.02890625 0.02890625
0 0.5921875 0.715625 0.025 0.028125
0 0.43203125 0.8 0.0328125 0.0390625
0 0.6265625 0.72109375 0.03359375 0.0359375
0 0.4828125 0.56171875 0.02265625 0.02578125
0 0.9796875 0.95078125 0.040625 0.05546875
0 0.31484375 0.68125 0.0265625 0.02890625
0 0.3578125 0.92734375 0.0359375 0.04765625
0 0.215625 0.91796875 0.046875 0.08203125
0 0.5234375 0.76171875 0.03359375 0.0375
0 0.621875 0.78515625 0.0328125 0.03984375
0 0.62890625 0.8359375 0.02890625 0.03984375
0 0.46796875 0.8109375 0.02890625 0.0375
0 0.16015625 0.7734375 0.02890625 0.03046875
0 0.72109375 0.91953125 0.03203125 0.0515625
0 0.56484375 0.82890625 0.03671875 0.0484375
0 0.06171875 0.83828125 0.034375 0.03671875
0 0.84921875 0.68203125 0.02890625 0.0375
0 0.82109375 0.70078125 0.03359375 0.03515625
0 0.965625 0.8703125 0.0421875 0.05234375
0 0.42421875 0.953125 0.03515625 0.04375
0 0.76171875 0.7828125 0.03359375 0.03984375
0 0.71328125 0.65625 0.02578125 0.02578125
0 0.79375 0.84609375 0.03515625 0.0515625
0 0.88359375 0.925 0.03046875 0.04140625
0 0.95625 0.734375 0.0375 0.03984375
0 0.871875 0.98046875 0.03515625 0.0390625
0 0.50703125 0.60703125 0.0265625 0.03046875
0 0.8703125 0.8609375 0.0421875 0.04765625
0 0.75703125 0.9546875 0.034375 0.05546875
0 0.7640625 0.6421875 0.0234375 0.025
0 0.87734375 0.828125 0.0328125 0.03671875
0 0.54296875 0.659375 0.02578125 0.034375
0 0.73125 0.878125 0.0328125 0.040625
0 0.27734375 0.6734375 0.025 0.0265625
0 0.8984375 0.7765625 0.0328125 0.03984375
0 0.43046875 0.8953125 0.028125 0.03359375
0 0.14375 0.634375 0.02421875 0.03046875
0 0.4453125 0.73828125 0.02734375 0.0359375
0 0.58125 0.8765625 0.03359375 0.03671875
0 0.18515625 0.72109375 0.021875 0.0296875
0 0.38203125 0.73828125 0.0265625 0.03671875
0 0.0234375 0.896875 0.0421875 0.04609375
0 0.67734375 0.70390625 0.0265625 0.0296875
0 0.4515625 0.96953125 0.03125 0.05234375
0 0.6671875 0.8703125 0.03359375 0.04296875
0 0.67109375 0.553125 0.02578125 0.0265625
0 0.23203125 0.80625 0.025 0.03359375
0 0.6609375 0.76015625 0.034375 0.0328125
0 0.27734375 0.8765625 0.0328125 0.04765625
0 0.7296875 0.790625 0.02890625 0.034375
0 0.334375 0.76171875 0.025 0.028125
0 0.834375 0.84140625 0.02890625 0.04140625
0 0.4109375 0.678125 0.0265625 0.0328125
0 0.91640625 0.7546875 0.03359375 0.03828125
0 0.2625 0.7109375 0.02421875 0.02890625
0 0.53515625 0.8625 0.03046875 0.0515625
0 0.57734375 0.6796875 0.02421875 0.03125
0 0.64921875 0.5765625 0.021875 0.0265625
0 0.57734375 0.5828125 0.02421875 0.025
0 0.43359375 0.6125 0.02890625 0.02734375
0 0.32578125 0.81796875 0.03203125 0.03359375
0 0.15390625 0.70625 0.0296875 0.02890625
0 0.825 0.746875 0.028125 0.0359375
0 0.2984375 0.73671875 0.02265625 0.03046875
0 0.784375 0.98203125 0.03671875 0.03515625
0 0.34921875 0.671875 0.0234375 0.0296875
0 0.2515625 0.66796875 0.02265625 0.02734375
0 0.51875 0.70703125 0.02109375 0.0234375
0 0.22734375 0.7 0.03125 0.03203125
0 0.48125 0.61484375 0.021875 0.025
0 0.34296875 0.71640625 0.021875 0.02421875
0 0.09140625 0.80859375 0.0296875 0.0296875
0 0.2703125 0.91328125 0.02421875 0.03671875
0 0.35078125 0.5765625 0.021875 0.02734375
0 0.29296875 0.9359375 0.02734375 0.03671875
0 0.95078125 0.6640625 0.03828125 0.03828125
0 0.33828125 0.7859375 0.0265625 0.0296875
0 0.45 0.5421875 0.0234375 0.0265625
0 0.27734375 0.74140625 0.02265625 0.0296875
0 0.8984375 0.69375 0.02734375 0.034375
0 0.3265625 0.5328125 0.0234375 0.02578125
0 0.6265625 0.61484375 0.01875 0.03203125
0 0.46953125 0.753125 0.025 0.0296875
0 0.325 0.64453125 0.0234375 0.02734375
0 0.2125 0.675 0.02265625 0.028125
0 0.52421875 0.5703125 0.02265625 0.02421875
0 0.053125 0.76953125 0.02734375 0.0328125
0 0.7109375 0.58125 0.025 0.02578125
0 0.51875 0.459375 0.021875 0.021875
0 0.1203125 0.80859375 0.02265625 0.03125
0 0.5875 0.68203125 0.025 0.0328125
0 0.67265625 0.5734375 0.02265625 0.021875
0 0.86484375 0.7234375 0.02734375 0.028125
0 0.54921875 0.5515625 0.01953125 0.0234375
0 0.78984375 0.7640625 0.01953125 0.02890625
0 0.69609375 0.98203125 0.02265625 0.0359375
0 0.5203125 0.53984375 0.021875 0.021875
0 0.634375 0.84296875 0.03046875 0.03984375
0 0.52421875 0.70234375 0.021875 0.02265625
0 0.5109375 0.48046875 0.0234375 0.025
0 0.4171875 0.5703125 0.01953125 0.0234375
0 0.75 0.70625 0.02265625 0.02734375
0 0.58828125 0.5921875 0.02421875 0.02421875
0 0.4546875 0.59375 0.01953125 0.02421875
0 0.3671875 0.7015625 0.0203125 0.02421875
0 0.828125 0.52890625 0.02265625 0.02109375
0 0.6328125 0.6203125 0.01953125 0.0296875
0 0.8171875 0.65390625 0.025 0.02890625
0 0.1015625 0.6140625 0.021875 0.021875
0 0.28203125 0.6125 0.021875 0.025
0 0.84296875 0.6078125 0.0234375 0.02421875
0 0.52109375 0.5796875 0.0234375 0.0234375
0 0.3203125 0.5265625 0.0234375 0.02421875