0 0.5109375 0.6671875 0.04453125 0.0734375
0 0.315625 0.765625 0.0359375 0.05546875
0 0.51171875 0.90859375 0.05703125 0.05859375
0 0.075 0.921875 0.05546875 0.0703125
0 0.109375 0.853125 0.03828125 0.04453125
0 0.43125 0.8390625 0.04296875 0.05859375
0 0.615625 0.8171875 0.04375 0.0609375
0 0.42578125 0.9375 0.0484375 0.06640625
0 0.2390625 0.76171875 0.0421875 0.0546875
0 0.76328125 0.87578125 0.03671875 0.05234375
0 0.190625 0.88515625 0.04140625 0.059375
0 0.62578125 0.94375 0.0484375 0.07109375
0 0.7796875 0.7921875 0.0453125 0.059375
0 0.07890625 0.80546875 0.03359375 0.0421875
0 0.2796875 0.68359375 0.0421875 0.04609375
0 0.77265625 0.7109375 0.02734375 0.04453125
0 0.73515625 0.696875 0.03125 0.040625
0 0.23671875 0.81640625 0.03671875 0.04765625
0 0.93359375 0.8234375 0.0421875 0.04921875
0 0.57734375 0.76640625 0.03515625 0.04609375
0 0.6640625 0.66953125 0.03203125 0.0390625
0 0.7 0.87578125 0.0578125 0.06953125
0 0.31875 0.64140625 0.03359375 0.03359375
0 0.31328125 0.54921875 0.021875 0.02734375
0 0.42578125 0.7328125 0.03515625 0.0484375
0 0.26171875 0.9734375 0.04140625 0.05234375
0 0.09453125 0.69375 0.0375 0.0328125
0 0.64296875 0.525 0.025 0.03203125
0 0.46953125 0.5234375 0.02734375 0.02578125
0 0.7109375 0.57578125 0.028125 0.03671875
0 0.24921875 0.61484375 0.025 0.03125
0 0.71015625 0.93984375 0.03046875 0.040625
0 0.175 0.9421875 0.034375 0.04140625
0 0.31171875 0.91328125 0.03984375 0.04296875
0 0.890625 0.9109375 0.0359375 0.04921875
0 0.8984375 0.67578125 0.03671875 0.03515625
0 0.334375 0.9453125 0.0453125 0.05234375
0 0.56484375 0.6359375 0.0265625 0.03515625
0 0.5078125 0.5046875 0.02265625 0.028125
0 0.70703125 0.525 0.025 0.03125
0 0.7484375 0.57890625 0.02890625 0.0296875
0 0.36484375 0.45078125 0.02109375 0.02734375
0 0.33359375 0.60078125 0.028125 0.02578125
0 0.4828125 0.84453125 0.03125 0.03515625
0 0.7515625 0.8109375 0.03046875 0.0421875
0 0.79296875 0.5453125 0.02890625 0.03359375
0 0.92578125 0.6078125 0.03203125 0.03671875
0 0.384375 0.57734375 0.0203125 0.02890625
0 0.72734375 0.65 0.028125 0.03046875
0 0.4859375 0.47265625 0.0234375 0.02578125
0 0.55390625 0.52578125 0.02265625 0.02890625
0 0.8796875 0.8265625 0.03671875 0.04921875
0 0.12734375 0.72265625 0.0234375 0.028125
0 0.18984375 0.60625 0.0171875 0.0234375
0 0.01875 0.5984375 0.0359375 0.0359375
0 0.9046875 0.56484375 0.034375 0.034375
0 0.51484375 0.475 0.025 0.025
0 0.20234375 0.65859375 0.02578125 0.02890625
0 0.19453125 0.6234375 0.01796875 0.0234375
0 0.83671875 0.79296875 0.03046875 0.04296875
0 0.35078125 0.57578125 0.02421875 0.02578125
0 0.78515625 0.46796875 0.0234375 0.02890625
0 0.73359375 0.5375 0.02109375 0.02890625
0 0.55546875 0.48515625 0.02890625 0.02734375
0 0.56640625 0.665625 0.0234375 0.03203125
0 0.82890625 0.48515625 0.0234375 0.03046875
0 0.46640625 0.4984375 0.02734375 0.02578125
0 0.8265625 0.62421875 0.028125 0.03828125
0 0.36484375 0.72578125 0.02265625 0.0328125
0 0.4140625 0.5546875 0.02734375 0.02578125
0 0.0171875 0.7359375 0.0265625 0.03125
0 0.43046875 0.51171875 0.02265625 0.02890625
0 0.7375 0.4578125 0.03046875 0.021875
0 0.73203125 0.42578125 0.02109375 0.02578125
0 0.01953125 0.66796875 0.0328125 0.0359375
0 0.8515625 0.60078125 0.0375 0.040625
0 0.1390625 0.64375 0.02734375 0.03359375
0 0.81015625 0.97890625 0.046875 0.040625
0 0.94140625 0.54765625 0.034375 0.034375
0 0.66171875 0.378125 0.02265625 0.025
0 0.7 0.48046875 0.02265625 0.02734375
0 0.59140625 0.471875 0.02421875 0.02890625
0 0.4453125 0.48046875 0.02109375 0.025
0 0.49921875 0.5765625 0.0296875 0.0296875
0 0.60390625 0.56015625 0.02109375 0.0265625
0 0.775 0.50234375 0.01875 0.0234375
0 0.6 0.584375 0.03046875 0.03125
0 0.65703125 0.4828125 0.0265625 0.0296875
0 0.66484375 0.978125 0.01796875 0.03515625
0 0.978125 0.63671875 0.0328125 0.03828125
0 0.5359375 0.53203125 0.01875 0.02890625
0 0.84921875 0.5109375 0.025 0.028125
0 0.2453125 0.4125 0.02265625 0.0234375
0 0.125 0.55546875 0.0265625 0.0265625
0 0.8921875 0.52109375 0.034375 0.03203125
0 0.33984375 0.68046875 0.0265625 0.02734375
0 0.37890625 0.51875 0.0140625 0.01953125
0 0.38984375 0.49921875 0.02734375 0.0265625
0 0.059375 0.7328125 0.02734375 0.0375
0 0.5125 0.38671875 0.0234375 0.02421875
0 0.99140625 0.84921875 0.01640625 0.05234375
0 0.109375 0.6375 0.02578125 0.028125
0 0.71171875 0.43125 0.02109375 0.02109375
0 0.53125 0.36796875 0.0203125 0.0234375
0 0.4046875 0.7984375 0.0359375 0.0390625
0 0.70078125 0.3921875 0.021875 0.0234375
0 0.175 0.5828125 0.0203125 0.025
0 0.91484375 0.8765625 0.028125 0.03984375
0 0.27265625 0.415625 0.01953125 0.0234375
0 0.965625 0.740625 0.04921875 0.04296875
0 0.1515625 0.5765625 0.021875 0.02421875
0 0.50390625 0.43046875 0.02109375 0.021875
0 0.94296875 0.509375 0.03046875 0.03046875
0 0.884375 0.63828125 0.034375 0.0328125
0 0.8921875 0.3890625 0.025 0.025
0 0.2203125 0.68671875 0.02578125 0.028125
0 0.1609375 0.68984375 0.01796875 0.02890625
0 0.17109375 0.65625 0.0203125 0.0171875
0 0.334375 0.840625 0.021875 0.02265625
0 0.071875 0.6171875 0.03125 0.028125
0 0.0703125 0.59765625 0.0390625 0.0265625
0 0.11171875 0.59140625 0.01875 0.0203125
0 0.378125 0.653125 0.028125 0.02578125
0 0.6953125 0.78125 0.0234375 0.03359375
0 0.596875 0.6796875 0.028125 0.03359375
0 0.596875 0.54453125 0.021875 0.01875
0 0.80234375 0.65546875 0.0171875 0.0296875
0 0.95546875 0.67734375 0.02421875 0.0328125
0 0.6328125 0.3984375 0.02578125 0.0171875
0 0.56640625 0.403125 0.0265625 0.021875
0 0.5578125 0.45078125 0.02109375 0.021875
0 0.2015625 0.49296875 0.0203125 0.02265625
0 0.2484375 0.56015625 0.01953125 0.02265625
0 0.29140625 0.5390625 0.02109375 0.0171875
0 0.03515625 0.69140625 0.0234375 0.01796875
0 0.59609375 0.5109375 0.01171875 0.0203125
0 0.61171875 0.49765625 0.021875 0.0234375
0 0.84453125 0.88046875 0.05078125 0.04765625
0 0.83515625 0.6796875 0.02421875 0.03359375
0 0.33046875 0.50703125 0.01953125 0.01953125
0 0.31015625 0.484375 0.0203125 0.0171875
0 0.31640625 0.43828125 0.0203125 0.01640625
0 0.09453125 0.49296875 0.0328125 0.02734375
0 0.0859375 0.55703125 0.03203125 0.0234375
0 0.134375 0.4890625 0.02421875 0.0171875
0 0.74765625 0.98125 0.02890625 0.0234375
0 0.415625 0.4296875 0.021875 0.01484375
0 0.403125 0.47421875 0.0125 0.01875
0 0.41875 0.47109375 0.01171875 0.0171875