0 0.19296875 0.9375 0.0296875 0.05234375
0 0.065625 0.9578125 0.0578125 0.07421875
0 0.034375 0.8859375 0.04296875 0.04921875
0 0.07734375 0.87578125 0.034375 0.053125
0 0.11953125 0.95703125 0.04921875 0.05859375
0 0.15078125 0.97734375 0.04921875 0.0453125
0 0.20390625 0.821875 0.03671875 0.04453125
0 0.16015625 0.759375 0.02734375 0.03515625
0 0.15 0.8359375 0.03359375 0.0375
0 0.06484375 0.75390625 0.03359375 0.0390625
0 0.16015625 0.6859375 0.02890625 0.0296875
0 0.24921875 0.7515625 0.046875 0.05
0 0.23671875 0.6703125 0.034375 0.03203125
0 0.10390625 0.63125 0.0203125 0.03125
0 0.075 0.58671875 0.0359375 0.03046875
0 0.071875 0.54921875 0.025 0.0390625
0 0.090625 0.46640625 0.0234375 0.0265625
0 0.11875 0.49140625 0.02109375 0.03046875
0 0.1265625 0.53203125 0.02109375 0.03046875
0 0.13828125 0.54453125 0.01796875 0.025
0 0.1609375 0.54296875 0.02265625 0.0265625
0 0.16015625 0.58671875 0.034375 0.03046875
0 0.19609375 0.58125 0.02578125 0.0203125
0 0.21015625 0.5546875 0.025 0.03203125
0 0.225 0.5953125 0.0265625 0.03203125
0 0.22890625 0.46015625 0.0203125 0.02421875
0 0.25078125 0.5390625 0.021875 0.02890625
0 0.31015625 0.4796875 0.02109375 0.0234375
0 0.26796875 0.453125 0.0171875 0.01875
0 0.3484375 0.528125 0.025 0.02578125
0 0.34453125 0.503125 0.0203125 0.025
0 0.28671875 0.68828125 0.028125 0.040625
0 0.303125 0.728125 0.03359375 0.04609375
0 0.28046875 0.784375 0.03359375 0.03984375
0 0.31953125 0.8328125 0.03515625 0.05078125
0 0.26875 0.86796875 0.03203125 0.04765625
0 0.36484375 0.625 0.01796875 0.03125
0 0.38203125 0.6078125 0.0203125 0.01875
0 0.41796875 0.528125 0.02421875 0.02265625
0 0.40546875 0.57265625 0.02109375 0.02890625
0 0.44921875 0.709375 0.03359375 0.0390625
0 0.41484375 0.68515625 0.0234375 0.046875
0 0.3625 0.7453125 0.02734375 0.04921875
0 0.39453125 0.803125 0.04765625 0.0609375
0 0.3859375 0.8953125 0.04375 0.0546875
0 0.42578125 0.92265625 0.04375 0.0671875
0 0.43828125 0.84453125 0.028125 0.046875
0 0.4390625 0.7875 0.02421875 0.03828125
0 0.48984375 0.771875 0.0296875 0.0390625
0 0.4953125 0.85 0.034375 0.04453125
0 0.575 0.88984375 0.03828125 0.04453125
0 0.56640625 0.84921875 0.0296875 0.0390625
0 0.65703125 0.86875 0.04765625 0.05859375
0 0.68828125 0.96953125 0.0515625 0.0609375
0 0.76953125 0.965625 0.04765625 0.065625
0 0.72578125 0.83671875 0.034375 0.05078125
0 0.75234375 0.8875 0.0328125 0.05078125
0 0.82109375 0.95625 0.03671875 0.05859375
0 0.79296875 0.834375 0.03984375 0.05859375
0 0.83515625 0.89296875 0.03203125 0.04375
0 0.81953125 0.803125 0.04375 0.05234375
0 0.8640625 0.79765625 0.03125 0.040625
0 0.91953125 0.8078125 0.04453125 0.06484375
0 0.959375 0.84609375 0.0203125 0.025
0 0.9703125 0.97578125 0.04921875 0.0484375
0 0.93046875 0.7234375 0.03046875 0.03515625
0 0.928125 0.6625 0.0296875 0.03828125
0 0.959375 0.67421875 0.021875 0.0265625
0 0.98359375 0.7140625 0.0328125 0.040625
0 0.8546875 0.6484375 0.0328125 0.034375
0 0.9046875 0.6140625 0.02421875 0.0296875
0 0.8 0.64140625 0.02421875 0.0265625
0 0.75390625 0.65234375 0.02734375 0.03671875
0 0.75625 0.69140625 0.028125 0.02578125
0 0.7171875 0.7 0.025 0.04140625
0 0.72890625 0.75546875 0.04296875 0.03984375
0 0.7375 0.74140625 0.01640625 0.0203125
0 0.85625 0.6 0.01875 0.0171875
0 0.74375 0.546875 0.028125 0.02578125
0 0.74375 0.51171875 0.01796875 0.02578125
0 0.78828125 0.47890625 0.02421875 0.0265625
0 0.83671875 0.51875 0.01875 0.021875
0 0.84140625 0.49765625 0.01796875 0.02265625
0 0.878125 0.4625 0.0171875 0.0234375
0 0.8953125 0.43125 0.0234375 0.02109375
0 0.90859375 0.52890625 0.02265625 0.02265625
0 0.80703125 0.52421875 0.0203125 0.021875
0 0.70859375 0.5859375 0.03046875 0.03515625
0 0.6859375 0.5546875 0.028125 0.02890625
0 0.6515625 0.56171875 0.02890625 0.034375
0 0.625 0.621875 0.02890625 0.03828125
0 0.66171875 0.6359375 0.03359375 0.0296875
0 0.67421875 0.6609375 0.01875 0.02421875
0 0.6828125 0.4796875 0.02421875 0.02578125
0 0.75078125 0.37109375 0.0171875 0.021875
0 0.590625 0.5171875 0.03046875 0.028125
0 0.56328125 0.5359375 0.0234375 0.02578125
0 0.5859375 0.63125 0.0265625 0.02890625
0 0.62265625 0.53046875 0.01796875 0.0171875
0 0.6921875 0.378125 0.01875 0.01953125
0 0.7640625 0.415625 0.02421875 0.01875
0 0.47578125 0.578125 0.02265625 0.0265625
0 0.471875 0.65703125 0.02265625 0.0265625
0 0.47578125 0.6328125 0.0171875 0.0203125
0 0.4890625 0.6703125 0.015625 0.02734375
0 0.496875 0.64921875 0.0265625 0.025
0 0.46328125 0.521875 0.0140625 0.01875
0 0.50078125 0.4890625 0.02421875 0.01875
0 0.45546875 0.4671875 0.025 0.02578125
0 0.42578125 0.44296875 0.015625 0.02578125
0 0.3796875 0.4390625 0.02265625 0.02265625
0 0.39375 0.46015625 0.0234375 0.02265625
0 0.31015625 0.38125 0.01484375 0.01875
0 0.334375 0.4328125 0.028125 0.01953125
0 0.15390625 0.48515625 0.02109375 0.025
0 0.2703125 0.6296875 0.01484375 0.02109375
0 0.44140625 0.37890625 0.01484375 0.01640625
0 0.51171875 0.41796875 0.01328125 0.0203125
0 0.559375 0.34140625 0.01484375 0.01875
0 0.55234375 0.3203125 0.01640625 0.01796875
0 0.66875 0.4984375 0.01796875 0.021875
0 0.78359375 0.56796875 0.03046875 0.0265625
0 0.91953125 0.559375 0.02890625 0.034375
0 0.9484375 0.58984375 0.02109375 0.028125