0 0.3546875 0.6234375 0.025 0.028125
0 0.93359375 0.7984375 0.0328125 0.03515625
0 0.98359375 0.78671875 0.0328125 0.0390625
0 0.75234375 0.88671875 0.03515625 0.0484375
0 0.7328125 0.771875 0.0265625 0.03828125
0 0.7984375 0.81015625 0.03125 0.03515625
0 0.8578125 0.7734375 0.02890625 0.0265625
0 0.14375 0.9546875 0.03671875 0.04765625
0 0.78515625 0.946875 0.03359375 0.05546875
0 0.23984375 0.82421875 0.03203125 0.0390625
0 0.38046875 0.590625 0.02265625 0.0234375
0 0.5484375 0.675 0.02734375 0.0265625
0 0.7734375 0.75234375 0.03125 0.0328125
0 0.5390625 0.81796875 0.02734375 0.03125
0 0.88125 0.60703125 0.02421875 0.02734375
0 0.56171875 0.60078125 0.02265625 0.0265625
0 0.53203125 0.9765625 0.03671875 0.04609375
0 0.4328125 0.809375 0.03515625 0.0421875
0 0.415625 0.7359375 0.02421875 0.025
0 0.3640625 0.8515625 0.03671875 0.04765625
0 0.5234375 0.903125 0.0296875 0.04140625
0 0.75078125 0.96796875 0.03828125 0.0515625
0 0.70859375 0.79453125 0.028125 0.0328125
0 0.43046875 0.60234375 0.0234375 0.02265625
0 0.20234375 0.7609375 0.02890625 0.03671875
0 0.5 0.59609375 0.02109375 0.02421875
0 0.83515625 0.82421875 0.03125 0.040625
0 0.4078125 0.703125 0.02265625 0.03125
0 0.43046875 0.86015625 0.028125 0.0375
0 0.01015625 0.746875 0.0203125 0.0328125
0 0.33984375 0.78125 0.03359375 0.0359375
0 0.76171875 0.5765625 0.021875 0.021875
0 0.65 0.71953125 0.0296875 0.03515625
0 0.60390625 0.659375 0.025 0.025
0 0.85546875 0.6140625 0.0203125 0.02578125
0 0.16875 0.6640625 0.0234375 0.0265625
0 0.4703125 0.63203125 0.0171875 0.03203125
0 0.6765625 0.85 0.02421875 0.03359375
0 0.8828125 0.559375 0.02421875 0.0265625
0 0.50390625 0.72890625 0.02421875 0.02734375
0 0.83125 0.721875 0.028125 0.0328125
0 0.3625 0.953125 0.0359375 0.0390625
0 0.6625 0.94609375 0.02421875 0.040625
0 0.59140625 0.87265625 0.0328125 0.04765625
0 0.3265625 0.63125 0.021875 0.025
0 0.4765625 0.78046875 0.03203125 0.03046875
0 0.56953125 0.809375 0.03203125 0.03359375
0 0.40390625 0.56796875 0.01796875 0.028125
0 0.26796875 0.76015625 0.0265625 0.03203125
0 0.62890625 0.8640625 0.02734375 0.03671875
0 0.3765625 0.89921875 0.03203125 0.0359375
0 0.1546875 0.78359375 0.028125 0.028125
0 0.115625 0.696875 0.025 0.02578125
0 0.328125 0.884375 0.02890625 0.046875
0 0.37734375 0.6796875 0.0234375 0.02890625
0 0.15234375 0.81328125 0.028125 0.0265625
0 0.78046875 0.67734375 0.02578125 0.0296875
0 0.04765625 0.7625 0.03125 0.03203125
0 0.3359375 0.578125 0.025 0.02578125
0 0.45703125 0.89375 0.03203125 0.03984375
0 0.2046875 0.978125 0.0390625 0.04296875
0 0.28671875 0.69609375 0.02109375 0.03203125
0 0.90625 0.55390625 0.0265625 0.02265625
0 0.66328125 0.8859375 0.03203125 0.04375
0 0.065625 0.9078125 0.03671875 0.0453125
0 0.68671875 0.74140625 0.02578125 0.0265625
0 0.24375 0.70234375 0.025 0.03125
0 0.2671875 0.8734375 0.05 0.0515625
0 0.2765625 0.83046875 0.0265625 0.03515625
0 0.6796875 0.7046875 0.0265625 0.03515625
0 0.2890625 0.77265625 0.0234375 0.03203125
0 0.21796875 0.92109375 0.0234375 0.0328125
0 0.1859375 0.69375 0.0234375 0.03046875
0 0.12421875 0.76171875 0.02578125 0.03046875
0 0.6421875 0.76953125 0.02734375 0.03515625
0 0.45 0.74140625 0.034375 0.034375
0 0.50234375 0.94453125 0.0265625 0.0453125
0 0.79296875 0.6296875 0.0171875 0.02109375
0 0.346875 0.725 0.01875 0.02109375
0 0.13125 0.83984375 0.034375 0.03515625
0 0.5296875 0.56796875 0.02421875 0.02578125
0 0.15234375 0.70546875 0.0265625 0.03046875
0 0.28046875 0.6296875 0.0265625 0.028125
0 0.52890625 0.59140625 0.021875 0.021875
0 0.9515625 0.54765625 0.03125 0.02265625
0 0.85390625 0.95234375 0.0296875 0.03984375
0 0.8078125 0.54453125 0.025 0.0265625
0 0.3953125 0.478125 0.021875 0.0203125
0 0.9125 0.61796875 0.025 0.021875
0 0.828125 0.98515625 0.028125 0.0296875
0 0.059375 0.721875 0.03359375 0.034375
0 0.65390625 0.6703125 0.0234375 0.0296875
0 0.5765625 0.72734375 0.021875 0.025
0 0.57890625 0.50078125 0.01796875 0.01953125
0 0.37578125 0.515625 0.01796875 0.02734375
0 0.38125 0.49921875 0.021875 0.02109375
0 0.765625 0.5296875 0.02421875 0.02109375
0 0.0921875 0.6921875 0.0234375 0.0265625
0 0.728125 0.7078125 0.0203125 0.03203125
0 0.2734375 0.58984375 0.021875 0.0234375
0 0.53046875 0.515625 0.01953125 0.028125
0 0.5359375 0.48125 0.015625 0.0171875
0 0.1921875 0.62890625 0.03203125 0.0265625
0 0.2109375 0.59453125 0.01953125 0.025
0 0.77734375 0.63984375 0.01796875 0.02109375
0 0.88359375 0.98359375 0.0421875 0.03203125
0 0.93359375 0.9421875 0.03984375 0.04375
0 0.98125 0.66875 0.02265625 0.0234375
0 0.47890625 0.56328125 0.0171875 0.021875
0 0.553125 0.765625 0.01640625 0.02421875
0 0.41875 0.51484375 0.01953125 0.025
0 0.05390625 0.95 0.03203125 0.03828125
0 0.6453125 0.48125 0.0203125 0.0171875
0 0.0359375 0.8421875 0.0328125 0.03515625
0 0.0984375 0.7640625 0.0328125 0.04765625
0 0.09375 0.73203125 0.02734375 0.028125
0 0.909375 0.7734375 0.01953125 0.02421875
0 0.6328125 0.54296875 0.01953125 0.02265625
0 0.40859375 0.61875 0.01953125 0.02421875
0 0.6078125 0.78515625 0.01875 0.028125
0 0.6203125 0.465625 0.015625 0.01640625
0 0.19296875 0.55 0.02109375 0.02265625
0 0.33203125 0.665625 0.021875 0.025
0 0.17109375 0.73515625 0.0171875 0.02265625
0 0.2296875 0.9875 0.02734375 0.025
0 0.07421875 0.96953125 0.0296875 0.0375
0 0.15078125 0.603125 0.0234375 0.02734375
0 0.6140625 0.62578125 0.01796875 0.02109375
0 0.32578125 0.51796875 0.02109375 0.02265625
0 0.178125 0.503125 0.0203125 0.0234375
0 0.63984375 0.9921875 0.03203125 0.015625
0 0.546875 0.503125 0.0171875 0.01875
0 0.309375 0.60625 0.01875 0.021875
0 0.246875 0.53984375 0.03203125 0.03359375
0 0.25859375 0.4953125 0.01796875 0.021875
0 0.8203125 0.77265625 0.0203125 0.0265625
0 0.19296875 0.72265625 0.021875 0.025
0 0.79765625 0.73359375 0.01953125 0.025
0 0.60703125 0.48515625 0.0171875 0.0171875
0 0.9390625 0.51875 0.01953125 0.01796875
0 0.26171875 0.57421875 0.0171875 0.01953125
0 0.8265625 0.9109375 0.02265625 0.034375
0 0.3796875 0.5546875 0.01875 0.02578125
0 0.225 0.515625 0.03046875 0.03203125
0 0.22578125 0.48984375 0.01875 0.01953125
0 0.74765625 0.66171875 0.01875 0.02734375
0 0.28515625 0.51796875 0.0265625 0.0296875
0 0.29296875 0.48203125 0.01796875 0.021875
0 0.221875 0.6328125 0.021875 0.0328125
0 0.2328125 0.58984375 0.01796875 0.02109375
0 0.44609375 0.51015625 0.01796875 0.02109375
0 0.7734375 0.6171875 0.01640625 0.01953125
0 0.63828125 0.6125 0.01796875 0.0265625
0 0.140625 0.66328125 0.01796875 0.02421875
0 0.5546875 0.553125 0.021875 0.02109375
0 0.34921875 0.6671875 0.015625 0.0234375
0 0.1328125 0.63515625 0.0203125 0.021875
0 0.4984375 0.48671875 0.0171875 0.0171875
0 0.65 0.409375 0.015625 0.01953125
0 0.2234375 0.56953125 0.01640625 0.01953125
0 0.1765625 0.55390625 0.0203125 0.021875
0 0.5578125 0.4859375 0.01640625 0.0171875
0 0.05859375 0.62421875 0.025 0.02421875
0 0.99296875 0.709375 0.0140625 0.0265625
0 0.31484375 0.55703125 0.02109375 0.025
0 0.434375 0.52890625 0.01640625 0.02109375
0 0.621875 0.52109375 0.01640625 0.01796875
0 0.43359375 0.6796875 0.015625 0.02265625
0 0.9328125 0.6328125 0.01953125 0.0171875
0 0.46796875 0.46796875 0.01484375 0.01875
0 0.39296875 0.453125 0.0171875 0.01953125
0 0.27890625 0.6609375 0.0171875 0.0203125
0 0.99375 0.6328125 0.01171875 0.02578125
0 0.4609375 0.5625 0.01640625 0.021875
0 0.7328125 0.6078125 0.01484375 0.01875
0 0.04609375 0.696875 0.02734375 0.02890625
0 0.64765625 0.85078125 0.02265625 0.03203125
0 0.509375 0.78515625 0.01640625 0.02265625
0 0.16953125 0.61640625 0.0171875 0.0203125
0 0.44609375 0.5515625 0.015625 0.021875
0 0.7703125 0.553125 0.01953125 0.01953125
0 0.30234375 0.5015625 0.015625 0.01640625
0 0.05390625 0.66953125 0.02421875 0.025
0 0.16875 0.575 0.0203125 0.02109375
0 0.8734375 0.52734375 0.01875 0.0171875
0 0.11484375 0.615625 0.02109375 0.025
0 0.48671875 0.58046875 0.015625 0.01796875
0 0.50625 0.4609375 0.01328125 0.01796875
0 0.01875 0.6890625 0.03359375 0.0359375
0 0.23125 0.65546875 0.02890625 0.025
0 0.075 0.58984375 0.03125 0.0359375
0 0.325 0.484375 0.03125 0.03203125
0 0.38984375 0.53046875 0.01875 0.0265625
0 0.453125 0.96875 0.03984375 0.06171875
0 0.41640625 0.95 0.03671875 0.0640625
0 0.30625 0.95859375 0.0328125 0.05546875
0 0.28671875 0.9203125 0.0515625 0.0484375
0 0.94375 0.58046875 0.03828125 0.0203125
0 0.81875 0.525 0.03984375 0.0265625
0 0.87109375 0.50859375 0.02734375 0.02734375
0 0.77734375 0.49609375 0.0296875 0.0234375
0 0.59296875 0.5359375 0.02578125 0.03046875