0 0.015625 0.81328125 0.03125 0.0578125
0 0.03828125 0.928125 0.0609375 0.0671875
0 0.13671875 0.9421875 0.06015625 0.06796875
0 0.2109375 0.925 0.04296875 0.05546875
0 0.284375 0.96484375 0.065625 0.06953125
0 0.3921875 0.9546875 0.059375 0.06171875
0 0.51640625 0.97109375 0.053125 0.0578125
0 0.62578125 0.9765625 0.0359375 0.046875
0 0.625 0.8890625 0.04921875 0.07109375
0 0.6234375 0.79453125 0.03671875 0.0625
0 0.53359375 0.790625 0.04375 0.05703125
0 0.4609375 0.84921875 0.04609375 0.0578125
0 0.34609375 0.76015625 0.03828125 0.0578125
0 0.24375 0.809375 0.03515625 0.0484375
0 0.278125 0.87578125 0.02890625 0.03828125
0 0.37734375 0.71015625 0.0375 0.0375
0 0.4078125 0.725 0.034375 0.04140625
0 0.26328125 0.70078125 0.034375 0.04296875
0 0.26015625 0.74375 0.03671875 0.025
0 0.0859375 0.7953125 0.0546875 0.05625
0 0.04140625 0.6984375 0.05 0.053125
0 0.16015625 0.7421875 0.053125 0.04296875
0 0.178125 0.68828125 0.03515625 0.0359375
0 0.13046875 0.65859375 0.03046875 0.03515625
0 0.1203125 0.5765625 0.05078125 0.0265625
0 0.05078125 0.6140625 0.02265625 0.0296875
0 0.0328125 0.56015625 0.03125 0.02734375
0 0.159375 0.52734375 0.02265625 0.02734375
0 0.1640625 0.59375 0.025 0.02265625
0 0.29296875 0.653125 0.03828125 0.03828125
0 0.284375 0.61015625 0.034375 0.03984375
0 0.359375 0.603125 0.03203125 0.04609375
0 0.48203125 0.70859375 0.034375 0.04765625
0 0.47578125 0.64296875 0.03125 0.04609375
0 0.3078125 0.54921875 0.034375 0.03125
0 0.18046875 0.484375 0.01953125 0.02890625
0 0.20234375 0.5 0.01484375 0.01953125
0 0.3140625 0.4453125 0.01875 0.01953125
0 0.38984375 0.46484375 0.02265625 0.02265625
0 0.334375 0.5171875 0.0375 0.03359375
0 0.340625 0.4828125 0.0296875 0.01796875
0 0.1203125 0.46796875 0.0328125 0.02734375
0 0.015625 0.5109375 0.03125 0.03515625
0 0.56015625 0.68203125 0.040625 0.040625
0 0.6578125 0.69140625 0.04140625 0.0453125
0 0.74609375 0.759375 0.02578125 0.04140625
0 0.89453125 0.95703125 0.05078125 0.071875
0 0.86953125 0.82734375 0.03515625 0.05078125
0 0.81796875 0.8328125 0.040625 0.05078125
0 0.93359375 0.7578125 0.04296875 0.05546875
0 0.865625 0.73828125 0.04453125 0.0515625
0 0.77734375 0.740625 0.0421875 0.0390625
0 0.80078125 0.7078125 0.03984375 0.0453125
0 0.70703125 0.64453125 0.04296875 0.0453125
0 0.6328125 0.60859375 0.03359375 0.0390625
0 0.59296875 0.58125 0.0328125 0.0296875
0 0.52109375 0.51953125 0.0390625 0.04140625
0 0.64921875 0.51015625 0.02890625 0.03515625
0 0.56953125 0.51015625 0.021875 0.02890625
0 0.75859375 0.5859375 0.03984375 0.04453125
0 0.75625 0.6359375 0.03203125 0.034375
0 0.71484375 0.5234375 0.0328125 0.0296875
0 0.71171875 0.4453125 0.02578125 0.028125
0 0.678125 0.44296875 0.02421875 0.0296875
0 0.94765625 0.67890625 0.04375 0.0484375
0 0.878125 0.59140625 0.0328125 0.0296875
0 0.8375 0.50078125 0.02734375 0.02734375
0 0.92734375 0.60234375 0.0375 0.03125
0 0.74296875 0.5296875 0.02578125 0.03046875
0 0.7296875 0.3640625 0.021875 0.025
0 0.45 0.5703125 0.03046875 0.034375
0 0.56015625 0.48828125 0.02421875 0.028125
0 0.465625 0.38125 0.02265625 0.02109375
0 0.4921875 0.3984375 0.01953125 0.02265625
0 0.05859375 0.57890625 0.025 0.01953125
0 0.11953125 0.53359375 0.025 0.0265625
0 0.08046875 0.51640625 0.02578125 0.021875
0 0.34453125 0.36796875 0.021875 0.0234375
0 0.51796875 0.41953125 0.021875 0.025
0 0.6125 0.4109375 0.01953125 0.028125
0 0.6703125 0.40859375 0.0234375 0.028125