0 0.1109375 0.9390625 0.0359375 0.07578125
0 0.12109375 0.8734375 0.06484375 0.06015625
0 0.2015625 0.88125 0.05078125 0.07265625
0 0.2125 0.96953125 0.03359375 0.03203125
0 0.30234375 0.96328125 0.04375 0.071875
0 0.2734375 0.921875 0.0390625 0.046875
0 0.309375 0.84140625 0.040625 0.05625
0 0.25 0.8359375 0.0296875 0.0546875
0 0.2296875 0.78671875 0.02109375 0.04140625
0 0.16796875 0.790625 0.0484375 0.0578125
0 0.1140625 0.79765625 0.0359375 0.05234375
0 0.09765625 0.7625 0.0296875 0.04375
0 0.0390625 0.76796875 0.02421875 0.0328125
0 0.03828125 0.74921875 0.03359375 0.03828125
0 0.0109375 0.8421875 0.021875 0.04296875
0 0.05625 0.8078125 0.0234375 0.0390625
0 0.06953125 0.759375 0.02890625 0.028125
0 0.0984375 0.728125 0.0234375 0.03046875
0 0.08984375 0.7078125 0.0125 0.02421875
0 0.07421875 0.68125 0.0171875 0.03125
0 0.05 0.671875 0.02578125 0.02421875
0 0.01328125 0.68984375 0.0265625 0.02265625
0 0.02421875 0.64375 0.03203125 0.03984375
0 0.2765625 0.7578125 0.0328125 0.03828125
0 0.21328125 0.73984375 0.040625 0.0421875
0 0.2296875 0.69609375 0.0296875 0.02734375
0 0.25625 0.6703125 0.0296875 0.03671875
0 0.28359375 0.675 0.02734375 0.0375
0 0.315625 0.64453125 0.03046875 0.03203125
0 0.2875 0.6046875 0.02421875 0.021875
0 0.2953125 0.5796875 0.0265625 0.02421875
0 0.3375 0.59765625 0.03046875 0.0390625
0 0.3765625 0.6125 0.034375 0.0359375
0 0.39609375 0.76953125 0.06484375 0.078125
0 0.45546875 0.88359375 0.0453125 0.04765625
0 0.48125 0.94453125 0.0578125 0.0640625
0 0.346875 0.97578125 0.0375 0.0484375
0 0.4015625 0.98125 0.0234375 0.03359375
0 0.553125 0.98203125 0.06484375 0.0359375
0 0.6125 0.98359375 0.0375 0.0328125
0 0.65234375 0.91640625 0.0484375 0.08203125
0 0.61328125 0.92421875 0.02734375 0.06015625
0 0.565625 0.9046875 0.0296875 0.053125
0 0.6984375 0.91328125 0.05078125 0.0546875
0 0.69375 0.8859375 0.03203125 0.04453125
0 0.7328125 0.94609375 0.03828125 0.04921875
0 0.7875 0.9390625 0.05234375 0.0671875
0 0.846875 0.9609375 0.06328125 0.078125
0 0.896875 0.91171875 0.0515625 0.040625
0 0.9578125 0.8078125 0.04140625 0.065625
0 0.990625 0.83984375 0.01875 0.0796875
0 0.8984375 0.8375 0.0328125 0.0515625
0 0.828125 0.85390625 0.071875 0.0546875
0 0.7671875 0.77421875 0.03984375 0.04140625
0 0.8265625 0.77109375 0.03203125 0.04453125
0 0.86484375 0.79453125 0.02421875 0.03984375
0 0.91796875 0.77421875 0.0375 0.034375
0 0.91796875 0.7421875 0.028125 0.03984375
0 0.98203125 0.71640625 0.03515625 0.05
0 0.940625 0.6546875 0.03828125 0.046875
0 0.903125 0.66015625 0.0296875 0.0453125
0 0.8046875 0.69765625 0.03671875 0.0359375
0 0.84765625 0.728125 0.028125 0.04453125
0 0.78984375 0.6578125 0.03671875 0.04453125
0 0.8265625 0.63828125 0.02734375 0.03671875
0 0.65078125 0.821875 0.02734375 0.07578125
0 0.61953125 0.8015625 0.0421875 0.05078125
0 0.603125 0.75859375 0.03203125 0.028125
0 0.5421875 0.778125 0.03046875 0.0609375
0 0.48515625 0.7859375 0.03828125 0.040625
0 0.45234375 0.78203125 0.0296875 0.04375
0 0.44765625 0.74296875 0.04296875 0.0421875
0 0.640625 0.67265625 0.040625 0.0421875
0 0.60390625 0.66875 0.0359375 0.0390625
0 0.68828125 0.628125 0.040625 0.02734375
0 0.7125 0.71796875 0.0234375 0.040625
0 0.684375 0.75390625 0.02734375 0.0328125
0 0.70859375 0.78046875 0.01953125 0.0359375
0 0.73671875 0.6921875 0.0515625 0.05859375
0 0.76484375 0.73125 0.04140625 0.0390625
0 0.8375 0.58359375 0.02890625 0.0359375
0 0.78828125 0.596875 0.0265625 0.0375
0 0.75 0.59453125 0.02890625 0.028125
0 0.73046875 0.56015625 0.0265625 0.02421875
0 0.690625 0.53828125 0.028125 0.028125
0 0.67578125 0.58359375 0.02265625 0.0203125
0 0.6046875 0.61953125 0.02890625 0.03515625
0 0.6359375 0.62421875 0.028125 0.03671875
0 0.53984375 0.61796875 0.03046875 0.040625
0 0.49296875 0.6328125 0.025 0.0203125
0 0.50546875 0.65390625 0.0203125 0.0171875
0 0.490625 0.68359375 0.034375 0.03671875
0 0.39140625 0.67265625 0.04375 0.04296875
0 0.4328125 0.6125 0.02578125 0.04140625
0 0.453125 0.61015625 0.02421875 0.0390625
0 0.4109375 0.5890625 0.0265625 0.02578125
0 0.37578125 0.5765625 0.03203125 0.0296875
0 0.225 0.6375 0.02109375 0.0328125
0 0.20078125 0.62109375 0.02109375 0.0421875
0 0.15078125 0.71796875 0.0265625 0.02890625
0 0.0484375 0.5578125 0.02734375 0.0203125
0 0.9890625 0.590625 0.021875 0.0328125
0 0.91484375 0.5875 0.01484375 0.01640625
0 0.4640625 0.5640625 0.02890625 0.0296875
0 0.42421875 0.559375 0.0234375 0.03046875
0 0.39296875 0.5546875 0.028125 0.02421875
0 0.51953125 0.57578125 0.025 0.01953125
0 0.496875 0.5921875 0.0234375 0.0265625
0 0.49765625 0.55234375 0.021875 0.02734375
0 0.56328125 0.5578125 0.04140625 0.0390625
0 0.60703125 0.56171875 0.02734375 0.0265625