0 0.16875 0.9296875 0.0390625 0.05546875
0 0.44296875 0.94140625 0.05625 0.0625
0 0.22734375 0.85546875 0.0390625 0.04609375
0 0.72421875 0.59375 0.0328125 0.0375
0 0.6859375 0.6640625 0.0421875 0.04453125
0 0.28359375 0.60703125 0.034375 0.03515625
0 0.3453125 0.59765625 0.03046875 0.03125
0 0.3 0.9578125 0.0390625 0.0515625
0 0.81171875 0.778125 0.040625 0.0421875
0 0.7375 0.91875 0.04921875 0.04921875
0 0.4625 0.72890625 0.04296875 0.04140625
0 0.190625 0.60234375 0.02578125 0.0296875
0 0.265625 0.7890625 0.040625 0.04765625
0 0.1015625 0.62265625 0.028125 0.028125
0 0.51640625 0.9125 0.03125 0.0515625
0 0.01875 0.88203125 0.0375 0.0578125
0 0.56328125 0.78359375 0.04453125 0.05234375
0 0.2890625 0.6640625 0.046875 0.04296875
0 0.784375 0.83359375 0.04453125 0.05859375
0 0.021875 0.70234375 0.0421875 0.0390625
0 0.384375 0.55546875 0.0296875 0.0296875
0 0.19140625 0.51796875 0.028125 0.03046875
0 0.35859375 0.79609375 0.03828125 0.046875
0 0.2984375 0.8984375 0.04140625 0.053125
0 0.8171875 0.70390625 0.0390625 0.04375
0 0.35078125 0.66875 0.0390625 0.034375
0 0.7296875 0.7265625 0.03359375 0.0453125
0 0.6515625 0.73125 0.0390625 0.03828125
0 0.4375 0.80234375 0.04765625 0.05
0 0.875 0.60234375 0.03984375 0.034375
0 0.53359375 0.6515625 0.0390625 0.0421875
0 0.1125 0.72890625 0.02734375 0.0296875
0 0.77578125 0.53828125 0.02578125 0.03203125
0 0.45234375 0.609375 0.0265625 0.0375
0 0.5609375 0.975 0.0390625 0.05
0 0.20546875 0.978125 0.05625 0.04296875
0 0.93984375 0.721875 0.03984375 0.040625
0 0.1984375 0.81328125 0.03515625 0.04453125
0 0.90703125 0.95078125 0.05625 0.075
0 0.6984375 0.60859375 0.03359375 0.03984375
0 0.1296875 0.603125 0.03203125 0.03203125
0 0.51171875 0.478125 0.02109375 0.02578125
0 0.86328125 0.72421875 0.034375 0.04921875
0 0.7671875 0.7796875 0.0328125 0.0453125
0 0.7453125 0.5484375 0.03203125 0.03984375
0 0.72421875 0.81640625 0.0296875 0.04140625
0 0.58671875 0.42421875 0.025 0.02578125
0 0.56328125 0.7 0.02890625 0.0375
0 0.3875 0.61953125 0.02578125 0.03125
0 0.6109375 0.6296875 0.034375 0.034375
0 0.5640625 0.6296875 0.028125 0.0375
0 0.4796875 0.5984375 0.02578125 0.03125
0 0.44765625 0.478125 0.03046875 0.028125
0 0.3375 0.76171875 0.03515625 0.0421875
0 0.8984375 0.8734375 0.04921875 0.05078125
0 0.39921875 0.490625 0.0265625 0.028125
0 0.828125 0.64453125 0.0296875 0.03515625
0 0.4203125 0.603125 0.0265625 0.03125
0 0.43125 0.53046875 0.02734375 0.02734375
0 0.4859375 0.5265625 0.02265625 0.02734375
0 0.91328125 0.67421875 0.03203125 0.0390625
0 0.62578125 0.53515625 0.021875 0.03046875
0 0.1609375 0.78671875 0.0359375 0.0390625
0 0.37109375 0.98125 0.04296875 0.0375
0 0.815625 0.53671875 0.0265625 0.0296875
0 0.54765625 0.45234375 0.0265625 0.0265625
0 0.9609375 0.9078125 0.04765625 0.053125
0 0.471875 0.659375 0.0328125 0.034375
0 0.88203125 0.6953125 0.040625 0.04296875
0 0.15234375 0.74609375 0.03125 0.034375
0 0.76484375 0.63984375 0.02421875 0.02734375
0 0.625 0.58203125 0.0265625 0.03046875
0 0.26015625 0.49609375 0.02578125 0.028125
0 0.2265625 0.64375 0.02265625 0.02734375
0 0.32265625 0.44296875 0.0234375 0.02578125
0 0.3171875 0.521875 0.02421875 0.028125
0 0.23515625 0.59453125 0.02265625 0.0265625
0 0.865625 0.53046875 0.03046875 0.028125
0 0.63125 0.5921875 0.02578125 0.03125
0 0.27578125 0.4703125 0.0234375 0.02265625
0 0.978125 0.68359375 0.040625 0.04140625
0 0.63125 0.53125 0.02265625 0.02890625
0 0.5359375 0.61171875 0.02578125 0.03203125
0 0.57265625 0.6359375 0.02890625 0.0375
0 0.57421875 0.853125 0.02578125 0.034375
0 0.94375 0.63359375 0.034375 0.0375
0 0.52265625 0.73203125 0.03359375 0.034375
0 0.6703125 0.49765625 0.02421875 0.03046875
0 0.5375 0.86015625 0.0453125 0.06875
0 0.484375 0.79921875 0.028125 0.040625