0 0.24375 0.68515625 0.02109375 0.034375
0 0.74765625 0.8015625 0.03203125 0.03671875
0 0.6859375 0.76484375 0.028125 0.0390625
0 0.5765625 0.85234375 0.03046875 0.0375
0 0.70390625 0.87890625 0.03515625 0.046875
0 0.87578125 0.55 0.02734375 0.025
0 0.84375 0.60234375 0.02421875 0.0296875
0 0.42890625 0.7734375 0.03046875 0.0296875
0 0.60703125 0.7125 0.0296875 0.034375
0 0.6609375 0.78984375 0.02890625 0.0359375
0 0.728125 0.7421875 0.03203125 0.03671875
0 0.5421875 0.86015625 0.0328125 0.05078125
0 0.46796875 0.89609375 0.02890625 0.040625
0 0.6375 0.696875 0.0265625 0.03671875
0 0.78671875 0.81640625 0.03125 0.0421875
0 0.3015625 0.7171875 0.01875 0.021875
0 0.29140625 0.771875 0.034375 0.0375
0 0.30390625 0.94375 0.0359375 0.03828125
0 0.6078125 0.9390625 0.02265625 0.040625
0 0.7296875 0.9375 0.03359375 0.05703125
0 0.48984375 0.80859375 0.02890625 0.03046875
0 0.16015625 0.7515625 0.02890625 0.03671875
0 0.3828125 0.80078125 0.0359375 0.04140625
0 0.45625 0.72109375 0.021875 0.02578125
0 0.62578125 0.84296875 0.025 0.03515625
0 0.5625 0.65234375 0.02265625 0.0234375
0 0.08359375 0.94375 0.0375 0.04921875
0 0.3921875 0.596875 0.0234375 0.02109375
0 0.69453125 0.9609375 0.03828125 0.04921875
0 0.37890625 0.846875 0.02734375 0.0359375
0 0.82109375 0.61015625 0.02109375 0.02421875
0 0.6109375 0.87890625 0.0328125 0.046875
0 0.9375 0.77578125 0.0375 0.04140625
0 0.190625 0.8140625 0.0328125 0.03828125
0 0.51796875 0.5484375 0.0203125 0.02265625
0 0.365625 0.6921875 0.0234375 0.0296875
0 0.40625 0.734375 0.03671875 0.0359375
0 0.44765625 0.9359375 0.0265625 0.046875
0 0.34296875 0.58046875 0.02109375 0.0234375
0 0.5234375 0.8 0.0296875 0.03203125
0 0.31640625 0.83984375 0.04140625 0.04609375
0 0.9828125 0.75859375 0.03046875 0.03359375
0 0.371875 0.5609375 0.01875 0.02734375
0 0.475 0.96875 0.03671875 0.05546875
0 0.884375 0.78828125 0.0328125 0.034375
0 0.66015625 0.5375 0.02265625 0.02109375
0 0.22734375 0.81953125 0.02734375 0.0375
0 0.321875 0.890625 0.03203125 0.03359375
0 0.7890625 0.71640625 0.0296875 0.034375
0 0.8765625 0.6140625 0.025 0.021875
0 0.403125 0.88515625 0.0296875 0.040625
0 0.3 0.57265625 0.0234375 0.02421875
0 0.76953125 0.98046875 0.0265625 0.0359375
0 0.3359375 0.67265625 0.0234375 0.028125
0 0.17421875 0.590625 0.0234375 0.02734375
0 0.815625 0.76640625 0.02734375 0.028125
0 0.74140625 0.67109375 0.028125 0.03125
0 0.31796875 0.6171875 0.0234375 0.02890625
0 0.5953125 0.76328125 0.02578125 0.03515625
0 0.80234375 0.94375 0.02890625 0.040625
0 0.96328125 0.70078125 0.03515625 0.0265625
0 0.64453125 0.73515625 0.02421875 0.02734375
0 0.22265625 0.7484375 0.02421875 0.03125
0 0.88125 0.93515625 0.0390625 0.0453125
0 0.2765625 0.87265625 0.02578125 0.0421875
0 0.82890625 0.9796875 0.04140625 0.03984375
0 0.0765625 0.75078125 0.02890625 0.0328125
0 0.3703125 0.72734375 0.02265625 0.0234375
0 0.68515625 0.703125 0.01953125 0.0359375
0 0.1109375 0.696875 0.0265625 0.028125
0 0.2421875 0.62109375 0.02421875 0.02734375
0 0.52734375 0.59765625 0.02265625 0.0234375
0 0.14609375 0.96875 0.03984375 0.04375
0 0.28671875 0.62421875 0.0203125 0.02421875
0 0.16328125 0.90859375 0.025 0.03046875
0 0.34921875 0.49296875 0.0203125 0.0203125
0 0.61328125 0.66484375 0.02421875 0.0265625
0 0.103125 0.803125 0.028125 0.028125
0 0.20546875 0.69453125 0.0265625 0.03125
0 0.91875 0.54296875 0.028125 0.02421875
0 0.4171875 0.5046875 0.0203125 0.021875
0 0.58203125 0.9890625 0.03515625 0.021875
0 0.07890625 0.83046875 0.03515625 0.03515625
0 0.8484375 0.5546875 0.0234375 0.02578125
0 0.24140625 0.76484375 0.02578125 0.03515625
0 0.9625 0.9515625 0.0375 0.04375
0 0.07265625 0.684375 0.0265625 0.0265625
0 0.55859375 0.778125 0.02109375 0.028125
0 0.9875 0.853125 0.025 0.053125
0 0.5484375 0.49609375 0.0171875 0.01953125
0 0.72578125 0.571875 0.02109375 0.021875
0 0.153125 0.71328125 0.0234375 0.0265625
0 0.75859375 0.6234375 0.015625 0.02109375
0 0.27109375 0.60390625 0.01953125 0.0234375
0 0.1609375 0.54296875 0.021875 0.02578125
0 0.93984375 0.66171875 0.025 0.025
0 0.2265625 0.48984375 0.01796875 0.0203125
0 0.5359375 0.71953125 0.01875 0.021875
0 0.29453125 0.65703125 0.021875 0.02578125
0 0.10625 0.77421875 0.02734375 0.0296875
0 0.7734375 0.5390625 0.025 0.02578125
0 0.8671875 0.76484375 0.02109375 0.02578125
0 0.12890625 0.65703125 0.02265625 0.02421875
0 0.90390625 0.51484375 0.0203125 0.02109375
0 0.23671875 0.58125 0.01875 0.02265625
0 0.3671875 0.46875 0.01875 0.0171875
0 0.775 0.76484375 0.02265625 0.0265625
0 0.590625 0.46171875 0.01796875 0.01796875
0 0.4453125 0.55546875 0.015625 0.0203125
0 0.0125 0.9 0.025 0.046875
0 0.4265625 0.55625 0.0171875 0.02109375
0 0.290625 0.5140625 0.021875 0.02109375
0 0.14765625 0.6828125 0.025 0.028125
0 0.015625 0.71484375 0.03046875 0.028125
0 0.990625 0.91328125 0.01796875 0.04609375
0 0.93359375 0.4875 0.02578125 0.0203125
0 0.75703125 0.73125 0.02109375 0.02890625
0 0.1265625 0.7265625 0.01875 0.025
0 0.840625 0.50546875 0.0171875 0.01875
0 0.34375 0.54921875 0.01953125 0.021875
0 0.38125 0.515625 0.01796875 0.02265625
0 0.7328125 0.521875 0.025 0.01953125
0 0.50390625 0.47734375 0.01640625 0.01796875
0 0.66328125 0.56875 0.02109375 0.0234375
0 0.1515625 0.5 0.0203125 0.021875
0 0.61328125 0.47890625 0.02109375 0.01953125
0 0.04765625 0.6796875 0.02421875 0.028125
0 0.39609375 0.95703125 0.025 0.03203125
0 0.171875 0.9765625 0.028125 0.03984375
0 0.1125 0.59765625 0.02421875 0.025
0 0.7375 0.63046875 0.01640625 0.02109375
0 0.6546875 0.61484375 0.01796875 0.028125
0 0.265625 0.47734375 0.01796875 0.02109375
0 0.70703125 0.65546875 0.02109375 0.0265625
0 0.77265625 0.90234375 0.02109375 0.03125
0 0.76015625 0.6421875 0.01484375 0.01640625
0 0.278125 0.55078125 0.0203125 0.0265625
0 0.8921875 0.628125 0.0171875 0.01875
0 0.40234375 0.99140625 0.028125 0.0171875
0 0.6015625 0.5375 0.01953125 0.0203125
0 0.71328125 0.68984375 0.0234375 0.02890625
0 0.19765625 0.584375 0.01640625 0.0203125
0 0.51328125 0.5 0.0171875 0.0171875
0 0.7359375 0.55 0.0203125 0.01875
0 0.46015625 0.775 0.01640625 0.025
0 0.13203125 0.56796875 0.02265625 0.02421875
0 0.9 0.575 0.02578125 0.021875
0 0.66953125 0.4828125 0.01953125 0.01953125
0 0.31171875 0.6609375 0.015625 0.02421875
0 0.57421875 0.4796875 0.01796875 0.01796875
0 0.37265625 0.6140625 0.01640625 0.02265625
0 0.840625 0.52109375 0.01875 0.01640625
0 0.590625 0.51484375 0.0171875 0.01953125
0 0.1953125 0.48671875 0.01796875 0.01796875
0 0.19921875 0.51796875 0.02109375 0.02265625
0 0.959375 0.5578125 0.03125 0.0234375
0 0.50234375 0.44453125 0.01796875 0.0171875
0 0.2390625 0.65234375 0.01796875 0.02109375
0 0.63203125 0.46328125 0.01875 0.01875
0 0.1921875 0.5640625 0.01640625 0.02109375
0 0.09921875 0.521875 0.025 0.021875
0 0.00703125 0.69296875 0.01328125 0.02421875
0 0.465625 0.47890625 0.02109375 0.0296875
0 0.48125 0.4578125 0.01328125 0.0171875
0 0.52265625 0.4828125 0.015625 0.01796875
0 0.096875 0.62421875 0.02578125 0.02421875
0 0.27421875 0.496875 0.015625 0.0171875
0 0.3984375 0.51875 0.015625 0.02109375
0 0.69765625 0.4453125 0.01640625 0.01796875
0 0.2953125 0.48046875 0.0171875 0.01796875
0 0.365625 0.4484375 0.0171875 0.0171875
0 0.4078125 0.546875 0.015625 0.01953125
0 0.2484375 0.94140625 0.0359375 0.04609375
0 0.3578125 0.93984375 0.04296875 0.0734375
0 0.23046875 0.9109375 0.0421875 0.03984375
0 0.221875 0.86484375 0.04453125 0.0328125
0 0.05390625 0.75625 0.02734375 0.0546875
0 0.04453125 0.7265625 0.03046875 0.04296875
0 0.12734375 0.6109375 0.03046875 0.0296875
0 0.0171875 0.62109375 0.034375 0.03671875
0 0.225 0.56796875 0.021875 0.025
0 0.60390625 0.60390625 0.025 0.0390625
0 0.578125 0.6203125 0.025 0.0296875
0 0.60078125 0.83125 0.0328125 0.04140625
0 0.91328125 0.6515625 0.0296875 0.025
0 0.96640625 0.6546875 0.028125 0.034375
0 0.95703125 0.61796875 0.0359375 0.0375
0 0.86796875 0.5171875 0.021875 0.025
0 0.85859375 0.475 0.034375 0.02421875
0 0.75 0.48984375 0.025 0.0296875
0 0.55234375 0.45625 0.028125 0.03203125