0 0.32421875 0.93984375 0.0328125 0.04765625
0 0.27265625 0.96328125 0.03046875 0.03984375
0 0.203125 0.9078125 0.02265625 0.03671875
0 0.11328125 0.934375 0.046875 0.03359375
0 0.1125 0.85 0.034375 0.0375
0 0.09609375 0.7828125 0.028125 0.040625
0 0.05390625 0.73359375 0.0328125 0.03671875
0 0.0171875 0.7328125 0.028125 0.03515625
0 0.28984375 0.9125 0.028125 0.03671875
0 0.28046875 0.875 0.03515625 0.053125
0 0.25703125 0.83984375 0.02734375 0.046875
0 0.203125 0.75703125 0.02890625 0.0359375
0 0.14609375 0.75234375 0.04765625 0.04453125
0 0.1390625 0.7984375 0.028125 0.03515625
0 0.225 0.79296875 0.02734375 0.0421875
0 0.221875 0.70703125 0.03828125 0.0375
0 0.13515625 0.6875 0.03671875 0.04140625
0 0.06328125 0.66875 0.02890625 0.02734375
0 0.1 0.6046875 0.02109375 0.03515625
0 0.15390625 0.63515625 0.01796875 0.01640625
0 0.28828125 0.803125 0.03125 0.03828125
0 0.38828125 0.90546875 0.03203125 0.040625
0 0.4234375 0.8484375 0.01953125 0.0390625
0 0.365625 0.771875 0.0359375 0.04609375
0 0.509375 0.86953125 0.0375 0.04765625
0 0.55078125 0.85625 0.0328125 0.053125
0 0.53359375 0.790625 0.03828125 0.0453125
0 0.62578125 0.85390625 0.0296875 0.03515625
0 0.64453125 0.90390625 0.04296875 0.04765625
0 0.5859375 0.8859375 0.0265625 0.03828125
0 0.6609375 0.95234375 0.0375 0.05
0 0.7125 0.92421875 0.04140625 0.0546875
0 0.70703125 0.83984375 0.03359375 0.0375
0 0.7828125 0.84921875 0.0296875 0.03671875
0 0.82265625 0.821875 0.0296875 0.04140625
0 0.8296875 0.7625 0.03671875 0.04921875
0 0.89296875 0.821875 0.0359375 0.04140625
0 0.92421875 0.98125 0.0484375 0.0375
0 0.9609375 0.91796875 0.03125 0.04609375
0 0.97421875 0.84140625 0.0328125 0.04765625
0 0.9015625 0.87890625 0.03203125 0.02578125
0 0.9390625 0.87109375 0.03046875 0.0328125
0 0.9203125 0.740625 0.0296875 0.0328125
0 0.8859375 0.75078125 0.0359375 0.04140625
0 0.7890625 0.690625 0.0375 0.0421875
0 0.83515625 0.6671875 0.0265625 0.028125
0 0.90078125 0.640625 0.0359375 0.03671875
0 0.88828125 0.66640625 0.025 0.03203125
0 0.9234375 0.7 0.025 0.02421875
0 0.93515625 0.6390625 0.02578125 0.0265625
0 0.978125 0.6453125 0.03828125 0.0390625
0 0.98125 0.59140625 0.03203125 0.028125
0 0.8296875 0.6140625 0.0265625 0.03046875
0 0.81171875 0.5796875 0.01953125 0.02265625
0 0.81015625 0.46875 0.0265625 0.02265625
0 0.8046875 0.4453125 0.0171875 0.01875
0 0.759375 0.5359375 0.025 0.02421875
0 0.7296875 0.52421875 0.02265625 0.028125
0 0.703125 0.5296875 0.0203125 0.02578125
0 0.74140625 0.4796875 0.0234375 0.0265625
0 0.76640625 0.475 0.02578125 0.01875
0 0.721875 0.67890625 0.01875 0.021875
0 0.7375 0.703125 0.02578125 0.03046875
0 0.59921875 0.81328125 0.02578125 0.0296875
0 0.63125 0.7296875 0.0296875 0.04140625
0 0.59609375 0.72109375 0.0296875 0.03984375
0 0.6734375 0.68125 0.0234375 0.0234375
0 0.653125 0.6328125 0.02578125 0.0296875
0 0.584375 0.66015625 0.0296875 0.0359375
0 0.61484375 0.6453125 0.02109375 0.0296875
0 0.609375 0.58828125 0.03046875 0.02734375
0 0.6328125 0.56171875 0.01015625 0.01640625
0 0.63515625 0.54765625 0.0140625 0.01484375
0 0.61640625 0.55234375 0.01484375 0.01953125
0 0.62578125 0.44765625 0.0234375 0.0203125
0 0.546875 0.4625 0.021875 0.01953125
0 0.5359375 0.68125 0.02734375 0.03828125
0 0.5046875 0.70234375 0.03125 0.03203125
0 0.45859375 0.7546875 0.02265625 0.034375
0 0.434375 0.790625 0.0359375 0.0484375
0 0.40703125 0.76484375 0.03125 0.03125
0 0.459375 0.62890625 0.0328125 0.03046875
0 0.496875 0.6140625 0.02890625 0.0296875
0 0.47421875 0.58203125 0.02734375 0.028125
0 0.4265625 0.571875 0.02421875 0.025
0 0.36875 0.58828125 0.02421875 0.0234375
0 0.32109375 0.71875 0.0328125 0.03203125
0 0.35546875 0.709375 0.028125 0.0296875
0 0.21953125 0.64296875 0.02109375 0.02265625
0 0.2234375 0.6125 0.0234375 0.02421875
0 0.30859375 0.6359375 0.028125 0.02265625
0 0.25625 0.64765625 0.040625 0.03125
0 0.2703125 0.684375 0.0265625 0.034375
0 0.19609375 0.58984375 0.021875 0.0296875
0 0.1875 0.54140625 0.02421875 0.02734375
0 0.15390625 0.54921875 0.02109375 0.02421875
0 0.2203125 0.5078125 0.02265625 0.02109375
0 0.37421875 0.4875 0.02578125 0.0234375
0 0.365625 0.5078125 0.02109375 0.02421875
0 0.328125 0.48125 0.01640625 0.015625
0 0.265625 0.51796875 0.02421875 0.01640625
0 0.24140625 0.42109375 0.0203125 0.01640625
0 0.17890625 0.5 0.02265625 0.0234375
0 0.0453125 0.5171875 0.02265625 0.02109375
0 0.2734375 0.44140625 0.01796875 0.0203125
0 0.25 0.4875 0.0203125 0.0296875
0 0.33984375 0.5109375 0.01953125 0.02421875
0 0.3015625 0.54765625 0.0171875 0.028125
0 0.4390625 0.678125 0.02890625 0.034375
0 0.6671875 0.46484375 0.025 0.02265625