0 0.03515625 0.8875 0.05859375 0.06796875
0 0.115625 0.9046875 0.046875 0.053125
0 0.1125 0.978125 0.0578125 0.04375
0 0.2125 0.90234375 0.040625 0.05625
0 0.29765625 0.9078125 0.046875 0.06484375
0 0.3921875 0.97890625 0.04375 0.04140625
0 0.42265625 0.97578125 0.02890625 0.0265625
0 0.1703125 0.9796875 0.04375 0.040625
0 0.2671875 0.94609375 0.03359375 0.03203125
0 0.28125 0.79609375 0.0359375 0.05
0 0.30390625 0.8515625 0.0390625 0.05
0 0.42578125 0.80078125 0.04453125 0.03515625
0 0.28203125 0.74609375 0.04296875 0.040625
0 0.03125 0.7125 0.0390625 0.0265625
0 0.02734375 0.67890625 0.02734375 0.02109375
0 0.10546875 0.72734375 0.04140625 0.0421875
0 0.1046875 0.7875 0.0421875 0.04609375
0 0.04375 0.8125 0.02421875 0.04453125
0 0.01171875 0.8328125 0.0234375 0.025
0 0.1609375 0.85 0.0359375 0.046875
0 0.20859375 0.79921875 0.03828125 0.05
0 0.15078125 0.815625 0.03359375 0.03828125
0 0.22109375 0.6859375 0.028125 0.0390625
0 0.23359375 0.6 0.028125 0.0265625
0 0.29375 0.59296875 0.02421875 0.0265625
0 0.3453125 0.57265625 0.02109375 0.025
0 0.3796875 0.55390625 0.0265625 0.02421875
0 0.25625 0.6203125 0.03203125 0.021875
0 0.2828125 0.64453125 0.03046875 0.0234375
0 0.0203125 0.596875 0.02890625 0.03203125
0 0.01328125 0.64921875 0.0265625 0.0296875
0 0.05078125 0.6546875 0.02265625 0.02734375
0 0.02265625 0.7453125 0.0375 0.03125
0 0.06171875 0.5828125 0.03046875 0.02265625
0 0.146875 0.54296875 0.0203125 0.01796875
0 0.25625 0.57421875 0.0265625 0.025
0 0.33359375 0.85859375 0.0265625 0.03984375
0 0.3890625 0.87734375 0.028125 0.0359375
0 0.49609375 0.86484375 0.040625 0.03828125
0 0.5625 0.96875 0.046875 0.0625
0 0.5828125 0.9859375 0.0234375 0.028125
0 0.5 0.9890625 0.03359375 0.021875
0 0.50546875 0.665625 0.02890625 0.03515625
0 0.33671875 0.74921875 0.0265625 0.034375
0 0.40859375 0.7578125 0.025 0.02265625
0 0.52578125 0.7515625 0.02734375 0.021875
0 0.575 0.71875 0.03671875 0.0359375
0 0.58203125 0.7734375 0.025 0.040625
0 0.64375 0.896875 0.0375 0.034375
0 0.6875 0.90703125 0.03515625 0.040625
0 0.740625 0.94609375 0.028125 0.03359375
0 0.7203125 0.98828125 0.02734375 0.02265625
0 0.85390625 0.90234375 0.05859375 0.05078125
0 0.7890625 0.846875 0.05390625 0.04609375
0 0.73125 0.79140625 0.03984375 0.04375
0 0.69609375 0.79296875 0.03515625 0.04296875
0 0.7359375 0.86796875 0.03515625 0.0453125
0 0.66640625 0.653125 0.0296875 0.0296875
0 0.73046875 0.6375 0.02890625 0.0296875
0 0.86640625 0.7578125 0.04375 0.0421875
0 0.88984375 0.84140625 0.04140625 0.03046875
0 0.87890625 0.96875 0.05546875 0.05859375
0 0.83125 0.94296875 0.0390625 0.04921875
0 0.89375 0.7203125 0.02734375 0.03046875
0 0.78046875 0.6421875 0.0265625 0.0328125
0 0.6640625 0.7140625 0.03671875 0.03828125
0 0.659375 0.71484375 0.03828125 0.0390625
0 0.62109375 0.753125 0.02265625 0.02890625
0 0.60625 0.6125 0.025 0.03359375
0 0.57265625 0.6671875 0.03125 0.0203125
0 0.56953125 0.62734375 0.028125 0.0265625
0 0.5421875 0.66171875 0.025 0.021875
0 0.621875 0.659375 0.03359375 0.02734375
0 0.76171875 0.7140625 0.034375 0.0375
0 0.79765625 0.74765625 0.028125 0.02265625
0 0.8234375 0.76328125 0.02109375 0.02578125
0 0.96953125 0.7515625 0.0375 0.0265625
0 0.90625 0.67578125 0.03203125 0.0265625
0 0.8234375 0.66171875 0.0375 0.03203125
0 0.88125 0.56953125 0.034375 0.0328125
0 0.6953125 0.70234375 0.01640625 0.01875
0 0.69921875 0.665625 0.02578125 0.0296875
0 0.434375 0.85 0.03515625 0.03828125
0 0.43671875 0.890625 0.02265625 0.02265625
0 0.3546875 0.7140625 0.0296875 0.0390625
0 0.45703125 0.5890625 0.02265625 0.03671875
0 0.45 0.66015625 0.028125 0.02421875
0 0.40625 0.5953125 0.03125 0.025
0 0.4203125 0.54453125 0.01875 0.01953125
0 0.3796875 0.50546875 0.03046875 0.0203125
0 0.51484375 0.93828125 0.04140625 0.03671875
0 0.68828125 0.75078125 0.02578125 0.02265625
0 0.75625 0.67109375 0.0265625 0.02734375
0 0.7484375 0.5953125 0.02265625 0.02265625
0 0.7703125 0.5984375 0.01640625 0.015625
0 0.7875 0.58671875 0.02265625 0.01484375
0 0.70859375 0.56640625 0.021875 0.0265625
0 0.6296875 0.55234375 0.03515625 0.02109375
0 0.671875 0.57265625 0.02265625 0.0265625
0 0.48359375 0.59296875 0.0296875 0.02734375
0 0.54453125 0.54453125 0.028125 0.0265625
0 0.29296875 0.453125 0.03203125 0.021875
0 0.2796875 0.50390625 0.02265625 0.01640625
0 0.234375 0.55546875 0.01796875 0.021875
0 0.18046875 0.740625 0.03671875 0.028125
0 0.13984375 0.7609375 0.01953125 0.03359375
0 0.1671875 0.72578125 0.02734375 0.01953125
0 0.1796875 0.659375 0.02578125 0.02578125
0 0.19296875 0.6921875 0.01328125 0.0234375
0 0.3046875 0.5578125 0.021875 0.03046875
0 0.30625 0.53984375 0.01875 0.0265625
0 0.3359375 0.5046875 0.01953125 0.01796875
0 0.40859375 0.70859375 0.03046875 0.02265625
0 0.35390625 0.6484375 0.01796875 0.02109375
0 0.23984375 0.73671875 0.04140625 0.04140625
0 0.10703125 0.6125 0.02734375 0.0125
0 0.125 0.6203125 0.034375 0.01953125
0 0.371875 0.69453125 0.0234375 0.02578125
0 0.39609375 0.47734375 0.03125 0.0234375
0 0.971875 0.8375 0.02109375 0.05234375
0 0.93125 0.94140625 0.028125 0.03828125
0 0.96875 0.97421875 0.0390625 0.05
0 0.92421875 0.8765625 0.05625 0.040625
0 0.840625 0.70078125 0.02578125 0.02890625
0 0.8515625 0.64453125 0.01953125 0.025
0 0.7875 0.5203125 0.028125 0.01640625
0 0.83671875 0.58828125 0.0296875 0.0296875
0 0.66484375 0.53984375 0.02421875 0.01953125
0 0.59921875 0.4953125 0.0171875 0.0171875
0 0.5703125 0.49765625 0.0171875 0.01796875
0 0.440625 0.5671875 0.02734375 0.0140625
0 0.5296875 0.81328125 0.01640625 0.03046875
0 0.98984375 0.67109375 0.01953125 0.02578125
0 0.9421875 0.6640625 0.03046875 0.021875
0 0.93828125 0.71171875 0.028125 0.01875
0 0.9328125 0.7625 0.03046875 0.02734375
0 0.96484375 0.63046875 0.02421875 0.0203125
0 0.609375 0.46796875 0.02109375 0.0140625
0 0.71484375 0.7078125 0.02265625 0.0265625
0 0.68046875 0.47109375 0.02890625 0.0203125
0 0.45703125 0.4984375 0.03203125 0.01796875
0 0.43984375 0.44140625 0.0296875 0.01796875
0 0.04921875 0.75625 0.02578125 0.03203125
0 0.2375 0.84921875 0.04140625 0.0328125
0 0.37734375 0.62890625 0.01640625 0.01953125
0 0.7140625 0.515625 0.02265625 0.028125
0 0.728125 0.55625 0.0171875 0.01875
0 0.84453125 0.56328125 0.03515625 0.02734375