0 0.89609375 0.79453125 0.04296875 0.05234375
0 0.7171875 0.9234375 0.0515625 0.07265625
0 0.62578125 0.884375 0.0328125 0.05078125
0 0.35703125 0.57421875 0.0171875 0.03125
0 0.19453125 0.88203125 0.03515625 0.0375
0 0.84921875 0.721875 0.03671875 0.0390625
0 0.36796875 0.83359375 0.02890625 0.0390625
0 0.66171875 0.746875 0.03046875 0.0359375
0 0.81484375 0.5046875 0.02578125 0.0234375
0 0.44140625 0.803125 0.03359375 0.05
0 0.7328125 0.7140625 0.0265625 0.028125
0 0.48203125 0.7953125 0.03203125 0.03515625
0 0.7796875 0.871875 0.03359375 0.03984375
0 0.28984375 0.73828125 0.03515625 0.03984375
0 0.21953125 0.78125 0.04375 0.0453125
0 0.20625 0.715625 0.03515625 0.03671875
0 0.278125 0.7875 0.028125 0.03515625
0 0.33671875 0.715625 0.0265625 0.0265625
0 0.409375 0.97578125 0.04140625 0.0421875
0 0.52578125 0.66015625 0.0296875 0.03125
0 0.50234375 0.87734375 0.0234375 0.03828125
0 0.36640625 0.90703125 0.03203125 0.0484375
0 0.47421875 0.93671875 0.03125 0.03984375
0 0.60703125 0.821875 0.0359375 0.04453125
0 0.39453125 0.75078125 0.028125 0.03125
0 0.5703125 0.73359375 0.02890625 0.03515625
0 0.4296875 0.74140625 0.02734375 0.03046875
0 0.48671875 0.603125 0.025 0.0265625
0 0.1640625 0.63203125 0.02265625 0.03203125
0 0.603125 0.7109375 0.02578125 0.0390625
0 0.884375 0.6484375 0.028125 0.0265625
0 0.71171875 0.6640625 0.02421875 0.0296875
0 0.1328125 0.6984375 0.0265625 0.02890625
0 0.77890625 0.55546875 0.0234375 0.02734375
0 0.7015625 0.88515625 0.0265625 0.03359375
0 0.53359375 0.784375 0.0234375 0.034375
0 0.33828125 0.87265625 0.025 0.04375
0 0.28671875 0.93515625 0.02265625 0.03359375
0 0.70078125 0.76015625 0.03046875 0.03984375
0 0.7875 0.95390625 0.04765625 0.05625
0 0.3234375 0.67890625 0.03515625 0.0328125
0 0.646875 0.6890625 0.03046875 0.03515625
0 0.3765625 0.66796875 0.02734375 0.028125
0 0.79609375 0.73125 0.025 0.03203125
0 0.95234375 0.784375 0.03359375 0.04140625
0 0.96953125 0.85859375 0.0375 0.03984375
0 0.43046875 0.6171875 0.02734375 0.02578125
0 0.6671875 0.61953125 0.0265625 0.0296875
0 0.17421875 0.8140625 0.028125 0.04296875
0 0.378125 0.94453125 0.028125 0.034375
0 0.7875 0.51015625 0.0234375 0.025
0 0.284375 0.64140625 0.0234375 0.0296875
0 0.98515625 0.775 0.0296875 0.034375
0 0.58671875 0.89765625 0.0421875 0.04921875
0 0.09765625 0.7578125 0.03046875 0.03671875
0 0.39296875 0.53984375 0.02265625 0.02421875
0 0.04296875 0.934375 0.04375 0.06953125
0 0.7546875 0.559375 0.01953125 0.02421875
0 0.59609375 0.490625 0.0234375 0.02109375
0 0.30078125 0.8234375 0.028125 0.03671875
0 0.24375 0.56875 0.02578125 0.0265625
0 0.1296875 0.7625 0.028125 0.03515625
0 0.78203125 0.71171875 0.02109375 0.025
0 0.4265625 0.51484375 0.0234375 0.025
0 0.5125 0.81953125 0.0296875 0.0453125
0 0.21953125 0.8296875 0.03125 0.0328125
0 0.55859375 0.6453125 0.02734375 0.03515625
0 0.2203125 0.6625 0.01875 0.0203125
0 0.56015625 0.6796875 0.025 0.02734375
0 0.2578125 0.61796875 0.0234375 0.02890625
0 0.28515625 0.67265625 0.02421875 0.0234375
0 0.98203125 0.9140625 0.03515625 0.03671875
0 0.96015625 0.675 0.0359375 0.03359375
0 0.50625 0.7109375 0.028125 0.03203125
0 0.89453125 0.70390625 0.02578125 0.03125
0 0.60859375 0.6515625 0.02109375 0.0328125
0 0.5359375 0.6140625 0.02265625 0.02734375
0 0.853125 0.4984375 0.02734375 0.021875
0 0.45234375 0.54765625 0.02265625 0.025
0 0.85390625 0.8828125 0.03203125 0.040625
0 0.66328125 0.9203125 0.02578125 0.0359375
0 0.32109375 0.54765625 0.02265625 0.0203125
0 0.3 0.51484375 0.0203125 0.02734375
0 0.890625 0.84765625 0.028125 0.0453125
0 0.946875 0.70078125 0.028125 0.0296875
0 0.2140625 0.57421875 0.0203125 0.02265625
0 0.81171875 0.56640625 0.02421875 0.021875
0 0.67421875 0.8453125 0.021875 0.02890625
0 0.1703125 0.571875 0.02578125 0.025
0 0.73984375 0.97890625 0.03203125 0.04140625
0 0.275 0.53671875 0.021875 0.0203125
0 0.359375 0.98671875 0.02734375 0.02578125
0 0.2328125 0.52890625 0.0234375 0.02109375
0 0.421875 0.5375 0.0203125 0.0203125
0 0.86640625 0.60859375 0.02109375 0.02578125
0 0.98515625 0.73359375 0.028125 0.02890625
0 0.0515625 0.85078125 0.02734375 0.0328125
0 0.2875 0.44921875 0.0203125 0.02109375
0 0.103125 0.54375 0.0234375 0.025
0 0.66953125 0.58125 0.01875 0.02109375
0 0.68984375 0.575 0.015625 0.01953125
0 0.671875 0.47890625 0.021875 0.01875
0 0.20390625 0.959375 0.04609375 0.03359375
0 0.71328125 0.49453125 0.0234375 0.02421875
0 0.38125 0.51015625 0.0171875 0.02109375
0 0.675 0.675 0.02109375 0.02890625
0 0.990625 0.67265625 0.0171875 0.028125
0 0.8796875 0.44609375 0.02265625 0.0203125
0 0.5375 0.421875 0.01796875 0.01875
0 0.48515625 0.453125 0.0171875 0.02109375
0 0.4484375 0.6671875 0.02109375 0.0234375
0 0.4515625 0.45390625 0.01640625 0.01875
0 0.6609375 0.52734375 0.021875 0.021875
0 0.5796875 0.56640625 0.01640625 0.0265625
0 0.19765625 0.5546875 0.0203125 0.021875
0 0.06640625 0.7015625 0.02734375 0.03203125
0 0.846875 0.471875 0.01953125 0.01875
0 0.15546875 0.70703125 0.02421875 0.03203125
0 0.41875 0.70390625 0.01640625 0.021875
0 0.55546875 0.4375 0.01875 0.01953125
0 0.21484375 0.603125 0.02109375 0.02421875
0 0.16875 0.5359375 0.0203125 0.021875
0 0.45390625 0.50078125 0.01953125 0.02109375
0 0.69375 0.7125 0.0203125 0.02578125
0 0.59765625 0.5203125 0.02265625 0.02421875
0 0.00625 0.7421875 0.01171875 0.0359375
0 0.32265625 0.465625 0.0171875 0.0265625
0 0.23203125 0.46953125 0.0203125 0.01953125
0 0.57421875 0.42578125 0.01953125 0.0203125
0 0.30859375 0.43125 0.0203125 0.01953125
0 0.28046875 0.50234375 0.01875 0.02265625
0 0.95859375 0.57265625 0.02890625 0.0109375
0 0.46328125 0.43828125 0.0171875 0.01796875
0 0.67421875 0.5015625 0.0171875 0.01875
0 0.2875 0.89453125 0.0234375 0.03359375
0 0.296875 0.5640625 0.01796875 0.02265625
0 0.11953125 0.64140625 0.02890625 0.02890625
0 0.34453125 0.49921875 0.01640625 0.021875
0 0.89140625 0.5109375 0.028125 0.02421875
0 0.6359375 0.60703125 0.021875 0.028125
0 0.09609375 0.49921875 0.0234375 0.0234375
0 0.528125 0.56015625 0.01953125 0.0265625
0 0.82421875 0.578125 0.015625 0.01796875
0 0.88984375 0.60390625 0.02109375 0.02109375
0 0.68984375 0.5921875 0.01484375 0.015625
0 0.12109375 0.51640625 0.0203125 0.0203125
0 0.5390625 0.490625 0.02109375 0.02109375
0 0.59921875 0.5828125 0.015625 0.021875
0 0.46875 0.71953125 0.01796875 0.02265625
0 0.25390625 0.878125 0.0234375 0.0359375
0 0.92421875 0.73828125 0.028125 0.03046875
0 0.1640625 0.6 0.01640625 0.01953125
0 0.13671875 0.88046875 0.01796875 0.0328125
0 0.1265625 0.8578125 0.02421875 0.034375
0 0.11640625 0.80625 0.02890625 0.025
0 0.5015625 0.57265625 0.01328125 0.01796875
0 0.83984375 0.53203125 0.01640625 0.01640625
0 0.78359375 0.4640625 0.01640625 0.01484375
0 0.88203125 0.5765625 0.02109375 0.02265625
0 0.91796875 0.56484375 0.02734375 0.02265625
0 0.98671875 0.5953125 0.0265625 0.01953125
0 0.93828125 0.640625 0.02265625 0.0203125
0 0.4046875 0.4390625 0.01484375 0.0140625
0 0.06875 0.65625 0.01875 0.02109375
0 0.025 0.9125 0.04921875 0.0625