0 0.39765625 0.896875 0.04453125 0.0546875
0 0.334375 0.97265625 0.0375 0.04921875
0 0.39375 0.97109375 0.04296875 0.05703125
0 0.46171875 0.9421875 0.0390625 0.05078125
0 0.3921875 0.815625 0.0390625 0.04296875
0 0.2921875 0.78125 0.028125 0.03984375
0 0.73203125 0.9359375 0.03046875 0.0640625
0 0.6765625 0.86484375 0.03046875 0.0515625
0 0.634375 0.93515625 0.04453125 0.0734375
0 0.1703125 0.79296875 0.03828125 0.05390625
0 0.06953125 0.7265625 0.0296875 0.03828125
0 0.0453125 0.82421875 0.028125 0.0328125
0 0.08203125 0.853125 0.03046875 0.0359375
0 0.1125 0.97890625 0.04375 0.0421875
0 0.0703125 0.646875 0.034375 0.03828125
0 0.19921875 0.7375 0.025 0.034375
0 0.22890625 0.77734375 0.03046875 0.03359375
0 0.2578125 0.75859375 0.02578125 0.028125
0 0.44453125 0.7421875 0.034375 0.0265625
0 0.4640625 0.859375 0.040625 0.04453125
0 0.51796875 0.80625 0.03046875 0.040625
0 0.5453125 0.8421875 0.0359375 0.03984375
0 0.6140625 0.8359375 0.02265625 0.03828125
0 0.73515625 0.7875 0.02734375 0.0421875
0 0.78125 0.85 0.0265625 0.04296875
0 0.228125 0.82578125 0.03984375 0.04453125
0 0.134375 0.7046875 0.03828125 0.0359375
0 0.13515625 0.65234375 0.02734375 0.0421875
0 0.21328125 0.6515625 0.02265625 0.034375
0 0.82421875 0.771875 0.034375 0.03828125
0 0.853125 0.8109375 0.025 0.0359375
0 0.9078125 0.7515625 0.0453125 0.040625
0 0.89296875 0.79921875 0.02421875 0.03984375
0 0.83125 0.65 0.03203125 0.03671875
0 0.86953125 0.66875 0.0328125 0.03203125
0 0.61953125 0.69765625 0.02421875 0.03046875
0 0.51015625 0.7015625 0.02421875 0.03671875
0 0.44375 0.69921875 0.028125 0.03125
0 0.3609375 0.69140625 0.03125 0.034375
0 0.36640625 0.76015625 0.03515625 0.03203125
0 0.26171875 0.584375 0.02421875 0.0265625
0 0.259375 0.55546875 0.0265625 0.02578125
0 0.15703125 0.6015625 0.02890625 0.02421875
0 0.6296875 0.6171875 0.0296875 0.03203125
0 0.58828125 0.64140625 0.025 0.02890625
0 0.71796875 0.634375 0.034375 0.034375
0 0.728125 0.66953125 0.0265625 0.0375
0 0.89609375 0.97890625 0.0296875 0.0421875
0 0.26015625 0.87578125 0.02109375 0.04453125
0 0.440625 0.62109375 0.0296875 0.03125
0 0.50703125 0.528125 0.03046875 0.02734375
0 0.62734375 0.5703125 0.021875 0.0296875
0 0.6703125 0.60234375 0.02890625 0.034375
0 0.7296875 0.55 0.028125 0.0296875
0 0.321875 0.87265625 0.0328125 0.05234375
0 0.3078125 0.6203125 0.02578125 0.0328125
0 0.0640625 0.60234375 0.0203125 0.02890625
0 0.59765625 0.7328125 0.0234375 0.0484375