0 0.14453125 0.86171875 0.0484375 0.06015625
0 0.66484375 0.7671875 0.04140625 0.0453125
0 0.22578125 0.88203125 0.03984375 0.0625
0 0.4625 0.8171875 0.03515625 0.053125
0 0.703125 0.8578125 0.04140625 0.0609375
0 0.7625 0.93984375 0.03671875 0.04765625
0 0.4265625 0.7984375 0.034375 0.04453125
0 0.4359375 0.4859375 0.02421875 0.02109375
0 0.19375 0.85 0.0359375 0.03671875
0 0.3390625 0.96796875 0.046875 0.0546875
0 0.2921875 0.684375 0.03671875 0.03984375
0 0.0375 0.90546875 0.040625 0.0546875
0 0.26015625 0.55 0.02265625 0.028125
0 0.596875 0.7828125 0.03046875 0.03671875
0 0.525 0.75703125 0.0296875 0.03515625
0 0.88984375 0.70703125 0.03671875 0.05
0 0.46640625 0.7078125 0.02109375 0.03359375
0 0.321875 0.778125 0.0296875 0.0453125
0 0.725 0.6734375 0.03515625 0.03359375
0 0.59765625 0.5703125 0.0234375 0.025
0 0.19375 0.54140625 0.0265625 0.0265625
0 0.96171875 0.79609375 0.040625 0.04453125
0 0.72421875 0.73828125 0.0265625 0.0359375
0 0.27578125 0.6125 0.0296875 0.0296875
0 0.475 0.63828125 0.02890625 0.03359375
0 0.33515625 0.88671875 0.04296875 0.06015625
0 0.14921875 0.78203125 0.02734375 0.04609375
0 0.1859375 0.959375 0.02734375 0.0484375
0 0.42890625 0.7203125 0.0390625 0.04609375
0 0.20703125 0.63203125 0.02890625 0.0296875
0 0.425 0.97578125 0.03046875 0.04609375
0 0.6265625 0.559375 0.02578125 0.03203125
0 0.58359375 0.75546875 0.02421875 0.0296875
0 0.1125 0.79375 0.034375 0.04140625
0 0.390625 0.40546875 0.01953125 0.01953125
0 0.8546875 0.96171875 0.0375 0.06015625
0 0.36640625 0.746875 0.03125 0.0484375
0 0.74375 0.58984375 0.02109375 0.0265625
0 0.325 0.6265625 0.02578125 0.0296875
0 0.834375 0.57734375 0.0296875 0.02890625
0 0.821875 0.778125 0.025 0.03359375
0 0.75234375 0.78125 0.0328125 0.04296875
0 0.021875 0.56953125 0.03671875 0.03046875
0 0.39609375 0.67265625 0.02734375 0.0359375
0 0.51171875 0.69140625 0.0265625 0.03515625
0 0.06328125 0.74609375 0.034375 0.03125
0 0.78515625 0.57421875 0.02109375 0.0265625
0 0.3390625 0.66484375 0.03203125 0.040625
0 0.3265625 0.71015625 0.02578125 0.0328125
0 0.7671875 0.84453125 0.0359375 0.053125
0 0.71484375 0.62890625 0.02421875 0.03125
0 0.2578125 0.7421875 0.03359375 0.040625
0 0.671875 0.9359375 0.03359375 0.0546875
0 0.19140625 0.5046875 0.02265625 0.0265625
0 0.78359375 0.7390625 0.03046875 0.04375
0 0.51171875 0.58984375 0.01875 0.0234375
0 0.9234375 0.93984375 0.0578125 0.06796875
0 0.2375 0.51171875 0.02421875 0.028125
0 0.97578125 0.7015625 0.0390625 0.040625
0 0.6515625 0.50859375 0.02578125 0.03046875
0 0.73125 0.46328125 0.0171875 0.02265625
0 0.565625 0.48984375 0.02578125 0.0296875
0 0.26015625 0.83984375 0.0265625 0.0421875
0 0.80703125 0.83671875 0.03046875 0.04375
0 0.5265625 0.96015625 0.0359375 0.053125
0 0.2125 0.69140625 0.02421875 0.0296875
0 0.14609375 0.58046875 0.02109375 0.03125
0 0.403125 0.92890625 0.03203125 0.04609375
0 0.77109375 0.434375 0.0265625 0.0234375
0 0.28984375 0.4453125 0.01875 0.01953125
0 0.6609375 0.57421875 0.02890625 0.028125
0 0.84375 0.70234375 0.0234375 0.03359375
0 0.11484375 0.5484375 0.03046875 0.021875
0 0.7046875 0.53125 0.03125 0.0296875
0 0.68046875 0.5015625 0.0265625 0.028125
0 0.61640625 0.978125 0.028125 0.04375
0 0.2109375 0.75703125 0.02578125 0.03046875
0 0.8078125 0.70625 0.03515625 0.0390625
0 0.125 0.68671875 0.0265625 0.03046875
0 0.896875 0.59296875 0.025 0.03125
0 0.49453125 0.52578125 0.02109375 0.02421875
0 0.50703125 0.44765625 0.02109375 0.02109375
0 0.73203125 0.49609375 0.02890625 0.02578125
0 0.596875 0.4703125 0.0265625 0.02421875
0 0.8765625 0.55078125 0.021875 0.02734375
0 0.071875 0.57265625 0.03671875 0.03359375
0 0.06875 0.53671875 0.02421875 0.0234375
0 0.11015625 0.46953125 0.01640625 0.03359375
0 0.1171875 0.43828125 0.02265625 0.021875
0 0.89765625 0.640625 0.028125 0.0328125
0 0.93203125 0.8453125 0.03984375 0.0484375
0 0.46953125 0.753125 0.021875 0.03515625
0 0.28984375 0.9828125 0.046875 0.03359375
0 0.32578125 0.478125 0.03046875 0.03203125
0 0.32890625 0.44375 0.01953125 0.021875
0 0.27578125 0.4984375 0.01953125 0.021875
0 0.14765625 0.45859375 0.01953125 0.028125
0 0.159375 0.73046875 0.01875 0.02734375
0 0.10625 0.51171875 0.025 0.03125
0 0.3921875 0.571875 0.01796875 0.02578125
0 0.675 0.4390625 0.021875 0.021875
0 0.9859375 0.59609375 0.0265625 0.03359375
0 0.8109375 0.48984375 0.0296875 0.0296875
0 0.81875 0.45 0.01796875 0.01875
0 0.246875 0.42578125 0.01875 0.021875
0 0.4890625 0.5953125 0.01875 0.02265625
0 0.228125 0.53828125 0.021875 0.021875
0 0.925 0.73671875 0.01953125 0.02109375
0 0.28671875 0.42265625 0.0171875 0.01875
0 0.0234375 0.52734375 0.02890625 0.0265625
0 0.7296875 0.35703125 0.01875 0.01953125
0 0.8484375 0.471875 0.0390625 0.0578125
0 0.84921875 0.41875 0.01953125 0.02421875
0 0.88125 0.48046875 0.02265625 0.02109375
0 0.9453125 0.63046875 0.0296875 0.0359375
0 0.40703125 0.425 0.01953125 0.01953125
0 0.96328125 0.7546875 0.0421875 0.0390625
0 0.81171875 0.9609375 0.01953125 0.0328125
0 0.5234375 0.496875 0.021875 0.02421875
0 0.465625 0.43125 0.0203125 0.0203125
0 0.7890625 0.47265625 0.01875 0.01953125
0 0.05859375 0.70546875 0.0359375 0.03359375
0 0.8171875 0.46953125 0.0203125 0.01953125
0 0.74375 0.61875 0.02421875 0.02421875
0 0.3703125 0.48671875 0.0203125 0.02109375
0 0.5078125 0.60625 0.01484375 0.0203125
0 0.44296875 0.6171875 0.021875 0.03515625
0 0.03359375 0.65546875 0.03359375 0.03359375
0 0.91640625 0.53125 0.02265625 0.02421875
0 0.0078125 0.7734375 0.01484375 0.04453125
0 0.334375 0.5640625 0.021875 0.02734375
0 0.3609375 0.4625 0.0171875 0.0203125
0 0.528125 0.46875 0.02421875 0.0203125
0 0.4265625 0.51953125 0.01640625 0.025
0 0.40390625 0.553125 0.01875 0.01953125
0 0.14375 0.41953125 0.02265625 0.021875
0 0.97421875 0.9890625 0.0375 0.021875
0 0.66171875 0.45546875 0.01953125 0.01953125
0 0.67421875 0.5953125 0.01875 0.021875
0 0.87109375 0.3875 0.02109375 0.01953125
0 0.015625 0.69921875 0.02578125 0.02578125
0 0.56953125 0.3953125 0.01640625 0.021875
0 0.91640625 0.46328125 0.02109375 0.01796875
0 0.9859375 0.95078125 0.028125 0.0578125
0 0.36953125 0.42421875 0.01640625 0.0203125
0 0.65703125 0.47109375 0.0203125 0.0171875
0 0.88828125 0.509375 0.02421875 0.02109375
0 0.15625 0.490625 0.01484375 0.02265625
0 0.1796875 0.4515625 0.01875 0.02421875
0 0.690625 0.42421875 0.01796875 0.0203125
0 0.771875 0.51171875 0.02734375 0.025
0 0.4015625 0.59453125 0.01953125 0.02578125
0 0.89765625 0.99140625 0.034375 0.01640625
0 0.6890625 0.46171875 0.01796875 0.0234375
0 0.34921875 0.4015625 0.02109375 0.01953125
0 0.1734375 0.81953125 0.02109375 0.0265625
0 0.49375 0.57265625 0.0171875 0.01875
0 0.7328125 0.3390625 0.01796875 0.01875
0 0.43359375 0.6640625 0.0203125 0.0296875
0 0.22734375 0.834375 0.02265625 0.03046875
0 0.453125 0.38515625 0.028125 0.0234375
0 0.44765625 0.34921875 0.01484375 0.01875
0 0.6234375 0.48515625 0.01796875 0.01796875
0 0.09453125 0.40625 0.01796875 0.0171875
0 0.76015625 0.35859375 0.0171875 0.0171875
0 0.0453125 0.46015625 0.02421875 0.02109375
0 0.76953125 0.38359375 0.01875 0.01796875
0 0.171875 0.5046875 0.01640625 0.0203125
0 0.67890625 0.37578125 0.01875 0.01875
0 0.44921875 0.559375 0.01796875 0.02109375
0 0.43671875 0.4078125 0.015625 0.01875
0 0.69609375 0.39609375 0.028125 0.0265625
0 0.70234375 0.3609375 0.01875 0.01875
0 0.73359375 0.39921875 0.02109375 0.0203125
0 0.92578125 0.6 0.01640625 0.02109375
0 0.89609375 0.4296875 0.025 0.02421875
0 0.0125 0.6328125 0.02421875 0.02890625
0 0.85390625 0.61015625 0.02734375 0.028125
0 0.825 0.51953125 0.025 0.02578125
0 0.0953125 0.7578125 0.034375 0.03984375
0 0.08515625 0.49609375 0.0296875 0.034375
0 0.29921875 0.5765625 0.028125 0.034375
0 0.26484375 0.45625 0.02265625 0.03046875
0 0.5921875 0.5328125 0.034375 0.04375
0 0.68984375 0.6125 0.0296875 0.0296875
0 0.4734375 0.47578125 0.0203125 0.03046875
0 0.4265625 0.3875 0.0234375 0.0265625
0 0.5609375 0.4390625 0.03125 0.03203125
0 0.78984375 0.65859375 0.0359375 0.05