0 0.84296875 0.76953125 0.03359375 0.03828125
0 0.7046875 0.7046875 0.03359375 0.0359375
0 0.8828125 0.8296875 0.0390625 0.0515625
0 0.8125 0.77421875 0.0265625 0.034375
0 0.45078125 0.8984375 0.03515625 0.04453125
0 0.515625 0.92890625 0.034375 0.04453125
0 0.8484375 0.93359375 0.03515625 0.0578125
0 0.26171875 0.70234375 0.021875 0.03046875
0 0.30234375 0.88984375 0.04375 0.08515625
0 0.5484375 0.9484375 0.03046875 0.0578125
0 0.6046875 0.73984375 0.0328125 0.03671875
0 0.67421875 0.90078125 0.0359375 0.03515625
0 0.2953125 0.715625 0.02734375 0.02890625
0 0.51171875 0.528125 0.0234375 0.02734375
0 0.0671875 0.92734375 0.05234375 0.06328125
0 0.52265625 0.72109375 0.0265625 0.0328125
0 0.11875 0.86171875 0.04296875 0.04609375
0 0.5171875 0.8734375 0.02734375 0.03046875
0 0.359375 0.89140625 0.02578125 0.0390625
0 0.23515625 0.7515625 0.028125 0.0296875
0 0.5140625 0.7796875 0.0296875 0.040625
0 0.48515625 0.6640625 0.028125 0.03515625
0 0.6515625 0.809375 0.0375 0.04453125
0 0.209375 0.97109375 0.03671875 0.05078125
0 0.528125 0.65859375 0.02890625 0.03203125
0 0.6515625 0.66328125 0.025 0.03359375
0 0.8859375 0.971875 0.0375 0.05
0 0.37734375 0.71875 0.02421875 0.03203125
0 0.75078125 0.68828125 0.028125 0.03046875
0 0.20234375 0.78046875 0.02421875 0.03203125
0 0.55234375 0.78671875 0.0296875 0.0390625
0 0.9765625 0.96796875 0.03828125 0.04921875
0 0.6703125 0.853125 0.03359375 0.0390625
0 0.81328125 0.8953125 0.03125 0.046875
0 0.896875 0.6859375 0.0328125 0.034375
0 0.20859375 0.615625 0.02421875 0.0296875
0 0.665625 0.6984375 0.02421875 0.028125
0 0.31875 0.64921875 0.02421875 0.02890625
0 0.7015625 0.76796875 0.03359375 0.0375
0 0.8234375 0.85703125 0.03203125 0.0390625
0 0.78203125 0.64296875 0.02578125 0.025
0 0.36171875 0.85078125 0.03203125 0.04453125
0 0.38828125 0.91171875 0.0265625 0.0375
0 0.421875 0.653125 0.025 0.0328125
0 0.64375 0.56875 0.02421875 0.02578125
0 0.60859375 0.64609375 0.025 0.0328125
0 0.54375 0.54765625 0.0234375 0.0265625
0 0.346875 0.65546875 0.02578125 0.028125
0 0.9609375 0.846875 0.04296875 0.04609375
0 0.45703125 0.7203125 0.0234375 0.03359375
0 0.40625 0.79453125 0.03125 0.03359375
0 0.17109375 0.778125 0.02578125 0.028125
0 0.225 0.68125 0.0296875 0.03046875
0 0.71484375 0.815625 0.02890625 0.0390625
0 0.61953125 0.8390625 0.02890625 0.05078125
0 0.31015625 0.78203125 0.02578125 0.0296875
0 0.5515625 0.73046875 0.02421875 0.0296875
0 0.83125 0.625 0.02265625 0.02421875
0 0.75234375 0.84609375 0.03203125 0.040625
0 0.73125 0.5421875 0.02265625 0.025
0 0.57265625 0.590625 0.02578125 0.0296875
0 0.15 0.8078125 0.03203125 0.0328125
0 0.33671875 0.69296875 0.02265625 0.028125
0 0.9265625 0.66953125 0.02890625 0.034375
0 0.4203125 0.76640625 0.02421875 0.03125
0 0.91796875 0.82109375 0.03046875 0.04140625
0 0.596875 0.6890625 0.01875 0.021875
0 0.69765625 0.6015625 0.02109375 0.03125
0 0.16484375 0.596875 0.02109375 0.0234375
0 0.73828125 0.73984375 0.03125 0.03046875
0 0.4171875 0.56171875 0.02265625 0.0265625
0 0.9828125 0.9078125 0.0328125 0.0421875
0 0.38515625 0.51484375 0.02265625 0.02578125
0 0.96640625 0.815625 0.0375 0.03828125
0 0.29765625 0.67734375 0.0296875 0.03125
0 0.5203125 0.575 0.02109375 0.02421875
0 0.7109375 0.5625 0.02421875 0.025
0 0.4203125 0.6984375 0.01953125 0.02421875
0 0.4140625 0.73828125 0.0234375 0.028125
0 0.35234375 0.721875 0.02421875 0.0328125
0 0.134375 0.74140625 0.02421875 0.03046875
0 0.57421875 0.44921875 0.021875 0.02265625
0 0.05390625 0.8328125 0.02734375 0.03671875
0 0.5484375 0.5984375 0.0234375 0.02578125
0 0.38515625 0.6640625 0.0265625 0.028125
0 0.28515625 0.65625 0.02109375 0.0265625
0 0.38046875 0.51953125 0.02265625 0.025
0 0.90390625 0.73515625 0.028125 0.0359375
0 0.5015625 0.59765625 0.025 0.0265625
0 0.3546875 0.47578125 0.02109375 0.025
0 0.3921875 0.6234375 0.02421875 0.02890625
0 0.15078125 0.97421875 0.02421875 0.0375
0 0.5875 0.55859375 0.02421875 0.02421875
0 0.13359375 0.91328125 0.028125 0.0328125
0 0.48125 0.55625 0.0203125 0.025
0 0.7359375 0.56015625 0.021875 0.02109375
0 0.09921875 0.559375 0.02265625 0.0234375
0 0.8875 0.6390625 0.02890625 0.03046875
0 0.5640625 0.46875 0.02265625 0.025
0 0.34609375 0.596875 0.02265625 0.025
0 0.1765625 0.77265625 0.025 0.028125
0 0.43671875 0.4640625 0.01953125 0.02421875
0 0.9828125 0.7640625 0.03359375 0.03984375
0 0.3671875 0.54140625 0.02421875 0.025
0 0.51328125 0.490625 0.02265625 0.02421875
0 0.82578125 0.69140625 0.0203125 0.025
0 0.8375 0.6296875 0.02265625 0.02421875
0 0.18125 0.87890625 0.025 0.03203125
0 0.3515625 0.565625 0.021875 0.02578125
0 0.51796875 0.58359375 0.0234375 0.02421875
0 0.7234375 0.9796875 0.03984375 0.03984375
0 0.1203125 0.7265625 0.025 0.025
0 0.5640625 0.6328125 0.02109375 0.025
0 0.63828125 0.48203125 0.01953125 0.02109375
0 0.8734375 0.74921875 0.02265625 0.02890625