0 0.07734375 0.95078125 0.06171875 0.07265625
0 0.05078125 0.86796875 0.04375 0.059375
0 0.09375 0.85859375 0.0328125 0.0515625
0 0.13828125 0.93984375 0.0390625 0.046875
0 0.11640625 0.89609375 0.02265625 0.021875
0 0.16796875 0.9640625 0.05078125 0.07109375
0 0.20546875 0.92109375 0.0328125 0.05703125
0 0.28515625 0.97421875 0.0515625 0.0515625
0 0.28125 0.8515625 0.03203125 0.04765625
0 0.215625 0.81328125 0.0421875 0.05
0 0.1609375 0.82578125 0.03125 0.0328125
0 0.1078125 0.79765625 0.0234375 0.0328125
0 0.08125 0.740625 0.0328125 0.034375
0 0.17109375 0.74453125 0.028125 0.034375
0 0.171875 0.67734375 0.028125 0.03125
0 0.08515625 0.58203125 0.0265625 0.02890625
0 0.0390625 0.56796875 0.02890625 0.02578125
0 0.0796875 0.540625 0.028125 0.03828125
0 0.09609375 0.4609375 0.02421875 0.02265625
0 0.125 0.48515625 0.01953125 0.0265625
0 0.16171875 0.4796875 0.02109375 0.021875
0 0.1484375 0.5359375 0.0125 0.02265625
0 0.13359375 0.52421875 0.01484375 0.01953125
0 0.16875 0.57890625 0.0296875 0.0296875
0 0.1703125 0.5390625 0.02265625 0.02734375
0 0.21640625 0.54765625 0.02734375 0.0328125
0 0.2046875 0.575 0.02421875 0.025
0 0.23125 0.5921875 0.028125 0.0359375
0 0.2453125 0.66171875 0.0328125 0.034375
0 0.259375 0.7390625 0.03984375 0.04453125
0 0.29453125 0.68046875 0.03125 0.0359375
0 0.3109375 0.721875 0.03671875 0.03984375
0 0.2921875 0.7765625 0.03125 0.04140625
0 0.33046875 0.81953125 0.0359375 0.05390625
0 0.25625 0.53125 0.0171875 0.0296875
0 0.23359375 0.45234375 0.0203125 0.01875
0 0.27421875 0.44765625 0.01640625 0.01796875
0 0.31640625 0.471875 0.01796875 0.02265625
0 0.3515625 0.52265625 0.02421875 0.025
0 0.35 0.496875 0.01875 0.02265625
0 0.384375 0.43515625 0.01796875 0.01953125
0 0.38828125 0.596875 0.0203125 0.02109375
0 0.3734375 0.61875 0.01796875 0.03203125
0 0.42265625 0.52265625 0.02421875 0.025
0 0.38359375 0.64609375 0.02109375 0.02734375
0 0.36875 0.7359375 0.03125 0.04296875
0 0.4109375 0.7234375 0.02421875 0.0421875
0 0.40078125 0.78984375 0.046875 0.05546875
0 0.39140625 0.87734375 0.0375 0.04921875
0 0.43203125 0.9046875 0.040625 0.0671875
0 0.4453125 0.77734375 0.02734375 0.03671875
0 0.45703125 0.69921875 0.03046875 0.0390625
0 0.4234375 0.675 0.02265625 0.0359375
0 0.49453125 0.7609375 0.02890625 0.0375
0 0.50234375 0.83671875 0.03359375 0.040625
0 0.49453125 0.6609375 0.015625 0.02421875
0 0.50234375 0.640625 0.01953125 0.021875
0 0.4734375 0.64921875 0.01875 0.028125
0 0.478125 0.6234375 0.01640625 0.021875
0 0.48203125 0.56953125 0.021875 0.028125
0 0.459375 0.46171875 0.02265625 0.02265625
0 0.5015625 0.48359375 0.01953125 0.01796875
0 0.4671875 0.515625 0.01328125 0.01796875
0 0.521875 0.51015625 0.02421875 0.02421875
0 0.515625 0.5390625 0.0171875 0.025
0 0.5640625 0.5296875 0.025 0.03125
0 0.5921875 0.6234375 0.0234375 0.02890625
0 0.571875 0.83515625 0.0296875 0.034375
0 0.57890625 0.87265625 0.03359375 0.05078125
0 0.6578125 0.85625 0.046875 0.06171875
0 0.69453125 0.95859375 0.05078125 0.0765625
0 0.728125 0.82265625 0.02890625 0.0453125
0 0.75625 0.87109375 0.0328125 0.04375
0 0.771875 0.94921875 0.04453125 0.0671875
0 0.81953125 0.93828125 0.03984375 0.06015625
0 0.83828125 0.87734375 0.02421875 0.04140625
0 0.7921875 0.8203125 0.03359375 0.05390625
0 0.7296875 0.74765625 0.0390625 0.0375
0 0.73984375 0.73125 0.015625 0.0234375
0 0.71953125 0.69140625 0.02578125 0.0375
0 0.81796875 0.78671875 0.03671875 0.053125
0 0.86328125 0.78125 0.02421875 0.04140625
0 0.75625 0.64453125 0.02265625 0.02890625
0 0.7984375 0.63203125 0.02265625 0.028125
0 0.62734375 0.615625 0.028125 0.0421875
0 0.6609375 0.628125 0.02734375 0.03359375
0 0.653125 0.5546875 0.02734375 0.03515625
0 0.59609375 0.50859375 0.02734375 0.025
0 0.66796875 0.49296875 0.0171875 0.02421875
0 0.68828125 0.5453125 0.03125 0.03359375
0 0.7078125 0.58046875 0.03203125 0.02890625
0 0.7453125 0.53984375 0.02734375 0.02421875
0 0.684375 0.4734375 0.0203125 0.0265625
0 0.7453125 0.50390625 0.01796875 0.0296875
0 0.69296875 0.375 0.01484375 0.0171875
0 0.7875 0.471875 0.0296875 0.0265625
0 0.784375 0.5625 0.025 0.028125
0 0.87421875 0.45390625 0.01796875 0.0296875
0 0.94140625 0.50859375 0.025 0.021875
0 0.90703125 0.525 0.02421875 0.028125
0 0.83671875 0.5140625 0.025 0.025
0 0.83828125 0.490625 0.01953125 0.01875
0 0.80703125 0.51875 0.01953125 0.0203125
0 0.903125 0.60625 0.025 0.03046875
0 0.8390625 0.57421875 0.034375 0.03515625
0 0.85390625 0.63671875 0.0328125 0.03203125
0 0.925 0.65546875 0.028125 0.04375
0 0.95625 0.6625 0.01875 0.025
0 0.97734375 0.7015625 0.0296875 0.03828125
0 0.92890625 0.709375 0.03125 0.0375
0 0.91328125 0.7890625 0.04375 0.06015625
0 0.95625 0.83125 0.021875 0.03046875
0 0.9640625 0.959375 0.05 0.05625
0 0.77265625 0.3921875 0.01640625 0.01953125
0 0.90078125 0.38515625 0.0203125 0.0234375
0 0.89375 0.425 0.0203125 0.01796875
0 0.55390625 0.31484375 0.01640625 0.01796875
0 0.56015625 0.3359375 0.01640625 0.01796875
0 0.5734375 0.42421875 0.015625 0.02734375
0 0.61484375 0.3203125 0.01484375 0.01484375
0 0.590625 0.30859375 0.01171875 0.0125
0 0.515625 0.415625 0.015625 0.01875
0 0.42890625 0.43828125 0.0140625 0.01875
0 0.39765625 0.45390625 0.02265625 0.0265625