0 0.134375 0.946875 0.0421875 0.06171875
0 0.78046875 0.74765625 0.0375 0.0453125
0 0.228125 0.73125 0.03984375 0.046875
0 0.6015625 0.959375 0.046875 0.07734375
0 0.71953125 0.753125 0.05625 0.0671875
0 0.2671875 0.88671875 0.04375 0.06875
0 0.7640625 0.92109375 0.03359375 0.06015625
0 0.5078125 0.58125 0.04453125 0.05546875
0 0.31015625 0.678125 0.03984375 0.05390625
0 0.83828125 0.8484375 0.0515625 0.06953125
0 0.0828125 0.778125 0.03828125 0.05
0 0.534375 0.796875 0.06015625 0.05390625
0 0.4375 0.7390625 0.04375 0.05390625
0 0.053125 0.84453125 0.0734375 0.06953125
0 0.92265625 0.90234375 0.053125 0.06328125
0 0.4390625 0.82890625 0.0546875 0.06875
0 0.6625 0.575 0.03359375 0.034375
0 0.628125 0.7046875 0.04140625 0.05546875
0 0.78828125 0.67421875 0.0421875 0.04921875
0 0.48125 0.94765625 0.05625 0.07421875
0 0.2265625 0.67890625 0.04609375 0.05
0 0.584375 0.6625 0.0359375 0.04140625
0 0.425 0.6453125 0.03828125 0.04453125
0 0.2234375 0.546875 0.02734375 0.03125
0 0.34375 0.84296875 0.0421875 0.05234375
0 0.93828125 0.69375 0.0421875 0.0453125
0 0.65546875 0.81640625 0.04609375 0.06640625
0 0.18125 0.79921875 0.04375 0.05625
0 0.2875 0.48359375 0.0234375 0.028125
0 0.76484375 0.39921875 0.0234375 0.028125
0 0.1640625 0.85390625 0.040625 0.0421875
0 0.734375 0.809375 0.028125 0.03359375
0 0.73671875 0.5953125 0.0328125 0.03515625
0 0.0515625 0.62734375 0.05234375 0.03671875
0 0.6265625 0.45234375 0.02578125 0.0296875
0 0.77421875 0.60625 0.025 0.03984375
0 0.840625 0.5078125 0.0375 0.03359375
0 0.70234375 0.49375 0.02421875 0.03046875
0 0.7234375 0.5546875 0.02890625 0.028125
0 0.73984375 0.49609375 0.02890625 0.02890625
0 0.31171875 0.53046875 0.0328125 0.028125
0 0.77890625 0.4625 0.0265625 0.02890625
0 0.36875 0.50703125 0.025 0.03046875
0 0.54140625 0.41953125 0.02734375 0.0265625
0 0.3 0.56484375 0.03828125 0.03359375
0 0.8859375 0.696875 0.040625 0.046875
0 0.9578125 0.534375 0.0421875 0.03671875
0 0.69453125 0.44921875 0.025 0.02578125
0 0.35625 0.6421875 0.025 0.03203125
0 0.42734375 0.41953125 0.025 0.02578125
0 0.88984375 0.5703125 0.03046875 0.02890625
0 0.80703125 0.41171875 0.02734375 0.028125
0 0.16015625 0.54140625 0.01640625 0.0234375
0 0.3140625 0.81875 0.04375 0.0453125
0 0.09921875 0.653125 0.02578125 0.03125
0 0.5625 0.5484375 0.02890625 0.0328125
0 0.88515625 0.48046875 0.03359375 0.02734375
0 0.33515625 0.39453125 0.0234375 0.02578125
0 0.49140625 0.43671875 0.021875 0.02421875
0 0.4546875 0.45390625 0.02578125 0.02421875
0 0.76171875 0.69296875 0.02734375 0.034375
0 0.80390625 0.896875 0.05546875 0.059375
0 0.4625 0.409375 0.0234375 0.0234375
0 0.59921875 0.48359375 0.02421875 0.028125
0 0.0453125 0.7328125 0.03828125 0.04296875
0 0.56640625 0.5734375 0.02421875 0.028125
0 0.10703125 0.57265625 0.02890625 0.0328125
0 0.54140625 0.45390625 0.02265625 0.025
0 0.90703125 0.51171875 0.03203125 0.03046875
0 0.81875 0.53359375 0.0296875 0.03125
0 0.4109375 0.4484375 0.025 0.02421875
0 0.72109375 0.45703125 0.0234375 0.02578125
0 0.17265625 0.5890625 0.034375 0.03359375
0 0.16640625 0.55703125 0.0171875 0.0203125
0 0.496875 0.4109375 0.025 0.02421875
0 0.70625 0.36328125 0.0203125 0.02265625
0 0.9109375 0.76796875 0.028125 0.04140625
0 0.07890625 0.49921875 0.0296875 0.028125
0 0.69765625 0.84375 0.0171875 0.0328125
0 0.83984375 0.67265625 0.0296875 0.040625
0 0.45 0.43203125 0.02421875 0.0234375
0 0.9734375 0.959375 0.03125 0.04296875
0 0.8671875 0.4390625 0.034375 0.0296875
0 0.2625 0.60625 0.04453125 0.040625
0 0.015625 0.66640625 0.02890625 0.03984375
0 0.39765625 0.48515625 0.028125 0.02421875
0 0.06171875 0.571875 0.0359375 0.03203125
0 0.4875 0.5015625 0.03046875 0.0265625
0 0.5828125 0.4640625 0.02265625 0.02265625
0 0.7578125 0.43046875 0.01875 0.01875
0 0.51796875 0.45703125 0.02109375 0.02578125
0 0.98984375 0.7203125 0.01875 0.053125
0 0.49453125 0.7390625 0.0328125 0.03359375
0 0.8328125 0.4375 0.02265625 0.025
0 0.67890625 0.41328125 0.02109375 0.02265625
0 0.85390625 0.978125 0.03984375 0.04296875
0 0.690625 0.36953125 0.02109375 0.01875
0 0.571875 0.40546875 0.0234375 0.02578125
0 0.915625 0.4609375 0.028125 0.028125
0 0.709375 0.3890625 0.01796875 0.021875
0 0.02578125 0.553125 0.03125 0.02890625
0 0.64296875 0.41640625 0.02734375 0.025
0 0.59140625 0.50859375 0.03125 0.0265625
0 0.58203125 0.43984375 0.0140625 0.01953125
0 0.59765625 0.42734375 0.025 0.025
0 0.26875 0.47578125 0.02109375 0.02265625
0 0.99140625 0.58125 0.015625 0.0328125
0 0.2046875 0.365625 0.01953125 0.02109375
0 0.48203125 0.375 0.021875 0.021875
0 0.37578125 0.58125 0.02734375 0.02578125
0 0.53828125 0.38828125 0.025 0.02578125
0 0.8328125 0.37578125 0.02109375 0.021875
0 0.38125 0.9859375 0.0375 0.028125
0 0.4875 0.3359375 0.021875 0.021875
0 0.33203125 0.359375 0.01953125 0.021875
0 0.40078125 0.70546875 0.0453125 0.03359375
0 0.33671875 0.74765625 0.025 0.01875
0 0.19609375 0.61171875 0.03359375 0.0296875
0 0.13125 0.6203125 0.02421875 0.02578125
0 0.140625 0.5875 0.01953125 0.0171875
0 0.11640625 0.59609375 0.0265625 0.0234375
0 0.109375 0.5203125 0.03203125 0.01875
0 0.140625 0.52578125 0.03046875 0.0203125
0 0.06640625 0.53046875 0.03125 0.02109375
0 0.02265625 0.5375 0.0453125 0.0296875
0 0.1625 0.4390625 0.0203125 0.01953125
0 0.0890625 0.434375 0.025 0.0171875
0 0.33203125 0.51015625 0.03046875 0.0234375
0 0.36484375 0.4390625 0.0296875 0.0234375
0 0.70703125 0.67109375 0.02890625 0.02890625
0 0.93984375 0.5671875 0.02421875 0.02421875
0 0.92421875 0.73671875 0.040625 0.040625
0 0.77421875 0.840625 0.02734375 0.0359375
0 0.596875 0.58828125 0.028125 0.03203125
0 0.79765625 0.55625 0.0234375 0.02109375
0 0.8734375 0.5390625 0.05 0.034375
0 0.9140625 0.428125 0.02421875 0.01640625
0 0.971875 0.6265625 0.04296875 0.0328125
0 0.61015625 0.34609375 0.0234375 0.0125
0 0.328125 0.6015625 0.021875 0.0125