0 0.0265625 0.95859375 0.028125 0.05
0 0.075 0.96796875 0.0359375 0.05625
0 0.06875 0.9171875 0.05703125 0.07890625
0 0.1234375 0.95546875 0.0671875 0.07890625
0 0.2671875 0.98125 0.05546875 0.03671875
0 0.25703125 0.94140625 0.05 0.06171875
0 0.065625 0.76875 0.05234375 0.05703125
0 0.10390625 0.7359375 0.04296875 0.065625
0 0.07421875 0.67421875 0.02578125 0.0453125
0 0.08046875 0.6 0.0578125 0.05546875
0 0.12890625 0.66484375 0.04609375 0.05546875
0 0.1765625 0.73125 0.05859375 0.07421875
0 0.05625 0.51171875 0.0359375 0.03671875
0 0.13125 0.5109375 0.05859375 0.02578125
0 0.11015625 0.540625 0.0234375 0.028125
0 0.1484375 0.57109375 0.0453125 0.03671875
0 0.18125 0.621875 0.05078125 0.04296875
0 0.18984375 0.5890625 0.028125 0.0234375
0 0.2484375 0.65625 0.0453125 0.05
0 0.23203125 0.72578125 0.0421875 0.05859375
0 0.2234375 0.79375 0.03984375 0.04921875
0 0.290625 0.7390625 0.06796875 0.0609375
0 0.303125 0.8203125 0.07890625 0.08515625
0 0.284375 0.78515625 0.03046875 0.0390625
0 0.35859375 0.959375 0.078125 0.08125
0 0.35078125 0.8890625 0.0578125 0.06171875
0 0.3734375 0.83046875 0.06171875 0.0609375
0 0.359375 0.73203125 0.053125 0.05546875
0 0.32421875 0.621875 0.03671875 0.0546875
0 0.25859375 0.61640625 0.0375 0.0359375
0 0.2578125 0.58828125 0.03984375 0.03125
0 0.27578125 0.55703125 0.0375 0.0296875
0 0.26953125 0.5234375 0.034375 0.03984375
0 0.17109375 0.52578125 0.0171875 0.03125
0 0.32734375 0.521875 0.040625 0.04453125
0 0.3546875 0.59375 0.0625 0.03125
0 0.40625 0.6765625 0.0453125 0.05
0 0.4109375 0.76640625 0.053125 0.04921875
0 0.434375 0.83046875 0.03359375 0.05859375
0 0.49609375 0.97890625 0.021875 0.04140625
0 0.51640625 0.91015625 0.0734375 0.0796875
0 0.58828125 0.91875 0.05703125 0.06875
0 0.6359375 0.9734375 0.04609375 0.053125
0 0.5171875 0.82421875 0.05703125 0.0765625
0 0.6359375 0.8703125 0.04140625 0.059375
0 0.59140625 0.8140625 0.05703125 0.075
0 0.49453125 0.74765625 0.03515625 0.07890625
0 0.45625 0.73046875 0.05 0.07109375
0 0.4609375 0.6328125 0.05703125 0.05859375
0 0.52578125 0.728125 0.04765625 0.0484375
0 0.521875 0.6875 0.04453125 0.04375
0 0.5640625 0.7359375 0.0421875 0.03984375
0 0.5234375 0.63125 0.0390625 0.03984375
0 0.42265625 0.58125 0.040625 0.040625
0 0.47890625 0.56640625 0.04453125 0.0484375
0 0.4515625 0.5453125 0.01953125 0.03125
0 0.41640625 0.5390625 0.03828125 0.03984375
0 0.39453125 0.4953125 0.03671875 0.03515625
0 0.44921875 0.4640625 0.046875 0.04453125
0 0.29921875 0.465625 0.05234375 0.02109375
0 0.5046875 0.50078125 0.03828125 0.03125
0 0.4890625 0.44140625 0.03046875 0.02421875
0 0.53671875 0.51875 0.02890625 0.0359375
0 0.55234375 0.56640625 0.0359375 0.0484375
0 0.59375 0.7484375 0.04140625 0.06796875
0 0.63046875 0.77421875 0.03984375 0.059375
0 0.6828125 0.7734375 0.05390625 0.05703125
0 0.74375 0.92421875 0.07265625 0.078125
0 0.84375 0.9109375 0.07578125 0.08125
0 0.78203125 0.81875 0.06953125 0.065625
0 0.6984375 0.70625 0.04140625 0.05078125
0 0.69453125 0.64296875 0.03203125 0.0390625
0 0.6609375 0.63828125 0.03203125 0.0640625
0 0.61328125 0.6046875 0.03046875 0.0515625
0 0.6328125 0.59375 0.0390625 0.03515625
0 0.6609375 0.57421875 0.03515625 0.03984375
0 0.5890625 0.53359375 0.04609375 0.04140625
0 0.6015625 0.56015625 0.0296875 0.03125
0 0.63046875 0.53359375 0.02734375 0.03359375
0 0.5828125 0.49921875 0.0328125 0.03671875
0 0.63515625 0.49296875 0.05234375 0.04921875
0 0.63046875 0.46015625 0.02734375 0.03671875
0 0.6046875 0.453125 0.034375 0.0359375
0 0.78125 0.74453125 0.06015625 0.0640625
0 0.81171875 0.71328125 0.05 0.059375
0 0.8734375 0.78828125 0.04921875 0.03515625
0 0.90078125 0.98046875 0.0546875 0.0390625
0 0.95546875 0.97734375 0.05390625 0.0453125
0 0.94609375 0.925 0.0609375 0.05390625
0 0.95 0.87421875 0.06015625 0.07578125
0 0.95078125 0.78828125 0.059375 0.06171875
0 0.9828125 0.7328125 0.034375 0.015625
0 0.90234375 0.6859375 0.03671875 0.03203125
0 0.9171875 0.63359375 0.04921875 0.04296875
0 0.865625 0.634375 0.0328125 0.05
0 0.8359375 0.64765625 0.04140625 0.084375
0 0.79765625 0.590625 0.04453125 0.046875
0 0.83046875 0.584375 0.03359375 0.03828125
0 0.74140625 0.5953125 0.03203125 0.0296875
0 0.71640625 0.6078125 0.0296875 0.03203125
0 0.6984375 0.5859375 0.03359375 0.04609375
0 0.759375 0.55390625 0.04609375 0.04140625
0 0.71953125 0.4984375 0.03046875 0.03671875
0 0.75625 0.50546875 0.03515625 0.03125
0 0.8046875 0.534375 0.04140625 0.05078125
0 0.85 0.5109375 0.04296875 0.0515625
0 0.92578125 0.503125 0.05390625 0.03828125
0 0.97421875 0.640625 0.05078125 0.03828125
0 0.9546875 0.33046875 0.05234375 0.06484375
0 0.54921875 0.4546875 0.03984375 0.040625
0 0.77734375 0.4796875 0.0296875 0.03671875