0 0.16484375 0.96875 0.04375 0.059375
0 0.1296875 0.946875 0.0390625 0.04140625
0 0.0734375 0.95859375 0.05625 0.06015625
0 0.04375 0.88046875 0.03828125 0.04765625
0 0.08828125 0.86875 0.03203125 0.059375
0 0.1046875 0.8046875 0.0203125 0.0359375
0 0.15703125 0.8328125 0.0328125 0.03671875
0 0.0734375 0.74765625 0.0234375 0.0421875
0 0.1671875 0.7515625 0.028125 0.03671875
0 0.16796875 0.6828125 0.02890625 0.03046875
0 0.2078125 0.815625 0.03359375 0.046875
0 0.20078125 0.92890625 0.03203125 0.0546875
0 0.28125 0.97578125 0.04765625 0.0484375
0 0.2765625 0.86015625 0.0328125 0.05078125
0 0.32421875 0.8265625 0.028125 0.05390625
0 0.2859375 0.78046875 0.0296875 0.040625
0 0.2484375 0.74765625 0.03984375 0.04453125
0 0.29140625 0.68515625 0.02578125 0.0328125
0 0.30390625 0.72734375 0.034375 0.0390625
0 0.3890625 0.88828125 0.040625 0.05390625
0 0.39375 0.79765625 0.04296875 0.05
0 0.365625 0.74375 0.03046875 0.04765625
0 0.43046875 0.9125 0.04375 0.0640625
0 0.44453125 0.840625 0.03203125 0.04140625
0 0.44140625 0.78046875 0.02578125 0.04140625
0 0.49375 0.76796875 0.03125 0.0421875
0 0.49921875 0.84296875 0.03359375 0.04296875
0 0.57734375 0.88046875 0.0359375 0.04375
0 0.56953125 0.84375 0.0265625 0.0390625
0 0.659375 0.86171875 0.0453125 0.06171875
0 0.6921875 0.96484375 0.05 0.0703125
0 0.4515625 0.70234375 0.03515625 0.0375
0 0.4734375 0.6515625 0.01640625 0.0265625
0 0.49375 0.66484375 0.0203125 0.02265625
0 0.5015625 0.64375 0.01953125 0.02109375
0 0.4765625 0.625 0.01875 0.0203125
0 0.4796875 0.57265625 0.0234375 0.03046875
0 0.41953125 0.52578125 0.02421875 0.02265625
0 0.3671875 0.62578125 0.01875 0.02421875
0 0.384375 0.6015625 0.0203125 0.0234375
0 0.2421875 0.66484375 0.03203125 0.03515625
0 0.1078125 0.625 0.02421875 0.0265625
0 0.0796875 0.5828125 0.0328125 0.02890625
0 0.03359375 0.57109375 0.025 0.025
0 0.0734375 0.55 0.02734375 0.034375
0 0.0953125 0.465625 0.0265625 0.02890625
0 0.0734375 0.43125 0.015625 0.0171875
0 0.121875 0.4859375 0.0234375 0.034375
0 0.13125 0.5296875 0.01640625 0.025
0 0.16640625 0.5390625 0.0203125 0.02578125
0 0.16328125 0.5796875 0.03671875 0.03125
0 0.2015625 0.57890625 0.025 0.0234375
0 0.2140625 0.55078125 0.03046875 0.03125
0 0.22890625 0.5953125 0.02578125 0.03125
0 0.159375 0.48359375 0.02109375 0.02578125
0 0.23125 0.453125 0.01953125 0.021875
0 0.2734375 0.478125 0.01796875 0.0203125
0 0.31328125 0.47734375 0.0171875 0.02421875
0 0.3515625 0.5265625 0.01796875 0.02109375
0 0.3484375 0.50078125 0.0171875 0.02109375
0 0.38203125 0.43828125 0.01640625 0.02265625
0 0.3984375 0.45859375 0.01640625 0.02421875
0 0.40703125 0.56640625 0.02421875 0.025
0 0.309375 0.6109375 0.0265625 0.040625
0 0.25390625 0.534375 0.02265625 0.0265625
0 0.271875 0.45 0.01640625 0.01796875
0 0.31171875 0.3796875 0.0140625 0.02109375
0 0.24375 0.36328125 0.021875 0.015625
0 0.4578125 0.46484375 0.0203125 0.025
0 0.44296875 0.3765625 0.0140625 0.01640625
0 0.51484375 0.540625 0.02109375 0.025
0 0.5203125 0.51171875 0.02890625 0.021875
0 0.5015625 0.48671875 0.0203125 0.0171875
0 0.5140625 0.4171875 0.01328125 0.01640625
0 0.56171875 0.5359375 0.02421875 0.02734375
0 0.58984375 0.62578125 0.0265625 0.02890625
0 0.6265625 0.61875 0.0296875 0.03359375
0 0.66015625 0.634375 0.02578125 0.034375
0 0.65 0.559375 0.02578125 0.034375
0 0.6875 0.5515625 0.0296875 0.03046875
0 0.59296875 0.51328125 0.02890625 0.02890625
0 0.62578125 0.52578125 0.025 0.01484375
0 0.684375 0.47734375 0.021875 0.02265625
0 0.6609375 0.51796875 0.02578125 0.01953125
0 0.66875 0.4984375 0.025 0.01953125
0 0.7109375 0.58203125 0.034375 0.03125
0 0.7453125 0.54453125 0.03046875 0.0328125
0 0.74375 0.509375 0.02109375 0.02890625
0 0.6859375 0.40390625 0.02421875 0.01953125
0 0.75625 0.65 0.02421875 0.028125
0 0.71875 0.6953125 0.02421875 0.0375
0 0.73046875 0.75234375 0.04140625 0.0453125
0 0.73984375 0.73203125 0.01484375 0.0234375
0 0.728125 0.8296875 0.03046875 0.04453125
0 0.75703125 0.87890625 0.03359375 0.04921875
0 0.7734375 0.959375 0.04609375 0.0671875
0 0.8203125 0.94765625 0.03359375 0.05390625
0 0.8390625 0.88828125 0.0265625 0.04453125
0 0.796875 0.82734375 0.04140625 0.059375
0 0.81953125 0.78984375 0.0375 0.05390625
0 0.8640625 0.78828125 0.03046875 0.04453125
0 0.9171875 0.7984375 0.04453125 0.0625
0 0.96484375 0.9671875 0.04453125 0.06015625
0 0.95703125 0.834375 0.0234375 0.03125
0 0.9796875 0.70625 0.0296875 0.04296875
0 0.95625 0.6671875 0.02265625 0.0234375
0 0.928125 0.66171875 0.0296875 0.03359375
0 0.853125 0.64296875 0.03515625 0.03515625
0 0.7984375 0.63828125 0.0265625 0.03515625
0 0.9046875 0.61015625 0.02734375 0.02890625
0 0.91875 0.55703125 0.028125 0.0296875
0 0.9078125 0.525 0.0234375 0.0234375
0 0.83671875 0.57890625 0.0265625 0.02890625
0 0.85390625 0.59765625 0.01875 0.021875
0 0.8390625 0.49453125 0.02109375 0.0203125
0 0.80859375 0.52109375 0.02265625 0.0234375
0 0.78671875 0.47734375 0.0265625 0.02578125
0 0.74609375 0.38984375 0.02109375 0.025
0 0.784375 0.42421875 0.0203125 0.0203125
0 0.89453125 0.428125 0.02421875 0.021875
0 0.87734375 0.4578125 0.02109375 0.02734375
0 0.75546875 0.6890625 0.028125 0.0328125
0 0.675 0.65703125 0.01953125 0.025
0 0.56015625 0.33671875 0.01796875 0.01640625
0 0.55390625 0.31953125 0.0140625 0.01796875
0 0.46484375 0.51796875 0.0125 0.01875