0 0.18515625 0.6328125 0.03359375 0.03125
0 0.28828125 0.7 0.0515625 0.0515625
0 0.3484375 0.70625 0.03828125 0.028125
0 0.33515625 0.74296875 0.03046875 0.03125
0 0.33515625 0.80390625 0.0390625 0.04765625
0 0.36328125 0.8421875 0.040625 0.0390625
0 0.2609375 0.8359375 0.0484375 0.04609375
0 0.296875 0.96015625 0.07109375 0.07421875
0 0.2234375 0.90859375 0.05 0.06484375
0 0.1890625 0.8609375 0.0359375 0.046875
0 0.1484375 0.83359375 0.03515625 0.04921875
0 0.15859375 0.97734375 0.0390625 0.0453125
0 0.05625 0.796875 0.034375 0.03671875
0 0.09765625 0.7734375 0.04140625 0.0390625
0 0.10234375 0.8015625 0.0203125 0.025
0 0.0578125 0.86171875 0.02890625 0.025
0 0.07734375 0.87734375 0.02890625 0.02890625
0 0.02734375 0.8296875 0.0359375 0.03671875
0 0.0875 0.65703125 0.03046875 0.02421875
0 0.1171875 0.63203125 0.02265625 0.02578125
0 0.221875 0.6734375 0.01953125 0.021875
0 0.0109375 0.73828125 0.021875 0.03359375
0 0.0234375 0.69609375 0.04609375 0.04375
0 0.1859375 0.54296875 0.03359375 0.01953125
0 0.24609375 0.56953125 0.0171875 0.02265625
0 0.27890625 0.634375 0.0390625 0.0375
0 0.2296875 0.62109375 0.025 0.02578125
0 0.34453125 0.6296875 0.034375 0.0265625
0 0.38203125 0.58046875 0.02578125 0.021875
0 0.3125 0.54296875 0.02421875 0.021875
0 0.25234375 0.52265625 0.02421875 0.02890625
0 0.1421875 0.78984375 0.04765625 0.0328125
0 0.440625 0.8453125 0.0546875 0.0578125
0 0.490625 0.85078125 0.028125 0.03046875
0 0.44765625 0.98359375 0.03828125 0.0328125
0 0.521875 0.96953125 0.03515625 0.04765625
0 0.54609375 0.9140625 0.0421875 0.0640625
0 0.58046875 0.83203125 0.0625 0.0484375
0 0.69921875 0.69609375 0.04765625 0.0375
0 0.746875 0.7625 0.04140625 0.04921875
0 0.7859375 0.821875 0.0421875 0.04375
0 0.834375 0.81875 0.04453125 0.05078125
0 0.80546875 0.88125 0.046875 0.05625
0 0.7578125 0.97421875 0.05078125 0.04765625
0 0.74453125 0.8609375 0.0328125 0.0421875
0 0.6625 0.7734375 0.0375 0.025
0 0.46953125 0.765625 0.0453125 0.03828125
0 0.47578125 0.69609375 0.0359375 0.02890625
0 0.5375 0.6890625 0.0484375 0.03515625
0 0.484375 0.628125 0.02578125 0.02734375
0 0.51953125 0.6328125 0.02578125 0.025
0 0.45625 0.63984375 0.025 0.03671875
0 0.41953125 0.634375 0.03203125 0.0265625
0 0.43125 0.553125 0.0265625 0.02109375
0 0.48984375 0.54765625 0.0234375 0.02265625
0 0.4515625 0.496875 0.0296875 0.0203125
0 0.51640625 0.49765625 0.021875 0.0203125
0 0.55234375 0.475 0.0296875 0.03046875
0 0.56640625 0.53125 0.015625 0.025
0 0.6359375 0.6109375 0.02421875 0.028125
0 0.621875 0.665625 0.0203125 0.03046875
0 0.571875 0.66484375 0.0296875 0.03359375
0 0.4828125 0.59296875 0.015625 0.0234375
0 0.40078125 0.5125 0.0296875 0.0234375
0 0.403125 0.7046875 0.0234375 0.021875
0 0.3890625 0.65234375 0.02578125 0.02265625
0 0.52578125 0.77265625 0.0390625 0.03984375
0 0.57109375 0.7359375 0.0328125 0.034375
0 0.634375 0.559375 0.02109375 0.02265625
0 0.60703125 0.5625 0.028125 0.0265625
0 0.43125 0.4125 0.0328125 0.0234375
0 0.3921875 0.47890625 0.03125 0.02578125
0 0.35078125 0.5203125 0.0234375 0.02265625
0 0.31953125 0.46171875 0.02265625 0.021875
0 0.26953125 0.49296875 0.0265625 0.01953125
0 0.26328125 0.4703125 0.02421875 0.025
0 0.1921875 0.515625 0.01796875 0.01953125
0 0.1390625 0.45703125 0.03671875 0.01953125
0 0.096875 0.528125 0.03046875 0.0265625
0 0.13828125 0.57421875 0.0328125 0.03046875
0 0.090625 0.58359375 0.01953125 0.021875
0 0.540625 0.65078125 0.025 0.034375
0 0.70859375 0.64140625 0.03671875 0.03671875
0 0.73671875 0.6171875 0.034375 0.03671875
0 0.7609375 0.57109375 0.0328125 0.03359375
0 0.7875 0.56171875 0.028125 0.02734375
0 0.834375 0.73828125 0.04140625 0.040625
0 0.88984375 0.7671875 0.04296875 0.046875
0 0.84453125 0.6765625 0.03203125 0.0328125
0 0.89296875 0.63125 0.034375 0.02578125
0 0.8296875 0.55703125 0.02578125 0.0265625
0 0.8859375 0.6046875 0.028125 0.025
0 0.88125 0.55234375 0.02890625 0.0203125
0 0.91015625 0.58046875 0.03203125 0.02578125
0 0.75546875 0.51796875 0.02734375 0.01484375
0 0.68203125 0.52265625 0.0203125 0.025
0 0.66875 0.44375 0.01875 0.01328125
0 0.78046875 0.67109375 0.021875 0.015625
0 0.815625 0.59609375 0.01875 0.01171875
0 0.97109375 0.7625 0.04609375 0.04296875
0 0.9390625 0.7109375 0.0359375 0.03046875
0 0.90625 0.73125 0.06015625 0.0421875
0 0.92421875 0.928125 0.07890625 0.0609375
0 0.86953125 0.925 0.03984375 0.0265625
0 0.8453125 0.94765625 0.03125 0.02578125
0 0.92578125 0.98671875 0.02890625 0.0265625
0 0.9828125 0.95546875 0.03359375 0.0375
0 0.98359375 0.8921875 0.03203125 0.03671875
0 0.95078125 0.6828125 0.0453125 0.03203125
0 0.96640625 0.6640625 0.04375 0.03515625
0 0.9828125 0.63359375 0.034375 0.0328125
0 0.97734375 0.5890625 0.0453125 0.0328125
0 0.70078125 0.4875 0.01953125 0.021875
0 0.70234375 0.44765625 0.0234375 0.0140625
0 0.59375 0.4421875 0.02734375 0.01640625
0 0.5828125 0.46875 0.02265625 0.0171875
0 0.60546875 0.50625 0.0265625 0.01484375
0 0.64375 0.5171875 0.02578125 0.015625
0 0.72578125 0.5171875 0.02578125 0.02265625
0 0.82734375 0.771875 0.040625 0.03125
0 0.7890625 0.45234375 0.02890625 0.01640625
0 0.85546875 0.45625 0.02109375 0.01484375
0 0.93359375 0.49296875 0.028125 0.02890625
0 0.88984375 0.528125 0.0328125 0.01796875
0 0.91796875 0.52734375 0.0234375 0.01875
0 0.98046875 0.55546875 0.03203125 0.0234375
0 0.940625 0.5703125 0.025 0.02578125
0 0.5875 0.9078125 0.021875 0.028125
0 0.6046875 0.87890625 0.01640625 0.02421875
0 0.07734375 0.73046875 0.01328125 0.01875
0 0.15546875 0.50390625 0.01484375 0.015625
0 0.278125 0.43203125 0.028125 0.02578125
0 0.29765625 0.41171875 0.025 0.0140625
0 0.3796875 0.4421875 0.021875 0.01484375
0 0.3296875 0.51875 0.028125 0.01328125
0 0.0109375 0.51953125 0.02109375 0.0296875
0 0.07265625 0.4515625 0.0234375 0.01484375
0 0.03671875 0.42578125 0.046875 0.025
0 0.478125 0.44453125 0.02734375 0.01875
0 0.5046875 0.459375 0.015625 0.02109375
0 0.54765625 0.44140625 0.02109375 0.0234375
0 0.521875 0.40234375 0.0234375 0.015625
0 0.56640625 0.4078125 0.02265625 0.01484375
0 0.56171875 0.38828125 0.02109375 0.01640625
0 0.5875 0.4078125 0.01875 0.01953125
0 0.590625 0.51796875 0.02890625 0.021875
0 0.61875 0.4375 0.01640625 0.01640625
0 0.64296875 0.4484375 0.01640625 0.0109375
0 0.8703125 0.478125 0.01953125 0.01640625
0 0.77265625 0.48828125 0.0234375 0.02578125
0 0.4125 0.3734375 0.021875 0.0140625
0 0.38984375 0.34765625 0.01796875 0.009375
0 0.0984375 0.4234375 0.0234375 0.0125
0 0.0078125 0.42265625 0.01328125 0.015625
0 0.27109375 0.5984375 0.01796875 0.0140625
0 0.46640625 0.40546875 0.01640625 0.01796875
0 0.30234375 0.39453125 0.01953125 0.01328125
0 0.8546875 0.7015625 0.0328125 0.0265625
0 0.84609375 0.471875 0.02734375 0.01875
0 0.76796875 0.403125 0.01796875 0.0125