0 0.115625 0.93046875 0.04453125 0.0546875
0 0.11953125 0.9796875 0.0453125 0.040625
0 0.22734375 0.96796875 0.03984375 0.0484375
0 0.096875 0.89921875 0.03515625 0.05078125
0 0.05234375 0.803125 0.0359375 0.04296875
0 0.06953125 0.84296875 0.0359375 0.04453125
0 0.13984375 0.85 0.03671875 0.04375
0 0.08515625 0.74453125 0.04296875 0.05234375
0 0.084375 0.5640625 0.0296875 0.028125
0 0.109375 0.6359375 0.03203125 0.0296875
0 0.19375 0.66875 0.03046875 0.03671875
0 0.1890625 0.76015625 0.03203125 0.0375
0 0.22578125 0.81953125 0.04296875 0.0578125
0 0.27578125 0.9015625 0.02421875 0.04375
0 0.33125 0.79921875 0.0234375 0.0375
0 0.2734375 0.81328125 0.0375 0.0359375
0 0.30234375 0.834375 0.04140625 0.06171875
0 0.3234375 0.7171875 0.03203125 0.03515625
0 0.2625 0.61328125 0.02734375 0.02578125
0 0.203125 0.5703125 0.0203125 0.03046875
0 0.12578125 0.528125 0.02734375 0.028125
0 0.16953125 0.5375 0.0296875 0.025
0 0.2453125 0.53359375 0.025 0.0265625
0 0.23984375 0.503125 0.02265625 0.0234375
0 0.2765625 0.5296875 0.02109375 0.02734375
0 0.2875 0.50859375 0.02890625 0.0265625
0 0.32890625 0.6 0.02421875 0.028125
0 0.35 0.6609375 0.03125 0.03828125
0 0.384375 0.68828125 0.0234375 0.0296875
0 0.36484375 0.93359375 0.03828125 0.040625
0 0.4140625 0.915625 0.04453125 0.05546875
0 0.44375 0.95625 0.03671875 0.0421875
0 0.403125 0.8421875 0.04375 0.0609375
0 0.384375 0.74296875 0.03203125 0.0390625
0 0.42265625 0.71953125 0.028125 0.05078125
0 0.1421875 0.71875 0.03203125 0.03046875
0 0.16171875 0.4375 0.02109375 0.0234375
0 0.1578125 0.50859375 0.0234375 0.0265625
0 0.228125 0.70625 0.0171875 0.03125
0 0.2703125 0.665625 0.021875 0.025
0 0.328125 0.4453125 0.01796875 0.02265625
0 0.32421875 0.421875 0.01328125 0.01953125
0 0.39453125 0.6453125 0.0328125 0.040625
0 0.37265625 0.61171875 0.02421875 0.0328125
0 0.47265625 0.87265625 0.03046875 0.04296875
0 0.49296875 0.915625 0.02734375 0.03984375
0 0.50546875 0.96953125 0.04453125 0.053125
0 0.58125 0.9859375 0.0296875 0.028125
0 0.66953125 0.9140625 0.02578125 0.0453125
0 0.7125 0.88046875 0.03515625 0.059375
0 0.734375 0.8140625 0.03359375 0.0625
0 0.6984375 0.73671875 0.0359375 0.05
0 0.62421875 0.7203125 0.021875 0.03046875
0 0.63671875 0.746875 0.02578125 0.03125
0 0.56953125 0.7234375 0.02578125 0.028125
0 0.51875 0.77734375 0.0328125 0.053125
0 0.4828125 0.7609375 0.03125 0.04296875
0 0.5859375 0.9015625 0.0359375 0.05234375
0 0.55546875 0.67109375 0.025 0.03515625
0 0.521875 0.721875 0.02421875 0.0359375
0 0.478125 0.6953125 0.040625 0.0453125
0 0.44609375 0.6515625 0.02578125 0.03984375
0 0.515625 0.6828125 0.0203125 0.0359375
0 0.51484375 0.6203125 0.03125 0.0296875
0 0.46796875 0.48046875 0.0234375 0.02265625
0 0.4015625 0.46171875 0.0171875 0.02109375
0 0.5546875 0.46796875 0.021875 0.01953125
0 0.528125 0.58359375 0.0171875 0.0265625
0 0.55 0.575 0.01640625 0.01796875
0 0.7375 0.609375 0.021875 0.03515625
0 0.6890625 0.565625 0.02734375 0.02734375
0 0.65546875 0.54921875 0.02734375 0.03828125
0 0.6265625 0.55859375 0.02265625 0.025
0 0.59609375 0.48671875 0.02421875 0.02734375
0 0.75390625 0.709375 0.0234375 0.034375
0 0.778125 0.746875 0.02890625 0.03515625
0 0.79765625 0.80078125 0.0359375 0.046875
0 0.83046875 0.78984375 0.03046875 0.04375
0 0.7953125 0.8828125 0.0359375 0.04765625
0 0.79609375 0.94765625 0.03203125 0.02734375
0 0.834375 0.93828125 0.02578125 0.03671875
0 0.8796875 0.8984375 0.0359375 0.05078125
0 0.9484375 0.9609375 0.05 0.0703125
0 0.9390625 0.88671875 0.0578125 0.059375
0 0.94296875 0.8015625 0.03203125 0.0375
0 0.97109375 0.75859375 0.034375 0.040625
0 0.9015625 0.68515625 0.03203125 0.04453125
0 0.825 0.68046875 0.03359375 0.04140625
0 0.8078125 0.70703125 0.02734375 0.0390625
0 0.84375 0.74375 0.02109375 0.03046875
0 0.85859375 0.67578125 0.02265625 0.02734375
0 0.91015625 0.625 0.02265625 0.03203125
0 0.75 0.6515625 0.0328125 0.03046875
0 0.98125 0.67578125 0.0375 0.0359375
0 0.846875 0.5671875 0.03046875 0.03203125
0 0.76484375 0.6046875 0.02578125 0.021875
0 0.765625 0.5734375 0.021875 0.02890625
0 0.6734375 0.50390625 0.0296875 0.02734375
0 0.70390625 0.4953125 0.028125 0.03125
0 0.75078125 0.4921875 0.0296875 0.0265625
0 0.74453125 0.46484375 0.01875 0.02734375
0 0.4359375 0.559375 0.0171875 0.0265625
0 0.35 0.5671875 0.01484375 0.02265625
0 0.30546875 0.5421875 0.0265625 0.02734375
0 0.4859375 0.6046875 0.02109375 0.0328125
0 0.78359375 0.43515625 0.0234375 0.02265625
0 0.72265625 0.52421875 0.02578125 0.02265625
0 0.68203125 0.4546875 0.021875 0.0171875
0 0.88359375 0.540625 0.02265625 0.025
0 0.90546875 0.57890625 0.02421875 0.025