0 0.0859375 0.959375 0.028125 0.02578125
0 0.07421875 0.90546875 0.03671875 0.04140625
0 0.1078125 0.84140625 0.03359375 0.02890625
0 0.16328125 0.815625 0.025 0.0296875
0 0.13359375 0.815625 0.0265625 0.02734375
0 0.0984375 0.77734375 0.0265625 0.025
0 0.1375 0.91796875 0.0265625 0.0359375
0 0.26015625 0.9265625 0.04765625 0.0859375
0 0.3171875 0.92578125 0.028125 0.0328125
0 0.34453125 0.94375 0.02734375 0.03828125
0 0.31953125 0.88671875 0.03359375 0.0421875
0 0.4078125 0.93515625 0.03515625 0.04765625
0 0.4734375 0.9609375 0.03984375 0.0484375
0 0.503125 0.975 0.0296875 0.05
0 0.47578125 0.9046875 0.02734375 0.03359375
0 0.6296875 0.9359375 0.040625 0.03984375
0 0.58125 0.86796875 0.03046875 0.05078125
0 0.5140625 0.8171875 0.0265625 0.0390625
0 0.475 0.81015625 0.03203125 0.03828125
0 0.61015625 0.8359375 0.0359375 0.03671875
0 0.63125 0.8828125 0.0296875 0.02890625
0 0.675 0.8421875 0.03046875 0.04375
0 0.66640625 0.79609375 0.0328125 0.03984375
0 0.71328125 0.87578125 0.034375 0.04765625
0 0.76875 0.928125 0.03359375 0.04453125
0 0.8078125 0.96171875 0.03359375 0.06015625
0 0.78203125 0.88515625 0.03359375 0.04296875
0 0.775 0.80234375 0.02890625 0.0390625
0 0.80703125 0.796875 0.03671875 0.04453125
0 0.8453125 0.85859375 0.03984375 0.05078125
0 0.9359375 0.9390625 0.034375 0.04375
0 0.92109375 0.8765625 0.0421875 0.04375
0 0.87890625 0.8484375 0.0296875 0.046875
0 0.925 0.84140625 0.034375 0.0375
0 0.9453125 0.78671875 0.03671875 0.04296875
0 0.859375 0.709375 0.0328125 0.0375
0 0.834375 0.7734375 0.02109375 0.02734375
0 0.703125 0.7671875 0.03359375 0.028125
0 0.66875 0.72890625 0.03359375 0.034375
0 0.63203125 0.7234375 0.0265625 0.02578125
0 0.56640625 0.76796875 0.0296875 0.0375
0 0.51171875 0.76015625 0.0265625 0.03671875
0 0.48515625 0.7515625 0.028125 0.03515625
0 0.559375 0.7140625 0.01953125 0.028125
0 0.58046875 0.66796875 0.02578125 0.0359375
0 0.61640625 0.6921875 0.02265625 0.03125
0 0.49140625 0.68359375 0.03046875 0.03359375
0 0.421875 0.74921875 0.02578125 0.0359375
0 0.37109375 0.8296875 0.03828125 0.0328125
0 0.38125 0.7984375 0.0328125 0.03125
0 0.37421875 0.76875 0.025 0.03046875
0 0.3203125 0.75078125 0.0203125 0.02578125
0 0.33984375 0.74609375 0.025 0.02890625
0 0.27421875 0.81484375 0.02265625 0.03125
0 0.26171875 0.74375 0.02890625 0.03046875
0 0.19921875 0.78359375 0.028125 0.0265625
0 0.175 0.73359375 0.0203125 0.02890625
0 0.19375 0.71171875 0.0328125 0.03203125
0 0.22578125 0.73125 0.021875 0.03046875
0 0.17890625 0.64453125 0.0296875 0.034375
0 0.2640625 0.70703125 0.0359375 0.03984375
0 0.24921875 0.68515625 0.02421875 0.03203125
0 0.2859375 0.67734375 0.02109375 0.02734375
0 0.315625 0.68046875 0.02421875 0.0296875
0 0.35078125 0.690625 0.025 0.0296875
0 0.3859375 0.6828125 0.0265625 0.0234375
0 0.40234375 0.709375 0.021875 0.0265625
0 0.4515625 0.68984375 0.0265625 0.03515625
0 0.5421875 0.6140625 0.03203125 0.0296875
0 0.51484375 0.6234375 0.025 0.028125
0 0.49140625 0.60234375 0.0234375 0.0265625
0 0.36171875 0.65234375 0.02265625 0.02734375
0 0.3140625 0.621875 0.02109375 0.0265625
0 0.23828125 0.61640625 0.025 0.02109375
0 0.134375 0.62265625 0.02421875 0.02421875
0 0.33515625 0.56796875 0.02421875 0.0234375
0 0.3296875 0.49921875 0.02109375 0.02578125
0 0.38515625 0.58828125 0.02109375 0.02578125
0 0.43203125 0.56640625 0.0203125 0.0203125
0 0.4484375 0.5796875 0.02109375 0.02421875
0 0.48125 0.55078125 0.02265625 0.02890625
0 0.5140625 0.56953125 0.02578125 0.0265625
0 0.53828125 0.49375 0.021875 0.02421875
0 0.5484375 0.471875 0.021875 0.02265625
0 0.559375 0.58125 0.0234375 0.02578125
0 0.55 0.546875 0.01875 0.02578125
0 0.4875 0.5109375 0.021875 0.02109375
0 0.2265625 0.6734375 0.015625 0.021875
0 0.3 0.71875 0.021875 0.03203125
0 0.7203125 0.71796875 0.0328125 0.0296875
0 0.74921875 0.6625 0.025 0.0265625
0 0.80078125 0.64765625 0.01953125 0.021875
0 0.88984375 0.6921875 0.02890625 0.0421875
0 0.96640625 0.76640625 0.03515625 0.04375
0 0.9078125 0.73515625 0.028125 0.02890625
0 0.70234375 0.56171875 0.02421875 0.0234375
0 0.68125 0.5875 0.0265625 0.025
0 0.61171875 0.59375 0.02421875 0.02265625
0 0.58203125 0.56171875 0.01796875 0.028125
0 0.6359375 0.55390625 0.01875 0.028125
0 0.74375 0.5921875 0.02734375 0.02578125
0 0.98828125 0.67421875 0.0234375 0.02734375
0 0.8609375 0.5390625 0.02265625 0.0234375
0 0.8015625 0.53828125 0.0234375 0.02265625