0 0.084375 0.834375 0.06015625 0.08828125
0 0.4609375 0.95234375 0.06875 0.0703125
0 0.58203125 0.88125 0.0328125 0.0453125
0 0.58828125 0.96796875 0.0359375 0.04140625
0 0.646875 0.91328125 0.04921875 0.08359375
0 0.696875 0.88515625 0.034375 0.0625
0 0.640625 0.8296875 0.0609375 0.06484375
0 0.79375 0.94453125 0.05625 0.075
0 0.8390625 0.946875 0.05625 0.0703125
0 0.74453125 0.8375 0.0484375 0.065625
0 0.77578125 0.8875 0.03828125 0.046875
0 0.55703125 0.75625 0.05078125 0.0578125
0 0.4875 0.75078125 0.03046875 0.0359375
0 0.28828125 0.86640625 0.05234375 0.065625
0 0.2875 0.92890625 0.0453125 0.07890625
0 0.19921875 0.9328125 0.07265625 0.075
0 0.29921875 0.72421875 0.0375 0.0546875
0 0.2625 0.6984375 0.04296875 0.04140625
0 0.23828125 0.6734375 0.034375 0.03828125
0 0.18125 0.70859375 0.028125 0.040625
0 0.22265625 0.778125 0.03671875 0.0671875
0 0.184375 0.78515625 0.02265625 0.0421875
0 0.15859375 0.83515625 0.0390625 0.03359375
0 0.13203125 0.8796875 0.04140625 0.06015625
0 0.1328125 0.95703125 0.0546875 0.07421875
0 0.07421875 0.92421875 0.06328125 0.065625
0 0.3671875 0.6375 0.03671875 0.04609375
0 0.43984375 0.665625 0.0390625 0.053125
0 0.38046875 0.73671875 0.0328125 0.03671875
0 0.3578125 0.86484375 0.04140625 0.0625
0 0.440625 0.8140625 0.04140625 0.0484375
0 0.4359375 0.88359375 0.03828125 0.03203125
0 0.38359375 0.80703125 0.05234375 0.0703125
0 0.4953125 0.66484375 0.03671875 0.04140625
0 0.52578125 0.665625 0.0390625 0.0421875
0 0.6265625 0.7140625 0.03515625 0.04609375
0 0.5984375 0.7578125 0.0328125 0.053125
0 0.6359375 0.76484375 0.03671875 0.04609375
0 0.45390625 0.6 0.0296875 0.04453125
0 0.490625 0.5453125 0.034375 0.034375
0 0.46640625 0.5828125 0.03125 0.03828125
0 0.40546875 0.55390625 0.03984375 0.03828125
0 0.8671875 0.83515625 0.0703125 0.07109375
0 0.87734375 0.74296875 0.046875 0.06015625
0 0.82109375 0.73125 0.05078125 0.06171875
0 0.78203125 0.76640625 0.04375 0.05234375
0 0.7453125 0.74765625 0.02734375 0.0546875
0 0.68984375 0.753125 0.04140625 0.04609375
0 0.67109375 0.69921875 0.03984375 0.05
0 0.74140625 0.63828125 0.03828125 0.04609375
0 0.31015625 0.6609375 0.04765625 0.04453125
0 0.265625 0.63671875 0.03125 0.0375
0 0.32109375 0.6203125 0.034375 0.03359375
0 0.4078125 0.61796875 0.03984375 0.0453125
0 0.59765625 0.603125 0.02734375 0.03828125
0 0.69609375 0.615625 0.0265625 0.03203125
0 0.878125 0.66484375 0.0265625 0.0328125
0 0.85859375 0.68125 0.02578125 0.0421875
0 0.79375 0.634375 0.0484375 0.0484375
0 0.80390625 0.81953125 0.02734375 0.040625
0 0.7796875 0.815625 0.0203125 0.0359375
0 0.834375 0.678125 0.02421875 0.02890625
0 0.14453125 0.5953125 0.02578125 0.034375
0 0.24296875 0.61015625 0.0234375 0.028125
0 0.31953125 0.5921875 0.040625 0.028125
0 0.275 0.5796875 0.03125 0.0296875
0 0.29453125 0.55078125 0.03046875 0.02421875
0 0.35546875 0.55234375 0.034375 0.02421875
0 0.34453125 0.534375 0.03046875 0.01875
0 0.35625 0.70546875 0.0203125 0.02734375
0 0.353125 0.73828125 0.02265625 0.01875
0 0.403125 0.7078125 0.0234375 0.02578125
0 0.63046875 0.56953125 0.02421875 0.0296875
0 0.9390625 0.765625 0.06171875 0.04765625
0 0.30859375 0.4890625 0.0390625 0.03359375
0 0.553125 0.521875 0.02734375 0.02421875
0 0.60625 0.51796875 0.0265625 0.01875
0 0.58046875 0.48515625 0.0234375 0.015625
0 0.6640625 0.50625 0.025 0.02578125
0 0.78671875 0.56875 0.0265625 0.0296875
0 0.0953125 0.67890625 0.028125 0.01875
0 0.11953125 0.6890625 0.02578125 0.021875
0 0.08203125 0.56796875 0.02421875 0.0265625
0 0.25390625 0.5640625 0.02109375 0.028125
0 0.228125 0.55078125 0.0171875 0.021875
0 0.22109375 0.52890625 0.0296875 0.03203125
0 0.1921875 0.5234375 0.0203125 0.021875
0 0.17109375 0.53359375 0.021875 0.01875
0 0.42578125 0.51640625 0.034375 0.02734375
0 0.4640625 0.51953125 0.01640625 0.02265625
0 0.47734375 0.48046875 0.03359375 0.028125
0 0.6546875 0.54375 0.034375 0.0265625
0 0.6234375 0.5421875 0.0296875 0.0234375
0 0.746875 0.51796875 0.02578125 0.0234375