0 0.2484375 0.9140625 0.04765625 0.06484375
0 0.171875 0.94296875 0.03671875 0.0546875
0 0.13046875 0.9125 0.046875 0.04765625
0 0.12265625 0.8625 0.04296875 0.03984375
0 0.075 0.840625 0.04296875 0.04375
0 0.06640625 0.7078125 0.03515625 0.04375
0 0.0984375 0.68046875 0.03828125 0.0421875
0 0.12578125 0.61015625 0.028125 0.03046875
0 0.17265625 0.68046875 0.028125 0.034375
0 0.21015625 0.72734375 0.02734375 0.0359375
0 0.28203125 0.75390625 0.0578125 0.05
0 0.3328125 0.88203125 0.046875 0.05859375
0 0.3609375 0.92578125 0.05078125 0.06953125
0 0.44765625 0.9265625 0.06015625 0.06484375
0 0.4796875 0.8375 0.04609375 0.05859375
0 0.59140625 0.90625 0.05078125 0.06484375
0 0.35078125 0.76484375 0.04609375 0.03984375
0 0.27265625 0.684375 0.040625 0.04765625
0 0.3078125 0.57890625 0.028125 0.0296875
0 0.2453125 0.55234375 0.02734375 0.02890625
0 0.1703125 0.578125 0.03515625 0.03671875
0 0.25703125 0.49765625 0.03046875 0.0265625
0 0.265625 0.52421875 0.02109375 0.02421875
0 0.31484375 0.48984375 0.025 0.02421875
0 0.34140625 0.67578125 0.0359375 0.0390625
0 0.384375 0.621875 0.02890625 0.034375
0 0.42421875 0.6796875 0.03046875 0.03828125
0 0.46015625 0.68671875 0.03203125 0.040625
0 0.5484375 0.7390625 0.04375 0.04921875
0 0.58828125 0.7984375 0.03125 0.04609375
0 0.6859375 0.83984375 0.03828125 0.0390625
0 0.7765625 0.82734375 0.03984375 0.06640625
0 0.7234375 0.753125 0.05 0.05703125
0 0.8453125 0.9640625 0.05234375 0.07109375
0 0.8234375 0.89765625 0.04296875 0.06484375
0 0.77890625 0.940625 0.0359375 0.046875
0 0.87109375 0.89609375 0.046875 0.05859375
0 0.8703125 0.7984375 0.0484375 0.05390625
0 0.9296875 0.8265625 0.046875 0.0640625
0 0.95078125 0.78984375 0.05078125 0.04921875
0 0.98359375 0.778125 0.0328125 0.05
0 0.87578125 0.72890625 0.03671875 0.04765625
0 0.728125 0.68515625 0.040625 0.05546875
0 0.76015625 0.6671875 0.03671875 0.0453125
0 0.78046875 0.60859375 0.03828125 0.05546875
0 0.8109375 0.59921875 0.03046875 0.03359375
0 0.85390625 0.59609375 0.0328125 0.0359375
0 0.92734375 0.67890625 0.05 0.03984375
0 0.91640625 0.64453125 0.0390625 0.0390625
0 0.940625 0.621875 0.03671875 0.02890625
0 0.65 0.596875 0.02265625 0.03125
0 0.6359375 0.71171875 0.03515625 0.04296875
0 0.653125 0.6578125 0.02734375 0.0375
0 0.6203125 0.59765625 0.02578125 0.028125
0 0.5890625 0.71171875 0.0296875 0.046875
0 0.553125 0.696875 0.021875 0.0375
0 0.5609375 0.6890625 0.00859375 0.015625
0 0.53046875 0.68125 0.02890625 0.0234375
0 0.490625 0.67421875 0.03046875 0.03125
0 0.4953125 0.5875 0.0234375 0.03515625
0 0.434375 0.59140625 0.02734375 0.03125
0 0.4015625 0.546875 0.028125 0.0328125
0 0.39375 0.51171875 0.03359375 0.0265625
0 0.45234375 0.5296875 0.03359375 0.03046875
0 0.52265625 0.52890625 0.0234375 0.02734375
0 0.50859375 0.48515625 0.01875 0.021875
0 0.55703125 0.50390625 0.02890625 0.02890625
0 0.6015625 0.46875 0.02421875 0.0328125
0 0.65625 0.5515625 0.021875 0.02109375
0 0.57734375 0.565625 0.01875 0.0328125
0 0.69609375 0.5546875 0.02421875 0.03359375
0 0.68203125 0.46875 0.021875 0.02890625
0 0.8078125 0.7203125 0.03203125 0.03515625
0 0.5421875 0.840625 0.04140625 0.0390625
0 0.40546875 0.7625 0.02421875 0.03359375
0 0.3875 0.70078125 0.028125 0.03671875
0 0.32890625 0.80703125 0.03515625 0.04140625
0 0.4296875 0.43359375 0.02265625 0.0296875
0 0.21875 0.67109375 0.0265625 0.034375