0 0.12109375 0.9703125 0.03984375 0.05859375
0 0.06171875 0.94765625 0.04375 0.0609375
0 0.07421875 0.778125 0.0328125 0.04765625
0 0.0828125 0.6984375 0.03046875 0.0296875
0 0.065625 0.6828125 0.03046875 0.03828125
0 0.0421875 0.60859375 0.028125 0.0421875
0 0.1125 0.64453125 0.025 0.03203125
0 0.0796875 0.61796875 0.02109375 0.0265625
0 0.1125 0.58828125 0.02109375 0.0265625
0 0.0921875 0.5625 0.0203125 0.04609375
0 0.13984375 0.54765625 0.034375 0.0453125
0 0.17890625 0.59765625 0.02734375 0.0390625
0 0.20234375 0.56328125 0.028125 0.0296875
0 0.184375 0.53671875 0.0296875 0.0265625
0 0.23359375 0.61875 0.02890625 0.03671875
0 0.228125 0.58671875 0.03828125 0.0328125
0 0.2546875 0.5734375 0.02265625 0.03359375
0 0.28203125 0.584375 0.0296875 0.046875
0 0.31015625 0.64609375 0.040625 0.05
0 0.328125 0.70703125 0.028125 0.03828125
0 0.34375 0.76015625 0.03125 0.03671875
0 0.29609375 0.79921875 0.03046875 0.05625
0 0.290625 0.753125 0.02578125 0.028125
0 0.23046875 0.784375 0.0328125 0.04765625
0 0.2125 0.7953125 0.028125 0.02734375
0 0.15078125 0.71875 0.03828125 0.046875
0 0.23984375 0.94765625 0.05625 0.0640625
0 0.3234375 0.9671875 0.05234375 0.065625
0 0.33359375 0.8765625 0.02578125 0.04921875
0 0.38984375 0.92578125 0.06171875 0.06875
0 0.40703125 0.88046875 0.0390625 0.046875
0 0.38671875 0.79765625 0.0421875 0.04921875
0 0.37890625 0.71796875 0.034375 0.04375
0 0.3765625 0.66015625 0.0296875 0.04609375
0 0.37265625 0.60859375 0.0328125 0.03828125
0 0.3515625 0.57734375 0.0265625 0.03203125
0 0.3375 0.52578125 0.02578125 0.03984375
0 0.43359375 0.6359375 0.0296875 0.03828125
0 0.4296875 0.6859375 0.0265625 0.0375
0 0.415625 0.5640625 0.02890625 0.040625
0 0.41015625 0.5328125 0.0359375 0.02421875
0 0.453125 0.5171875 0.0296875 0.03515625
0 0.471875 0.59609375 0.025 0.05078125
0 0.49453125 0.6203125 0.01875 0.028125
0 0.52265625 0.7671875 0.0421875 0.0671875
0 0.0875 0.51015625 0.04453125 0.040625
0 0.140625 0.5109375 0.03125 0.03125
0 0.16796875 0.49140625 0.028125 0.0203125
0 0.15625 0.47265625 0.025 0.03671875
0 0.2046875 0.5015625 0.02421875 0.025
0 0.25234375 0.5171875 0.03125 0.02578125
0 0.28984375 0.48046875 0.02421875 0.0265625
0 0.41015625 0.4828125 0.0171875 0.04765625
0 0.47578125 0.91171875 0.0328125 0.05390625
0 0.51875 0.96328125 0.05 0.05625
0 0.53671875 0.87734375 0.0265625 0.046875
0 0.63671875 0.86640625 0.03359375 0.0703125
0 0.73984375 0.86484375 0.02265625 0.04765625
0 0.75859375 0.92421875 0.04765625 0.06015625
0 0.74453125 0.990625 0.0484375 0.01875
0 0.84375 0.978125 0.04296875 0.04296875
0 0.81640625 0.89765625 0.025 0.03203125
0 0.87265625 0.88046875 0.053125 0.071875
0 0.821875 0.80625 0.03828125 0.03984375
0 0.8546875 0.77734375 0.0359375 0.04375
0 0.80546875 0.72109375 0.0203125 0.040625
0 0.77421875 0.74609375 0.02109375 0.03359375
0 0.7171875 0.75625 0.02734375 0.028125
0 0.7046875 0.73125 0.0171875 0.040625
0 0.67734375 0.74921875 0.01796875 0.0421875
0 0.74609375 0.7625 0.02421875 0.0421875
0 0.728125 0.72421875 0.01484375 0.03359375
0 0.65234375 0.6765625 0.03125 0.04453125
0 0.60859375 0.72890625 0.03046875 0.04375
0 0.5625 0.740625 0.025 0.05625
0 0.53046875 0.6921875 0.0390625 0.05
0 0.5734375 0.68046875 0.0359375 0.04375
0 0.6109375 0.63359375 0.0203125 0.065625
0 0.6875 0.62421875 0.03125 0.03046875
0 0.64921875 0.5859375 0.028125 0.028125
0 0.6921875 0.59375 0.02109375 0.02890625
0 0.7609375 0.63515625 0.0265625 0.05390625
0 0.7203125 0.57421875 0.01796875 0.03984375
0 0.7765625 0.58515625 0.0234375 0.03359375
0 0.7984375 0.64609375 0.02265625 0.0296875
0 0.8546875 0.60390625 0.01875 0.04140625
0 0.8625 0.653125 0.028125 0.03671875
0 0.79296875 0.559375 0.02578125 0.04453125
0 0.765625 0.5109375 0.0328125 0.04296875
0 0.73828125 0.49140625 0.0234375 0.03515625
0 0.63671875 0.48125 0.0234375 0.0375
0 0.60703125 0.52734375 0.02734375 0.0265625
0 0.5640625 0.52890625 0.02265625 0.03828125
0 0.5296875 0.4921875 0.02109375 0.02578125
0 0.59765625 0.4609375 0.02109375 0.028125
0 0.65625 0.42265625 0.02265625 0.028125
0 0.68046875 0.4796875 0.01953125 0.02265625
0 0.559375 0.62109375 0.03203125 0.05390625
0 0.9140625 0.96953125 0.0390625 0.0609375
0 0.94375 0.965625 0.0390625 0.053125
0 0.98046875 0.93515625 0.0375 0.07890625
0 0.984375 0.88671875 0.03125 0.0421875
0 0.9875 0.778125 0.025 0.05625
0 0.9734375 0.73046875 0.03359375 0.0453125
0 0.903125 0.68515625 0.0359375 0.0421875
0 0.90546875 0.6265625 0.03125 0.03515625
0 0.90625 0.59140625 0.02265625 0.034375
0 0.86640625 0.55 0.025 0.01953125
0 0.86328125 0.51875 0.0265625 0.03515625
0 0.91328125 0.55859375 0.0390625 0.0390625
0 0.90390625 0.51796875 0.0203125 0.0359375
0 0.896875 0.4828125 0.034375 0.04453125
0 0.82734375 0.571875 0.03828125 0.03828125
0 0.74375 0.4453125 0.0234375 0.03828125
0 0.56796875 0.46796875 0.025 0.03671875
0 0.56640625 0.4375 0.021875 0.03125
0 0.56328125 0.50078125 0.02421875 0.01953125
0 0.46328125 0.40703125 0.02890625 0.02734375
0 0.24921875 0.45859375 0.0234375 0.02734375
0 0.24609375 0.43125 0.015625 0.028125
0 0.11015625 0.4640625 0.01953125 0.02265625
0 0.1078125 0.4296875 0.0265625 0.0234375
0 0.07109375 0.47578125 0.03046875 0.03203125