0 0.040625 0.91328125 0.05859375 0.0890625
0 0.0171875 0.82734375 0.034375 0.0515625
0 0.08515625 0.7890625 0.04921875 0.040625
0 0.1390625 0.925 0.06171875 0.084375
0 0.21328125 0.915625 0.04140625 0.06875
0 0.2921875 0.94765625 0.06171875 0.07578125
0 0.39453125 0.9375 0.06015625 0.065625
0 0.46015625 0.8453125 0.053125 0.06328125
0 0.53203125 0.78125 0.0625 0.0390625
0 0.62265625 0.78515625 0.04609375 0.06015625
0 0.62421875 0.878125 0.0421875 0.05859375
0 0.62890625 0.9578125 0.034375 0.071875
0 0.5859375 0.9625 0.040625 0.075
0 0.5265625 0.95859375 0.0578125 0.07421875
0 0.68515625 0.975 0.03828125 0.05
0 0.4828125 0.70625 0.04296875 0.05078125
0 0.41015625 0.7265625 0.03671875 0.040625
0 0.384375 0.69609375 0.0234375 0.05546875
0 0.34921875 0.7609375 0.0359375 0.065625
0 0.25078125 0.80234375 0.03984375 0.05
0 0.28515625 0.8640625 0.04375 0.03359375
0 0.2578125 0.73671875 0.0359375 0.0296875
0 0.26328125 0.690625 0.040625 0.04140625
0 0.29765625 0.64296875 0.034375 0.0328125
0 0.28515625 0.5890625 0.0390625 0.0515625
0 0.359375 0.6 0.04921875 0.0359375
0 0.471875 0.63671875 0.04296875 0.03359375
0 0.51875 0.6359375 0.0265625 0.03203125
0 0.553125 0.675 0.05703125 0.0484375
0 0.16328125 0.73359375 0.0453125 0.05078125
0 0.1796875 0.68828125 0.0234375 0.034375
0 0.13828125 0.65078125 0.015625 0.01875
0 0.04453125 0.70703125 0.05078125 0.03359375
0 0.12421875 0.57265625 0.03828125 0.02734375
0 0.0390625 0.559375 0.0296875 0.03046875
0 0.01484375 0.503125 0.0296875 0.034375
0 0.084375 0.5109375 0.025 0.0203125
0 0.12734375 0.52734375 0.02109375 0.021875
0 0.16484375 0.51953125 0.03203125 0.028125
0 0.16484375 0.58671875 0.0140625 0.028125
0 0.19296875 0.559375 0.01640625 0.0234375
0 0.23125 0.534375 0.0234375 0.02421875
0 0.20234375 0.496875 0.01171875 0.0203125
0 0.215625 0.50546875 0.01640625 0.01953125
0 0.1859375 0.48046875 0.01640625 0.02421875
0 0.1609375 0.475 0.02421875 0.0140625
0 0.1234375 0.490625 0.0109375 0.0140625
0 0.1203125 0.46328125 0.025 0.021875
0 0.26484375 0.496875 0.03046875 0.01953125
0 0.3078125 0.54296875 0.03828125 0.02265625
0 0.3359375 0.51015625 0.0234375 0.03203125
0 0.3375 0.484375 0.034375 0.02265625
0 0.3984375 0.56640625 0.0203125 0.0171875
0 0.36640625 0.534375 0.0234375 0.0140625
0 0.3984375 0.51796875 0.0203125 0.0234375
0 0.45703125 0.56484375 0.028125 0.03046875
0 0.44296875 0.6109375 0.03515625 0.03671875
0 0.51640625 0.51953125 0.0421875 0.0453125
0 0.55859375 0.4859375 0.028125 0.03203125
0 0.57109375 0.51484375 0.01484375 0.02734375
0 0.596875 0.52109375 0.02578125 0.0171875
0 0.5875 0.578125 0.0296875 0.0359375
0 0.6296875 0.60703125 0.03828125 0.04296875
0 0.659375 0.68125 0.040625 0.040625
0 0.68671875 0.6984375 0.01328125 0.02890625
0 0.70078125 0.64140625 0.04765625 0.046875
0 0.71171875 0.678125 0.0296875 0.040625
0 0.7390625 0.74921875 0.0234375 0.0625
0 0.76953125 0.73359375 0.03515625 0.0359375
0 0.79453125 0.7 0.0390625 0.03984375
0 0.7546875 0.63671875 0.02890625 0.03515625
0 0.76015625 0.57265625 0.0328125 0.03828125
0 0.69609375 0.58359375 0.0234375 0.015625
0 0.73203125 0.59296875 0.0296875 0.025
0 0.74140625 0.5234375 0.028125 0.04375
0 0.715625 0.51953125 0.02109375 0.04140625
0 0.696875 0.48671875 0.021875 0.03828125
0 0.8140625 0.82578125 0.0359375 0.0421875
0 0.8234375 0.79140625 0.02421875 0.03828125
0 0.86015625 0.81796875 0.03984375 0.05625
0 0.88125 0.94296875 0.05390625 0.0703125
0 0.92578125 0.740625 0.0328125 0.05703125
0 0.89375 0.765625 0.03046875 0.0328125
0 0.85234375 0.7296875 0.04765625 0.0390625
0 0.94453125 0.67421875 0.03046875 0.05859375
0 0.92421875 0.60078125 0.02890625 0.03828125
0 0.87265625 0.58515625 0.0140625 0.03046875
0 0.8328125 0.5953125 0.03125 0.0234375
0 0.79453125 0.571875 0.01484375 0.02265625
0 0.809375 0.62265625 0.03125 0.04375
0 0.8421875 0.6421875 0.03203125 0.028125
0 0.94453125 0.559375 0.02421875 0.01875
0 0.98125 0.50234375 0.0296875 0.01796875
0 0.9390625 0.5203125 0.0265625 0.0203125
0 0.94765625 0.49296875 0.0203125 0.0140625
0 0.8828125 0.53828125 0.03359375 0.01796875
0 0.83203125 0.4953125 0.01640625 0.01796875
0 0.790625 0.44765625 0.025 0.02109375
0 0.84140625 0.453125 0.02421875 0.01484375
0 0.9171875 0.42578125 0.03046875 0.015625
0 0.8859375 0.4671875 0.021875 0.021875
0 0.0515625 0.61328125 0.02109375 0.0171875
0 0.06640625 0.56875 0.01796875 0.0125
0 0.09609375 0.60390625 0.01640625 0.01796875
0 0.25 0.4546875 0.02265625 0.01328125
0 0.31875 0.44296875 0.0140625 0.015625
0 0.390625 0.46484375 0.015625 0.02890625
0 0.41171875 0.440625 0.0234375 0.01796875
0 0.4921875 0.4578125 0.02734375 0.0234375
0 0.58515625 0.45625 0.03203125 0.01953125
0 0.58984375 0.4328125 0.0171875 0.025
0 0.51640625 0.4203125 0.01875 0.03125
0 0.5359375 0.4234375 0.01875 0.01875
0 0.671875 0.4421875 0.028125 0.02265625
0 0.646875 0.50234375 0.028125 0.04296875
0 0.70625 0.43984375 0.02109375 0.01484375
0 0.94453125 0.4234375 0.02265625 0.02421875