0 0.15390625 0.8609375 0.03671875 0.040625
0 0.05859375 0.7375 0.03671875 0.04140625
0 0.09296875 0.740625 0.02578125 0.03671875
0 0.0078125 0.83203125 0.015625 0.03046875
0 0.028125 0.6796875 0.03203125 0.03203125
0 0.0984375 0.678125 0.02734375 0.03046875
0 0.1203125 0.68203125 0.028125 0.03046875
0 0.16953125 0.69453125 0.0375 0.034375
0 0.13203125 0.61328125 0.0234375 0.03203125
0 0.18671875 0.64140625 0.01640625 0.01953125
0 0.08828125 0.6203125 0.0296875 0.034375
0 0.075 0.525 0.01953125 0.025
0 0.14140625 0.55390625 0.0265625 0.0234375
0 0.1828125 0.55859375 0.01875 0.0265625
0 0.21640625 0.55078125 0.02734375 0.03125
0 0.22578125 0.6015625 0.0234375 0.02890625
0 0.253125 0.62109375 0.0265625 0.03203125
0 0.25078125 0.653125 0.02421875 0.02265625
0 0.2875 0.65859375 0.03515625 0.03125
0 0.2546875 0.7171875 0.0328125 0.04375
0 0.18203125 0.7640625 0.03671875 0.04453125
0 0.134375 0.790625 0.0296875 0.03984375
0 0.24453125 0.91328125 0.0234375 0.0375
0 0.24609375 0.8765625 0.028125 0.0375
0 0.2375 0.76796875 0.0265625 0.0390625
0 0.2609375 0.80546875 0.0265625 0.040625
0 0.32734375 0.81171875 0.0265625 0.040625
0 0.296875 0.8484375 0.025 0.04140625
0 0.31953125 0.88359375 0.034375 0.05546875
0 0.365625 0.94921875 0.034375 0.05078125
0 0.3140625 0.9703125 0.02734375 0.03828125
0 0.33125 0.92421875 0.0328125 0.03515625
0 0.42890625 0.9171875 0.03046875 0.0421875
0 0.4015625 0.7796875 0.03671875 0.05390625
0 0.46171875 0.85625 0.02109375 0.03828125
0 0.30390625 0.696875 0.03125 0.028125
0 0.290625 0.528125 0.02578125 0.02109375
0 0.246875 0.5171875 0.0203125 0.02109375
0 0.36328125 0.5203125 0.02421875 0.02109375
0 0.34140625 0.64765625 0.02578125 0.02578125
0 0.390625 0.7203125 0.0234375 0.03359375
0 0.35859375 0.7265625 0.03046875 0.03046875
0 0.38203125 0.68515625 0.015625 0.0203125
0 0.39609375 0.596875 0.0265625 0.02734375
0 0.39375 0.5203125 0.02109375 0.0203125
0 0.3984375 0.496875 0.028125 0.025
0 0.35390625 0.48984375 0.01875 0.0203125
0 0.45546875 0.5828125 0.0234375 0.025
0 0.425 0.52578125 0.02421875 0.0234375
0 0.4734375 0.80234375 0.028125 0.046875
0 0.44140625 0.7734375 0.03203125 0.03515625
0 0.49375 0.7671875 0.02265625 0.03515625
0 0.5484375 0.87734375 0.03828125 0.046875
0 0.5671875 0.796875 0.0359375 0.04140625
0 0.5875 0.8640625 0.0375 0.05546875
0 0.621875 0.896875 0.028125 0.03828125
0 0.63671875 0.82421875 0.01875 0.02578125
0 0.66015625 0.8640625 0.025 0.0328125
0 0.67890625 0.90859375 0.0390625 0.06015625
0 0.69765625 0.9578125 0.034375 0.04765625
0 0.75078125 0.93203125 0.04375 0.05234375
0 0.74140625 0.84921875 0.03125 0.0421875
0 0.81796875 0.8625 0.03203125 0.0359375
0 0.928125 0.834375 0.03125 0.03359375
0 0.85390625 0.82734375 0.028125 0.040625
0 0.8625 0.77265625 0.034375 0.0484375
0 0.91796875 0.759375 0.0375 0.040625
0 0.94921875 0.753125 0.0265625 0.0375
0 0.81953125 0.69921875 0.03203125 0.034375
0 0.86328125 0.68125 0.02734375 0.03125
0 0.93046875 0.6546875 0.03203125 0.0296875
0 0.95390625 0.7109375 0.0265625 0.02734375
0 0.96328125 0.6515625 0.02421875 0.02578125
0 0.8578125 0.628125 0.02578125 0.02578125
0 0.83828125 0.58828125 0.01953125 0.02265625
0 0.93671875 0.5515625 0.028125 0.02265625
0 0.83203125 0.48125 0.0265625 0.0203125
0 0.78359375 0.54765625 0.02578125 0.02421875
0 0.75234375 0.53515625 0.02265625 0.028125
0 0.72734375 0.5421875 0.021875 0.025
0 0.79140625 0.4875 0.02421875 0.0234375
0 0.76328125 0.49296875 0.0234375 0.0234375
0 0.76328125 0.71328125 0.02578125 0.03515625
0 0.70078125 0.69296875 0.025 0.028125
0 0.67890625 0.64609375 0.021875 0.03046875
0 0.66328125 0.73984375 0.0296875 0.0453125
0 0.628125 0.72890625 0.0265625 0.0375
0 0.615625 0.6703125 0.034375 0.03515625
0 0.64453125 0.65546875 0.01875 0.03359375
0 0.6359375 0.603125 0.0265625 0.02421875
0 0.66015625 0.5578125 0.015625 0.025
0 0.640625 0.5625 0.01328125 0.01953125
0 0.57578125 0.62890625 0.01875 0.0359375
0 0.57109375 0.471875 0.0234375 0.01875
0 0.52734375 0.6234375 0.02421875 0.03359375
0 0.490625 0.63984375 0.02890625 0.03515625
0 0.52734375 0.66015625 0.0265625 0.02578125
0 0.50546875 0.59453125 0.02421875 0.02890625
0 0.5671875 0.690625 0.025 0.0375
0 0.534375 0.71484375 0.03046875 0.0328125
0 0.46953125 0.6890625 0.0265625 0.03515625
0 0.4140625 0.64765625 0.02109375 0.02265625
0 0.1578125 0.9375 0.04609375 0.0390625
0 0.178125 0.8078125 0.0296875 0.03203125
0 0.275 0.4953125 0.0234375 0.03125
0 0.6484375 0.46171875 0.02265625 0.02109375
0 0.82578125 0.45703125 0.0203125 0.02109375
0 0.51171875 0.40234375 0.01640625 0.0171875
0 0.28359375 0.41171875 0.021875 0.0171875