0 0.38984375 0.97109375 0.059375 0.05703125
0 0.48046875 0.971875 0.04765625 0.05078125
0 0.07109375 0.8328125 0.04296875 0.05703125
0 0.1453125 0.76015625 0.04375 0.04375
0 0.06484375 0.74609375 0.04296875 0.05703125
0 0.06328125 0.71796875 0.0375 0.0265625
0 0.01484375 0.7 0.0296875 0.03125
0 0.03984375 0.6421875 0.04765625 0.04609375
0 0.07578125 0.65703125 0.028125 0.0296875
0 0.1078125 0.67890625 0.03125 0.0328125
0 0.18046875 0.6359375 0.0375 0.03203125
0 0.23359375 0.653125 0.0390625 0.02890625
0 0.259375 0.690625 0.021875 0.021875
0 0.21015625 0.85625 0.0203125 0.028125
0 0.22734375 0.8328125 0.0390625 0.046875
0 0.2984375 0.8546875 0.0390625 0.0515625
0 0.3328125 0.940625 0.025 0.06015625
0 0.33125 0.7515625 0.03125 0.0328125
0 0.38125 0.7578125 0.04375 0.0453125
0 0.4328125 0.73046875 0.03984375 0.04296875
0 0.38046875 0.7015625 0.03125 0.0328125
0 0.31875 0.690625 0.0359375 0.028125
0 0.3046875 0.67890625 0.02421875 0.02578125
0 0.2875 0.62421875 0.0328125 0.0328125
0 0.23046875 0.62421875 0.03203125 0.028125
0 0.20234375 0.59375 0.028125 0.02578125
0 0.1421875 0.571875 0.03984375 0.0234375
0 0.08671875 0.58984375 0.03125 0.03828125
0 0.1046875 0.62578125 0.03046875 0.0421875
0 0.340625 0.553125 0.025 0.01640625
0 0.41875 0.59296875 0.0328125 0.01875
0 0.4171875 0.559375 0.0265625 0.02265625
0 0.37421875 0.6453125 0.03828125 0.03828125
0 0.35 0.60703125 0.0203125 0.0265625
0 0.43671875 0.66953125 0.03203125 0.04140625
0 0.48046875 0.63359375 0.03203125 0.03046875
0 0.346875 0.81640625 0.03359375 0.034375
0 0.3921875 0.85625 0.04140625 0.03828125
0 0.40703125 0.934375 0.04375 0.05078125
0 0.08203125 0.53046875 0.0328125 0.02421875
0 0.1375 0.53515625 0.03125 0.03125
0 0.52890625 0.81953125 0.04921875 0.065625
0 0.540625 0.9421875 0.0296875 0.03515625
0 0.64765625 0.92890625 0.0484375 0.06640625
0 0.7359375 0.92734375 0.025 0.03359375
0 0.75546875 0.92109375 0.03203125 0.06171875
0 0.83828125 0.9671875 0.03671875 0.03828125
0 0.90546875 0.95625 0.07734375 0.0875
0 0.84453125 0.8578125 0.05546875 0.0640625
0 0.6875 0.7984375 0.03125 0.0390625
0 0.61796875 0.78359375 0.03828125 0.03046875
0 0.571875 0.7875 0.03671875 0.0390625
0 0.57578125 0.72109375 0.04375 0.04296875
0 0.61796875 0.67734375 0.0234375 0.0375
0 0.66796875 0.61796875 0.02890625 0.02890625
0 0.6609375 0.71875 0.028125 0.04140625
0 0.73984375 0.6078125 0.028125 0.0328125
0 0.73359375 0.8078125 0.04453125 0.0609375
0 0.7171875 0.78125 0.01640625 0.03359375
0 0.7640625 0.8125 0.0328125 0.040625
0 0.790625 0.79140625 0.03046875 0.03515625
0 0.7765625 0.6640625 0.0234375 0.0421875
0 0.70234375 0.665625 0.03125 0.03359375
0 0.61796875 0.56015625 0.02890625 0.02734375
0 0.65625 0.56015625 0.01640625 0.01875
0 0.81171875 0.590625 0.0390625 0.03671875
0 0.79296875 0.6234375 0.028125 0.03125
0 0.815625 0.6921875 0.03125 0.03671875
0 0.81328125 0.665625 0.0328125 0.03125
0 0.88671875 0.8421875 0.0328125 0.0515625
0 0.884375 0.58359375 0.02734375 0.03125
0 0.9546875 0.90859375 0.04609375 0.0578125
0 0.9875 0.7984375 0.02109375 0.02734375
0 0.98984375 0.7671875 0.0203125 0.03515625
0 0.93125 0.7265625 0.046875 0.05078125
0 0.50078125 0.6609375 0.028125 0.034375
0 0.56171875 0.6578125 0.02109375 0.02578125
0 0.46953125 0.56171875 0.025 0.02890625
0 0.7890625 0.7484375 0.01796875 0.01953125
0 0.83125 0.765625 0.025 0.02109375
0 0.56875 0.55703125 0.02421875 0.021875
0 0.6140625 0.48828125 0.03046875 0.02578125
0 0.66640625 0.446875 0.03125 0.025
0 0.75078125 0.5203125 0.02421875 0.025
0 0.77890625 0.53515625 0.021875 0.0203125
0 0.81796875 0.53984375 0.03046875 0.021875
0 0.925 0.63125 0.02890625 0.021875
0 0.928125 0.59375 0.03359375 0.03671875
0 0.928125 0.6578125 0.03359375 0.03359375
0 0.8515625 0.6078125 0.025 0.01875
0 0.8828125 0.55390625 0.03203125 0.03359375
0 0.88984375 0.70078125 0.028125 0.0375
0 0.65234375 0.51171875 0.03359375 0.02421875
0 0.66328125 0.54140625 0.028125 0.02421875
0 0.5796875 0.53125 0.0171875 0.02109375
0 0.54375 0.51796875 0.01875 0.021875
0 0.51015625 0.5125 0.0375 0.02578125
0 0.41171875 0.5015625 0.0234375 0.0203125
0 0.87578125 0.646875 0.03671875 0.028125
0 0.8921875 0.62890625 0.021875 0.02578125
0 0.76484375 0.634375 0.0203125 0.02890625
0 0.15234375 0.909375 0.06171875 0.03984375
0 0.21015625 0.528125 0.025 0.03125
0 0.25625 0.609375 0.02265625 0.0203125
0 0.1625 0.5109375 0.0296875 0.02890625
0 0.28125 0.79921875 0.03203125 0.0328125
0 0.37421875 0.82734375 0.02890625 0.04375