0 0.06953125 0.92109375 0.04140625 0.07265625
0 0.0984375 0.7921875 0.04140625 0.065625
0 0.0359375 0.81171875 0.04296875 0.046875
0 0.16171875 0.709375 0.05546875 0.04609375
0 0.196875 0.75 0.04296875 0.046875
0 0.17109375 0.8375 0.04296875 0.0578125
0 0.23359375 0.8046875 0.04609375 0.0671875
0 0.30703125 0.8703125 0.05078125 0.06484375
0 0.353125 0.90078125 0.05078125 0.07421875
0 0.3703125 0.815625 0.0390625 0.0625
0 0.32109375 0.77109375 0.0484375 0.07265625
0 0.29453125 0.7015625 0.04453125 0.0515625
0 0.21484375 0.6421875 0.03203125 0.04453125
0 0.2296875 0.69140625 0.0390625 0.04296875
0 0.1609375 0.61875 0.0390625 0.03671875
0 0.07109375 0.64296875 0.03671875 0.034375
0 0.05859375 0.72109375 0.0265625 0.0515625
0 0.4421875 0.8203125 0.0375 0.05
0 0.43671875 0.73125 0.03359375 0.0421875
0 0.3765625 0.74921875 0.03125 0.0453125
0 0.39765625 0.6625 0.03515625 0.04296875
0 0.3109375 0.5796875 0.02421875 0.02890625
0 0.33046875 0.5546875 0.02265625 0.028125
0 0.2453125 0.56171875 0.03046875 0.0359375
0 0.146875 0.49921875 0.0328125 0.03046875
0 0.0890625 0.53203125 0.03828125 0.03359375
0 0.53046875 0.86953125 0.0453125 0.0546875
0 0.52265625 0.8234375 0.04296875 0.04765625
0 0.3625 0.64140625 0.02578125 0.04296875
0 0.17734375 0.40390625 0.02421875 0.0265625
0 0.09765625 0.4921875 0.034375 0.034375
0 0.2203125 0.428125 0.021875 0.025
0 0.19296875 0.4859375 0.0234375 0.0296875
0 0.43984375 0.521875 0.0296875 0.025
0 0.37734375 0.47421875 0.02734375 0.028125
0 0.296875 0.47265625 0.025 0.02578125
0 0.3 0.446875 0.01875 0.021875
0 0.44609375 0.621875 0.0171875 0.02421875
0 0.45625 0.6015625 0.02265625 0.02890625
0 0.42265625 0.60859375 0.02578125 0.03359375
0 0.4296875 0.5796875 0.02578125 0.0265625
0 0.35703125 0.51875 0.02265625 0.02890625
0 0.62734375 0.8421875 0.0609375 0.0703125
0 0.66484375 0.96484375 0.06171875 0.0703125
0 0.76171875 0.9609375 0.0609375 0.078125
0 0.8234375 0.95234375 0.04765625 0.0640625
0 0.7890625 0.8046875 0.04296875 0.06015625
0 0.71171875 0.8125 0.040625 0.05546875
0 0.7140625 0.72265625 0.053125 0.04453125
0 0.7015625 0.65703125 0.0328125 0.03125
0 0.72734375 0.69453125 0.01953125 0.02265625
0 0.74140625 0.86796875 0.03828125 0.06796875
0 0.840625 0.871875 0.040625 0.0546875
0 0.821875 0.76875 0.0484375 0.065625
0 0.8078125 0.7046875 0.028125 0.0359375
0 0.87578125 0.7625 0.03203125 0.053125
0 0.940625 0.7765625 0.05859375 0.07421875
0 0.98671875 0.81796875 0.0265625 0.03203125
0 0.9546875 0.684375 0.05703125 0.05390625
0 0.94609375 0.61796875 0.0453125 0.04609375
0 0.984375 0.62890625 0.025 0.02734375
0 0.91875 0.56328125 0.03125 0.03203125
0 0.86640625 0.59453125 0.0359375 0.03203125
0 0.79765625 0.59296875 0.0296875 0.04140625
0 0.75 0.64609375 0.0375 0.028125
0 0.7484375 0.6078125 0.02890625 0.0328125
0 0.6015625 0.57265625 0.0296875 0.0390625
0 0.56171875 0.5828125 0.03046875 0.03046875
0 0.63515625 0.50625 0.03125 0.0296875
0 0.6453125 0.590625 0.03828125 0.03515625
0 0.7 0.534375 0.04375 0.0375
0 0.67109375 0.49765625 0.0328125 0.03125
0 0.73828125 0.49375 0.0375 0.02734375
0 0.7390625 0.45703125 0.01640625 0.021875
0 0.78671875 0.42265625 0.03203125 0.03046875
0 0.8453125 0.4421875 0.0203125 0.02109375
0 0.8078125 0.47109375 0.02578125 0.02734375
0 0.92265625 0.47734375 0.02890625 0.021875
0 0.93515625 0.5109375 0.02734375 0.025
0 0.96796875 0.54140625 0.0234375 0.03046875
0 0.8453125 0.5296875 0.0328125 0.02578125
0 0.84140625 0.50390625 0.01796875 0.0171875
0 0.8640625 0.5515625 0.02421875 0.02109375
0 0.8390625 0.4671875 0.02421875 0.02421875
0 0.90859375 0.37578125 0.03046875 0.0203125
0 0.7859375 0.28671875 0.01640625 0.01796875
0 0.78828125 0.3734375 0.02109375 0.025
0 0.74296875 0.3375 0.0171875 0.02109375
0 0.690625 0.4078125 0.0171875 0.02109375
0 0.6703125 0.425 0.02265625 0.021875
0 0.64375 0.46640625 0.0265625 0.02109375
0 0.68671875 0.44921875 0.0203125 0.03125
0 0.6546875 0.44609375 0.0265625 0.02421875
0 0.57109375 0.4609375 0.034375 0.02890625
0 0.60390625 0.4765625 0.021875 0.015625
0 0.5328125 0.48203125 0.03046875 0.03515625
0 0.46953125 0.4328125 0.02265625 0.01796875
0 0.48828125 0.46171875 0.0296875 0.02421875
0 0.48125 0.49140625 0.021875 0.02734375
0 0.425 0.46875 0.0140625 0.01875
0 0.4234375 0.4125 0.021875 0.02734375
0 0.4890625 0.365625 0.0140625 0.01796875
0 0.5359375 0.26875 0.01875 0.0171875
0 0.4140625 0.32578125 0.01484375 0.0171875
0 0.34296875 0.3859375 0.021875 0.02109375
0 0.26484375 0.42734375 0.0234375 0.02265625
0 0.221875 0.40078125 0.0171875 0.02109375
0 0.334375 0.30078125 0.021875 0.021875
0 0.35625 0.40703125 0.021875 0.02421875
0 0.2953125 0.38046875 0.034375 0.0234375
0 0.159375 0.54921875 0.02734375 0.03984375
0 0.1296875 0.528125 0.034375 0.02265625
0 0.05 0.44140625 0.025 0.02890625
0 0.0578125 0.48125 0.0171875 0.02578125
0 0.02421875 0.41875 0.028125 0.0234375