0 0.9015625 0.7609375 0.03671875 0.03984375
0 0.95703125 0.83515625 0.0453125 0.05390625
0 0.215625 0.66875 0.02265625 0.03515625
0 0.8515625 0.771875 0.03046875 0.03359375
0 0.7171875 0.78515625 0.03046875 0.0359375
0 0.66875 0.85859375 0.034375 0.046875
0 0.50390625 0.8421875 0.0328125 0.04921875
0 0.82109375 0.58828125 0.0234375 0.028125
0 0.56875 0.92109375 0.0234375 0.0390625
0 0.453125 0.7875 0.02890625 0.03046875
0 0.43671875 0.57421875 0.021875 0.021875
0 0.125 0.73203125 0.0296875 0.0359375
0 0.7875 0.96796875 0.0421875 0.05546875
0 0.54375 0.834375 0.03046875 0.03671875
0 0.28046875 0.821875 0.03984375 0.04609375
0 0.39375 0.75546875 0.02890625 0.0296875
0 0.6265625 0.77265625 0.02890625 0.0359375
0 0.4328125 0.8765625 0.02890625 0.040625
0 0.4046875 0.61015625 0.0171875 0.03125
0 0.69453125 0.92421875 0.0328125 0.05390625
0 0.575 0.6984375 0.03046875 0.0328125
0 0.54296875 0.97890625 0.03203125 0.04140625
0 0.47578125 0.65390625 0.0265625 0.02578125
0 0.2671875 0.9234375 0.03359375 0.034375
0 0.75546875 0.79609375 0.03046875 0.04140625
0 0.65546875 0.93984375 0.03828125 0.04921875
0 0.7625 0.7015625 0.02421875 0.03203125
0 0.0359375 0.92578125 0.040625 0.053125
0 0.42890625 0.7046875 0.02421875 0.02734375
0 0.26640625 0.64375 0.025 0.02734375
0 0.12109375 0.88984375 0.0234375 0.03125
0 0.78515625 0.74765625 0.025 0.02578125
0 0.71484375 0.65703125 0.02890625 0.03125
0 0.2890625 0.60390625 0.02421875 0.0265625
0 0.159375 0.79296875 0.03203125 0.0359375
0 0.85078125 0.5390625 0.025 0.02421875
0 0.5359375 0.6390625 0.025 0.02421875
0 0.7953125 0.59765625 0.01953125 0.0234375
0 0.26015625 0.7546875 0.034375 0.03515625
0 0.5609375 0.74453125 0.0265625 0.0328125
0 0.65703125 0.746875 0.02578125 0.040625
0 0.278125 0.55859375 0.02421875 0.0234375
0 0.18828125 0.7328125 0.02421875 0.0296875
0 0.7015625 0.72734375 0.03046875 0.034375
0 0.57421875 0.86015625 0.03046875 0.04609375
0 0.36484375 0.8671875 0.028125 0.0375
0 0.365625 0.578125 0.0234375 0.0234375
0 0.1234375 0.96640625 0.03359375 0.05703125
0 0.4671875 0.54921875 0.0234375 0.02578125
0 0.73046875 0.96015625 0.02578125 0.0375
0 0.92265625 0.92890625 0.040625 0.04453125
0 0.8453125 0.91328125 0.040625 0.04453125
0 0.59296875 0.82578125 0.0234375 0.0328125
0 0.40625 0.91328125 0.02578125 0.04453125
0 0.4875 0.78046875 0.0296875 0.02890625
0 0.2375 0.85 0.025 0.04375
0 0.93515625 0.68125 0.028125 0.02734375
0 0.28359375 0.8703125 0.03125 0.03515625
0 0.58203125 0.65078125 0.02578125 0.02734375
0 0.85 0.6015625 0.025 0.02265625
0 0.76484375 0.92421875 0.0296875 0.0390625
0 0.43359375 0.95078125 0.0375 0.05859375
0 0.15 0.5734375 0.021875 0.02421875
0 0.2109375 0.6359375 0.0265625 0.02578125
0 0.2171875 0.6078125 0.02578125 0.02734375
0 0.61015625 0.67890625 0.02734375 0.03515625
0 0.1734375 0.67421875 0.028125 0.03203125
0 0.82734375 0.54296875 0.0234375 0.0265625
0 0.63359375 0.521875 0.0234375 0.02109375
0 0.61328125 0.71875 0.02421875 0.02734375
0 0.26171875 0.6109375 0.01953125 0.02265625
0 0.184375 0.84140625 0.034375 0.04453125
0 0.190625 0.7984375 0.02578125 0.03515625
0 0.27265625 0.7015625 0.01796875 0.021875
0 0.32890625 0.48046875 0.0203125 0.02109375
0 0.2125 0.7421875 0.0234375 0.03203125
0 0.89296875 0.53046875 0.0296875 0.0234375
0 0.040625 0.66953125 0.025 0.02578125
0 0.9484375 0.73984375 0.0296875 0.03046875
0 0.4625 0.5703125 0.02109375 0.02109375
0 0.71328125 0.61640625 0.01875 0.02265625
0 0.0765625 0.67578125 0.028125 0.0296875
0 0.659375 0.68828125 0.0203125 0.03515625
0 0.11484375 0.6671875 0.0265625 0.03125
0 0.01328125 0.66484375 0.0265625 0.028125
0 0.3625 0.98203125 0.02109375 0.03515625
0 0.57109375 0.45 0.01875 0.01953125
0 0.10078125 0.6421875 0.0234375 0.025
0 0.703125 0.55859375 0.02109375 0.021875
0 0.35390625 0.9390625 0.02578125 0.0359375
0 0.75390625 0.52734375 0.0234375 0.0265625
0 0.4984375 0.57890625 0.02265625 0.025
0 0.725 0.71328125 0.0203125 0.02578125
0 0.85625 0.984375 0.0375 0.0296875
0 0.06875 0.75859375 0.02890625 0.0296875
0 0.49296875 0.4875 0.0171875 0.01875
0 0.38046875 0.7171875 0.0296875 0.03125
0 0.140625 0.5296875 0.021875 0.02421875
0 0.3890625 0.490625 0.01796875 0.02109375
0 0.50234375 0.70546875 0.02265625 0.0234375
0 0.88359375 0.503125 0.0203125 0.02109375
0 0.4484375 0.98515625 0.028125 0.0296875
0 0.7140625 0.53359375 0.0375 0.0265625
0 0.70703125 0.51328125 0.02578125 0.01953125
0 0.33671875 0.83203125 0.02265625 0.03359375
0 0.73203125 0.6109375 0.015625 0.01953125
0 0.47265625 0.4984375 0.02578125 0.028125
0 0.4828125 0.4609375 0.01640625 0.01796875
0 0.0625 0.78359375 0.02890625 0.02734375
0 0.34296875 0.45859375 0.01953125 0.0171875
0 0.0453125 0.734375 0.028125 0.03125
0 0.528125 0.7625 0.01796875 0.025
0 0.6265625 0.60390625 0.0171875 0.0265625
0 0.2140625 0.56640625 0.02109375 0.02265625
0 0.74296875 0.746875 0.0203125 0.0265625
0 0.1203125 0.69921875 0.0234375 0.02421875
0 0.83359375 0.746875 0.01875 0.0234375
0 0.04453125 0.815625 0.03515625 0.034375
0 0.09765625 0.71015625 0.01875 0.02421875
0 0.59140625 0.46640625 0.01796875 0.0203125
0 0.63984375 0.55390625 0.02265625 0.02421875
0 0.24375 0.5890625 0.01796875 0.0203125
0 0.471875 0.7390625 0.0140625 0.021875
0 0.3765625 0.50859375 0.0171875 0.02109375
0 0.10703125 0.5953125 0.0203125 0.02109375
0 0.565625 0.503125 0.0171875 0.01953125
0 0.5375 0.515625 0.03515625 0.02421875
0 0.528125 0.48515625 0.0171875 0.0203125
0 0.0203125 0.74453125 0.03046875 0.028125
0 0.08515625 0.578125 0.02421875 0.025
0 0.49609375 0.53515625 0.0203125 0.02265625
0 0.359375 0.49921875 0.0171875 0.02421875
0 0.7359375 0.88515625 0.021875 0.0296875
0 0.96171875 0.89765625 0.03046875 0.0484375
0 0.06875 0.640625 0.01953125 0.021875
0 0.12734375 0.4875 0.01953125 0.01953125
0 0.4453125 0.46484375 0.01796875 0.0203125
0 0.909375 0.64765625 0.0203125 0.0234375
0 0.20625 0.47734375 0.01796875 0.01953125
0 0.42421875 0.54375 0.0140625 0.01796875
0 0.91171875 0.471875 0.02421875 0.0203125
0 0.17265625 0.56953125 0.01796875 0.0203125
0 0.34375 0.54765625 0.01484375 0.021875
0 0.86875 0.6140625 0.01640625 0.01796875
0 0.5546875 0.4640625 0.0171875 0.01875
0 0.3125 0.91484375 0.02421875 0.03515625
0 0.68203125 0.63984375 0.0203125 0.03125
0 0.0640625 0.60625 0.021875 0.0203125
0 0.5765625 0.52109375 0.01953125 0.0203125
0 0.978125 0.7703125 0.02890625 0.0296875
0 0.35078125 0.778125 0.01796875 0.02421875
0 0.6125 0.45234375 0.01796875 0.0203125
0 0.1734375 0.46953125 0.0203125 0.01953125
0 0.68984375 0.4890625 0.0203125 0.0171875
0 0.25546875 0.53828125 0.0203125 0.025
0 0.11015625 0.553125 0.02578125 0.02265625
0 0.9890625 0.67734375 0.021875 0.02890625
0 0.7125 0.6 0.01640625 0.01875
0 0.4890625 0.39921875 0.01640625 0.01953125
0 0.93671875 0.64140625 0.021875 0.02109375
0 0.16328125 0.55078125 0.01640625 0.01796875
0 0.47890625 0.71953125 0.01328125 0.0203125
0 0.44921875 0.49296875 0.015625 0.01796875
0 0.1 0.9484375 0.05625 0.0671875
0 0.209375 0.921875 0.03671875 0.0546875
0 0.19375 0.88359375 0.04375 0.0515625
0 0.3828125 0.8453125 0.0296875 0.0328125
0 0.428125 0.75859375 0.0234375 0.034375
0 0.05 0.590625 0.025 0.0265625
0 0.265625 0.5015625 0.02890625 0.0359375
0 0.40390625 0.54296875 0.02421875 0.03515625
0 0.546875 0.6046875 0.02421875 0.03203125
0 0.57265625 0.58828125 0.0296875 0.03671875
0 0.56328125 0.8171875 0.034375 0.05
0 0.646875 0.47421875 0.02578125 0.03046875
0 0.790625 0.5203125 0.03359375 0.03046875
0 0.81796875 0.51484375 0.02890625 0.02890625
0 0.81875 0.4953125 0.0234375 0.0265625
0 0.84453125 0.50234375 0.03046875 0.021875
0 0.83671875 0.46484375 0.034375 0.02421875
0 0.6046875 0.39296875 0.01640625 0.03359375
0 0.5296875 0.44140625 0.02734375 0.0375
0 0.92890625 0.61171875 0.0265625 0.03515625