0 0.28203125 0.734375 0.0515625 0.06171875
0 0.34921875 0.74140625 0.0484375 0.03203125
0 0.40859375 0.740625 0.02109375 0.028125
0 0.47421875 0.809375 0.04765625 0.0546875
0 0.25078125 0.884375 0.05234375 0.04921875
0 0.33203125 0.853125 0.046875 0.06015625
0 0.44375 0.89765625 0.06484375 0.06953125
0 0.5859375 0.88359375 0.0515625 0.0578125
0 0.55625 0.96796875 0.03515625 0.06171875
0 0.36328125 0.89453125 0.0421875 0.05859375
0 0.2109375 0.96328125 0.05859375 0.06796875
0 0.17734375 0.915625 0.03671875 0.06796875
0 0.134375 0.88203125 0.0421875 0.040625
0 0.08359375 0.81875 0.03984375 0.0296875
0 0.01015625 0.8765625 0.0203125 0.034375
0 0.03671875 0.84921875 0.03828125 0.04453125
0 0.0359375 0.91328125 0.03359375 0.0359375
0 0.0578125 0.93671875 0.034375 0.04296875
0 0.134375 0.834375 0.04296875 0.04296875
0 0.175 0.6640625 0.03828125 0.03828125
0 0.109375 0.6609375 0.03828125 0.03828125
0 0.07265625 0.6875 0.0375 0.02578125
0 0.01328125 0.7296875 0.0265625 0.04375
0 0.17734375 0.56640625 0.03671875 0.025
0 0.1296875 0.596875 0.03125 0.03125
0 0.27109375 0.6671875 0.04453125 0.040625
0 0.33984375 0.6578125 0.03984375 0.0328125
0 0.31015625 0.56640625 0.0296875 0.02578125
0 0.42890625 0.58046875 0.02890625 0.02734375
0 0.490625 0.57265625 0.025 0.02109375
0 0.4859375 0.61796875 0.01953125 0.0171875
0 0.4859375 0.65703125 0.02890625 0.02890625
0 0.4578125 0.67109375 0.03203125 0.0453125
0 0.52421875 0.6640625 0.02578125 0.02734375
0 0.5453125 0.721875 0.046875 0.04375
0 0.48203125 0.73515625 0.0390625 0.0375
0 0.5796875 0.7765625 0.03359375 0.04375
0 0.53515625 0.8125 0.0421875 0.03515625
0 0.38359375 0.60859375 0.02734375 0.0328125
0 0.39921875 0.53515625 0.0203125 0.02265625
0 0.453125 0.51875 0.03203125 0.0265625
0 0.50703125 0.4796875 0.01875 0.01484375
0 0.5203125 0.51796875 0.025 0.021875
0 0.55078125 0.49375 0.025 0.03515625
0 0.596875 0.45703125 0.02421875 0.02265625
0 0.42890625 0.42890625 0.03671875 0.025
0 0.315625 0.48203125 0.02265625 0.01796875
0 0.24765625 0.54140625 0.025 0.02265625
0 0.24140625 0.5953125 0.01875 0.02265625
0 0.22421875 0.653125 0.03046875 0.03046875
0 0.215625 0.7109375 0.02265625 0.028125
0 0.078125 0.6078125 0.0203125 0.028125
0 0.08515625 0.55078125 0.0296875 0.03203125
0 0.12890625 0.47890625 0.03359375 0.02109375
0 0.18359375 0.540625 0.01875 0.0234375
0 0.259375 0.490625 0.028125 0.02421875
0 0.15078125 0.52578125 0.02109375 0.01875
0 0.0578125 0.47265625 0.02578125 0.01953125
0 0.0875 0.43984375 0.028125 0.0171875
0 0.08828125 0.8484375 0.01953125 0.0265625
0 0.3046875 0.984375 0.01328125 0.03125
0 0.33203125 0.7859375 0.0296875 0.040625
0 0.06015625 0.771875 0.021875 0.02109375
0 0.29296875 0.4296875 0.02265625 0.01640625
0 0.3921875 0.50078125 0.03359375 0.01953125
0 0.48046875 0.4625 0.02578125 0.0203125
0 0.64296875 0.584375 0.0203125 0.02734375
0 0.6453125 0.6375 0.0265625 0.02890625
0 0.72109375 0.6703125 0.03671875 0.05078125
0 0.74921875 0.64921875 0.040625 0.034375
0 0.771875 0.596875 0.03359375 0.03359375
0 0.6890625 0.54296875 0.02265625 0.0328125
0 0.70546875 0.46796875 0.025 0.0140625
0 0.67734375 0.46015625 0.0234375 0.01796875
0 0.61171875 0.5828125 0.02734375 0.02734375
0 0.57421875 0.5515625 0.0125 0.03125
0 0.54609375 0.67890625 0.02890625 0.0375
0 0.58203125 0.69375 0.03046875 0.040625
0 0.42265625 0.66015625 0.0328125 0.02421875
0 0.38671875 0.684375 0.0265625 0.02734375
0 0.62890625 0.69609375 0.03125 0.0265625
0 0.7125 0.7296875 0.04765625 0.04375
0 0.76796875 0.80390625 0.040625 0.0515625
0 0.80625 0.86640625 0.040625 0.0515625
0 0.8296875 0.9296875 0.05390625 0.06484375
0 0.85625 0.86796875 0.05078125 0.05
0 0.8484375 0.809375 0.03984375 0.0296875
0 0.85546875 0.77421875 0.04296875 0.04765625
0 0.79765625 0.70625 0.01875 0.0203125
0 0.86484375 0.709375 0.03203125 0.03515625
0 0.80234375 0.5875 0.02734375 0.02265625
0 0.84296875 0.5828125 0.02421875 0.0234375
0 0.91015625 0.6578125 0.03671875 0.02734375
0 0.978125 0.71796875 0.04375 0.0359375
0 0.98359375 0.69296875 0.03203125 0.028125
0 0.96328125 0.75 0.03671875 0.0328125
0 0.98671875 0.79296875 0.0265625 0.03046875
0 0.9875 0.8828125 0.0140625 0.0296875
0 0.91484375 0.8046875 0.04453125 0.06875
0 0.92890625 0.765625 0.05859375 0.05703125
0 0.95625 0.975 0.0765625 0.05
0 0.9 0.98359375 0.04140625 0.03203125
0 0.7625 0.9125 0.0359375 0.0421875
0 0.67578125 0.815625 0.0390625 0.03203125
0 0.496875 0.90078125 0.0234375 0.0359375
0 0.33125 0.5421875 0.02109375 0.01484375
0 0.35 0.5421875 0.02265625 0.01953125
0 0.3796875 0.45859375 0.02265625 0.0171875
0 0.58671875 0.48671875 0.01953125 0.0140625
0 0.6140625 0.52421875 0.025 0.01796875
0 0.62578125 0.56875 0.01640625 0.02890625
0 0.65234375 0.53828125 0.0328125 0.015625
0 0.66875 0.55546875 0.01953125 0.01015625
0 0.55 0.4578125 0.01640625 0.0203125
0 0.5234375 0.41953125 0.021875 0.015625
0 0.265625 0.51328125 0.02265625 0.015625
0 0.26484375 0.62578125 0.01484375 0.0171875
0 0.6015625 0.96328125 0.025 0.03125
0 0.6203125 0.93046875 0.0171875 0.01875
0 0.8953125 0.575 0.0328125 0.015625
0 0.928125 0.6078125 0.0296875 0.02578125
0 0.96015625 0.596875 0.0296875 0.021875
0 0.9890625 0.61015625 0.021875 0.0171875
0 0.90390625 0.634375 0.034375 0.02578125
0 0.9015625 0.55078125 0.02421875 0.02578125
0 0.946875 0.51015625 0.028125 0.0234375
0 0.7671875 0.53828125 0.025 0.01328125
0 0.73828125 0.5390625 0.02265625 0.0203125
0 0.71015625 0.50625 0.02109375 0.02265625
0 0.590625 0.42890625 0.02265625 0.01484375
0 0.5640625 0.403125 0.0171875 0.0171875
0 0.24453125 0.83515625 0.03359375 0.03203125
0 0.5953125 0.54296875 0.03125 0.02421875
0 0.6484375 0.46640625 0.025 0.0109375
0 0.24609375 0.56171875 0.02265625 0.01484375
0 0.11796875 0.40625 0.01484375 0.01328125
0 0.2359375 0.425 0.02421875 0.01015625
0 0.46640625 0.41796875 0.01484375 0.0140625
0 0.7953125 0.46875 0.02578125 0.015625
0 0.8828125 0.496875 0.01875 0.01484375
0 0.03046875 0.43828125 0.025 0.02109375
0 0.1109375 0.49765625 0.01484375 0.015625