0 0.75859375 0.5390625 0.0234375 0.0265625
0 0.75546875 0.93671875 0.03984375 0.05546875
0 0.70703125 0.696875 0.02421875 0.02578125
0 0.61875 0.67265625 0.034375 0.0359375
0 0.46796875 0.85859375 0.021875 0.0375
0 0.76875 0.4953125 0.0234375 0.0265625
0 0.4375 0.9171875 0.03046875 0.040625
0 0.79140625 0.48984375 0.02421875 0.021875
0 0.3671875 0.7328125 0.03046875 0.028125
0 0.86640625 0.7765625 0.03984375 0.0484375
0 0.825 0.70625 0.034375 0.0390625
0 0.26328125 0.721875 0.03515625 0.03828125
0 0.40859375 0.784375 0.0359375 0.05078125
0 0.57265625 0.6953125 0.0265625 0.03828125
0 0.346875 0.65078125 0.02421875 0.02578125
0 0.3703125 0.5234375 0.0234375 0.02421875
0 0.6859375 0.6484375 0.0265625 0.03203125
0 0.334375 0.81640625 0.0296875 0.040625
0 0.1359375 0.6171875 0.021875 0.0328125
0 0.62890625 0.89765625 0.025 0.03515625
0 0.66953125 0.740625 0.03046875 0.04140625
0 0.5734375 0.80390625 0.0375 0.04609375
0 0.19140625 0.64765625 0.01640625 0.01953125
0 0.7703125 0.7171875 0.02578125 0.0328125
0 0.10078125 0.74375 0.028125 0.034375
0 0.6859375 0.91015625 0.0421875 0.05390625
0 0.3078125 0.7 0.0296875 0.028125
0 0.16328125 0.86484375 0.034375 0.03671875
0 0.14375 0.79375 0.02890625 0.0421875
0 0.24453125 0.771875 0.02890625 0.034375
0 0.6359375 0.7296875 0.02890625 0.0359375
0 0.65078125 0.6609375 0.02109375 0.028125
0 0.55625 0.8796875 0.0359375 0.04765625
0 0.33515625 0.55859375 0.0171875 0.03203125
0 0.92421875 0.76484375 0.03359375 0.0421875
0 0.44921875 0.77734375 0.03203125 0.034375
0 0.25859375 0.65625 0.025 0.02421875
0 0.2609375 0.621875 0.021875 0.02734375
0 0.5953125 0.86875 0.03359375 0.05078125
0 0.48125 0.80078125 0.0296875 0.046875
0 0.54296875 0.71484375 0.028125 0.034375
0 0.8234375 0.8640625 0.03046875 0.03671875
0 0.53359375 0.6265625 0.02578125 0.03203125
0 0.66640625 0.8671875 0.0265625 0.03515625
0 0.7328125 0.54609375 0.01953125 0.025
0 0.4015625 0.5 0.02421875 0.025
0 0.175 0.70078125 0.0375 0.03828125
0 0.8625 0.83046875 0.02578125 0.04375
0 0.7484375 0.8515625 0.03203125 0.03984375
0 0.37421875 0.95546875 0.03515625 0.0484375
0 0.509375 0.59921875 0.02578125 0.028125
0 0.50078125 0.76953125 0.0234375 0.03203125
0 0.1859375 0.765625 0.04140625 0.04296875
0 0.8359375 0.48359375 0.028125 0.0234375
0 0.32890625 0.8890625 0.03515625 0.05234375
0 0.7078125 0.96015625 0.03515625 0.04453125
0 0.40078125 0.60078125 0.02734375 0.02578125
0 0.32421875 0.9765625 0.028125 0.040625
0 0.64453125 0.60546875 0.02890625 0.0296875
0 0.23125 0.60234375 0.0234375 0.03046875
0 0.4609375 0.58359375 0.021875 0.025
0 0.26953125 0.80859375 0.0296875 0.0359375
0 0.29375 0.66328125 0.03515625 0.03125
0 0.06484375 0.73828125 0.03203125 0.034375
0 0.39765625 0.7234375 0.02734375 0.02890625
0 0.5734375 0.47265625 0.0234375 0.02109375
0 0.30234375 0.8515625 0.02578125 0.04296875
0 0.84609375 0.59140625 0.02109375 0.02578125
0 0.1875 0.5609375 0.021875 0.025
0 0.8609375 0.62890625 0.03125 0.028125
0 0.9328125 0.84375 0.03515625 0.0390625
0 0.1875 0.809375 0.0296875 0.03515625
0 0.4953125 0.64453125 0.03125 0.03359375
0 0.9359375 0.6578125 0.03359375 0.03359375
0 0.8703125 0.68203125 0.02734375 0.03203125
0 0.5328125 0.665625 0.0234375 0.02578125
0 0.25390625 0.51875 0.02265625 0.02109375
0 0.97109375 0.65546875 0.025 0.02734375
0 0.47890625 0.69296875 0.02734375 0.03359375
0 0.0125 0.91015625 0.025 0.04921875
0 0.209375 0.5921875 0.02734375 0.04140625
0 0.22109375 0.553125 0.02578125 0.0265625
0 0.4234375 0.65234375 0.02265625 0.021875
0 0.7875 0.55078125 0.02421875 0.0234375
0 0.33984375 0.9265625 0.0296875 0.0359375
0 0.10390625 0.6796875 0.03125 0.03203125
0 0.959375 0.7171875 0.02578125 0.0296875
0 0.39609375 0.5203125 0.0203125 0.0203125
0 0.95625 0.759375 0.0296875 0.03203125
0 0.2796875 0.50078125 0.01875 0.0265625
0 0.64453125 0.828125 0.0234375 0.03046875
0 0.2546875 0.8796875 0.02734375 0.0390625
0 0.6640625 0.56015625 0.0171875 0.0203125
0 0.43046875 0.53203125 0.021875 0.0265625
0 0.58125 0.63203125 0.0203125 0.034375
0 0.93984375 0.553125 0.03046875 0.02421875
0 0.25390625 0.91875 0.02109375 0.0328125
0 0.29609375 0.5328125 0.0234375 0.0203125
0 0.26640625 0.43515625 0.01953125 0.01875
0 0.3546875 0.49375 0.0171875 0.0203125
0 0.16484375 0.94140625 0.046875 0.034375
0 0.94375 0.89375 0.034375 0.0328125
0 0.07734375 0.5296875 0.02265625 0.025
0 0.921875 0.68125 0.02734375 0.03359375
0 0.0125 0.8359375 0.025 0.03046875
0 0.6953125 0.48046875 0.0234375 0.0234375
0 0.65390625 0.48203125 0.02890625 0.03125
0 0.6546875 0.46171875 0.0234375 0.01875
0 0.43359375 0.44140625 0.0171875 0.01875
0 0.21328125 0.51171875 0.02265625 0.021875
0 0.13515625 0.5859375 0.02890625 0.03125
0 0.146875 0.55859375 0.028125 0.02734375
0 0.03359375 0.68203125 0.03203125 0.03203125
0 0.7578125 0.6953125 0.01875 0.02265625
0 0.8171875 0.5125 0.025 0.02421875
0 0.440625 0.70546875 0.01953125 0.02421875
0 0.38828125 0.68515625 0.01640625 0.0203125
0 0.2921875 0.41796875 0.02265625 0.01953125
0 0.0953125 0.62265625 0.03046875 0.03046875
0 0.034375 0.6484375 0.0296875 0.02734375
0 0.8296875 0.4578125 0.01953125 0.01953125
0 0.50703125 0.45390625 0.01953125 0.0203125
0 0.1875 0.5921875 0.021875 0.02421875
0 0.559375 0.5515625 0.01796875 0.02421875
0 0.98515625 0.89296875 0.028125 0.03203125
0 0.64765625 0.56640625 0.01796875 0.0203125
0 0.5734375 0.50546875 0.02265625 0.025
0 0.6640625 0.696875 0.01953125 0.0265625
0 0.8609375 0.43046875 0.02578125 0.021875
0 0.21171875 0.4546875 0.0203125 0.01953125
0 0.515625 0.40390625 0.01875 0.01875
0 0.640625 0.51015625 0.0203125 0.0203125
0 0.0328125 0.62109375 0.02734375 0.02734375
0 0.3 0.4515625 0.01953125 0.025
0 0.61328125 0.5875 0.02109375 0.0296875
0 0.43203125 0.484375 0.01875 0.01953125
0 0.5375 0.42265625 0.01796875 0.0203125
0 0.896875 0.7171875 0.02578125 0.03203125
0 0.8953125 0.5515625 0.02265625 0.021875
0 0.9640625 0.99140625 0.05 0.0171875
0 0.275 0.5484375 0.0171875 0.0203125
0 0.18515625 0.42109375 0.01953125 0.02109375
0 0.259375 0.4890625 0.0171875 0.02109375
0 0.17578125 0.54140625 0.01875 0.02265625
0 0.64765625 0.55 0.01640625 0.01875
0 0.96796875 0.52421875 0.02578125 0.02265625
0 0.01796875 0.5921875 0.0296875 0.02578125
0 0.1015625 0.8625 0.03125 0.03984375
0 0.09375 0.83359375 0.025 0.0328125
0 0.01015625 0.6609375 0.01953125 0.02734375
0 0.628125 0.44296875 0.01953125 0.015625
0 0.20625 0.99140625 0.03125 0.01640625
0 0.41171875 0.453125 0.01953125 0.040625
0 0.4265625 0.42109375 0.015625 0.0171875
0 0.35703125 0.509375 0.0171875 0.015625
0 0.3390625 0.49140625 0.01484375 0.01953125
0 0.96796875 0.46640625 0.021875 0.01796875
0 0.14765625 0.51796875 0.01953125 0.02109375
0 0.515625 0.4734375 0.02109375 0.01875
0 0.46953125 0.76875 0.02109375 0.0265625
0 0.0828125 0.7875 0.040625 0.05
0 0.0859375 0.57890625 0.040625 0.0453125
0 0.2171875 0.85546875 0.04375 0.06796875
0 0.1859375 0.490625 0.03359375 0.0359375
0 0.3828125 0.42421875 0.0328125 0.0390625
0 0.2890625 0.78671875 0.0203125 0.0328125
0 0.47734375 0.55234375 0.01875 0.028125
0 0.959375 0.5828125 0.0390625 0.0390625
0 0.8734375 0.49921875 0.0359375 0.0296875
0 0.9234375 0.5171875 0.04375 0.03671875
0 0.8609375 0.5609375 0.034375 0.02578125
0 0.86875 0.5875 0.028125 0.0328125
0 0.9125 0.6203125 0.03671875 0.028125
0 0.765625 0.46796875 0.0328125 0.0265625
0 0.7671875 0.44375 0.025 0.02109375
0 0.79296875 0.45390625 0.025 0.0296875
0 0.7828125 0.41796875 0.04609375 0.0296875
0 0.503125 0.540625 0.02265625 0.040625
0 0.46484375 0.43671875 0.028125 0.03203125