0 0.16015625 0.91328125 0.0453125 0.06328125
0 0.08046875 0.91484375 0.04921875 0.0625
0 0.23671875 0.95234375 0.03515625 0.0453125
0 0.26875 0.871875 0.03671875 0.05625
0 0.2125 0.8703125 0.025 0.03203125
0 0.06875 0.98203125 0.02890625 0.03515625
0 0.13359375 0.81796875 0.04296875 0.05078125
0 0.23984375 0.7859375 0.03125 0.02421875
0 0.1796875 0.7703125 0.03984375 0.0421875
0 0.11484375 0.7390625 0.02578125 0.0375
0 0.07578125 0.828125 0.03125 0.0421875
0 0.01640625 0.82890625 0.03203125 0.03359375
0 0.06171875 0.79375 0.0265625 0.04140625
0 0.06015625 0.7515625 0.025 0.01796875
0 0.0546875 0.73046875 0.02421875 0.0234375
0 0.14140625 0.49296875 0.021875 0.02578125
0 0.20234375 0.72109375 0.03203125 0.03125
0 0.25390625 0.696875 0.0234375 0.028125
0 0.2859375 0.66796875 0.02578125 0.028125
0 0.22421875 0.69765625 0.02421875 0.02734375
0 0.1875 0.6578125 0.02265625 0.034375
0 0.1234375 0.575 0.01484375 0.0203125
0 0.2578125 0.625 0.01796875 0.0265625
0 0.27421875 0.60390625 0.02890625 0.0296875
0 0.253125 0.54453125 0.021875 0.0296875
0 0.2265625 0.4546875 0.01796875 0.021875
0 0.21015625 0.52421875 0.0203125 0.0203125
0 0.309375 0.62109375 0.0234375 0.028125
0 0.36171875 0.79765625 0.046875 0.09296875
0 0.41875 0.91171875 0.03515625 0.04609375
0 0.44375 0.9765625 0.04375 0.04609375
0 0.575 0.9640625 0.03046875 0.04765625
0 0.6046875 0.94453125 0.0390625 0.07578125
0 0.6546875 0.94765625 0.03125 0.04609375
0 0.65 0.91484375 0.01796875 0.02421875
0 0.69453125 0.98125 0.02890625 0.03359375
0 0.74375 0.9671875 0.0453125 0.05234375
0 0.8515625 0.9421875 0.0421875 0.04296875
0 0.9609375 0.925 0.03984375 0.04453125
0 0.95234375 0.87109375 0.040625 0.05078125
0 0.9140625 0.8390625 0.03671875 0.06484375
0 0.94453125 0.7421875 0.0390625 0.05234375
0 0.9828125 0.7390625 0.034375 0.04375
0 0.95234375 0.609375 0.03671875 0.0328125
0 0.9 0.68515625 0.03671875 0.03515625
0 0.86875 0.6921875 0.0265625 0.03046875
0 0.8140625 0.75859375 0.0375 0.03515625
0 0.7703125 0.728125 0.028125 0.0390625
0 0.79375 0.659375 0.03046875 0.0328125
0 0.7578125 0.68046875 0.03359375 0.03515625
0 0.88046875 0.553125 0.02734375 0.02421875
0 0.9390625 0.56484375 0.0265625 0.02578125
0 0.803125 0.61171875 0.02734375 0.03125
0 0.75390625 0.621875 0.034375 0.0359375
0 0.7 0.5875 0.02578125 0.02890625
0 0.65625 0.65859375 0.0328125 0.03359375
0 0.70390625 0.71796875 0.03515625 0.04765625
0 0.73125 0.7640625 0.02578125 0.04140625
0 0.73359375 0.81015625 0.03359375 0.03359375
0 0.790625 0.8828125 0.0375 0.0421875
0 0.87109375 0.80703125 0.028125 0.04140625
0 0.88203125 0.77421875 0.03359375 0.0375
0 0.67890625 0.75 0.03203125 0.0484375
0 0.60703125 0.6984375 0.02734375 0.03515625
0 0.6109375 0.8484375 0.028125 0.053125
0 0.58125 0.82890625 0.03828125 0.04296875
0 0.57734375 0.77734375 0.03046875 0.0296875
0 0.5109375 0.80703125 0.0328125 0.04453125
0 0.56875 0.6953125 0.03203125 0.03984375
0 0.60234375 0.64609375 0.02421875 0.03046875
0 0.5734375 0.63828125 0.02578125 0.03125
0 0.64453125 0.6078125 0.0203125 0.021875
0 0.66171875 0.56640625 0.025 0.0328125
0 0.6171875 0.51875 0.0234375 0.0328125
0 0.5765625 0.58125 0.02734375 0.02890625
0 0.534375 0.58359375 0.02578125 0.028125
0 0.51015625 0.6390625 0.0234375 0.0328125
0 0.42578125 0.63828125 0.0234375 0.03046875
0 0.77578125 0.47265625 0.02578125 0.025
0 0.7546875 0.4921875 0.025 0.02109375
0 0.74140625 0.52890625 0.02109375 0.0234375
0 0.68671875 0.49765625 0.025 0.02265625
0 0.63203125 0.4875 0.02421875 0.01953125
0 0.553125 0.4578125 0.0234375 0.02421875
0 0.5859375 0.478125 0.0234375 0.02578125
0 0.621875 0.43671875 0.0171875 0.0265625
0 0.46796875 0.575 0.0265625 0.0296875
0 0.4640625 0.6546875 0.0234375 0.0296875
0 0.4625 0.70625 0.03125 0.034375
0 0.47265625 0.68046875 0.02109375 0.02265625
0 0.43359375 0.5890625 0.0296875 0.02421875
0 0.4671875 0.61640625 0.0171875 0.025
0 0.4859375 0.603125 0.0203125 0.0328125
0 0.3671875 0.5734375 0.0265625 0.02890625
0 0.346875 0.6015625 0.02890625 0.0265625
0 0.38359375 0.61171875 0.02578125 0.0296875
0 0.40390625 0.6390625 0.02734375 0.0328125
0 0.34609375 0.6359375 0.02890625 0.02890625
0 0.32890625 0.57734375 0.021875 0.02578125
0 0.471875 0.40234375 0.0265625 0.0234375
0 0.48046875 0.44140625 0.01953125 0.02109375
0 0.42578125 0.44921875 0.02265625 0.025
0 0.4078125 0.47265625 0.0234375 0.02109375
0 0.5921875 0.5265625 0.025 0.02578125
0 0.6125 0.55390625 0.02109375 0.0296875
0 0.5046875 0.47421875 0.021875 0.025
0 0.365625 0.69765625 0.025 0.028125
0 0.42109375 0.7984375 0.0234375 0.046875
0 0.41953125 0.76328125 0.0328125 0.0375
0 0.446875 0.81875 0.02578125 0.03046875
0 0.390625 0.52265625 0.0234375 0.0296875
0 0.715625 0.61875 0.028125 0.03046875
0 0.60390625 0.40703125 0.0203125 0.03046875
0 0.4578125 0.4921875 0.01875 0.02890625