0 0.46796875 0.80078125 0.05 0.05859375
0 0.525 0.9109375 0.05234375 0.06875
0 0.86328125 0.88984375 0.04453125 0.0609375
0 0.078125 0.875 0.05859375 0.0671875
0 0.1859375 0.7046875 0.05078125 0.04765625
0 0.40703125 0.890625 0.05546875 0.06328125
0 0.621875 0.83203125 0.04609375 0.06640625
0 0.52265625 0.50390625 0.0421875 0.04609375
0 0.7265625 0.95859375 0.0515625 0.08203125
0 0.1203125 0.75703125 0.046875 0.053125
0 0.61796875 0.75078125 0.0390625 0.05390625
0 0.840625 0.77890625 0.034375 0.05625
0 0.37265625 0.578125 0.03515625 0.046875
0 0.534375 0.74921875 0.04453125 0.05078125
0 0.30859375 0.90234375 0.05703125 0.075
0 0.90234375 0.71875 0.04375 0.05546875
0 0.47578125 0.95 0.04375 0.078125
0 0.30703125 0.6234375 0.03515625 0.034375
0 0.47734375 0.61796875 0.034375 0.04453125
0 0.9015625 0.57890625 0.03828125 0.03828125
0 0.915625 0.64921875 0.040625 0.05
0 0.1703125 0.884375 0.053125 0.06015625
0 0.55625 0.6546875 0.046875 0.046875
0 0.78359375 0.671875 0.040625 0.04765625
0 0.84140625 0.703125 0.0421875 0.04140625
0 0.359375 0.725 0.0390625 0.05078125
0 0.3453125 0.50078125 0.03828125 0.028125
0 0.490625 0.6734375 0.0421875 0.046875
0 0.6515625 0.65703125 0.0375 0.04296875
0 0.74765625 0.56171875 0.0375 0.0421875
0 0.625 0.5875 0.03046875 0.04453125
0 0.21796875 0.9765625 0.0390625 0.046875
0 0.8515625 0.56796875 0.03125 0.03671875
0 0.69921875 0.61328125 0.04453125 0.05390625
0 0.15546875 0.63046875 0.0296875 0.0359375
0 0.296875 0.58671875 0.03984375 0.04296875
0 0.26796875 0.76640625 0.03203125 0.04375
0 0.4546875 0.55 0.03359375 0.03671875
0 0.2984375 0.82421875 0.028125 0.03515625
0 0.79609375 0.78046875 0.03671875 0.0453125
0 0.6453125 0.49296875 0.0265625 0.0296875
0 0.1375 0.5546875 0.0453125 0.03046875
0 0.28203125 0.66796875 0.03515625 0.04375
0 0.6265625 0.91328125 0.040625 0.0609375
0 0.73203125 0.71953125 0.02734375 0.04609375
0 0.58359375 0.93359375 0.046875 0.09140625
0 0.0234375 0.91875 0.04453125 0.05859375
0 0.56171875 0.47734375 0.0234375 0.02578125
0 0.1734375 0.509375 0.02578125 0.0296875
0 0.68046875 0.925 0.03828125 0.05703125
0 0.703125 0.43515625 0.025 0.0265625
0 0.74140625 0.609375 0.03125 0.0359375
0 0.5890625 0.5578125 0.03203125 0.0359375
0 0.7625 0.7046875 0.04140625 0.03828125
0 0.19609375 0.66171875 0.03125 0.0359375
0 0.0515625 0.77265625 0.03828125 0.05625
0 0.0578125 0.54296875 0.0375 0.03046875
0 0.7015625 0.509375 0.028125 0.03203125
0 0.6703125 0.43359375 0.02265625 0.02578125
0 0.778125 0.9703125 0.05625 0.059375
0 0.34921875 0.46640625 0.02890625 0.02421875
0 0.4625 0.4078125 0.028125 0.0234375
0 0.73203125 0.5140625 0.02109375 0.03046875
0 0.2828125 0.70390625 0.03359375 0.034375
0 0.41796875 0.6921875 0.03359375 0.040625
0 0.38828125 0.67734375 0.03828125 0.034375
0 0.69375 0.47890625 0.02421875 0.025
0 0.240625 0.8703125 0.03828125 0.05
0 0.3953125 0.45 0.021875 0.0234375
0 0.56796875 0.4984375 0.02109375 0.02421875
0 0.27578125 0.4875 0.02578125 0.0296875
0 0.609375 0.4015625 0.021875 0.02421875
0 0.8375 0.61796875 0.03125 0.03203125
0 0.31875 0.5328125 0.04140625 0.03203125
0 0.81328125 0.421875 0.02578125 0.02421875
0 0.1359375 0.45390625 0.028125 0.02578125
0 0.075 0.59296875 0.0265625 0.02578125
0 0.1 0.4984375 0.03046875 0.02578125
0 0.4 0.5515625 0.01953125 0.01328125
0 0.44765625 0.59609375 0.0265625 0.03125
0 0.39765625 0.628125 0.01953125 0.01875
0 0.31953125 0.43671875 0.02109375 0.01484375
0 0.18046875 0.56875 0.021875 0.0203125
0 0.11875 0.58671875 0.0234375 0.02265625
0 0.0703125 0.67109375 0.04296875 0.04921875
0 0.1203125 0.71875 0.02265625 0.034375
0 0.025 0.4953125 0.04921875 0.034375
0 0.08359375 0.4875 0.046875 0.03359375
0 0.2640625 0.5375 0.03046875 0.01875
0 0.30234375 0.9765625 0.03046875 0.04609375
0 0.34140625 0.98515625 0.0390625 0.0296875
0 0.70859375 0.653125 0.02421875 0.02265625
0 0.68046875 0.67578125 0.01328125 0.02421875
0 0.8140625 0.57734375 0.0359375 0.02578125
0 0.97890625 0.62890625 0.0421875 0.0328125
0 0.9765625 0.70859375 0.04609375 0.04609375
0 0.9296875 0.55 0.021875 0.025
0 0.78359375 0.5609375 0.021875 0.0296875
0 0.8109375 0.74921875 0.0234375 0.05234375
0 0.52265625 0.61875 0.0203125 0.021875
0 0.13203125 0.515625 0.0265625 0.02265625
0 0.1953125 0.471875 0.02578125 0.0171875
0 0.16875 0.46875 0.0203125 0.01796875
0 0.1296875 0.48125 0.025 0.01640625
0 0.21171875 0.48828125 0.01484375 0.015625
0 0.225 0.4984375 0.01796875 0.01328125
0 0.384375 0.39921875 0.0234375 0.028125
0 0.43359375 0.378125 0.01796875 0.01484375
0 0.49765625 0.446875 0.03125 0.01953125
0 0.41640625 0.4328125 0.02578125 0.0171875
0 0.5859375 0.44375 0.028125 0.0234375
0 0.5859375 0.42421875 0.021875 0.01328125
0 0.57578125 0.41484375 0.02109375 0.01484375
0 0.4921875 0.38984375 0.02265625 0.01640625
0 0.53203125 0.375 0.02265625 0.015625
0 0.56953125 0.3921875 0.0125 0.01484375
0 0.6609375 0.403125 0.02265625 0.021875
0 0.82265625 0.484375 0.02734375 0.02109375
0 0.72734375 0.57734375 0.025 0.02109375
0 0.87109375 0.7359375 0.02734375 0.02421875
0 0.9859375 0.50859375 0.028125 0.0203125
0 0.9609375 0.49375 0.03515625 0.01796875
0 0.87734375 0.46328125 0.0265625 0.0203125
0 0.6875 0.5625 0.01875 0.01796875