0 0.0796875 0.90546875 0.0546875 0.06484375
0 0.51171875 0.6515625 0.04375 0.06796875
0 0.4359375 0.82109375 0.04140625 0.05859375
0 0.2671875 0.96171875 0.03984375 0.06640625
0 0.5203125 0.88984375 0.0515625 0.059375
0 0.42734375 0.9125 0.046875 0.0671875
0 0.321875 0.746875 0.0359375 0.0515625
0 0.23984375 0.8015625 0.03359375 0.046875
0 0.6171875 0.8 0.04296875 0.05703125
0 0.70390625 0.85234375 0.05703125 0.06640625
0 0.81328125 0.9671875 0.0453125 0.06484375
0 0.8953125 0.8875 0.0359375 0.04609375
0 0.2421875 0.74296875 0.04296875 0.053125
0 0.1953125 0.8671875 0.040625 0.05546875
0 0.2796875 0.66875 0.0421875 0.04453125
0 0.76640625 0.85234375 0.0359375 0.05
0 0.7828125 0.7734375 0.04375 0.05625
0 0.9375 0.79921875 0.04140625 0.05078125
0 0.6328125 0.9203125 0.0453125 0.0671875
0 0.428125 0.7171875 0.0375 0.04921875
0 0.8828125 0.80625 0.03828125 0.0515625
0 0.1125 0.8390625 0.0359375 0.0453125
0 0.25078125 0.60234375 0.02578125 0.03203125
0 0.321875 0.625 0.03671875 0.0328125
0 0.66640625 0.65234375 0.03046875 0.03671875
0 0.4859375 0.459375 0.02421875 0.028125
0 0.47109375 0.51015625 0.02734375 0.0265625
0 0.74921875 0.5609375 0.02890625 0.03203125
0 0.18203125 0.921875 0.0359375 0.040625
0 0.73828125 0.675 0.03203125 0.040625
0 0.58125 0.74765625 0.03515625 0.046875
0 0.334375 0.584375 0.0296875 0.02734375
0 0.55625 0.51171875 0.02265625 0.02890625
0 0.08515625 0.78984375 0.03125 0.03828125
0 0.71328125 0.559375 0.02734375 0.03515625
0 0.64453125 0.5109375 0.025 0.03203125
0 0.775 0.690625 0.02890625 0.046875
0 0.79375 0.52890625 0.028125 0.0328125
0 0.01953125 0.58984375 0.03671875 0.03671875
0 0.3859375 0.56328125 0.02109375 0.0296875
0 0.7140625 0.915625 0.03046875 0.0390625
0 0.3125 0.896875 0.0390625 0.0453125
0 0.72890625 0.628125 0.03046875 0.02890625
0 0.509375 0.48984375 0.0234375 0.028125
0 0.3375 0.92890625 0.0421875 0.053125
0 0.70859375 0.5109375 0.025 0.028125
0 0.36875 0.7109375 0.02421875 0.03125
0 0.3140625 0.5375 0.021875 0.02734375
0 0.365625 0.43828125 0.021875 0.0265625
0 0.8359375 0.7703125 0.0296875 0.04296875
0 0.75078125 0.7875 0.0296875 0.0390625
0 0.515625 0.4609375 0.025 0.025
0 0.90546875 0.546875 0.03359375 0.03203125
0 0.925 0.5875 0.03203125 0.03828125
0 0.89921875 0.65703125 0.0359375 0.0328125
0 0.4171875 0.540625 0.02734375 0.02578125
0 0.565625 0.6171875 0.0265625 0.0375
0 0.0953125 0.67890625 0.0390625 0.0328125
0 0.56953125 0.64921875 0.025 0.03125
0 0.14375 0.62734375 0.028125 0.0328125
0 0.78671875 0.45 0.02265625 0.0296875
0 0.6703125 0.95546875 0.01796875 0.03671875
0 0.12890625 0.70625 0.0234375 0.0296875
0 0.44765625 0.465625 0.02265625 0.0265625
0 0.575 0.62265625 0.0265625 0.03515625
0 0.9421875 0.52578125 0.03359375 0.03359375
0 0.4328125 0.4984375 0.02421875 0.02734375
0 0.853125 0.578125 0.0375 0.040625
0 0.190625 0.59453125 0.01640625 0.02265625
0 0.82890625 0.60625 0.0265625 0.0375
0 0.19609375 0.6109375 0.0171875 0.02109375
0 0.5375 0.5125 0.02265625 0.03046875
0 0.73828125 0.41015625 0.021875 0.02734375
0 0.0203125 0.72421875 0.0265625 0.03125
0 0.5578125 0.4671875 0.028125 0.02734375
0 0.58984375 0.45703125 0.025 0.02890625
0 0.390625 0.4875 0.028125 0.02734375
0 0.48671875 0.82734375 0.03203125 0.03671875
0 0.32890625 0.59375 0.02890625 0.02890625
0 0.60078125 0.56953125 0.02890625 0.03125
0 0.19609375 0.590625 0.015625 0.021875
0 0.4984375 0.5625 0.0375 0.03984375
0 0.38125 0.6375 0.03203125 0.0359375
0 0.96640625 0.7234375 0.0671875 0.04765625
0 0.88828125 0.49921875 0.028125 0.03203125