0 0.253125 0.87734375 0.03671875 0.05703125
0 0.35625 0.96171875 0.04375 0.06328125
0 0.51015625 0.884375 0.03984375 0.04921875
0 0.35703125 0.84296875 0.03671875 0.0546875
0 0.16875 0.934375 0.03359375 0.04453125
0 0.653125 0.675 0.02734375 0.0375
0 0.4484375 0.77265625 0.04296875 0.07890625
0 0.66953125 0.81015625 0.0359375 0.04453125
0 0.85078125 0.95234375 0.03984375 0.05625
0 0.3453125 0.58671875 0.028125 0.03046875
0 0.53828125 0.9484375 0.04453125 0.06015625
0 0.5984375 0.78125 0.03359375 0.04296875
0 0.84296875 0.66328125 0.03515625 0.0375
0 0.3 0.83515625 0.0234375 0.03515625
0 0.22109375 0.78515625 0.04375 0.04921875
0 0.740625 0.64375 0.03125 0.034375
0 0.1765625 0.87265625 0.0421875 0.0578125
0 0.653125 0.62265625 0.025 0.03046875
0 0.1953125 0.71015625 0.02890625 0.034375
0 0.8296875 0.78671875 0.03515625 0.0359375
0 0.2640625 0.7375 0.03671875 0.03984375
0 0.7765625 0.571875 0.025 0.03046875
0 0.67421875 0.9359375 0.03046875 0.046875
0 0.70703125 0.91875 0.0453125 0.06171875
0 0.36328125 0.646875 0.02734375 0.02578125
0 0.9203125 0.975 0.053125 0.05
0 0.665625 0.7578125 0.0296875 0.03125
0 0.46640625 0.56171875 0.025 0.0265625
0 0.8609375 0.71328125 0.03125 0.0390625
0 0.03125 0.7953125 0.04609375 0.04453125
0 0.2640625 0.63828125 0.0234375 0.03046875
0 0.3328125 0.67265625 0.0234375 0.0328125
0 0.459375 0.59453125 0.02421875 0.028125
0 0.734375 0.5546875 0.0265625 0.03125
0 0.42421875 0.6140625 0.028125 0.028125
0 0.88203125 0.646875 0.03359375 0.03125
0 0.65078125 0.56640625 0.0234375 0.028125
0 0.4453125 0.67421875 0.02890625 0.03125
0 0.96796875 0.67890625 0.0328125 0.034375
0 0.40625 0.96953125 0.03046875 0.0421875
0 0.50703125 0.56953125 0.02734375 0.02578125
0 0.7921875 0.703125 0.0359375 0.04140625
0 0.58671875 0.61953125 0.025 0.03203125
0 0.70390625 0.825 0.0296875 0.05
0 0.28046875 0.69609375 0.0296875 0.0296875
0 0.68984375 0.68125 0.02890625 0.03671875
0 0.38359375 0.60234375 0.02421875 0.028125
0 0.68828125 0.5046875 0.0234375 0.028125
0 0.4390625 0.55703125 0.025 0.0265625
0 0.50234375 0.61796875 0.025 0.03125
0 0.5046875 0.7359375 0.02734375 0.0390625
0 0.65703125 0.46953125 0.02265625 0.02578125
0 0.6078125 0.56953125 0.028125 0.03046875
0 0.7671875 0.7296875 0.0265625 0.0390625
0 0.890625 0.60078125 0.03046875 0.03046875
0 0.7578125 0.9203125 0.03125 0.0484375
0 0.32265625 0.53203125 0.021875 0.02734375
0 0.14375 0.70078125 0.01875 0.021875
0 0.68046875 0.63359375 0.02421875 0.02890625
0 0.30078125 0.6703125 0.02265625 0.02578125
0 0.83515625 0.609375 0.03671875 0.03359375
0 0.76015625 0.48984375 0.02578125 0.025
0 0.8 0.95625 0.03203125 0.05078125
0 0.40078125 0.5625 0.021875 0.025
0 0.50625 0.7734375 0.02265625 0.03671875
0 0.55234375 0.66015625 0.0234375 0.02890625
0 0.0671875 0.82890625 0.02578125 0.03515625
0 0.984375 0.7546875 0.03046875 0.04140625
0 0.0109375 0.921875 0.021875 0.04140625
0 0.54453125 0.684375 0.03125 0.0328125
0 0.89296875 0.859375 0.04921875 0.04296875
0 0.7703125 0.58125 0.025 0.03203125
0 0.79609375 0.60625 0.02421875 0.02578125
0 0.4828125 0.6203125 0.02109375 0.03203125
0 0.84765625 0.46484375 0.02734375 0.02578125
0 0.1484375 0.71796875 0.01796875 0.02265625
0 0.90703125 0.7390625 0.034375 0.0390625
0 0.82890625 0.4875 0.021875 0.02421875
0 0.31640625 0.52578125 0.021875 0.0265625
0 0.54453125 0.6390625 0.0234375 0.02578125
0 0.61640625 0.5109375 0.02734375 0.02734375
0 0.72265625 0.59453125 0.01796875 0.02109375
0 0.66328125 0.51328125 0.02265625 0.0234375
0 0.32265625 0.7578125 0.02578125 0.02890625
0 0.54375 0.55859375 0.02421875 0.0296875
0 0.9890625 0.66875 0.0203125 0.03359375
0 0.21171875 0.48125 0.02265625 0.0234375
0 0.6203125 0.45234375 0.0234375 0.028125
0 0.759375 0.7265625 0.02578125 0.0390625
0 0.97265625 0.9234375 0.04765625 0.0421875
0 0.534375 0.7890625 0.0265625 0.0328125
0 0.1265625 0.9875 0.040625 0.02421875
0 0.28125 0.784375 0.02421875 0.0265625
0 0.51015625 0.5375 0.02421875 0.02890625
0 0.1265625 0.6734375 0.02109375 0.025
0 0.42265625 0.58203125 0.0265625 0.02578125
0 0.03515625 0.97890625 0.0375 0.0421875
0 0.4609375 0.5109375 0.021875 0.02421875