0 0.5234375 0.5703125 0.0453125 0.0609375
0 0.53984375 0.7921875 0.05390625 0.05390625
0 0.44609375 0.8171875 0.05078125 0.06640625
0 0.08671875 0.82109375 0.059375 0.06484375
0 0.72421875 0.75 0.0546875 0.0640625
0 0.45 0.73125 0.04453125 0.05546875
0 0.24765625 0.66484375 0.04296875 0.053125
0 0.33203125 0.66484375 0.03671875 0.05234375
0 0.60078125 0.9578125 0.04453125 0.075
0 0.6390625 0.7015625 0.0421875 0.05546875
0 0.840625 0.85546875 0.0484375 0.0734375
0 0.28125 0.87421875 0.0390625 0.06796875
0 0.115625 0.7609375 0.034375 0.0421875
0 0.48359375 0.9359375 0.053125 0.06953125
0 0.60078125 0.65546875 0.03671875 0.040625
0 0.953125 0.69453125 0.0484375 0.04453125
0 0.20625 0.78203125 0.0421875 0.0546875
0 0.7625 0.92421875 0.03203125 0.059375
0 0.0921875 0.61171875 0.0421875 0.03515625
0 0.284375 0.596875 0.04296875 0.0421875
0 0.575 0.5390625 0.02734375 0.03359375
0 0.6765625 0.56640625 0.034375 0.0375
0 0.78671875 0.7515625 0.0375 0.046875
0 0.4390625 0.63125 0.0375 0.0453125
0 0.19296875 0.8390625 0.0390625 0.04375
0 0.66171875 0.815625 0.04296875 0.06484375
0 0.65 0.43828125 0.0234375 0.0296875
0 0.8 0.67265625 0.046875 0.05078125
0 0.7609375 0.48671875 0.028125 0.028125
0 0.2484375 0.71875 0.0359375 0.04296875
0 0.7875 0.59921875 0.028125 0.0421875
0 0.7375 0.8109375 0.02890625 0.034375
0 0.5609375 0.4015625 0.02734375 0.028125
0 0.3546875 0.83203125 0.04140625 0.05234375
0 0.80078125 0.4515625 0.03125 0.03203125
0 0.32578125 0.55234375 0.0359375 0.03359375
0 0.3859375 0.49375 0.02421875 0.0296875
0 0.47890625 0.440625 0.028125 0.02734375
0 0.16015625 0.925 0.0390625 0.05546875
0 0.928125 0.9125 0.04765625 0.06640625
0 0.253125 0.53515625 0.02578125 0.03203125
0 0.328125 0.803125 0.040625 0.04296875
0 0.753125 0.58828125 0.03359375 0.040625
0 0.0828125 0.7140625 0.03203125 0.04140625
0 0.1296875 0.63515625 0.025 0.03125
0 0.7203125 0.48359375 0.0265625 0.03125
0 0.80078125 0.89921875 0.05546875 0.06015625
0 0.37734375 0.628125 0.0234375 0.03046875
0 0.91484375 0.565625 0.034375 0.02890625
0 0.78984375 0.3828125 0.0234375 0.03046875
0 0.86171875 0.49765625 0.03828125 0.0359375
0 0.9109375 0.46484375 0.0390625 0.03203125
0 0.93359375 0.50703125 0.034375 0.0328125
0 0.4890625 0.39375 0.025 0.025
0 0.3375 0.5140625 0.03203125 0.0265625
0 0.740625 0.546875 0.03046875 0.028125
0 0.91875 0.775 0.03125 0.0421875
0 0.58125 0.565625 0.025 0.03125
0 0.89921875 0.7015625 0.0390625 0.046875
0 0.01640625 0.65390625 0.028125 0.03125
0 0.5625 0.440625 0.025 0.028125
0 0.7140625 0.4375 0.025 0.0296875
0 0.3609375 0.3796875 0.02265625 0.0265625
0 0.31484375 0.4671875 0.02109375 0.02578125
0 0.14140625 0.56171875 0.02890625 0.034375
0 0.51953125 0.39609375 0.02578125 0.0234375
0 0.7734375 0.6890625 0.0296875 0.0375
0 0.7421875 0.44296875 0.02734375 0.02734375
0 0.85234375 0.671875 0.0328125 0.0453125
0 0.8390625 0.52109375 0.03046875 0.034375
0 0.51171875 0.42421875 0.021875 0.025
0 0.69921875 0.84453125 0.0171875 0.03359375
0 0.38359375 0.634375 0.02421875 0.03203125
0 0.43515625 0.43359375 0.02421875 0.0265625
0 0.18984375 0.52890625 0.0171875 0.0203125
0 0.45 0.40078125 0.02265625 0.0234375
0 0.59140625 0.57578125 0.0265625 0.03125
0 0.584375 0.534375 0.028125 0.034375
0 0.471875 0.41875 0.02578125 0.025
0 0.01484375 0.59140625 0.0296875 0.0359375
0 0.9125 0.57421875 0.03671875 0.02890625
0 0.61640625 0.46875 0.021875 0.02734375
0 0.3546875 0.49609375 0.025 0.02578125
0 0.42109375 0.46796875 0.0296875 0.025
0 0.1078125 0.75234375 0.03671875 0.04296875
0 0.9765625 0.97109375 0.03828125 0.05
0 0.60703125 0.49140625 0.03203125 0.03046875
0 0.78125 0.41796875 0.01953125 0.02109375
0 0.0140625 0.52734375 0.028125 0.0359375
0 0.60390625 0.453125 0.02265625 0.0234375
0 0.50078125 0.73515625 0.03828125 0.04375
0 0.35234375 0.73671875 0.03203125 0.02734375
0 0.2265625 0.60078125 0.03515625 0.03828125
0 0.20625 0.5734375 0.028125 0.03046875
0 0.165625 0.6015625 0.03359375 0.03515625
0 0.61171875 0.58515625 0.03671875 0.03515625
0 0.50390625 0.4921875 0.0359375 0.0296875
0 0.34765625 0.58984375 0.02734375 0.03203125
0 0.38984375 0.5609375 0.03359375 0.0375