0 0.49140625 0.709375 0.025 0.0265625
0 0.65546875 0.77578125 0.034375 0.03515625
0 0.840625 0.85390625 0.03515625 0.046875
0 0.23828125 0.91875 0.03671875 0.0484375
0 0.615625 0.8734375 0.0296875 0.03828125
0 0.55703125 0.75390625 0.034375 0.0328125
0 0.0953125 0.9125 0.0546875 0.08203125
0 0.61875 0.65 0.02734375 0.02578125
0 0.359375 0.80234375 0.028125 0.03671875
0 0.9859375 0.96953125 0.028125 0.05546875
0 0.51328125 0.778125 0.03515625 0.0421875
0 0.75859375 0.9125 0.02578125 0.0390625
0 0.6296875 0.9453125 0.0328125 0.05390625
0 0.5171875 0.83046875 0.02890625 0.0375
0 0.325 0.79296875 0.03203125 0.0375
0 0.62265625 0.784375 0.028125 0.03125
0 0.68125 0.8390625 0.03515625 0.0484375
0 0.56328125 0.5671875 0.02109375 0.02421875
0 0.81484375 0.7421875 0.02890625 0.0390625
0 0.59921875 0.91328125 0.0296875 0.04921875
0 0.12578125 0.728125 0.03125 0.03203125
0 0.4515625 0.8234375 0.03984375 0.04921875
0 0.8484375 0.721875 0.03359375 0.0359375
0 0.7546875 0.67578125 0.02734375 0.03671875
0 0.42265625 0.59921875 0.025 0.0296875
0 0.44296875 0.5625 0.021875 0.025
0 0.45859375 0.9203125 0.0375 0.03828125
0 0.6734375 0.62890625 0.02265625 0.02265625
0 0.57890625 0.7015625 0.025 0.0265625
0 0.92890625 0.96015625 0.0328125 0.04296875
0 0.53046875 0.715625 0.034375 0.0359375
0 0.42421875 0.7546875 0.0328125 0.0359375
0 0.88125 0.91484375 0.03671875 0.06015625
0 0.7171875 0.8296875 0.02734375 0.0375
0 0.90546875 0.69765625 0.0296875 0.034375
0 0.75234375 0.85078125 0.0328125 0.04296875
0 0.484375 0.67265625 0.02265625 0.03046875
0 0.91953125 0.79453125 0.03359375 0.03984375
0 0.7234375 0.69375 0.03046875 0.0328125
0 0.84453125 0.93671875 0.03828125 0.04921875
0 0.259375 0.66484375 0.025 0.03125
0 0.28203125 0.73046875 0.02734375 0.0375
0 0.44765625 0.65234375 0.025 0.03203125
0 0.3984375 0.55390625 0.02265625 0.02578125
0 0.55 0.86484375 0.03125 0.0390625
0 0.221875 0.675 0.0265625 0.0296875
0 0.74453125 0.97421875 0.03359375 0.0421875
0 0.7640625 0.81875 0.02734375 0.03359375
0 0.34296875 0.73125 0.02734375 0.03359375
0 0.49453125 0.5734375 0.02109375 0.02265625
0 0.203125 0.73125 0.02265625 0.03203125
0 0.85078125 0.65234375 0.02890625 0.0328125
0 0.8796875 0.78046875 0.034375 0.0390625
0 0.53984375 0.6078125 0.01953125 0.03203125
0 0.78828125 0.76796875 0.03046875 0.03671875
0 0.2328125 0.7796875 0.0296875 0.0296875
0 0.7203125 0.7375 0.025 0.03515625
0 0.32734375 0.96484375 0.03046875 0.05546875
0 0.0546875 0.77109375 0.0328125 0.0328125
0 0.35625 0.66640625 0.0203125 0.03125
0 0.0578125 0.7015625 0.03046875 0.034375
0 0.4203125 0.8515625 0.02734375 0.0515625
0 0.16171875 0.6609375 0.02421875 0.02890625
0 0.92265625 0.5921875 0.0234375 0.025
0 0.7984375 0.68046875 0.0203125 0.034375
0 0.2359375 0.63359375 0.02265625 0.02734375
0 0.36796875 0.74765625 0.0265625 0.03203125
0 0.4640625 0.871875 0.0328125 0.0359375
0 0.94765625 0.5859375 0.0265625 0.02578125
0 0.3078125 0.88828125 0.025 0.03046875
0 0.153125 0.9125 0.02890625 0.0390625
0 0.175 0.93203125 0.02734375 0.03671875
0 0.125 0.80234375 0.0265625 0.0359375
0 0.1625 0.8734375 0.0328125 0.04140625
0 0.18515625 0.665625 0.02265625 0.025
0 0.72421875 0.64609375 0.02421875 0.02734375
0 0.31796875 0.671875 0.02734375 0.03203125
0 0.625 0.57265625 0.0234375 0.0265625
0 0.2484375 0.5203125 0.02421875 0.0265625
0 0.2171875 0.81015625 0.0328125 0.03359375
0 0.12109375 0.6671875 0.025 0.0296875
0 0.5875 0.54609375 0.025 0.028125
0 0.2328125 0.7546875 0.0265625 0.028125
0 0.39140625 0.60625 0.02109375 0.02578125
0 0.13515625 0.69296875 0.03046875 0.03046875
0 0.0546875 0.628125 0.0296875 0.0296875
0 0.33515625 0.56171875 0.021875 0.02421875
0 0.5640625 0.9796875 0.0234375 0.03984375
0 0.29765625 0.94296875 0.03671875 0.0453125
0 0.59140625 0.56328125 0.021875 0.02109375
0 0.98984375 0.74921875 0.01875 0.0296875
0 0.82109375 0.55234375 0.021875 0.0234375
0 0.7515625 0.51484375 0.02265625 0.0203125
0 0.45078125 0.45 0.02109375 0.0203125
0 0.090625 0.71640625 0.0234375 0.03203125
0 0.4359375 0.4703125 0.021875 0.02265625
0 0.271875 0.56953125 0.02109375 0.02734375
0 0.1796875 0.73515625 0.025 0.0296875
0 0.93828125 0.74375 0.02890625 0.02578125
0 0.63125 0.7359375 0.0171875 0.025
0 0.75859375 0.5984375 0.01875 0.0234375
0 0.16484375 0.7015625 0.02578125 0.028125
0 0.425 0.69921875 0.01640625 0.0203125
0 0.6546875 0.98125 0.028125 0.03671875
0 0.3453125 0.6046875 0.02421875 0.0265625
0 0.26953125 0.57890625 0.0203125 0.0265625
0 0.21171875 0.5734375 0.02421875 0.025
0 0.6140625 0.528125 0.02265625 0.02421875
0 0.63125 0.58046875 0.02265625 0.02734375
0 0.2453125 0.71015625 0.0171875 0.02265625
0 0.54453125 0.53828125 0.01875 0.02421875
0 0.6890625 0.7578125 0.01796875 0.0265625
0 0.23125 0.47890625 0.021875 0.0234375
0 0.94375 0.5390625 0.0265625 0.0265625
0 0.7609375 0.5484375 0.0234375 0.02265625
0 0.95390625 0.928125 0.034375 0.04140625
0 0.471875 0.49375 0.01953125 0.0265625
0 0.0953125 0.9875 0.053125 0.02421875
0 0.765625 0.71484375 0.0234375 0.02421875
0 0.3109375 0.46796875 0.01953125 0.02109375
0 0.40078125 0.63671875 0.0234375 0.028125
0 0.43828125 0.53046875 0.01953125 0.0234375
0 0.19765625 0.6046875 0.02109375 0.02421875
0 0.5890625 0.4546875 0.01640625 0.01953125
0 0.12109375 0.5984375 0.02578125 0.02578125
0 0.5515625 0.9390625 0.0265625 0.03515625
0 0.82109375 0.503125 0.0234375 0.01953125