0 0.6203125 0.89453125 0.04375 0.06875
0 0.1 0.81328125 0.0625 0.06328125
0 0.5125 0.8859375 0.05 0.06640625
0 0.33515625 0.65390625 0.040625 0.05546875
0 0.3046875 0.8453125 0.04140625 0.0625
0 0.45703125 0.70546875 0.0375 0.04921875
0 0.55078125 0.75234375 0.05390625 0.05
0 0.184375 0.90546875 0.04140625 0.059375
0 0.4640625 0.78125 0.046875 0.059375
0 0.778125 0.69921875 0.03359375 0.03671875
0 0.7828125 0.63203125 0.04140625 0.04609375
0 0.428125 0.9578125 0.05625 0.0734375
0 0.90546875 0.828125 0.05 0.05390625
0 0.721875 0.70234375 0.04921875 0.05625
0 0.915625 0.946875 0.040625 0.06796875
0 0.6375 0.665625 0.03671875 0.0453125
0 0.66640625 0.76328125 0.04296875 0.05703125
0 0.25078125 0.659375 0.04375 0.04765625
0 0.259375 0.709375 0.03984375 0.04375
0 0.51796875 0.55703125 0.0421875 0.0484375
0 0.4390625 0.6125 0.0359375 0.040625
0 0.21953125 0.76875 0.0375 0.04921875
0 0.66171875 0.546875 0.03046875 0.03359375
0 0.73359375 0.56015625 0.03125 0.034375
0 0.596875 0.628125 0.03828125 0.03984375
0 0.8328125 0.784375 0.04453125 0.053125
0 0.12109375 0.75546875 0.03359375 0.04140625
0 0.23828125 0.5359375 0.028125 0.0328125
0 0.85390625 0.9453125 0.0484375 0.0578125
0 0.209375 0.81875 0.03828125 0.0390625
0 0.31796875 0.55234375 0.03828125 0.03046875
0 0.33828125 0.3875 0.0203125 0.0265625
0 0.86640625 0.44921875 0.03359375 0.02734375
0 0.7671875 0.85 0.0296875 0.05078125
0 0.078125 0.71796875 0.0359375 0.04375
0 0.73828125 0.75546875 0.028125 0.03046875
0 0.62421875 0.434375 0.0234375 0.02734375
0 0.80625 0.82890625 0.053125 0.04921875
0 0.07578125 0.6171875 0.046875 0.03671875
0 0.2171875 0.9796875 0.040625 0.040625
0 0.37734375 0.80390625 0.03828125 0.05
0 0.92109375 0.64375 0.03828125 0.04140625
0 0.34375 0.78203125 0.03828125 0.0375
0 0.6953125 0.46796875 0.0265625 0.0296875
0 0.73125 0.46875 0.0265625 0.0265625
0 0.57109375 0.55 0.0234375 0.0265625
0 0.76953125 0.56953125 0.0265625 0.03671875
0 0.32578125 0.51328125 0.028125 0.02578125
0 0.12265625 0.640625 0.025 0.0296875
0 0.37890625 0.49375 0.02421875 0.02734375
0 0.4578125 0.44140625 0.0265625 0.02421875
0 0.53828125 0.40234375 0.02734375 0.02578125
0 0.01796875 0.88359375 0.0359375 0.05625
0 0.8890625 0.48203125 0.0328125 0.02734375
0 0.29765625 0.47265625 0.01953125 0.02265625
0 0.753125 0.3796875 0.021875 0.028125
0 0.98671875 0.85 0.02578125 0.0515625
0 0.68203125 0.43046875 0.025 0.028125
0 0.7671875 0.43984375 0.025 0.0265625
0 0.565625 0.52578125 0.028125 0.0296875
0 0.2796875 0.5921875 0.04453125 0.04140625
0 0.5984375 0.46015625 0.025 0.02734375
0 0.49296875 0.425 0.0203125 0.0234375
0 0.4640625 0.3984375 0.02109375 0.02265625
0 0.45390625 0.42109375 0.025 0.0234375
0 0.54140625 0.43828125 0.0234375 0.025
0 0.09609375 0.49609375 0.03125 0.0265625
0 0.125 0.5640625 0.0296875 0.03203125
0 0.82578125 0.4796875 0.0359375 0.03203125
0 0.8765625 0.5359375 0.028125 0.0296875
0 0.89453125 0.7125 0.02734375 0.0390625
0 0.428125 0.4046875 0.0234375 0.02578125
0 0.71328125 0.4359375 0.02421875 0.0265625
0 0.7046875 0.78671875 0.0171875 0.03125
0 0.17578125 0.534375 0.01640625 0.02265625
0 0.98125 0.6578125 0.0375 0.04609375
0 0.3734375 0.428125 0.0265625 0.02578125
0 0.93359375 0.49765625 0.03671875 0.03359375
0 0.8078125 0.5015625 0.02578125 0.03203125
0 0.97734375 0.45078125 0.03515625 0.028125
0 0.15703125 0.51484375 0.02421875 0.02421875
0 0.4984375 0.3984375 0.0234375 0.02265625
0 0.95625 0.88359375 0.0328125 0.04375
0 0.71953125 0.52421875 0.028125 0.02578125
0 0.3765625 0.6171875 0.02265625 0.02890625
0 0.41875 0.4359375 0.02265625 0.02421875
0 0.83046875 0.62890625 0.0296875 0.03828125
0 0.3453125 0.49375 0.021875 0.0265625
0 0.40859375 0.46875 0.028125 0.025
0 0.590625 0.48203125 0.0296875 0.028125
0 0.875 0.6515625 0.034375 0.0390625
0 0.18359375 0.5484375 0.01640625 0.02109375
0 0.81484375 0.41484375 0.021875 0.025
0 0.08828125 0.56484375 0.0328125 0.028125
0 0.0296875 0.5390625 0.059375 0.03125
0 0.0453125 0.55 0.03203125 0.028125
0 0.79140625 0.38984375 0.0265625 0.028125
0 0.04609375 0.6578125 0.028125 0.03203125
0 0.2765625 0.4671875 0.0203125 0.021875
0 0.15625 0.59921875 0.02421875 0.03359375
0 0.18203125 0.99296875 0.02265625 0.01328125
0 0.85078125 0.41640625 0.03515625 0.0265625
0 0.19453125 0.5734375 0.02265625 0.02734375
0 0.5703125 0.38984375 0.0234375 0.02421875
0 0.7453125 0.4078125 0.0171875 0.01875
0 0.490625 0.48203125 0.03046875 0.028125
0 0.60859375 0.98359375 0.0578125 0.0328125
0 0.515625 0.440625 0.0234375 0.02578125
0 0.42109375 0.675 0.04140625 0.028125
0 0.5078125 0.7046875 0.0265625 0.02734375
0 0.36171875 0.71484375 0.0265625 0.01953125
0 0.3828125 0.55625 0.0234375 0.0234375
0 0.3453125 0.584375 0.025 0.0171875
0 0.87734375 0.9 0.04609375 0.065625
0 0.84296875 0.8984375 0.01953125 0.0328125
0 0.90625 0.6828125 0.034375 0.03125
0 0.7109375 0.63359375 0.021875 0.02734375
0 0.759375 0.646875 0.03359375 0.03203125
0 0.60078125 0.56015625 0.028125 0.0265625
0 0.58671875 0.45078125 0.02578125 0.01875
0 0.21796875 0.59765625 0.03203125 0.02578125
0 0.01328125 0.62109375 0.02578125 0.0140625
0 0.12421875 0.51484375 0.03203125 0.0203125
0 0.04296875 0.4421875 0.03203125 0.02578125
0 0.03984375 0.91796875 0.05859375 0.05078125
0 0.98984375 0.746875 0.0203125 0.04921875
0 0.94140625 0.57890625 0.0515625 0.03125
0 0.96875 0.540625 0.03359375 0.01953125
0 0.91953125 0.53046875 0.0265625 0.025
0 0.85234375 0.50703125 0.03828125 0.0328125
0 0.8203125 0.53984375 0.028125 0.01953125
0 0.7875 0.52421875 0.02109375 0.01953125
0 0.671875 0.3921875 0.01640625 0.01875
0 0.00625 0.66171875 0.0125 0.0171875
0 0.16953125 0.43671875 0.02265625 0.02265625
0 0.0953125 0.43359375 0.02578125 0.01796875
0 0.08203125 0.5265625 0.02734375 0.02265625
0 0.04453125 0.50078125 0.03828125 0.021875