0 0.190625 0.96875 0.06875 0.06171875
0 0.10859375 0.9109375 0.03515625 0.05390625
0 0.0296875 0.93125 0.03203125 0.05
0 0.0546875 0.9671875 0.059375 0.06484375
0 0.0125 0.771875 0.025 0.03203125
0 0.06875 0.8078125 0.03671875 0.040625
0 0.08984375 0.71796875 0.03125 0.03828125
0 0.13125 0.7859375 0.04296875 0.04453125
0 0.18828125 0.7125 0.04609375 0.05078125
0 0.22265625 0.75078125 0.03828125 0.0421875
0 0.2453125 0.69453125 0.03984375 0.03984375
0 0.2359375 0.64765625 0.028125 0.03828125
0 0.184375 0.625 0.0328125 0.0375
0 0.0953125 0.6453125 0.03359375 0.03125
0 0.1078125 0.5390625 0.0375 0.02890625
0 0.0375 0.58984375 0.0265625 0.0359375
0 0.01484375 0.5421875 0.0296875 0.02734375
0 0.01484375 0.5078125 0.028125 0.028125
0 0.04375 0.42265625 0.0296875 0.021875
0 0.06953125 0.4453125 0.02421875 0.02890625
0 0.1140625 0.43984375 0.0234375 0.02109375
0 0.115625 0.49921875 0.03203125 0.03125
0 0.1640625 0.50703125 0.03203125 0.0359375
0 0.14765625 0.53671875 0.03125 0.028125
0 0.17734375 0.5515625 0.02578125 0.03671875
0 0.209375 0.490625 0.02265625 0.02890625
0 0.19140625 0.41171875 0.01796875 0.021875
0 0.2765625 0.434375 0.02578125 0.0265625
0 0.31171875 0.48046875 0.02890625 0.02265625
0 0.309375 0.4546875 0.02109375 0.02109375
0 0.26171875 0.56953125 0.028125 0.034375
0 0.19921875 0.83671875 0.0375 0.05234375
0 0.25546875 0.79921875 0.0421875 0.06015625
0 0.31015625 0.7078125 0.03671875 0.04765625
0 0.34140625 0.76875 0.053125 0.0609375
0 0.32890625 0.865625 0.04375 0.0546875
0 0.36875 0.8953125 0.04765625 0.0703125
0 0.38671875 0.81328125 0.028125 0.0484375
0 0.3921875 0.75234375 0.0296875 0.0421875
0 0.4484375 0.734375 0.03203125 0.04453125
0 0.409375 0.66796875 0.0375 0.03984375
0 0.45625 0.62578125 0.01796875 0.02734375
0 0.46875 0.60546875 0.0203125 0.02734375
0 0.434375 0.61171875 0.02265625 0.03125
0 0.44375 0.58515625 0.01796875 0.021875
0 0.34375 0.56015625 0.0234375 0.021875
0 0.32265625 0.58203125 0.01953125 0.02734375
0 0.4546875 0.8203125 0.03671875 0.0515625
0 0.66796875 0.96484375 0.06015625 0.0703125
0 0.53359375 0.81953125 0.040625 0.0453125
0 0.5421875 0.86484375 0.0484375 0.04765625
0 0.634375 0.84609375 0.0609375 0.07109375
0 0.715625 0.8109375 0.03515625 0.06015625
0 0.74609375 0.865625 0.04609375 0.05703125
0 0.76484375 0.95546875 0.0515625 0.0765625
0 0.81953125 0.946875 0.04453125 0.06328125
0 0.8390625 0.871875 0.034375 0.0515625
0 0.7921875 0.8125 0.04765625 0.0671875
0 0.81953125 0.7671875 0.04921875 0.0546875
0 0.8703125 0.765625 0.034375 0.04921875
0 0.9328125 0.775 0.05390625 0.06796875
0 0.71640625 0.71953125 0.05 0.04140625
0 0.72890625 0.7 0.0203125 0.02890625
0 0.60625 0.57890625 0.0265625 0.04140625
0 0.56796875 0.58671875 0.03046875 0.0328125
0 0.646875 0.59453125 0.0359375 0.034375
0 0.7046875 0.66640625 0.03125 0.03515625
0 0.75 0.65234375 0.03359375 0.028125
0 0.75078125 0.6140625 0.03203125 0.03125
0 0.7984375 0.603125 0.03125 0.0328125
0 0.70234375 0.54140625 0.03515625 0.034375
0 0.67734375 0.50625 0.03125 0.03671875
0 0.63828125 0.51640625 0.034375 0.03671875
0 0.5421875 0.4890625 0.0328125 0.03046875
0 0.4359375 0.47421875 0.01640625 0.02109375
0 0.3859375 0.48046875 0.03125 0.03046875
0 0.57734375 0.47109375 0.0328125 0.0265625
0 0.45078125 0.52734375 0.03046875 0.0296875
0 0.49609375 0.4671875 0.03203125 0.0171875
0 0.4765625 0.4421875 0.0234375 0.01953125
0 0.740625 0.5 0.03203125 0.03515625
0 0.784375 0.525 0.03359375 0.02734375
0 0.86171875 0.6046875 0.0359375 0.03359375
0 0.98046875 0.81953125 0.034375 0.03671875
0 0.946875 0.68515625 0.04453125 0.04375
0 0.94140625 0.62265625 0.03984375 0.03828125
0 0.9765625 0.6328125 0.0234375 0.02890625
0 0.91640625 0.57265625 0.03125 0.03359375
0 0.8078125 0.70390625 0.025 0.03203125
0 0.9296875 0.51640625 0.0296875 0.028125
0 0.92109375 0.48828125 0.0296875 0.0203125
0 0.96171875 0.4703125 0.02890625 0.02109375
0 0.84375 0.45078125 0.02109375 0.01796875
0 0.90390625 0.384375 0.025 0.02109375
0 0.884375 0.415625 0.02265625 0.02890625
0 0.86171875 0.38359375 0.0203125 0.02109375
0 0.7890625 0.43359375 0.0296875 0.02265625
0 0.740625 0.46640625 0.0171875 0.02265625
0 0.7453125 0.346875 0.021875 0.021875
0 0.67265625 0.4328125 0.02421875 0.02265625
0 0.64765625 0.471875 0.02421875 0.01640625
0 0.61015625 0.48515625 0.02421875 0.0203125
0 0.546875 0.29453125 0.01875 0.01796875
0 0.9828125 0.96328125 0.034375 0.05703125
0 0.35546875 0.690625 0.0265625 0.0453125
0 0.3703125 0.5234375 0.01953125 0.02890625
0 0.43046875 0.42109375 0.021875 0.02265625
0 0.35390625 0.39453125 0.02109375 0.01875
0 0.3671875 0.415625 0.01875 0.02421875
0 0.23515625 0.40703125 0.0171875 0.01953125
0 0.23515625 0.43671875 0.02109375 0.021875
0 0.28515625 0.3375 0.01640625 0.0203125
0 0.42265625 0.33359375 0.0140625 0.01484375
0 0.34375 0.309375 0.021875 0.0234375
0 0.3328125 0.609375 0.0234375 0.025