0 0.3109375 0.89375 0.0453125 0.06171875
0 0.2234375 0.96640625 0.04921875 0.0484375
0 0.18046875 0.8671875 0.04296875 0.0421875
0 0.24765625 0.85234375 0.03984375 0.05390625
0 0.271875 0.7578125 0.034375 0.03515625
0 0.30234375 0.8125 0.021875 0.02734375
0 0.309375 0.9640625 0.02421875 0.04921875
0 0.3515625 0.97578125 0.05859375 0.0484375
0 0.41171875 0.8828125 0.04140625 0.06875
0 0.47890625 0.9421875 0.046875 0.0484375
0 0.52421875 0.90390625 0.05390625 0.053125
0 0.58671875 0.91953125 0.0484375 0.08046875
0 0.62265625 0.9015625 0.02734375 0.04609375
0 0.62109375 0.82421875 0.0375 0.04609375
0 0.6171875 0.74296875 0.0453125 0.05234375
0 0.5359375 0.73515625 0.04140625 0.04765625
0 0.471875 0.79375 0.05546875 0.06484375
0 0.3671875 0.71171875 0.0375 0.05703125
0 0.42265625 0.6890625 0.021875 0.03046875
0 0.39765625 0.675 0.03515625 0.03125
0 0.2828125 0.70859375 0.02890625 0.04140625
0 0.2875 0.66953125 0.034375 0.0421875
0 0.3109375 0.61875 0.040625 0.02421875
0 0.30234375 0.58359375 0.03515625 0.0453125
0 0.190625 0.69296875 0.05078125 0.0484375
0 0.13359375 0.73984375 0.03671875 0.03359375
0 0.09296875 0.8625 0.059375 0.07890625
0 0.034375 0.9 0.0625 0.075
0 0.06015625 0.7640625 0.02265625 0.04140625
0 0.071875 0.66640625 0.05390625 0.04296875
0 0.1609375 0.6265625 0.0375 0.02109375
0 0.12734375 0.5796875 0.0125 0.0265625
0 0.0828125 0.5875 0.0203125 0.015625
0 0.0625 0.5375 0.03359375 0.034375
0 0.0421875 0.49453125 0.034375 0.02578125
0 0.10859375 0.4984375 0.025 0.015625
0 0.09375 0.4796875 0.021875 0.021875
0 0.14375 0.54609375 0.03671875 0.03359375
0 0.1421875 0.50703125 0.04375 0.0296875
0 0.18125 0.571875 0.025 0.021875
0 0.20390625 0.65078125 0.028125 0.02421875
0 0.178125 0.5109375 0.03203125 0.01875
0 0.2203125 0.5375 0.01875 0.0203125
0 0.20078125 0.52265625 0.01796875 0.01640625
0 0.24296875 0.51796875 0.02578125 0.01953125
0 0.31875 0.52890625 0.03125 0.0328125
0 0.3703125 0.57890625 0.028125 0.034375
0 0.403125 0.621875 0.01875 0.01796875
0 0.48828125 0.66328125 0.0421875 0.040625
0 0.4796875 0.6140625 0.028125 0.03359375
0 0.56171875 0.646875 0.02734375 0.0359375
0 0.52578125 0.61484375 0.0234375 0.01953125
0 0.52109375 0.503125 0.04140625 0.040625
0 0.56875 0.49609375 0.01953125 0.0203125
0 0.55859375 0.4765625 0.021875 0.0234375
0 0.58828125 0.55390625 0.0375 0.02734375
0 0.63046875 0.5796875 0.034375 0.0359375
0 0.6453125 0.65234375 0.040625 0.03203125
0 0.678125 0.6671875 0.01171875 0.015625
0 0.678125 0.90625 0.04765625 0.0578125
0 0.71953125 0.9546875 0.034375 0.05234375
0 0.7265625 0.9265625 0.0203125 0.021875
0 0.76796875 0.97890625 0.0328125 0.0375
0 0.8421875 0.97890625 0.06171875 0.04140625
0 0.853125 0.8734375 0.04296875 0.05625
0 0.7875 0.77421875 0.0390625 0.0328125
0 0.83671875 0.7734375 0.025 0.03359375
0 0.725 0.71015625 0.025 0.03828125
0 0.7578125 0.6984375 0.0296875 0.0390625
0 0.7796875 0.6703125 0.02734375 0.03203125
0 0.69375 0.6078125 0.03515625 0.04375
0 0.70546875 0.646875 0.01953125 0.015625
0 0.74140625 0.6140625 0.0265625 0.03125
0 0.74921875 0.553125 0.02734375 0.03359375
0 0.721875 0.5671875 0.01328125 0.028125
0 0.6875 0.5578125 0.0140625 0.028125
0 0.6421875 0.49140625 0.02890625 0.02890625
0 0.6859375 0.47265625 0.03046875 0.025
0 0.7015625 0.50390625 0.0265625 0.02265625
0 0.7328125 0.51015625 0.03125 0.03515625
0 0.77890625 0.54765625 0.02890625 0.02421875
0 0.79296875 0.59765625 0.03125 0.03046875
0 0.82890625 0.61484375 0.02734375 0.02734375
0 0.9828125 0.93828125 0.034375 0.0765625
0 0.86953125 0.72421875 0.01796875 0.02578125
0 0.83671875 0.696875 0.0328125 0.03125
0 0.9015625 0.70859375 0.053125 0.03203125
0 0.96953125 0.70234375 0.03671875 0.02734375
0 0.97734375 0.62109375 0.025 0.02578125
0 0.91484375 0.6484375 0.03125 0.03046875
0 0.9015625 0.575 0.021875 0.021875
0 0.859375 0.5625 0.01796875 0.02265625
0 0.8140625 0.5734375 0.0328125 0.02109375
0 0.92109375 0.55078125 0.03125 0.03359375
0 0.86953125 0.5203125 0.02109375 0.01953125
0 0.91171875 0.50546875 0.015625 0.025
0 0.34765625 0.49453125 0.0296875 0.021875
0 0.3515625 0.4703125 0.021875 0.01015625
0 0.40625 0.55390625 0.0125 0.009375
0 0.378125 0.5171875 0.01484375 0.01171875
0 0.4109375 0.5 0.015625 0.0125
0 0.45078125 0.5859375 0.01875 0.03046875
0 0.459375 0.5484375 0.0265625 0.0203125
0 0.22578125 0.490625 0.01875 0.0125
0 0.175 0.465625 0.01875 0.01875
0 0.2015625 0.465625 0.01171875 0.01171875
0 0.1390625 0.478125 0.0171875 0.02265625
0 0.13984375 0.45546875 0.021875 0.0140625
0 0.36875 0.45 0.01328125 0.009375
0 0.39765625 0.45 0.0140625 0.01171875
0 0.32421875 0.43125 0.0109375 0.00703125
0 0.28046875 0.4765625 0.01875 0.02265625
0 0.26328125 0.4421875 0.02109375 0.021875