0 0.0875 0.9453125 0.0375 0.05234375
0 0.015625 0.903125 0.03046875 0.04453125
0 0.1484375 0.96953125 0.04140625 0.0484375
0 0.17578125 0.978125 0.02421875 0.04375
0 0.16640625 0.91171875 0.02265625 0.03203125
0 0.084375 0.75234375 0.028125 0.034375
0 0.10625 0.803125 0.0296875 0.028125
0 0.1109375 0.77578125 0.02734375 0.02734375
0 0.1984375 0.8125 0.03203125 0.0375
0 0.23125 0.8234375 0.0234375 0.0359375
0 0.31171875 0.94453125 0.0359375 0.03203125
0 0.31953125 0.8421875 0.0390625 0.04296875
0 0.2984375 0.77578125 0.0328125 0.034375
0 0.2484375 0.68671875 0.0234375 0.0390625
0 0.3078125 0.71796875 0.01875 0.02109375
0 0.22578125 0.75234375 0.02421875 0.03203125
0 0.1625 0.75234375 0.025 0.0421875
0 0.07734375 0.6875 0.02265625 0.028125
0 0.28125 0.8765625 0.0265625 0.0375
0 0.38203125 0.85234375 0.03203125 0.03671875
0 0.41015625 0.8875 0.0265625 0.04140625
0 0.45234375 0.93828125 0.0265625 0.04296875
0 0.47890625 0.9703125 0.034375 0.059375
0 0.4734375 0.8984375 0.03125 0.04296875
0 0.49609375 0.8078125 0.02890625 0.03046875
0 0.528125 0.79765625 0.03671875 0.03359375
0 0.38828125 0.8 0.034375 0.04296875
0 0.3390625 0.675 0.0265625 0.02890625
0 0.37421875 0.69765625 0.0265625 0.03515625
0 0.32265625 0.61875 0.021875 0.03671875
0 0.28984375 0.62734375 0.021875 0.025
0 0.5453125 0.859375 0.03203125 0.05390625
0 0.58515625 0.85546875 0.03125 0.0390625
0 0.61484375 0.88046875 0.02890625 0.0484375
0 0.63203125 0.84609375 0.0265625 0.03828125
0 0.61328125 0.93828125 0.02890625 0.03984375
0 0.69765625 0.95859375 0.0390625 0.0578125
0 0.70859375 0.87890625 0.03828125 0.053125
0 0.7359375 0.9390625 0.03203125 0.05625
0 0.7765625 0.98125 0.02890625 0.03203125
0 0.80859375 0.94453125 0.0328125 0.04765625
0 0.834375 0.97890625 0.034375 0.0421875
0 0.88359375 0.93125 0.0375 0.04296875
0 0.971875 0.9546875 0.03984375 0.04140625
0 0.94140625 0.7796875 0.0421875 0.04375
0 0.8890625 0.7890625 0.0375 0.0390625
0 0.79375 0.7171875 0.0296875 0.03515625
0 0.79375 0.81640625 0.03046875 0.04296875
0 0.75390625 0.80390625 0.0359375 0.0375
0 0.73515625 0.74296875 0.034375 0.0375
0 0.98515625 0.75859375 0.0296875 0.03046875
0 0.9421875 0.6625 0.021875 0.02890625
0 0.82421875 0.609375 0.02265625 0.0265625
0 0.84921875 0.6046875 0.02265625 0.03203125
0 0.7453125 0.67421875 0.0296875 0.0328125
0 0.74375 0.63125 0.02265625 0.021875
0 0.7625 0.62890625 0.01640625 0.02109375
0 0.72890625 0.5734375 0.0203125 0.021875
0 0.69296875 0.7671875 0.028125 0.04296875
0 0.6640625 0.78984375 0.0296875 0.0390625
0 0.59921875 0.7625 0.0296875 0.040625
0 0.646875 0.73828125 0.0265625 0.028125
0 0.64375 0.69609375 0.02421875 0.0390625
0 0.6109375 0.71484375 0.03203125 0.034375
0 0.6171875 0.66640625 0.025 0.0265625
0 0.69140625 0.70234375 0.02109375 0.03828125
0 0.8796875 0.6140625 0.025 0.025
0 0.91953125 0.540625 0.028125 0.021875
0 0.8765625 0.54921875 0.0296875 0.02421875
0 0.85234375 0.55703125 0.025 0.02890625
0 0.77890625 0.54140625 0.02421875 0.02890625
0 0.66171875 0.5375 0.0234375 0.02109375
0 0.65703125 0.61796875 0.01796875 0.02890625
0 0.56796875 0.65546875 0.0234375 0.02421875
0 0.615625 0.48046875 0.015625 0.02265625
0 0.5953125 0.4640625 0.01875 0.0171875
0 0.4140625 0.7359375 0.04140625 0.03984375
0 0.43671875 0.775 0.02421875 0.03046875
0 0.46328125 0.72421875 0.0234375 0.0265625
0 0.43671875 0.62421875 0.01875 0.03515625
0 0.346875 0.5828125 0.02109375 0.02421875
0 0.3765625 0.61171875 0.01953125 0.02265625
0 0.39609375 0.59765625 0.021875 0.02109375
0 0.3515625 0.4921875 0.01875 0.0203125
0 0.36875 0.471875 0.01875 0.0203125
0 0.3875 0.5125 0.01875 0.02578125
0 0.37265625 0.56484375 0.01640625 0.028125
0 0.0515625 0.684375 0.02421875 0.028125
0 0.1109375 0.696875 0.03203125 0.01953125
0 0.1328125 0.728125 0.01875 0.02421875
0 0.15859375 0.7171875 0.0234375 0.021875
0 0.1515625 0.6875 0.02421875 0.02734375
0 0.13359375 0.65859375 0.01796875 0.021875
0 0.17734375 0.590625 0.0265625 0.02890625
0 0.24921875 0.7625 0.025 0.03359375
0 0.16328125 0.54453125 0.021875 0.0234375
0 0.93671875 0.48515625 0.02421875 0.02421875
0 0.96875 0.703125 0.0328125 0.02890625
0 0.7359375 0.52265625 0.025 0.021875
0 0.6046875 0.53828125 0.025 0.02109375
0 0.5515625 0.4984375 0.02109375 0.015625
0 0.5328125 0.5953125 0.015625 0.02265625
0 0.45234375 0.5578125 0.0171875 0.02265625
0 0.34921875 0.54921875 0.015625 0.02265625
0 0.296875 0.51328125 0.01953125 0.0203125
0 0.30625 0.5734375 0.025 0.02734375
0 0.24140625 0.58359375 0.01796875 0.021875
0 0.24765625 0.6234375 0.0234375 0.02890625
0 0.11484375 0.59609375 0.02109375 0.02265625
0 0.3265625 0.89140625 0.03359375 0.03515625
0 0.37265625 0.728125 0.02734375 0.0203125
0 0.2953125 0.659375 0.021875 0.025
0 0.31484375 0.6609375 0.01640625 0.021875
0 0.81953125 0.7671875 0.03203125 0.02890625
0 0.60234375 0.60703125 0.0171875 0.02578125
0 0.54765625 0.3859375 0.0203125 0.021875
0 0.4171875 0.50859375 0.02265625 0.02421875