0 0.61875 0.778125 0.04140625 0.0609375
0 0.1703125 0.725 0.05546875 0.05
0 0.396875 0.9265625 0.0578125 0.065625
0 0.10234375 0.78203125 0.04765625 0.05546875
0 0.88125 0.93046875 0.05078125 0.0734375
0 0.35078125 0.74609375 0.0390625 0.0515625
0 0.6234375 0.865625 0.04609375 0.071875
0 0.46171875 0.83203125 0.04921875 0.06328125
0 0.628125 0.95625 0.04296875 0.0609375
0 0.8546875 0.80859375 0.03515625 0.05703125
0 0.05234375 0.9140625 0.06796875 0.07265625
0 0.1515625 0.91796875 0.0609375 0.0703125
0 0.65703125 0.67578125 0.04140625 0.04921875
0 0.478125 0.63203125 0.0328125 0.04375
0 0.29921875 0.6375 0.03515625 0.03671875
0 0.53203125 0.77421875 0.04375 0.0546875
0 0.25234375 0.79609375 0.034375 0.0484375
0 0.7046875 0.6328125 0.0421875 0.053125
0 0.29765625 0.9390625 0.06328125 0.08125
0 0.7546875 0.57421875 0.03984375 0.04375
0 0.365625 0.5953125 0.034375 0.046875
0 0.28984375 0.6 0.0390625 0.04453125
0 0.221875 0.9046875 0.04296875 0.05625
0 0.6875 0.96796875 0.040625 0.059375
0 0.4875 0.69609375 0.04296875 0.05234375
0 0.7953125 0.69296875 0.040625 0.04765625
0 0.52265625 0.94921875 0.05390625 0.07421875
0 0.14140625 0.65078125 0.03046875 0.03828125
0 0.85234375 0.72421875 0.0390625 0.04453125
0 0.64765625 0.50234375 0.0296875 0.03203125
0 0.27109375 0.68984375 0.03359375 0.0453125
0 0.5578125 0.67265625 0.046875 0.04609375
0 0.62734375 0.60234375 0.03359375 0.04765625
0 0.86484375 0.58046875 0.034375 0.03828125
0 0.340625 0.5125 0.0375 0.02890625
0 0.93515625 0.6671875 0.04453125 0.0515625
0 0.58203125 0.9640625 0.04609375 0.071875
0 0.76875 0.72578125 0.04375 0.03984375
0 0.453125 0.5625 0.03515625 0.0390625
0 0.18203125 0.67890625 0.03125 0.034375
0 0.51953125 0.5140625 0.040625 0.0421875
0 0.73828125 0.74296875 0.02734375 0.04765625
0 0.91796875 0.7390625 0.04375 0.05859375
0 0.46171875 0.415625 0.02578125 0.021875
0 0.28515625 0.85390625 0.0296875 0.0375
0 0.1625 0.51953125 0.02578125 0.03046875
0 0.26796875 0.49609375 0.025 0.0296875
0 0.91953125 0.5953125 0.040625 0.0390625
0 0.4125 0.7125 0.03203125 0.04453125
0 0.12578125 0.56640625 0.046875 0.03125
0 0.73828125 0.521875 0.02578125 0.034375
0 0.70859375 0.44140625 0.0265625 0.0265625
0 0.80703125 0.809375 0.03984375 0.046875
0 0.265625 0.72734375 0.03515625 0.0359375
0 0.0515625 0.6890625 0.04765625 0.05
0 0.7109375 0.51484375 0.028125 0.0296875
0 0.56171875 0.4859375 0.025 0.02890625
0 0.74921875 0.625 0.03046875 0.0328125
0 0.06015625 0.60625 0.02578125 0.02890625
0 0.1703125 0.58203125 0.02265625 0.02890625
0 0.67421875 0.4390625 0.02265625 0.02421875
0 0.3828125 0.69921875 0.03359375 0.034375
0 0.5890625 0.57265625 0.03203125 0.0328125
0 0.08828125 0.5078125 0.02890625 0.0265625
0 0.3453125 0.47890625 0.02890625 0.02421875
0 0.6125 0.40625 0.021875 0.02578125
0 0.56875 0.50703125 0.0203125 0.0234375
0 0.31328125 0.54296875 0.03984375 0.034375
0 0.31875 0.4421875 0.01953125 0.021875
0 0.47421875 0.98046875 0.0484375 0.0390625
0 0.01953125 0.509375 0.034375 0.0328125
0 0.18515625 0.478125 0.02109375 0.02421875
0 0.34609375 0.3671875 0.021875 0.02421875
0 0.0421875 0.5546875 0.03515625 0.02734375
0 0.834375 0.49140625 0.02421875 0.02734375
0 0.02265625 0.79765625 0.040625 0.059375
0 0.2078125 0.49453125 0.0171875 0.01953125
0 0.46328125 0.37734375 0.0203125 0.0203125
0 0.45625 0.39453125 0.02421875 0.021875
0 0.6984375 0.48671875 0.02421875 0.0265625
0 0.3890625 0.45703125 0.02265625 0.02421875
0 0.17578125 0.5921875 0.021875 0.02890625
0 0.534375 0.37890625 0.02421875 0.02421875
0 0.49609375 0.3765625 0.02265625 0.021875
0 0.79375 0.5734375 0.02578125 0.03046875
0 0.82421875 0.5875 0.03515625 0.028125
0 0.82265625 0.77421875 0.02578125 0.059375
0 0.94609375 0.56171875 0.02890625 0.025
0 0.9859375 0.73203125 0.028125 0.0296875
0 0.88515625 0.76171875 0.03125 0.03359375
0 0.44375 0.61328125 0.03359375 0.02890625
0 0.3921875 0.64609375 0.0203125 0.01875
0 0.39609375 0.56640625 0.01640625 0.01953125
0 0.39921875 0.5140625 0.0203125 0.0171875
0 0.22578125 0.53359375 0.0296875 0.02734375
0 0.215625 0.50625 0.0171875 0.0125
0 0.103125 0.6 0.02265625 0.021875
0 0.0984375 0.74375 0.034375 0.0421875
0 0.715625 0.671875 0.02734375 0.01875
0 0.6859375 0.69921875 0.0125 0.02734375
0 0.8453125 0.64140625 0.01796875 0.02421875
0 0.58359375 0.44921875 0.02578125 0.02578125
0 0.49453125 0.4546875 0.02890625 0.0203125
0 0.53828125 0.41328125 0.01875 0.01875
0 0.49140625 0.39609375 0.021875 0.015625
0 0.51796875 0.41640625 0.02578125 0.01875
0 0.4140625 0.43828125 0.02578125 0.015625
0 0.38046875 0.403125 0.021875 0.025
0 0.359375 0.4625 0.0203125 0.0140625
0 0.15703125 0.47734375 0.02578125 0.01875
0 0.1234375 0.46328125 0.0234375 0.0203125
0 0.12734375 0.521875 0.0390625 0.03359375
0 0.51875 0.63515625 0.025 0.02265625
0 0.73203125 0.5890625 0.02578125 0.021875