0 0.09140625 0.9671875 0.05390625 0.06171875
0 0.17578125 0.8953125 0.03984375 0.05390625
0 0.215625 0.946875 0.053125 0.04921875
0 0.28046875 0.8765625 0.0484375 0.04375
0 0.3578125 0.83515625 0.04609375 0.04765625
0 0.4171875 0.79765625 0.04921875 0.03984375
0 0.46171875 0.88515625 0.05234375 0.0484375
0 0.54375 0.8859375 0.04375 0.04296875
0 0.5890625 0.8875 0.04296875 0.059375
0 0.5234375 0.825 0.02578125 0.04296875
0 0.48203125 0.7828125 0.03046875 0.04765625
0 0.3 0.809375 0.03203125 0.03828125
0 0.22265625 0.83515625 0.04140625 0.04765625
0 0.1890625 0.78671875 0.03359375 0.0375
0 0.06171875 0.7546875 0.03984375 0.0515625
0 0.0828125 0.67734375 0.02109375 0.03046875
0 0.16953125 0.65625 0.028125 0.0265625
0 0.26953125 0.68515625 0.0421875 0.03515625
0 0.23515625 0.73359375 0.0296875 0.0296875
0 0.1796875 0.684375 0.03125 0.0234375
0 0.29296875 0.58515625 0.04609375 0.03515625
0 0.3453125 0.5890625 0.03359375 0.0234375
0 0.4171875 0.69296875 0.04375 0.0359375
0 0.33359375 0.66328125 0.03125 0.03203125
0 0.35390625 0.684375 0.03671875 0.040625
0 0.44296875 0.6359375 0.034375 0.02734375
0 0.528125 0.68203125 0.04375 0.03515625
0 0.50078125 0.57421875 0.03828125 0.03203125
0 0.45390625 0.58203125 0.02890625 0.02578125
0 0.4375 0.5421875 0.021875 0.02578125
0 0.33984375 0.5328125 0.02890625 0.0265625
0 0.28515625 0.54140625 0.02109375 0.02734375
0 0.375 0.4984375 0.02265625 0.02265625
0 0.46640625 0.4734375 0.0171875 0.02421875
0 0.146875 0.53984375 0.021875 0.0296875
0 0.12265625 0.5546875 0.028125 0.02421875
0 0.20390625 0.53671875 0.02109375 0.025
0 0.209375 0.7046875 0.03359375 0.0359375
0 0.29921875 0.76484375 0.0328125 0.05
0 0.678125 0.6359375 0.028125 0.0390625
0 0.70625 0.67890625 0.02578125 0.03203125
0 0.715625 0.71796875 0.0265625 0.0390625
0 0.67421875 0.7828125 0.03984375 0.034375
0 0.73515625 0.971875 0.040625 0.0515625
0 0.79375 0.94140625 0.053125 0.07890625
0 0.7875 0.88203125 0.03671875 0.04296875
0 0.81171875 0.80078125 0.0421875 0.04609375
0 0.81171875 0.7484375 0.04140625 0.03671875
0 0.7453125 0.67734375 0.03359375 0.03359375
0 0.95703125 0.84140625 0.05859375 0.05546875
0 0.85859375 0.7703125 0.0359375 0.03203125
0 0.93359375 0.72578125 0.0453125 0.0546875
0 0.86171875 0.63359375 0.0296875 0.0375
0 0.79453125 0.63515625 0.03125 0.03828125
0 0.75234375 0.61796875 0.0296875 0.03671875
0 0.640625 0.58828125 0.03515625 0.03984375
0 0.65 0.54453125 0.02890625 0.0359375
0 0.6796875 0.53046875 0.0328125 0.02265625
0 0.70390625 0.49296875 0.03359375 0.0328125
0 0.5078125 0.54453125 0.01875 0.0265625
0 0.45859375 0.53203125 0.021875 0.02109375
0 0.49375 0.434375 0.01640625 0.021875
0 0.87265625 0.5625 0.0265625 0.02890625
0 0.81328125 0.5375 0.02578125 0.03046875
0 0.8421875 0.596875 0.028125 0.02734375
0 0.81328125 0.61328125 0.03125 0.0296875
0 0.5328125 0.6125 0.02421875 0.03046875
0 0.60546875 0.6421875 0.0265625 0.0234375
0 0.0578125 0.61484375 0.0328125 0.03203125
0 0.1359375 0.640625 0.0203125 0.0265625
0 0.31484375 0.46796875 0.0234375 0.02421875
0 0.59140625 0.521875 0.021875 0.02890625
0 0.59453125 0.48046875 0.0234375 0.0234375
0 0.88984375 0.54375 0.034375 0.03046875
0 0.88671875 0.50625 0.02265625 0.01953125
0 0.2609375 0.45390625 0.025 0.028125
0 0.53359375 0.5625 0.02421875 0.04375
0 0.89453125 0.6078125 0.0375 0.028125
0 0.5703125 0.48203125 0.02109375 0.02890625