0 0.0234375 0.91796875 0.046875 0.08515625
0 0.0796875 0.871875 0.04609375 0.0625
0 0.1734375 0.875 0.03828125 0.05703125
0 0.21875 0.965625 0.03984375 0.046875
0 0.2390625 0.85546875 0.04375 0.04296875
0 0.3140625 0.8890625 0.06015625 0.0734375
0 0.26171875 0.76328125 0.0390625 0.04609375
0 0.2984375 0.82109375 0.02265625 0.03359375
0 0.27890625 0.70546875 0.03046875 0.0265625
0 0.2859375 0.6671875 0.0296875 0.03984375
0 0.3078125 0.61328125 0.0296875 0.03203125
0 0.29453125 0.590625 0.0203125 0.03359375
0 0.1875 0.709375 0.0375 0.040625
0 0.20234375 0.65625 0.021875 0.028125
0 0.11875 0.7578125 0.0390625 0.034375
0 0.0578125 0.77109375 0.04921875 0.05
0 0.0671875 0.67109375 0.05078125 0.0375
0 0.15546875 0.63046875 0.040625 0.0296875
0 0.12265625 0.58125 0.015625 0.02421875
0 0.07734375 0.590625 0.0203125 0.02109375
0 0.08515625 0.55703125 0.01875 0.021875
0 0.05859375 0.54375 0.02578125 0.0234375
0 0.03203125 0.49140625 0.03828125 0.034375
0 0.18359375 0.571875 0.01953125 0.01875
0 0.14140625 0.54609375 0.0421875 0.03515625
0 0.21171875 0.54140625 0.01171875 0.0171875
0 0.1796875 0.5140625 0.028125 0.025
0 0.14765625 0.51015625 0.0234375 0.0265625
0 0.09140625 0.48671875 0.02109375 0.0203125
0 0.109375 0.49609375 0.015625 0.01875
0 0.3703125 0.57890625 0.028125 0.03203125
0 0.35859375 0.72265625 0.0265625 0.04765625
0 0.3921875 0.675 0.03515625 0.02734375
0 0.41953125 0.68671875 0.02890625 0.034375
0 0.465625 0.79296875 0.03984375 0.0578125
0 0.40703125 0.8921875 0.0421875 0.0625
0 0.47578125 0.9515625 0.0484375 0.0640625
0 0.528125 0.909375 0.05078125 0.078125
0 0.5859375 0.92265625 0.046875 0.08671875
0 0.6265625 0.90546875 0.05546875 0.06796875
0 0.6265625 0.8375 0.0375 0.05546875
0 0.61640625 0.74609375 0.04375 0.0546875
0 0.53828125 0.74609375 0.04609375 0.0453125
0 0.49140625 0.6765625 0.0390625 0.05546875
0 0.48203125 0.615625 0.03046875 0.0375
0 0.4015625 0.62265625 0.01953125 0.0234375
0 0.5265625 0.61484375 0.025 0.01953125
0 0.5578125 0.646875 0.0546875 0.040625
0 0.45625 0.5890625 0.0171875 0.02734375
0 0.45703125 0.5484375 0.0203125 0.0171875
0 0.3203125 0.5328125 0.0203125 0.02421875
0 0.3453125 0.49609375 0.03359375 0.03203125
0 0.240625 0.52109375 0.0171875 0.02109375
0 0.21875 0.4875 0.0078125 0.021875
0 0.23046875 0.49609375 0.00546875 0.01015625
0 0.2 0.47109375 0.01953125 0.01328125
0 0.16796875 0.46953125 0.02578125 0.025
0 0.1359375 0.47734375 0.0125 0.0140625
0 0.378125 0.52109375 0.02109375 0.01875
0 0.40546875 0.5 0.01640625 0.0203125
0 0.584375 0.55703125 0.0359375 0.03203125
0 0.5140625 0.5046875 0.04609375 0.04140625
0 0.5703125 0.49765625 0.025 0.02109375
0 0.559375 0.478125 0.0234375 0.02109375
0 0.62734375 0.5828125 0.0421875 0.028125
0 0.65078125 0.65234375 0.03828125 0.04453125
0 0.68203125 0.6703125 0.0109375 0.01875
0 0.68046875 0.92109375 0.03828125 0.06875
0 0.72578125 0.94296875 0.046875 0.07890625
0 0.72578125 0.92734375 0.02421875 0.03828125
0 0.77578125 0.97890625 0.04140625 0.04140625
0 0.8453125 0.98359375 0.0546875 0.03203125
0 0.85703125 0.88515625 0.040625 0.07734375
0 0.84296875 0.78359375 0.03359375 0.0515625
0 0.79765625 0.78125 0.03125 0.04453125
0 0.81015625 0.75546875 0.01640625 0.03984375
0 0.79375 0.75 0.00625 0.0140625
0 0.7328125 0.71875 0.02421875 0.03359375
0 0.7640625 0.70234375 0.0265625 0.03359375
0 0.784375 0.678125 0.02265625 0.03125
0 0.69609375 0.6140625 0.0421875 0.0390625
0 0.7109375 0.65 0.02890625 0.0140625
0 0.740625 0.60546875 0.03125 0.03203125
0 0.75 0.5578125 0.025 0.0453125
0 0.721875 0.57265625 0.01640625 0.03203125
0 0.68984375 0.5609375 0.021875 0.0171875
0 0.7296875 0.5078125 0.02109375 0.034375
0 0.703125 0.50859375 0.02578125 0.02734375
0 0.68984375 0.47265625 0.025 0.02578125
0 0.64453125 0.496875 0.03515625 0.0328125
0 0.8375 0.70234375 0.04296875 0.0484375
0 0.87265625 0.73203125 0.025 0.02265625
0 0.89921875 0.71171875 0.046875 0.0453125
0 0.9015625 0.5796875 0.02890625 0.03359375
0 0.8546875 0.56640625 0.03359375 0.0265625
0 0.81875 0.5765625 0.0265625 0.02421875
0 0.784375 0.55703125 0.02421875 0.03359375
0 0.7953125 0.6046875 0.03203125 0.034375
0 0.8296875 0.61953125 0.03125 0.034375
0 0.91640625 0.64765625 0.04140625 0.0390625
0 0.97578125 0.62734375 0.0484375 0.0390625
0 0.98359375 0.71171875 0.03203125 0.03671875
0 0.9875 0.9421875 0.025 0.0671875
0 0.92265625 0.54609375 0.02734375 0.0203125
0 0.86796875 0.52109375 0.028125 0.01953125
0 0.9140625 0.50859375 0.015625 0.0171875
0 0.81796875 0.4875 0.0296875 0.0171875
0 0.8921875 0.490625 0.0234375 0.01015625
0 0.92578125 0.47734375 0.0171875 0.009375
0 0.921875 0.45078125 0.01171875 0.015625
0 0.8671875 0.45703125 0.01796875 0.01796875
0 0.80625 0.46171875 0.02421875 0.01640625
0 0.5796875 0.446875 0.021875 0.01640625
0 0.49375 0.4484375 0.02890625 0.01328125
0 0.353125 0.4640625 0.02578125 0.0140625
0 0.3984375 0.453125 0.0171875 0.015625
0 0.41796875 0.425 0.0234375 0.015625
0 0.27578125 0.48046875 0.01328125 0.02421875
0 0.25703125 0.45078125 0.028125 0.01640625
0 0.325 0.43125 0.02578125 0.0125