0 0.14375 0.9421875 0.03984375 0.0640625
0 0.0625 0.94375 0.05234375 0.059375
0 0.09921875 0.76171875 0.02734375 0.03046875
0 0.16484375 0.79140625 0.0390625 0.04296875
0 0.11796875 0.84765625 0.04609375 0.05234375
0 0.02734375 0.728125 0.03125 0.02890625
0 0.04375 0.77265625 0.025 0.03046875
0 0.19765625 0.89296875 0.0265625 0.0359375
0 0.25546875 0.896875 0.04296875 0.05546875
0 0.35078125 0.825 0.05 0.0796875
0 0.18828125 0.74296875 0.03359375 0.03671875
0 0.21171875 0.71640625 0.0265625 0.02734375
0 0.24140625 0.71875 0.01796875 0.0296875
0 0.175 0.68046875 0.02265625 0.028125
0 0.15859375 0.66796875 0.0171875 0.025
0 0.109375 0.590625 0.01796875 0.025
0 0.1296875 0.50625 0.0203125 0.02578125
0 0.2609375 0.621875 0.03203125 0.0375
0 0.2421875 0.5625 0.02578125 0.03203125
0 0.27421875 0.690625 0.0265625 0.025
0 0.29609375 0.640625 0.025 0.0296875
0 0.33359375 0.653125 0.0265625 0.028125
0 0.35 0.71796875 0.028125 0.03828125
0 0.40078125 0.93671875 0.04296875 0.0484375
0 0.4296875 0.83984375 0.02890625 0.0328125
0 0.4046875 0.81953125 0.02421875 0.034375
0 0.40234375 0.78359375 0.02890625 0.03828125
0 0.4921875 0.8265625 0.03046875 0.046875
0 0.55625 0.984375 0.02578125 0.03046875
0 0.5859375 0.96796875 0.040625 0.0640625
0 0.6390625 0.97421875 0.03046875 0.0515625
0 0.6328125 0.94375 0.01640625 0.01953125
0 0.5921875 0.875 0.0296875 0.0515625
0 0.5609375 0.85703125 0.03046875 0.04765625
0 0.76796875 0.9078125 0.0375 0.03671875
0 0.8984375 0.86875 0.0359375 0.05625
0 0.93515625 0.8953125 0.0328125 0.053125
0 0.98125 0.93203125 0.0375 0.03828125
0 0.94140625 0.95234375 0.0375 0.0421875
0 0.83671875 0.8875 0.03046875 0.04453125
0 0.79765625 0.78203125 0.03125 0.0390625
0 0.86484375 0.7953125 0.0359375 0.0484375
0 0.85703125 0.83203125 0.03125 0.04375
0 0.9265625 0.7625 0.040625 0.05078125
0 0.96640625 0.76015625 0.0390625 0.040625
0 0.88515625 0.709375 0.0328125 0.034375
0 0.85234375 0.7140625 0.0296875 0.03203125
0 0.7546875 0.75078125 0.03125 0.03984375
0 0.71640625 0.83203125 0.03515625 0.040625
0 0.71015625 0.78515625 0.03203125 0.0390625
0 0.690625 0.74296875 0.03984375 0.04140625
0 0.66171875 0.775 0.03359375 0.04765625
0 0.5609375 0.80390625 0.0265625 0.0328125
0 0.5921875 0.721875 0.02890625 0.04296875
0 0.55546875 0.71796875 0.02578125 0.0375
0 0.56015625 0.65859375 0.025 0.034375
0 0.58828125 0.66796875 0.0234375 0.03046875
0 0.64375 0.67890625 0.03125 0.0375
0 0.64921875 0.5890625 0.02578125 0.03515625
0 0.63203125 0.628125 0.01875 0.02265625
0 0.446875 0.73046875 0.0296875 0.0359375
0 0.496875 0.6625 0.02421875 0.034375
0 0.4578125 0.7015625 0.025 0.02890625
0 0.45078125 0.678125 0.02421875 0.02890625
0 0.38984375 0.66171875 0.0265625 0.0359375
0 0.334375 0.61953125 0.0265625 0.03515625
0 0.35390625 0.59375 0.021875 0.0296875
0 0.38359375 0.59765625 0.028125 0.02890625
0 0.36953125 0.63203125 0.02265625 0.028125
0 0.42734375 0.5671875 0.025 0.03046875
0 0.41640625 0.46640625 0.025 0.03046875
0 0.39453125 0.4890625 0.0296875 0.0265625
0 0.315625 0.59765625 0.0234375 0.0296875
0 0.446875 0.50859375 0.0234375 0.0296875
0 0.4921875 0.48984375 0.02265625 0.028125
0 0.4203125 0.60234375 0.02890625 0.0296875
0 0.41171875 0.659375 0.025 0.03125
0 0.559375 0.60078125 0.03203125 0.0296875
0 0.51953125 0.60625 0.02578125 0.0390625
0 0.45546875 0.5953125 0.02265625 0.0328125
0 0.453125 0.6359375 0.01796875 0.0265625
0 0.5421875 0.4765625 0.0203125 0.02734375
0 0.6046875 0.534375 0.03125 0.03203125
0 0.74296875 0.703125 0.0328125 0.034375
0 0.70234375 0.63671875 0.0234375 0.0265625
0 0.73828125 0.64296875 0.034375 0.03203125
0 0.78046875 0.68125 0.0265625 0.0296875
0 0.81796875 0.58515625 0.02734375 0.0265625
0 0.93828125 0.63046875 0.028125 0.040625
0 0.8703125 0.57265625 0.0234375 0.02734375
0 0.965625 0.6140625 0.025 0.03671875
0 0.7890625 0.63046875 0.0296875 0.0328125
0 0.76328125 0.4921875 0.02265625 0.0234375
0 0.74140625 0.50859375 0.02421875 0.02890625
0 0.67421875 0.51640625 0.021875 0.025
0 0.68671875 0.60859375 0.0203125 0.0359375
0 0.21640625 0.4703125 0.0171875 0.03046875
0 0.384375 0.42421875 0.0203125 0.02421875
0 0.3203125 0.48046875 0.0234375 0.02578125
0 0.22421875 0.809375 0.02421875 0.03203125
0 0.178125 0.84453125 0.02578125 0.02265625
0 0.19609375 0.54140625 0.01640625 0.02109375
0 0.66640625 0.4359375 0.01953125 0.025
0 0.59375 0.42109375 0.01875 0.02578125