0 0.52890625 0.88984375 0.04921875 0.065625
0 0.41640625 0.86796875 0.05390625 0.06171875
0 0.0953125 0.85703125 0.05390625 0.06796875
0 0.853125 0.86875 0.04140625 0.06171875
0 0.4734375 0.78125 0.0484375 0.05625
0 0.19765625 0.69609375 0.0515625 0.046875
0 0.49453125 0.6640625 0.0421875 0.04765625
0 0.834375 0.76640625 0.034375 0.0546875
0 0.3203125 0.88359375 0.0578125 0.0703125
0 0.621875 0.81484375 0.0484375 0.0640625
0 0.30390625 0.57734375 0.03984375 0.04140625
0 0.55859375 0.64609375 0.04609375 0.04765625
0 0.48125 0.93046875 0.04453125 0.071875
0 0.5265625 0.4984375 0.040625 0.0421875
0 0.72109375 0.9328125 0.04609375 0.0859375
0 0.6171875 0.734375 0.0390625 0.05234375
0 0.14921875 0.55 0.0421875 0.028125
0 0.484375 0.609375 0.03203125 0.040625
0 0.04296875 0.90078125 0.05390625 0.0609375
0 0.53828125 0.7359375 0.04296875 0.04921875
0 0.36640625 0.7125 0.0359375 0.0515625
0 0.23046875 0.95546875 0.03671875 0.05390625
0 0.79375 0.76640625 0.0390625 0.04609375
0 0.1328125 0.74140625 0.0453125 0.05078125
0 0.6953125 0.60546875 0.046875 0.05234375
0 0.8921875 0.7078125 0.03828125 0.05546875
0 0.7734375 0.95703125 0.059375 0.0859375
0 0.378125 0.575 0.03359375 0.0484375
0 0.5875 0.55390625 0.03125 0.03515625
0 0.28984375 0.65703125 0.03203125 0.04296875
0 0.653125 0.6484375 0.03671875 0.03984375
0 0.165625 0.62265625 0.03046875 0.03671875
0 0.8453125 0.5609375 0.034375 0.03671875
0 0.27734375 0.7546875 0.03203125 0.04453125
0 0.30859375 0.80703125 0.0296875 0.03671875
0 0.35 0.49609375 0.0390625 0.02734375
0 0.89453125 0.57109375 0.03671875 0.0375
0 0.58359375 0.9078125 0.04609375 0.08359375
0 0.625 0.57578125 0.03046875 0.04765625
0 0.7296875 0.7078125 0.025 0.046875
0 0.6265625 0.8875 0.03828125 0.0609375
0 0.78125 0.6625 0.0390625 0.04296875
0 0.90546875 0.63671875 0.0390625 0.04765625
0 0.1859375 0.8640625 0.053125 0.059375
0 0.834375 0.69140625 0.0421875 0.04296875
0 0.1875 0.5078125 0.0234375 0.028125
0 0.70546875 0.50078125 0.02734375 0.03203125
0 0.97734375 0.9359375 0.04453125 0.09140625
0 0.3171875 0.615625 0.0328125 0.03359375
0 0.7421875 0.55703125 0.03671875 0.040625
0 0.209375 0.65234375 0.0328125 0.03515625
0 0.7296875 0.50859375 0.0234375 0.03359375
0 0.64453125 0.48828125 0.028125 0.03046875
0 0.85234375 0.97421875 0.075 0.05078125
0 0.24921875 0.85546875 0.0375 0.05078125
0 0.67890625 0.9015625 0.03828125 0.05859375
0 0.06875 0.5375 0.03671875 0.0296875
0 0.7390625 0.60234375 0.03203125 0.03359375
0 0.32421875 0.525 0.03828125 0.03359375
0 0.56171875 0.47109375 0.0234375 0.02578125
0 0.56875 0.49296875 0.01875 0.0234375
0 0.66875 0.43125 0.02421875 0.02421875
0 0.4578125 0.54453125 0.034375 0.0359375
0 0.759375 0.69140625 0.03828125 0.03984375
0 0.4234375 0.67890625 0.03203125 0.0390625
0 0.1890625 0.56328125 0.02265625 0.025
0 0.20234375 0.4640625 0.025 0.025
0 0.46484375 0.4046875 0.028125 0.021875
0 0.8140625 0.41796875 0.0265625 0.0234375
0 0.14609375 0.4515625 0.0296875 0.0265625
0 0.06640625 0.75859375 0.03984375 0.05859375
0 0.70234375 0.4328125 0.025 0.02421875
0 0.18203125 0.50390625 0.025 0.02890625
0 0.39609375 0.6671875 0.0328125 0.0328125
0 0.35546875 0.9765625 0.0484375 0.046875
0 0.31328125 0.95859375 0.02578125 0.03671875
0 0.08359375 0.66484375 0.0390625 0.046875
0 0.1296875 0.70703125 0.02890625 0.040625
0 0.125 0.58125 0.0203125 0.021875
0 0.5265625 0.609375 0.02109375 0.0203125
0 0.69140625 0.47421875 0.021875 0.02265625
0 0.5953125 0.50078125 0.02890625 0.02265625
0 0.68203125 0.55625 0.0203125 0.01875
0 0.9734375 0.7015625 0.053125 0.04921875
0 0.96953125 0.61953125 0.0484375 0.03359375
0 0.94609375 0.63515625 0.0171875 0.01640625
0 0.98046875 0.50546875 0.02578125 0.02265625
0 0.9546875 0.4890625 0.03359375 0.01796875
0 0.9171875 0.47421875 0.03125 0.025
0 0.70859375 0.64296875 0.0265625 0.0203125
0 0.584375 0.440625 0.03359375 0.021875
0 0.57578125 0.4109375 0.02109375 0.015625
0 0.60625 0.3984375 0.01796875 0.025
0 0.5875 0.421875 0.01953125 0.0140625
0 0.45 0.58828125 0.03046875 0.02890625
0 0.41015625 0.54921875 0.0234375 0.01796875
0 0.40859375 0.5015625 0.0203125 0.01328125
0 0.37890625 0.52109375 0.02421875 0.01328125
0 0.49296875 0.44453125 0.025 0.01484375
0 0.42109375 0.43046875 0.02734375 0.015625
0 0.39921875 0.45 0.02109375 0.0203125
0 0.35234375 0.4671875 0.02109375 0.01875
0 0.3234375 0.4328125 0.02109375 0.01640625
0 0.28046875 0.48125 0.02578125 0.025
0 0.2859375 0.69453125 0.0328125 0.02734375
0 0.0390625 0.4921875 0.04921875 0.03125
0 0.09921875 0.484375 0.03125 0.021875
0 0.1078125 0.496875 0.02890625 0.0203125
0 0.0890625 0.5859375 0.0203125 0.01484375
0 0.0953125 0.55078125 0.0171875 0.0171875
0 0.5203125 0.40859375 0.02265625 0.02265625
0 0.5375 0.4015625 0.0203125 0.0171875
0 0.49375 0.38984375 0.0234375 0.01796875
0 0.3859375 0.39609375 0.02421875 0.02734375
0 0.36953125 0.45 0.021875 0.0140625
0 0.35234375 0.36171875 0.01875 0.01953125
0 0.14375 0.51171875 0.02421875 0.02578125
0 0.13984375 0.4765625 0.02109375 0.015625
0 0.1765625 0.46328125 0.01953125 0.01953125
0 0.23203125 0.49453125 0.01640625 0.0140625
0 0.22109375 0.48203125 0.015625 0.0125
0 0.77890625 0.55546875 0.02578125 0.034375
0 0.8109375 0.5703125 0.03203125 0.01875
0 0.825 0.6140625 0.025 0.02265625
0 0.6578125 0.39921875 0.0234375 0.015625
0 0.65078125 0.3671875 0.01484375 0.015625
0 0.53203125 0.37421875 0.02578125 0.02109375
0 0.49765625 0.3703125 0.02890625 0.01484375
0 0.46875 0.37109375 0.0203125 0.0140625
0 0.4296875 0.4015625 0.01953125 0.01875
0 0.43671875 0.37890625 0.01875 0.0171875
0 0.0859375 0.40859375 0.03515625 0.01796875
0 0.4046875 0.6203125 0.02265625 0.01640625
0 0.7234375 0.98671875 0.06171875 0.0265625
0 0.63828125 0.990625 0.01640625 0.01875