0 0.66484375 0.88203125 0.05078125 0.05859375
0 0.84609375 0.7703125 0.0375 0.0515625
0 0.7703125 0.88828125 0.0453125 0.06328125
0 0.540625 0.69921875 0.02890625 0.04296875
0 0.7703125 0.78515625 0.03359375 0.04609375
0 0.5671875 0.80078125 0.0421875 0.0546875
0 0.415625 0.57109375 0.03359375 0.03203125
0 0.44453125 0.69609375 0.0359375 0.04609375
0 0.06796875 0.88671875 0.053125 0.0671875
0 0.29609375 0.5703125 0.0296875 0.03203125
0 0.21875 0.82265625 0.03671875 0.05625
0 0.178125 0.74375 0.03125 0.04765625
0 0.6109375 0.62734375 0.034375 0.03203125
0 0.71484375 0.64453125 0.0390625 0.0359375
0 0.37109375 0.66640625 0.03515625 0.04453125
0 0.23515625 0.8953125 0.04140625 0.05546875
0 0.91171875 0.77890625 0.0484375 0.05703125
0 0.8109375 0.81015625 0.0375 0.04765625
0 0.71328125 0.796875 0.0390625 0.04609375
0 0.26484375 0.72890625 0.03828125 0.04140625
0 0.26328125 0.665625 0.02890625 0.03984375
0 0.4171875 0.64453125 0.0375 0.0390625
0 0.6484375 0.74453125 0.03125 0.03828125
0 0.14375 0.61640625 0.0265625 0.034375
0 0.61484375 0.79765625 0.03203125 0.04609375
0 0.81640625 0.66484375 0.0375 0.04609375
0 0.296875 0.76328125 0.034375 0.04296875
0 0.44609375 0.8625 0.03125 0.040625
0 0.690625 0.725 0.03671875 0.0484375
0 0.97890625 0.8109375 0.04140625 0.05
0 0.2859375 0.91328125 0.04140625 0.06015625
0 0.23984375 0.6359375 0.02578125 0.03515625
0 0.9015625 0.88359375 0.05703125 0.06484375
0 0.31015625 0.690625 0.03828125 0.040625
0 0.6015625 0.93515625 0.0296875 0.04453125
0 0.67265625 0.56484375 0.02734375 0.0328125
0 0.8890625 0.7109375 0.0265625 0.03828125
0 0.446875 0.9375 0.03359375 0.04140625
0 0.5015625 0.565625 0.03125 0.0328125
0 0.325 0.61875 0.0296875 0.03359375
0 0.50625 0.69453125 0.0328125 0.04453125
0 0.01640625 0.76875 0.0328125 0.046875
0 0.7203125 0.9375 0.03046875 0.05
0 0.6671875 0.96640625 0.040625 0.0578125
0 0.59375 0.5 0.025 0.03125
0 0.46171875 0.628125 0.021875 0.034375
0 0.07578125 0.58828125 0.03046875 0.03203125
0 0.815625 0.59765625 0.02890625 0.03828125
0 0.31328125 0.5015625 0.0359375 0.028125
0 0.48203125 0.490625 0.02734375 0.02265625
0 0.2859375 0.9765625 0.04609375 0.04609375
0 0.05234375 0.97734375 0.05390625 0.0453125
0 0.234375 0.7 0.03046875 0.0390625
0 0.16484375 0.90859375 0.0390625 0.0546875
0 0.43515625 0.5359375 0.02890625 0.02734375
0 0.38359375 0.86640625 0.04140625 0.0453125
0 0.959375 0.940625 0.04453125 0.05859375
0 0.38203125 0.77265625 0.02421875 0.034375
0 0.91328125 0.7 0.02890625 0.03359375
0 0.49921875 0.7875 0.02734375 0.034375
0 0.65625 0.80859375 0.03515625 0.03671875
0 0.35625 0.50390625 0.02890625 0.02421875
0 0.17109375 0.78359375 0.02890625 0.03515625
0 0.0375 0.67109375 0.034375 0.0359375
0 0.325 0.65 0.0296875 0.03046875
0 0.1875 0.98125 0.05 0.03671875
0 0.3515625 0.46171875 0.02109375 0.0234375
0 0.1796875 0.82890625 0.0265625 0.0484375
0 0.359375 0.91484375 0.046875 0.0625
0 0.7671875 0.5359375 0.0265625 0.02734375
0 0.846875 0.5140625 0.03203125 0.02890625
0 0.628125 0.459375 0.02421875 0.0265625
0 0.1484375 0.87578125 0.03359375 0.0390625
0 0.82421875 0.98671875 0.046875 0.0265625
0 0.64375 0.56328125 0.0203125 0.0265625
0 0.128125 0.521875 0.0234375 0.02421875
0 0.8875 0.81953125 0.0296875 0.0359375
0 0.409375 0.7390625 0.02421875 0.0296875
0 0.646875 0.5890625 0.02265625 0.03125
0 0.4875 0.65703125 0.0234375 0.03046875
0 0.6203125 0.5359375 0.021875 0.0296875
0 0.5046875 0.5171875 0.02265625 0.025
0 0.68203125 0.52578125 0.02578125 0.02734375
0 0.27421875 0.6015625 0.02578125 0.02734375
0 0.984375 0.74609375 0.0296875 0.04296875
0 0.90390625 0.60234375 0.03203125 0.03515625
0 0.1125 0.92421875 0.02578125 0.05
0 0.8125 0.859375 0.025 0.0359375
0 0.83671875 0.87421875 0.02734375 0.04296875
0 0.21953125 0.55 0.02265625 0.025
0 0.3875 0.76640625 0.02421875 0.034375
0 0.8828125 0.5109375 0.02421875 0.028125
0 0.65234375 0.43515625 0.0234375 0.03125
0 0.31796875 0.6234375 0.02890625 0.03359375
0 0.50859375 0.52265625 0.021875 0.025
0 0.08984375 0.70859375 0.03125 0.0359375
0 0.12265625 0.94765625 0.0265625 0.04453125
0 0.4625 0.98828125 0.034375 0.0234375
0 0.6921875 0.6953125 0.0265625 0.0328125
0 0.8078125 0.9390625 0.03046875 0.03984375
0 0.7609375 0.5296875 0.02734375 0.02734375
0 0.0078125 0.9234375 0.015625 0.046875
0 0.01640625 0.63828125 0.0296875 0.03671875
0 0.12265625 0.51875 0.0234375 0.025