0 0.0828125 0.93359375 0.04765625 0.0421875
0 0.0859375 0.85234375 0.034375 0.04140625
0 0.028125 0.734375 0.034375 0.040625
0 0.0703125 0.78203125 0.02734375 0.04453125
0 0.11328125 0.8 0.02578125 0.03359375
0 0.11953125 0.75 0.0359375 0.04453125
0 0.1125 0.68671875 0.0375 0.040625
0 0.040625 0.66640625 0.03359375 0.03203125
0 0.078125 0.603125 0.0234375 0.03515625
0 0.1359375 0.546875 0.0203125 0.01875
0 0.17265625 0.5375 0.034375 0.0328125
0 0.09375 0.54609375 0.028125 0.021875
0 0.178125 0.5859375 0.025 0.03125
0 0.20625 0.60625 0.02578125 0.02421875
0 0.19921875 0.6421875 0.025 0.0234375
0 0.19921875 0.70625 0.0375 0.0390625
0 0.18203125 0.76015625 0.03203125 0.0328125
0 0.2484375 0.68359375 0.025 0.02578125
0 0.13359375 0.6328125 0.0171875 0.025
0 0.2484375 0.51484375 0.025 0.015625
0 0.284375 0.54453125 0.01875 0.02890625
0 0.2390625 0.6453125 0.0359375 0.03046875
0 0.2890625 0.6359375 0.02734375 0.02578125
0 0.303125 0.71875 0.028125 0.02734375
0 0.334375 0.70859375 0.02734375 0.02890625
0 0.33046875 0.6703125 0.01484375 0.02265625
0 0.265625 0.80234375 0.03046875 0.03828125
0 0.234375 0.8390625 0.025 0.03515625
0 0.17890625 0.8703125 0.028125 0.034375
0 0.17734375 0.9078125 0.015625 0.034375
0 0.20078125 0.79140625 0.0265625 0.03984375
0 0.253125 0.87421875 0.034375 0.05390625
0 0.24375 0.96328125 0.02734375 0.0390625
0 0.29375 0.9453125 0.0359375 0.04609375
0 0.26171875 0.915625 0.0390625 0.03984375
0 0.36171875 0.90625 0.03125 0.0421875
0 0.39921875 0.84453125 0.02109375 0.03671875
0 0.3453125 0.76875 0.0359375 0.0453125
0 0.384375 0.7640625 0.03125 0.03515625
0 0.415625 0.7890625 0.03203125 0.04765625
0 0.43671875 0.7546875 0.02421875 0.028125
0 0.484375 0.86640625 0.03671875 0.04921875
0 0.52578125 0.85390625 0.03828125 0.0515625
0 0.5109375 0.78828125 0.03984375 0.04609375
0 0.5625 0.8890625 0.02421875 0.03359375
0 0.61875 0.89921875 0.04140625 0.06328125
0 0.6 0.8546875 0.0265625 0.0390625
0 0.57890625 0.8140625 0.02109375 0.0296875
0 0.6375 0.9453125 0.04453125 0.0484375
0 0.6890625 0.9234375 0.03828125 0.053125
0 0.6859375 0.8390625 0.0328125 0.03984375
0 0.65234375 0.68125 0.02578125 0.02109375
0 0.6125 0.72734375 0.03125 0.04296875
0 0.57578125 0.7171875 0.02890625 0.04140625
0 0.51640625 0.678125 0.02578125 0.03828125
0 0.48125 0.7 0.0296875 0.03671875
0 0.41484375 0.67734375 0.028125 0.0359375
0 0.3640625 0.63515625 0.01953125 0.02421875
0 0.4078125 0.57109375 0.0265625 0.02421875
0 0.4390625 0.6265625 0.03359375 0.03515625
0 0.47578125 0.6484375 0.0234375 0.028125
0 0.47890625 0.609375 0.0234375 0.03125
0 0.4578125 0.5796875 0.0265625 0.02578125
0 0.35 0.58359375 0.0265625 0.025
0 0.321875 0.50703125 0.0203125 0.025
0 0.3125 0.478125 0.015625 0.02265625
0 0.3578125 0.4828125 0.02734375 0.0234375
0 0.35078125 0.5046875 0.02265625 0.01796875
0 0.38125 0.5140625 0.0234375 0.02890625
0 0.38671875 0.46953125 0.0203125 0.02421875
0 0.509375 0.5328125 0.01875 0.03046875
0 0.5328125 0.4578125 0.025 0.02109375
0 0.465625 0.43828125 0.01640625 0.01796875
0 0.5296875 0.6171875 0.02109375 0.0359375
0 0.53046875 0.48828125 0.01953125 0.01953125
0 0.5671875 0.65703125 0.03359375 0.0421875
0 0.59375 0.58671875 0.0296875 0.02734375
0 0.61953125 0.54453125 0.01640625 0.01796875
0 0.59921875 0.54921875 0.01484375 0.02109375
0 0.6140625 0.4671875 0.01953125 0.015625
0 0.653125 0.46015625 0.0203125 0.02734375
0 0.6125 0.44609375 0.0234375 0.0234375
0 0.5953125 0.48984375 0.0203125 0.025
0 0.634375 0.63046875 0.0265625 0.03515625
0 0.596875 0.64375 0.02109375 0.028125
0 0.60859375 0.67890625 0.021875 0.02890625
0 0.39140625 0.42421875 0.0140625 0.0171875
0 0.478125 0.38828125 0.0171875 0.0171875
0 0.4984375 0.4046875 0.01796875 0.0203125
0 0.22734375 0.41875 0.01875 0.02265625
0 0.56484375 0.57578125 0.02578125 0.034375
0 0.68828125 0.52734375 0.02109375 0.0296875
0 0.715625 0.5203125 0.0234375 0.0296875
0 0.7296875 0.478125 0.021875 0.0234375
0 0.73046875 0.4296875 0.01640625 0.01953125
0 0.79296875 0.44140625 0.01796875 0.021875
0 0.75390625 0.47109375 0.025 0.0234375
0 0.74609375 0.53203125 0.025 0.02265625
0 0.70390625 0.67734375 0.01875 0.02265625
0 0.71640625 0.69765625 0.028125 0.03359375
0 0.771875 0.68828125 0.03359375 0.040625
0 0.8125 0.6109375 0.03046875 0.028125
0 0.796875 0.5734375 0.02109375 0.03046875
0 0.77734375 0.49609375 0.02578125 0.01875
0 0.7609375 0.84765625 0.02890625 0.040625
0 0.81328125 0.75859375 0.04140625 0.05234375
0 0.8 0.8140625 0.02890625 0.05
0 0.87421875 0.82109375 0.0296875 0.03828125
0 0.88046875 0.8734375 0.02890625 0.025
0 0.94140625 0.91875 0.0359375 0.0515625
0 0.9 0.98046875 0.04921875 0.03828125
0 0.95390625 0.8375 0.034375 0.040625
0 0.9 0.7375 0.0265625 0.03359375
0 0.86875 0.7484375 0.0328125 0.04453125
0 0.8203125 0.6640625 0.021875 0.03515625
0 0.86875 0.66171875 0.02265625 0.03125
0 0.90703125 0.69453125 0.0265625 0.03515625
0 0.8859375 0.6375 0.03125 0.0375
0 0.91875 0.63515625 0.0234375 0.0296875
0 0.9609375 0.6375 0.034375 0.0375
0 0.990625 0.665625 0.01796875 0.021875
0 0.8953125 0.53359375 0.02890625 0.0265625
0 0.9640625 0.584375 0.028125 0.0296875