0 0.0390625 0.88984375 0.05859375 0.075
0 0.03203125 0.85390625 0.05625 0.06875
0 0.1265625 0.909375 0.05703125 0.03671875
0 0.03828125 0.98359375 0.0421875 0.0328125
0 0.2171875 0.98359375 0.040625 0.0328125
0 0.346875 0.97734375 0.04375 0.0453125
0 0.3875 0.90625 0.053125 0.0765625
0 0.44609375 0.8671875 0.04375 0.05
0 0.1734375 0.74375 0.034375 0.040625
0 0.28671875 0.73359375 0.04296875 0.034375
0 0.22734375 0.77109375 0.0421875 0.04296875
0 0.02109375 0.75703125 0.0421875 0.0421875
0 0.05546875 0.771875 0.0390625 0.02890625
0 0.0921875 0.80234375 0.03359375 0.03515625
0 0.1375 0.6640625 0.03828125 0.0421875
0 0.07109375 0.615625 0.040625 0.03671875
0 0.13203125 0.6203125 0.03203125 0.034375
0 0.209375 0.6140625 0.0265625 0.03125
0 0.3828125 0.7578125 0.040625 0.05078125
0 0.45078125 0.79453125 0.04296875 0.05234375
0 0.35 0.67890625 0.02734375 0.01796875
0 0.353125 0.65 0.03984375 0.02421875
0 0.25703125 0.5546875 0.025 0.02421875
0 0.25546875 0.528125 0.03671875 0.02578125
0 0.16171875 0.59296875 0.0328125 0.03203125
0 0.153125 0.57109375 0.0296875 0.02734375
0 0.11015625 0.5625 0.03515625 0.0265625
0 0.0671875 0.575 0.0234375 0.0203125
0 0.18125 0.659375 0.03046875 0.02265625
0 0.19921875 0.69609375 0.03203125 0.02578125
0 0.2234375 0.72890625 0.03515625 0.03125
0 0.25546875 0.7109375 0.0234375 0.01796875
0 0.3875 0.82734375 0.04375 0.04609375
0 0.32109375 0.8203125 0.03984375 0.0296875
0 0.3109375 0.7984375 0.0265625 0.0296875
0 0.259375 0.81640625 0.0265625 0.03359375
0 0.33125 0.90234375 0.0390625 0.034375
0 0.6046875 0.94140625 0.053125 0.0640625
0 0.65625 0.93671875 0.03984375 0.04921875
0 0.553125 0.971875 0.03828125 0.05546875
0 0.3796875 0.98203125 0.0265625 0.0359375
0 0.2796875 0.96015625 0.0453125 0.0390625
0 0.08359375 0.72734375 0.03984375 0.040625
0 0.07734375 0.68828125 0.02578125 0.03671875
0 0.734375 0.9625 0.03828125 0.03828125
0 0.76484375 0.93671875 0.028125 0.03203125
0 0.78515625 0.97421875 0.04609375 0.04921875
0 0.82109375 0.975 0.03203125 0.0421875
0 0.8625 0.95546875 0.04140625 0.04921875
0 0.9015625 0.9234375 0.0265625 0.0375
0 0.75 0.7875 0.0328125 0.04453125
0 0.703125 0.853125 0.025 0.05078125
0 0.653125 0.80078125 0.0265625 0.05078125
0 0.70703125 0.72890625 0.0328125 0.03984375
0 0.79296875 0.71484375 0.034375 0.0328125
0 0.85 0.73671875 0.0203125 0.03515625
0 0.8671875 0.69375 0.0390625 0.03515625
0 0.64921875 0.65234375 0.0296875 0.02890625
0 0.57578125 0.68515625 0.0234375 0.02890625
0 0.596875 0.6515625 0.02734375 0.02109375
0 0.43203125 0.6921875 0.03046875 0.02578125
0 0.43359375 0.653125 0.03046875 0.02734375
0 0.5015625 0.75078125 0.0375 0.03359375
0 0.52578125 0.7796875 0.03671875 0.034375
0 0.60703125 0.8578125 0.03671875 0.0640625
0 0.5671875 0.87421875 0.0359375 0.06640625
0 0.83515625 0.7921875 0.0265625 0.0453125
0 0.815625 0.746875 0.02265625 0.03046875
0 0.8765625 0.81484375 0.0328125 0.04296875
0 0.84921875 0.88828125 0.028125 0.03515625
0 0.95390625 0.6796875 0.03046875 0.0390625
0 0.79765625 0.60625 0.0328125 0.0328125
0 0.49375 0.6546875 0.0234375 0.03671875
0 0.42890625 0.58359375 0.0234375 0.02890625
0 0.646875 0.56796875 0.03203125 0.021875
0 0.57890625 0.53671875 0.02109375 0.02265625
0 0.6078125 0.62109375 0.02578125 0.015625
0 0.60859375 0.5796875 0.021875 0.02265625
0 0.60546875 0.53984375 0.01875 0.01875
0 0.703125 0.515625 0.02890625 0.028125
0 0.6953125 0.6546875 0.03203125 0.03203125
0 0.7015625 0.62578125 0.0234375 0.028125
0 0.5703125 0.60390625 0.02421875 0.0171875
0 0.59140625 0.7703125 0.0265625 0.03828125
0 0.6890625 0.59609375 0.03359375 0.028125
0 0.796875 0.94296875 0.04140625 0.0375
0 0.971875 0.84296875 0.03359375 0.0484375
0 0.921875 0.6046875 0.0265625 0.0234375
0 0.840625 0.65859375 0.0328125 0.02265625
0 0.83125 0.6203125 0.02421875 0.02578125
0 0.35625 0.71171875 0.021875 0.02890625
0 0.27421875 0.61484375 0.03203125 0.02265625
0 0.253125 0.63828125 0.03203125 0.01640625
0 0.30078125 0.58828125 0.02265625 0.021875
0 0.3453125 0.59765625 0.0234375 0.01796875
0 0.87265625 0.78359375 0.04375 0.0359375
0 0.91171875 0.7125 0.0328125 0.0296875
0 0.96640625 0.74140625 0.03359375 0.0265625
0 0.9828125 0.59609375 0.034375 0.0203125
0 0.73515625 0.58046875 0.02578125 0.01953125
0 0.634375 0.4953125 0.02890625 0.01875
0 0.8015625 0.6796875 0.0203125 0.03125
0 0.95625 0.6515625 0.0421875 0.03046875
0 0.11015625 0.5234375 0.0375 0.01953125
0 0.16875 0.53046875 0.028125 0.02109375
0 0.7578125 0.7453125 0.02734375 0.0296875
0 0.87578125 0.62890625 0.03515625 0.02109375
0 0.6671875 0.61796875 0.0328125 0.0203125
0 0.5359375 0.59921875 0.034375 0.01484375
0 0.61171875 0.453125 0.02265625 0.0203125
0 0.56328125 0.4625 0.01796875 0.0171875
0 0.58203125 0.4703125 0.02109375 0.01484375
0 0.48671875 0.503125 0.03046875 0.0234375
0 0.3140625 0.49765625 0.03203125 0.01953125
0 0.46953125 0.63828125 0.02265625 0.02890625
0 0.525 0.665625 0.01796875 0.03125
0 0.20078125 0.49609375 0.03203125 0.02578125
0 0.39296875 0.43125 0.02109375 0.015625
0 0.228125 0.4546875 0.01953125 0.01484375
0 0.4328125 0.47109375 0.0203125 0.0109375
0 0.45625 0.465625 0.0203125 0.015625
0 0.5265625 0.465625 0.02109375 0.01953125
0 0.27578125 0.5859375 0.02265625 0.02109375
0 0.19375 0.56328125 0.0296875 0.025