0 0.65703125 0.8515625 0.03515625 0.046875
0 0.20546875 0.6640625 0.02109375 0.03046875
0 0.55625 0.91015625 0.0234375 0.03984375
0 0.44296875 0.78046875 0.028125 0.02890625
0 0.7078125 0.77890625 0.03125 0.03671875
0 0.3390625 0.771875 0.03046875 0.0390625
0 0.41953125 0.7 0.02421875 0.02578125
0 0.4203125 0.86953125 0.02890625 0.040625
0 0.9453125 0.82890625 0.0453125 0.05234375
0 0.384375 0.74453125 0.02734375 0.02890625
0 0.840625 0.765625 0.0296875 0.03359375
0 0.49296875 0.83515625 0.0328125 0.05078125
0 0.46640625 0.6484375 0.0265625 0.02578125
0 0.10859375 0.95703125 0.0328125 0.05703125
0 0.8921875 0.7546875 0.0390625 0.0421875
0 0.11484375 0.7265625 0.0296875 0.03671875
0 0.678125 0.91484375 0.0328125 0.053125
0 0.53359375 0.828125 0.02890625 0.03671875
0 0.68828125 0.72109375 0.03203125 0.03359375
0 0.64765625 0.73984375 0.02734375 0.0390625
0 0.753125 0.9171875 0.028125 0.03984375
0 0.32890625 0.825 0.02578125 0.03671875
0 0.640625 0.93203125 0.0375 0.04921875
0 0.74140625 0.7890625 0.03125 0.04140625
0 0.39375 0.90703125 0.0265625 0.0453125
0 0.4765625 0.77265625 0.02890625 0.0296875
0 0.93828125 0.7328125 0.028125 0.0328125
0 0.5296875 0.9734375 0.0296875 0.0421875
0 0.1484375 0.7859375 0.03203125 0.0359375
0 0.5640625 0.69140625 0.0296875 0.0328125
0 0.4203125 0.94375 0.0359375 0.05625
0 0.2515625 0.91640625 0.03515625 0.04140625
0 0.81328125 0.58046875 0.0234375 0.028125
0 0.70625 0.64921875 0.025 0.02890625
0 0.81953125 0.53828125 0.0234375 0.02578125
0 0.10859375 0.88359375 0.021875 0.0296875
0 0.7859375 0.590625 0.0203125 0.0234375
0 0.56171875 0.85 0.0296875 0.0453125
0 0.71796875 0.95234375 0.025 0.0359375
0 0.3953125 0.6046875 0.0171875 0.03125
0 0.328125 0.70546875 0.0234375 0.0234375
0 0.775 0.9640625 0.04140625 0.0609375
0 0.77421875 0.73984375 0.025 0.025
0 0.353125 0.853125 0.0265625 0.0375
0 0.22578125 0.84296875 0.028125 0.04375
0 0.21171875 0.6015625 0.02734375 0.0265625
0 0.27109375 0.86328125 0.03203125 0.03671875
0 0.7484375 0.69609375 0.028125 0.0328125
0 0.24453125 0.7453125 0.0265625 0.03046875
0 0.4296875 0.565625 0.01953125 0.021875
0 0.615625 0.76640625 0.02890625 0.03515625
0 0.33515625 0.54375 0.01875 0.02578125
0 0.5984375 0.6734375 0.025 0.0328125
0 0.55 0.7375 0.0265625 0.03515625
0 0.0234375 0.91796875 0.0390625 0.05078125
0 0.3265625 0.66953125 0.02265625 0.02734375
0 0.8328125 0.9046875 0.0390625 0.0453125
0 0.52734375 0.6296875 0.02265625 0.02421875
0 0.9078125 0.921875 0.0375 0.03984375
0 0.88671875 0.52265625 0.02734375 0.021875
0 0.45390625 0.5640625 0.02265625 0.02109375
0 0.03125 0.72890625 0.028125 0.03359375
0 0.45859375 0.54375 0.02421875 0.0265625
0 0.57734375 0.8203125 0.021875 0.03125
0 0.16796875 0.834375 0.02890625 0.04296875
0 0.178125 0.7921875 0.0234375 0.03359375
0 0.57265625 0.6453125 0.025 0.02890625
0 0.64921875 0.67890625 0.01953125 0.0328125
0 0.30859375 0.56171875 0.0203125 0.01953125
0 0.92421875 0.6765625 0.03046875 0.02734375
0 0.8421875 0.5328125 0.02421875 0.02265625
0 0.8453125 0.98046875 0.04453125 0.0375
0 0.178125 0.725 0.0234375 0.03125
0 0.4890625 0.5296875 0.0203125 0.0234375
0 0.49296875 0.7 0.021875 0.02265625
0 0.03046875 0.6625 0.02734375 0.0265625
0 0.60390625 0.71328125 0.02578125 0.028125
0 0.05390625 0.7765625 0.0296875 0.02734375
0 0.1375 0.56796875 0.0234375 0.0265625
0 0.70390625 0.50390625 0.02421875 0.02109375
0 0.58359375 0.459375 0.01796875 0.0203125
0 0.3640625 0.7109375 0.034375 0.03125
0 0.1640625 0.6703125 0.025 0.0296875
0 0.84296875 0.59609375 0.02421875 0.02109375
0 0.6265625 0.515625 0.02265625 0.0203125
0 0.43359375 0.98046875 0.0328125 0.0390625
0 0.46328125 0.4921875 0.01640625 0.03984375
0 0.48515625 0.48203125 0.01640625 0.01875
0 0.6953125 0.55234375 0.02109375 0.02265625
0 0.090625 0.63125 0.0234375 0.0265625
0 0.20078125 0.7359375 0.0234375 0.03125
0 0.10546875 0.6609375 0.02421875 0.028125
0 0.32109375 0.47265625 0.01953125 0.01796875
0 0.3546875 0.57265625 0.021875 0.0203125
0 0.9890625 0.73125 0.021875 0.03046875
0 0.34609375 0.975 0.0203125 0.03515625
0 0.7421875 0.51875 0.02421875 0.025
0 0.48984375 0.57265625 0.021875 0.02421875
0 0.878125 0.49921875 0.0203125 0.0203125
0 0.90078125 0.6421875 0.0203125 0.025
0 0.61796875 0.596875 0.0171875 0.02578125
0 0.82421875 0.7390625 0.0203125 0.02421875
0 0.415625 0.5390625 0.015625 0.01875
0 0.1828125 0.5125 0.028125 0.03671875
0 0.19453125 0.46875 0.01796875 0.01875
0 0.3515625 0.49296875 0.0171875 0.021875
0 0.26328125 0.8171875 0.02734375 0.0359375
0 0.4609375 0.73828125 0.01484375 0.0203125
0 0.20625 0.5609375 0.02109375 0.0234375
0 0.3421875 0.9328125 0.02421875 0.03671875
0 0.7234375 0.87890625 0.02109375 0.0296875
0 0.33671875 0.453125 0.0203125 0.01796875
0 0.5171875 0.4796875 0.01640625 0.0203125
0 0.990625 0.8171875 0.0171875 0.04375
0 0.06015625 0.7484375 0.028125 0.028125
0 0.70625 0.6125 0.0171875 0.0203125
0 0.065625 0.67109375 0.02734375 0.02734375
0 0.9421875 0.8859375 0.02734375 0.04453125
0 0.128125 0.5203125 0.0203125 0.025
0 0.384375 0.4875 0.01796875 0.0203125
0 0.71328125 0.70234375 0.01875 0.0265625
0 0.72265625 0.6046875 0.01640625 0.01953125
0 0.00859375 0.6578125 0.0171875 0.02890625
0 0.26328125 0.49609375 0.02265625 0.01875
0 0.62890625 0.54921875 0.02109375 0.02265625
0 0.51328125 0.7546875 0.01953125 0.025
0 0.11015625 0.6921875 0.025 0.02421875
0 0.8578125 0.609375 0.0171875 0.0171875
0 0.67578125 0.67109375 0.0359375 0.03984375
0 0.6734375 0.6375 0.02109375 0.0296875
0 0.08359375 0.93984375 0.0359375 0.04140625
0 0.56328125 0.44453125 0.01796875 0.01875
0 0.334375 0.58984375 0.01796875 0.0234375
0 0.0828125 0.7046875 0.01953125 0.02421875
0 0.23515625 0.5796875 0.0203125 0.01875
0 0.075 0.5734375 0.0234375 0.02421875
0 0.20390625 0.62890625 0.01640625 0.0203125
0 0.9046875 0.46953125 0.0234375 0.02109375
0 0.0578125 0.6046875 0.0234375 0.0234375
0 0.703125 0.59375 0.01640625 0.01953125
0 0.47734375 0.99296875 0.03203125 0.01328125
0 0.11953125 0.48125 0.01953125 0.02109375
0 0.73359375 0.740625 0.01875 0.02421875
0 0.2671875 0.990625 0.03984375 0.01875
0 0.81328125 0.4890625 0.0203125 0.01875
0 0.478125 0.45703125 0.015625 0.01796875
0 0.028125 0.8078125 0.03515625 0.03671875
0 0.115625 0.6015625 0.01875 0.02265625
0 0.09765625 0.58984375 0.01953125 0.0203125
0 0.35 0.6515625 0.015625 0.0234375
0 0.10078125 0.54921875 0.02421875 0.021875
0 0.31015625 0.5296875 0.015625 0.0203125
0 0.1921875 0.55 0.015625 0.01875
0 0.30390625 0.9078125 0.0234375 0.03515625
0 0.990625 0.7015625 0.01796875 0.025
0 0.86875 0.55625 0.02734375 0.021875
0 0.2421875 0.48046875 0.01640625 0.01484375
0 0.0109375 0.7328125 0.02109375 0.0296875
0 0.36875 0.50078125 0.01484375 0.01796875
0 0.9703125 0.7640625 0.02734375 0.028125
0 0.578125 0.5140625 0.01875 0.0203125
0 0.16171875 0.56484375 0.0171875 0.01875
0 0.92421875 0.53984375 0.03125 0.02421875
0 0.4953125 0.46171875 0.01484375 0.01796875
0 0.6078125 0.4484375 0.02109375 0.02109375
0 0.81328125 0.503125 0.01953125 0.01640625
0 0.70859375 0.53046875 0.0203125 0.01953125
0 0.43671875 0.4609375 0.01484375 0.01640625
0 0.38984375 0.5375 0.01484375 0.0171875
0 0.634375 0.6109375 0.01796875 0.02421875
0 0.3375 0.42890625 0.015625 0.0171875
0 0.559375 0.49765625 0.0171875 0.01796875
0 0.9921875 0.5984375 0.015625 0.02578125
0 0.1796875 0.8828125 0.0359375 0.046875
0 0.1921875 0.915625 0.0296875 0.05625
0 0.153125 0.54375 0.01953125 0.02890625
0 0.24609375 0.6015625 0.0234375 0.0265625
0 0.1671875 0.4640625 0.02734375 0.02578125
0 0.553125 0.81171875 0.034375 0.0421875
0 0.56796875 0.58515625 0.03125 0.0453125
0 0.540625 0.59765625 0.02109375 0.03203125
0 0.53125 0.509375 0.02109375 0.03203125
0 0.9265625 0.634375 0.0265625 0.0359375
0 0.92265625 0.60390625 0.02734375 0.0296875
0 0.9765625 0.671875 0.0375 0.025
0 0.83828125 0.49375 0.021875 0.02578125
0 0.82109375 0.47421875 0.03046875 0.021875
0 0.83125 0.45703125 0.03125 0.02578125
0 0.63828125 0.4671875 0.025 0.03046875
0 0.68046875 0.48203125 0.028125 0.03203125