0 0.896875 0.91015625 0.0375 0.06484375
0 0.4390625 0.93359375 0.05234375 0.06953125
0 0.621875 0.8671875 0.04140625 0.06328125
0 0.31953125 0.82421875 0.040625 0.0625
0 0.77421875 0.61953125 0.0390625 0.0453125
0 0.46171875 0.69140625 0.0359375 0.0484375
0 0.51640625 0.86171875 0.0484375 0.0640625
0 0.20234375 0.88125 0.0375 0.05234375
0 0.340625 0.6421875 0.03828125 0.05078125
0 0.440625 0.60625 0.0359375 0.04296875
0 0.55078125 0.73359375 0.05078125 0.046875
0 0.7234375 0.55078125 0.02890625 0.03203125
0 0.51640625 0.54921875 0.040625 0.05
0 0.11875 0.80078125 0.0609375 0.05546875
0 0.66171875 0.74140625 0.04296875 0.053125
0 0.09609375 0.70859375 0.03828125 0.04296875
0 0.46953125 0.7625 0.04453125 0.05546875
0 0.6546875 0.5375 0.03046875 0.03515625
0 0.321875 0.5453125 0.0390625 0.03203125
0 0.75859375 0.55859375 0.02421875 0.03515625
0 0.26953125 0.69765625 0.0359375 0.040625
0 0.63125 0.65234375 0.0359375 0.04609375
0 0.82265625 0.7640625 0.04296875 0.05234375
0 0.2296875 0.753125 0.0390625 0.0484375
0 0.90078125 0.6265625 0.0359375 0.04140625
0 0.59296875 0.615625 0.034375 0.0390625
0 0.6203125 0.9703125 0.046875 0.059375
0 0.2625 0.65 0.04296875 0.046875
0 0.76953125 0.67890625 0.03359375 0.03515625
0 0.23671875 0.95390625 0.03671875 0.0421875
0 0.7109375 0.684375 0.046875 0.053125
0 0.88828125 0.8015625 0.04609375 0.04921875
0 0.08515625 0.61015625 0.046875 0.034375
0 0.0296875 0.86953125 0.05703125 0.0640625
0 0.61875 0.42890625 0.02421875 0.028125
0 0.353125 0.765625 0.03671875 0.03828125
0 0.5609375 0.51484375 0.0265625 0.03046875
0 0.32890625 0.50859375 0.02734375 0.02578125
0 0.76015625 0.82421875 0.02734375 0.0484375
0 0.1390625 0.74140625 0.03203125 0.03828125
0 0.68515625 0.4609375 0.0234375 0.0265625
0 0.840625 0.909375 0.0421875 0.0578125
0 0.7296875 0.734375 0.0265625 0.0296875
0 0.72265625 0.4625 0.025 0.0265625
0 0.13203125 0.6328125 0.025 0.028125
0 0.97421875 0.8265625 0.04609375 0.0609375
0 0.75703125 0.43359375 0.025 0.028125
0 0.79296875 0.8046875 0.0484375 0.04453125
0 0.98359375 0.7328125 0.0328125 0.0484375
0 0.45546875 0.43671875 0.02421875 0.0234375
0 0.71015625 0.51484375 0.02734375 0.028125
0 0.2421875 0.53203125 0.025 0.0296875
0 0.81484375 0.46953125 0.03359375 0.0296875
0 0.38203125 0.784375 0.034375 0.04375
0 0.73984375 0.3765625 0.01953125 0.0265625
0 0.56796875 0.54140625 0.021875 0.02421875
0 0.18046875 0.5296875 0.0171875 0.021875
0 0.1328125 0.55859375 0.02890625 0.0328125
0 0.490625 0.41875 0.01953125 0.02421875
0 0.3375 0.384375 0.021875 0.02578125
0 0.2984375 0.46640625 0.0203125 0.025
0 0.46171875 0.39453125 0.02421875 0.02265625
0 0.22421875 0.80234375 0.0328125 0.03671875
0 0.85078125 0.44296875 0.0296875 0.02734375
0 0.96171875 0.63984375 0.04609375 0.04453125
0 0.53828125 0.43359375 0.02265625 0.02421875
0 0.28671875 0.58359375 0.0421875 0.03828125
0 0.85625 0.5265625 0.02578125 0.02734375
0 0.4515625 0.4171875 0.0234375 0.0234375
0 0.675 0.425 0.02421875 0.0265625
0 0.87421875 0.47578125 0.03125 0.02734375
0 0.53515625 0.39765625 0.0234375 0.025
0 0.42734375 0.4015625 0.021875 0.021875
0 0.70390625 0.4296875 0.021875 0.02578125
0 0.87890625 0.68984375 0.028125 0.03671875
0 0.9140625 0.48984375 0.03359375 0.034375
0 0.38046875 0.4875 0.0234375 0.025
0 0.053125 0.54609375 0.03046875 0.0265625
0 0.0125 0.65703125 0.02421875 0.028125
0 0.93359375 0.846875 0.0296875 0.040625
0 0.69140625 0.34453125 0.021875 0.02421875
0 0.1 0.49296875 0.03046875 0.028125
0 0.59453125 0.45390625 0.01953125 0.025
0 0.38046875 0.6078125 0.021875 0.02890625
0 0.0953125 0.55859375 0.03203125 0.03203125
0 0.79296875 0.490625 0.02265625 0.0296875
0 0.8515625 0.63515625 0.04140625 0.0375
0 0.74765625 0.63671875 0.02578125 0.03046875
0 0.4953125 0.39453125 0.021875 0.021875
0 0.98046875 0.44296875 0.03046875 0.02578125
0 0.9515625 0.44453125 0.02734375 0.0234375
0 0.77890625 0.38671875 0.021875 0.025
0 0.40390625 0.4625 0.028125 0.02265625
0 0.0109375 0.75078125 0.02109375 0.0453125
0 0.16328125 0.51015625 0.021875 0.02578125
0 0.51171875 0.4359375 0.02109375 0.02578125
0 0.4203125 0.434375 0.021875 0.0234375
0 0.58671875 0.4765625 0.03203125 0.0265625
0 0.8328125 0.8640625 0.0234375 0.03203125
0 0.00703125 0.5953125 0.01328125 0.03515625
0 0.98125 0.4921875 0.02578125 0.028125
0 0.48046875 0.4375 0.0171875 0.01875
0 0.81484375 0.6125 0.02734375 0.03671875
0 0.9875 0.5984375 0.025 0.03125
0 0.5765625 0.44296875 0.021875 0.02265625
0 0.3875 0.54765625 0.02578125 0.0265625
0 0.37421875 0.42578125 0.02578125 0.025
0 0.98515625 0.52109375 0.0296875 0.03046875
0 0.575 0.4171875 0.021875 0.02265625
0 0.7359375 0.48984375 0.0203125 0.02265625
0 0.153125 0.99140625 0.04609375 0.01640625
0 0.2265625 0.59140625 0.03046875 0.02578125
0 0.2 0.57109375 0.03359375 0.03125
0 0.16484375 0.60078125 0.01953125 0.02109375
0 0.16875 0.57265625 0.0171875 0.0171875
0 0.13046875 0.509375 0.0265625 0.02109375
0 0.0875 0.525 0.02578125 0.0203125
0 0.03828125 0.5328125 0.0515625 0.0359375
0 0.02109375 0.61484375 0.02890625 0.01875
0 0.05390625 0.653125 0.02421875 0.03125
0 0.37109375 0.7015625 0.0234375 0.01875
0 0.4265625 0.6640625 0.0359375 0.03359375
0 0.509375 0.68984375 0.02890625 0.02734375
0 0.703125 0.61953125 0.028125 0.0234375
0 0.8546875 0.865625 0.03515625 0.06796875
0 0.34453125 0.48984375 0.03046875 0.02109375
0 0.06796875 0.89609375 0.04140625 0.04921875
0 0.10390625 0.92109375 0.02578125 0.0265625
0 0.03515625 0.82421875 0.0390625 0.04453125
0 0.28125 0.46328125 0.021875 0.01328125
0 0.49140625 0.48046875 0.03046875 0.02265625
0 0.59609375 0.55 0.03046875 0.02578125
0 0.87578125 0.42734375 0.03046875 0.01796875
0 0.83828125 0.40703125 0.04375 0.02734375
0 0.87734375 0.39765625 0.01953125 0.01484375
0 0.92890625 0.5703125 0.03515625 0.025
0 0.9453125 0.53046875 0.03203125 0.0171875
0 0.90234375 0.52265625 0.02734375 0.025
0 0.88671875 0.66328125 0.03828125 0.03125
0 0.6953125 0.765625 0.01171875 0.025
0 0.7640625 0.75703125 0.021875 0.0203125