0 0.03515625 0.97421875 0.03984375 0.0515625
0 0.01484375 0.8625 0.0296875 0.05625
0 0.02734375 0.909375 0.05 0.05546875
0 0.0875 0.896875 0.06796875 0.08359375
0 0.11328125 0.96171875 0.059375 0.0765625
0 0.16484375 0.946875 0.0375 0.05546875
0 0.15 0.89296875 0.03515625 0.03203125
0 0.134375 0.840625 0.05234375 0.059375
0 0.06640625 0.8046875 0.04296875 0.06484375
0 0.0140625 0.82421875 0.028125 0.03671875
0 0.015625 0.7984375 0.03125 0.03203125
0 0.0859375 0.74140625 0.0359375 0.03984375
0 0.075 0.7078125 0.02109375 0.0265625
0 0.134375 0.70625 0.03671875 0.04375
0 0.1515625 0.72578125 0.03828125 0.0359375
0 0.159375 0.7875 0.04921875 0.04140625
0 0.18359375 0.75859375 0.02890625 0.04296875
0 0.21484375 0.75859375 0.0359375 0.04921875
0 0.19453125 0.85703125 0.04609375 0.0609375
0 0.22734375 0.95078125 0.05078125 0.08203125
0 0.31796875 0.86953125 0.071875 0.1109375
0 0.32578125 0.76171875 0.03984375 0.05546875
0 0.246875 0.73125 0.03984375 0.0546875
0 0.37265625 0.97109375 0.046875 0.05703125
0 0.2296875 0.70546875 0.02109375 0.03515625
0 0.221875 0.68515625 0.03046875 0.028125
0 0.2375 0.66640625 0.04140625 0.034375
0 0.21796875 0.59921875 0.040625 0.04609375
0 0.2734375 0.68359375 0.03515625 0.04296875
0 0.31015625 0.69921875 0.04609375 0.0546875
0 0.31171875 0.6640625 0.04765625 0.04296875
0 0.32578125 0.63125 0.03203125 0.03046875
0 0.36328125 0.6359375 0.040625 0.03203125
0 0.34609375 0.66796875 0.03046875 0.04140625
0 0.371875 0.60625 0.02109375 0.03203125
0 0.4 0.64921875 0.0453125 0.0359375
0 0.40625 0.60625 0.0296875 0.03984375
0 0.43515625 0.634375 0.04609375 0.04140625
0 0.36484375 0.70703125 0.03359375 0.05078125
0 0.38984375 0.69609375 0.03203125 0.0515625
0 0.0484375 0.6546875 0.040625 0.0390625
0 0.175 0.58046875 0.034375 0.0359375
0 0.109375 0.54609375 0.03359375 0.03203125
0 0.35703125 0.58046875 0.02890625 0.0359375
0 0.37578125 0.8265625 0.05078125 0.065625
0 0.378125 0.86953125 0.040625 0.05859375
0 0.40703125 0.89453125 0.040625 0.0515625
0 0.46640625 0.87734375 0.05390625 0.0640625
0 0.4203125 0.78046875 0.05859375 0.05625
0 0.43046875 0.74296875 0.03125 0.03984375
0 0.42421875 0.71796875 0.03125 0.04140625
0 0.4296875 0.68046875 0.02734375 0.03203125
0 0.475 0.70390625 0.04140625 0.04453125
0 0.49375 0.64140625 0.040625 0.04375
0 0.10078125 0.62421875 0.02421875 0.03828125
0 0.08515625 0.63203125 0.02265625 0.03046875
0 0.10546875 0.60234375 0.028125 0.034375
0 0.0546875 0.60390625 0.02890625 0.0359375
0 0.821875 0.97109375 0.06796875 0.05703125
0 0.74375 0.9640625 0.07421875 0.06171875
0 0.5703125 0.93515625 0.0453125 0.078125
0 0.5328125 0.90859375 0.04765625 0.07109375
0 0.53671875 0.84609375 0.0546875 0.04296875
0 0.5734375 0.81015625 0.03203125 0.03671875
0 0.56484375 0.76328125 0.04609375 0.05859375
0 0.528125 0.765625 0.03984375 0.06171875
0 0.5625 0.715625 0.03359375 0.046875
0 0.53671875 0.70234375 0.03671875 0.04921875
0 0.53984375 0.6390625 0.03828125 0.046875
0 0.5203125 0.60546875 0.02890625 0.03203125
0 0.51015625 0.5796875 0.03359375 0.0453125
0 0.5578125 0.5765625 0.03828125 0.04296875
0 0.57890625 0.61484375 0.02578125 0.04140625
0 0.5859375 0.5734375 0.03203125 0.03359375
0 0.59453125 0.61171875 0.02265625 0.03671875
0 0.63046875 0.62734375 0.03984375 0.03984375
0 0.62421875 0.71328125 0.05078125 0.06640625
0 0.61015625 0.66796875 0.034375 0.034375
0 0.60390625 0.8609375 0.03671875 0.0546875
0 0.6359375 0.8265625 0.03828125 0.06171875
0 0.65859375 0.7875 0.05859375 0.06796875
0 0.68125 0.8359375 0.05546875 0.05390625
0 0.690625 0.884375 0.05703125 0.05859375
0 0.7390625 0.88359375 0.04296875 0.0546875
0 0.7890625 0.90078125 0.04140625 0.03828125
0 0.8203125 0.9171875 0.03203125 0.053125
0 0.76875 0.82421875 0.05234375 0.0609375
0 0.72890625 0.79375 0.04140625 0.0390625
0 0.71875 0.75078125 0.04765625 0.0453125
0 0.75390625 0.72109375 0.04453125 0.0359375
0 0.71484375 0.6890625 0.04453125 0.0546875
0 0.68203125 0.68203125 0.03671875 0.04453125
0 0.66875 0.64375 0.04140625 0.04140625
0 0.70703125 0.5890625 0.03203125 0.0359375
0 0.76171875 0.675 0.03828125 0.0359375
0 0.79296875 0.625 0.03203125 0.0359375
0 0.83671875 0.67109375 0.0328125 0.03828125
0 0.84609375 0.61015625 0.03046875 0.0359375
0 0.82734375 0.75703125 0.03828125 0.046875
0 0.82265625 0.71015625 0.02890625 0.028125
0 0.85625 0.75 0.046875 0.05078125
0 0.8421875 0.83515625 0.040625 0.04609375
0 0.86953125 0.9125 0.0625 0.075
0 0.909375 0.94921875 0.05390625 0.05703125
0 0.95 0.975 0.04765625 0.05
0 0.98359375 0.9359375 0.03203125 0.05078125
0 0.89765625 0.8125 0.059375 0.0734375
0 0.91640625 0.7171875 0.04609375 0.05078125
0 0.9359375 0.8015625 0.02890625 0.0546875
0 0.90234375 0.671875 0.0578125 0.04921875
0 0.89609375 0.62734375 0.046875 0.046875
0 0.93671875 0.653125 0.0484375 0.03828125
0 0.95859375 0.69375 0.021875 0.0359375
0 0.74375 0.525 0.04609375 0.03359375
0 0.7484375 0.54609375 0.02734375 0.03515625
0 0.7859375 0.55625 0.03828125 0.03671875
0 0.72265625 0.5484375 0.03359375 0.04296875
0 0.65546875 0.55234375 0.03359375 0.03203125
0 0.49296875 0.53984375 0.02109375 0.03203125
0 0.53359375 0.56015625 0.0296875 0.025
0 0.55625 0.5328125 0.03671875 0.04140625
0 0.521875 0.50859375 0.0328125 0.05
0 0.6 0.54296875 0.0296875 0.03515625
0 0.575 0.4578125 0.03828125 0.03203125
0 0.39296875 0.4984375 0.0359375 0.04296875
0 0.3703125 0.52421875 0.0328125 0.0390625
0 0.42421875 0.55078125 0.03828125 0.04453125
0 0.4796875 0.52578125 0.02890625 0.02890625
0 0.0828125 0.56328125 0.03515625 0.04375
0 0.45 0.6640625 0.03359375 0.0359375
0 0.296875 0.63671875 0.025 0.03203125
0 0.271875 0.625 0.01953125 0.03125
0 0.296875 0.6140625 0.034375 0.0234375
0 0.278125 0.56953125 0.0359375 0.0359375
0 0.61953125 0.53046875 0.0375 0.0453125
0 0.58671875 0.50859375 0.025 0.02890625
0 0.88671875 0.73125 0.02890625 0.0390625
0 0.9734375 0.83671875 0.053125 0.07421875
0 0.98359375 0.79296875 0.03125 0.053125
0 0.6046875 0.98671875 0.02890625 0.02578125
0 0.89609375 0.98671875 0.04453125 0.02578125
0 0.82890625 0.87421875 0.04140625 0.05
0 0.1796875 0.6609375 0.0359375 0.04375
0 0.334375 0.56171875 0.02578125 0.03125
0 0.390625 0.5609375 0.03203125 0.04140625