0 0.3 0.92890625 0.04453125 0.06640625
0 0.16171875 0.96484375 0.04375 0.0625
0 0.44609375 0.96875 0.06328125 0.05625
0 0.69609375 0.6828125 0.04453125 0.05078125
0 0.796875 0.8578125 0.04296875 0.05546875
0 0.2890625 0.67890625 0.04765625 0.04609375
0 0.28125 0.621875 0.03515625 0.0375
0 0.8234375 0.80390625 0.04140625 0.046875
0 0.1875 0.61953125 0.02578125 0.03125
0 0.19140625 0.840625 0.0359375 0.0484375
0 0.8265625 0.72109375 0.0421875 0.04375
0 0.440625 0.82890625 0.04921875 0.053125
0 0.34453125 0.6140625 0.03203125 0.03125
0 0.26171875 0.81796875 0.04375 0.04765625
0 0.2328125 0.609375 0.0234375 0.028125
0 0.778125 0.8015625 0.034375 0.04921875
0 0.22265625 0.884375 0.04140625 0.04765625
0 0.75234375 0.56171875 0.0359375 0.0421875
0 0.35078125 0.68828125 0.0421875 0.0359375
0 0.9265625 0.975 0.0546875 0.05
0 0.12734375 0.61875 0.03203125 0.03515625
0 0.10625 0.75390625 0.02890625 0.03359375
0 0.465625 0.7515625 0.04453125 0.046875
0 0.22421875 0.6609375 0.02421875 0.03046875
0 0.75390625 0.95390625 0.05390625 0.05859375
0 0.5375 0.6703125 0.04140625 0.04375
0 0.55 0.4625 0.03125 0.03125
0 0.63125 0.5484375 0.02109375 0.0296875
0 0.571875 0.65 0.03046875 0.03984375
0 0.5671875 0.8140625 0.04765625 0.05625
0 0.87890625 0.74765625 0.0359375 0.05625
0 0.4875 0.5390625 0.0234375 0.03125
0 0.2578125 0.50859375 0.0265625 0.0265625
0 0.73359375 0.60703125 0.0359375 0.0359375
0 0.45 0.48984375 0.03203125 0.0296875
0 0.38515625 0.56875 0.03125 0.03203125
0 0.8859375 0.61875 0.0421875 0.03515625
0 0.15703125 0.8140625 0.0375 0.040625
0 0.70625 0.6265625 0.0328125 0.04140625
0 0.3125 0.53203125 0.0265625 0.0296875
0 0.73828125 0.74921875 0.034375 0.053125
0 0.56796875 0.71953125 0.03203125 0.04296875
0 0.36015625 0.82421875 0.03984375 0.05078125
0 0.5140625 0.48828125 0.0203125 0.02578125
0 0.18828125 0.5328125 0.03203125 0.0296875
0 0.63125 0.6 0.02734375 0.0328125
0 0.33828125 0.7859375 0.0359375 0.04375
0 0.421875 0.61796875 0.028125 0.034375
0 0.43203125 0.54296875 0.0296875 0.03125
0 0.096875 0.6390625 0.0296875 0.03203125
0 0.0171875 0.72265625 0.034375 0.0390625
0 0.51796875 0.9484375 0.03125 0.05390625
0 0.9578125 0.74453125 0.04375 0.04453125
0 0.2984375 0.98359375 0.04921875 0.03203125
0 0.48203125 0.61328125 0.02578125 0.03046875
0 0.146875 0.559375 0.02578125 0.0265625
0 0.73359375 0.84375 0.03046875 0.0421875
0 0.896875 0.71484375 0.0453125 0.05625
0 0.47421875 0.67734375 0.03359375 0.03515625
0 0.56328125 0.51953125 0.01796875 0.0265625
0 0.78359375 0.55234375 0.02890625 0.03125
0 0.83671875 0.6609375 0.0328125 0.03984375
0 0.4546875 0.625 0.0265625 0.03828125
0 0.5921875 0.434375 0.02421875 0.028125
0 0.14765625 0.77265625 0.03203125 0.0359375
0 0.3875 0.63671875 0.028125 0.034375
0 0.65859375 0.7578125 0.0359375 0.03828125
0 0.0140625 0.9125 0.02734375 0.06015625
0 0.1203125 0.62421875 0.03046875 0.034375
0 0.9203125 0.90390625 0.0546875 0.059375
0 0.38984375 0.578125 0.028125 0.02890625
0 0.93046875 0.69609375 0.0328125 0.0359375
0 0.321875 0.45234375 0.025 0.02734375
0 0.52734375 0.75859375 0.034375 0.0359375
0 0.5390625 0.63515625 0.02734375 0.0359375
0 0.4015625 0.50234375 0.02890625 0.028125
0 0.4046875 0.68671875 0.02734375 0.03203125
0 0.775 0.65703125 0.0265625 0.03125
0 0.825 0.54765625 0.02734375 0.03046875
0 0.26484375 0.45859375 0.02890625 0.025
0 0.2734375 0.48046875 0.025 0.0234375
0 0.39296875 0.4703125 0.028125 0.02734375
0 0.30859375 0.52578125 0.0265625 0.02734375
0 0.615625 0.64921875 0.0296875 0.0328125
0 0.878125 0.54296875 0.034375 0.0296875
0 0.05546875 0.98359375 0.0421875 0.0328125
0 0.5421875 0.8921875 0.0375 0.06328125